15 4
0 804 349 316 58 173 524 871 526 86 230 876 883 529 989 
804 0 958 868 517 384 508 963 410 317 500 635 899 882 229 
349 958 0 252 805 900 735 828 699 221 179 715 576 25 124 
316 868 252 0 75 118 827 455 641 494 24 781 722 628 835 
58 517 805 75 0 600 714 60 126 268 56 156 278 364 608 
173 384 900 118 600 0 104 82 327 57 495 125 147 916 363 
524 508 735 827 714 104 0 367 814 492 810 765 952 477 15 
871 963 828 455 60 82 367 0 282 288 10 746 19 296 785 
526 410 699 641 126 327 814 282 0 912 700 229 32 662 567 
86 317 221 494 268 57 492 288 912 0 430 76 247 805 283 
230 500 179 24 56 495 810 10 700 430 0 954 96 864 122 
876 635 715 781 156 125 765 746 229 76 954 0 668 396 213 
883 899 576 722 278 147 952 19 32 247 96 668 0 590 553 
529 882 25 628 364 916 477 296 662 805 864 396 590 0 554 
989 229 124 835 608 363 15 785 567 283 122 213 553 554 0 
0 599 858 908 148 424 763 489 734 102 577 169 529 919 160 
599 0 389 96 834 332 654 288 270 690 223 40 811 650 443 
858 389 0 226 400 110 804 232 586 529 135 164 380 470 168 
908 96 226 0 842 106 165 259 63 888 790 625 152 55 221 
148 834 400 842 0 919 667 69 149 681 66 519 787 483 895 
424 332 110 106 919 0 446 753 224 186 760 524 842 485 500 
763 654 804 165 667 446 0 777 366 956 474 654 31 483 491 
489 288 232 259 69 753 777 0 855 562 235 293 97 249 305 
734 270 586 63 149 224 366 855 0 651 865 449 768 390 733 
102 690 529 888 681 186 956 562 651 0 176 990 589 212 736 
577 223 135 790 66 760 474 235 865 176 0 837 379 297 522 
169 40 164 625 519 524 654 293 449 990 837 0 12 752 855 
529 811 380 152 787 842 31 97 768 589 379 12 0 333 626 
919 650 470 55 483 485 483 249 390 212 297 752 333 0 117 
160 443 168 221 895 500 491 305 733 736 522 855 626 117 0 
0 599 858 908 148 424 763 489 734 102 577 169 529 919 160 
599 0 389 96 834 332 654 288 270 690 223 40 811 650 443 
858 389 0 226 400 110 804 232 586 529 135 164 380 470 168 
908 96 226 0 842 106 165 259 63 888 790 625 152 55 221 
148 834 400 842 0 919 667 69 149 681 66 519 787 483 895 
424 332 110 106 919 0 446 753 224 186 760 524 842 485 500 
763 654 804 165 667 446 0 777 366 956 474 654 31 483 491 
489 288 232 259 69 753 777 0 855 562 235 293 97 249 305 
734 270 586 63 149 224 366 855 0 651 865 449 768 390 733 
102 690 529 888 681 186 956 562 651 0 176 990 589 212 736 
577 223 135 790 66 760 474 235 865 176 0 837 379 297 522 
169 40 164 625 519 524 654 293 449 990 837 0 12 752 855 
529 811 380 152 787 842 31 97 768 589 379 12 0 333 626 
919 650 470 55 483 485 483 249 390 212 297 752 333 0 117 
160 443 168 221 895 500 491 305 733 736 522 855 626 117 0 
0 599 858 908 148 424 763 489 734 102 577 169 529 919 160 
599 0 389 96 834 332 654 288 270 690 223 40 811 650 443 
858 389 0 226 400 110 804 232 586 529 135 164 380 470 168 
908 96 226 0 842 106 165 259 63 888 790 625 152 55 221 
148 834 400 842 0 919 667 69 149 681 66 519 787 483 895 
424 332 110 106 919 0 446 753 224 186 760 524 842 485 500 
763 654 804 165 667 446 0 777 366 956 474 654 31 483 491 
489 288 232 259 69 753 777 0 855 562 235 293 97 249 305 
734 270 586 63 149 224 366 855 0 651 865 449 768 390 733 
102 690 529 888 681 186 956 562 651 0 176 990 589 212 736 
577 223 135 790 66 760 474 235 865 176 0 837 379 297 522 
169 40 164 625 519 524 654 293 449 990 837 0 12 752 855 
529 811 380 152 787 842 31 97 768 589 379 12 0 333 626 
919 650 470 55 483 485 483 249 390 212 297 752 333 0 117 
160 443 168 221 895 500 491 305 733 736 522 855 626 117 0 
0 599 858 908 148 424 763 489 734 102 577 169 529 919 160 
599 0 389 96 834 332 654 288 270 690 223 40 811 650 443 
858 389 0 226 400 110 804 232 586 529 135 164 380 470 168 
908 96 226 0 842 106 165 259 63 888 790 625 152 55 221 
148 834 400 842 0 919 667 69 149 681 66 519 787 483 895 
424 332 110 106 919 0 446 753 224 186 760 524 842 485 500 
763 654 804 165 667 446 0 777 366 956 474 654 31 483 491 
489 288 232 259 69 753 777 0 855 562 235 293 97 249 305 
734 270 586 63 149 224 366 855 0 651 865 449 768 390 733 
102 690 529 888 681 186 956 562 651 0 176 990 589 212 736 
577 223 135 790 66 760 474 235 865 176 0 837 379 297 522 
169 40 164 625 519 524 654 293 449 990 837 0 12 752 855 
529 811 380 152 787 842 31 97 768 589 379 12 0 333 626 
919 650 470 55 483 485 483 249 390 212 297 752 333 0 117 
160 443 168 221 895 500 491 305 733 736 522 855 626 117 0 
