70 3
0 164 601 698 602 898 164 8 950 697 778 500 190 632 267 921 307 635 209 699 2 366 59 262 871 21 146 880 233 838 32 987 762 137 244 428 436 871 999 841 574 216 644 66 661 158 935 88 899 358 532 694 175 724 362 492 985 173 516 433 965 345 381 367 697 644 797 799 574 379 
164 0 164 449 239 163 949 852 77 309 519 950 448 409 760 691 966 621 27 138 127 37 946 279 164 946 233 116 230 867 809 146 558 854 874 990 23 958 32 382 812 379 697 30 311 983 555 322 501 191 178 324 976 711 189 378 909 293 741 883 95 187 525 958 998 632 697 911 859 368 
601 164 0 140 515 177 555 160 198 644 637 390 161 838 342 409 934 655 795 576 38 884 833 363 530 655 470 34 381 125 810 325 904 386 651 742 35 819 230 695 481 429 957 621 115 552 156 836 517 106 394 211 277 539 959 992 1 429 453 289 323 13 46 725 18 921 76 36 820 406 
698 449 140 0 763 982 932 863 621 432 618 567 899 132 656 368 316 476 921 303 833 872 81 555 179 902 921 970 896 421 252 793 738 960 389 388 855 265 899 433 958 702 679 307 457 249 488 124 189 802 44 413 755 954 42 824 329 729 774 944 602 246 411 43 172 395 694 184 83 984 
602 239 515 763 0 378 207 345 288 540 964 133 376 306 422 917 699 850 699 727 396 856 211 349 194 87 1 634 476 259 581 425 620 81 665 949 469 935 710 173 769 624 598 531 930 955 523 825 984 675 787 91 717 874 12 676 551 654 44 859 692 738 476 128 278 437 364 885 725 721 
898 163 177 982 378 0 733 461 414 24 957 116 601 149 914 676 432 52 354 621 919 453 883 895 577 32 592 62 272 992 610 386 797 9 636 935 9 17 985 475 563 598 240 182 377 395 909 503 9 246 269 555 43 227 568 960 100 777 923 804 644 210 910 279 293 653 692 15 580 798 
164 949 555 932 207 733 0 258 763 323 820 56 285 516 925 1 849 29 32 151 216 628 829 634 149 943 178 521 586 882 545 984 240 779 960 629 724 388 551 27 220 868 465 736 699 413 577 140 728 834 878 191 708 754 56 126 38 129 984 527 405 173 652 949 124 90 838 650 294 153 
8 852 160 863 345 461 258 0 556 982 500 319 648 541 118 937 795 791 393 206 431 2 482 475 380 437 848 591 193 101 39 902 254 317 314 813 341 488 149 30 831 112 962 934 327 726 537 701 313 577 475 619 324 609 778 475 456 793 616 656 68 439 720 163 860 746 765 743 152 956 
950 77 198 621 288 414 763 556 0 372 903 329 927 242 622 330 891 321 220 817 169 551 572 381 711 25 811 509 957 368 945 481 978 937 727 750 824 547 232 408 100 707 913 583 166 5 973 999 335 495 279 654 380 714 20 421 658 166 765 459 36 193 376 796 491 181 134 154 584 671 
697 309 644 432 540 24 323 982 372 0 943 854 299 176 149 353 704 360 969 836 761 413 116 801 234 677 830 361 728 662 958 344 605 772 154 444 272 614 38 822 184 620 160 963 547 780 220 656 320 945 101 923 520 217 547 457 828 620 720 744 111 511 295 591 570 541 907 939 451 317 
778 519 637 618 964 957 820 500 903 943 0 81 243 118 219 194 544 894 439 659 18 71 639 484 339 946 179 493 431 80 617 924 398 700 610 977 320 100 663 933 809 981 929 786 332 306 818 21 812 459 843 924 807 343 752 901 446 187 815 225 266 287 836 551 538 119 617 892 871 320 
500 950 390 567 133 116 56 319 329 854 81 0 907 881 673 170 377 7 853 428 537 863 537 75 650 648 353 990 420 335 571 891 910 12 367 316 274 77 415 796 993 736 317 647 862 153 237 373 213 825 742 459 645 534 411 271 147 884 695 905 634 323 12 107 299 566 824 377 377 968 
190 448 161 899 376 601 285 648 927 299 243 907 0 633 566 717 368 257 847 298 647 924 315 181 820 713 296 845 580 875 55 888 619 380 893 411 250 827 517 997 902 566 82 929 383 727 986 778 600 641 48 253 969 448 385 92 150 134 354 417 346 562 326 685 767 693 824 451 722 514 
632 409 838 132 306 149 516 541 242 176 118 881 633 0 606 247 708 531 185 303 37 268 849 858 753 348 868 132 747 700 440 604 407 705 453 962 467 586 960 738 927 555 509 753 733 386 717 456 861 65 971 878 258 547 473 889 76 711 471 572 719 967 741 12 289 894 110 127 466 432 
267 760 342 656 422 914 925 118 622 149 219 673 566 606 0 234 397 465 695 962 611 233 616 58 148 253 835 404 189 66 874 442 464 480 913 28 89 489 498 146 33 659 289 843 739 198 168 184 444 636 768 282 327 193 809 688 306 319 140 212 627 530 281 360 93 544 658 541 241 943 
921 691 409 368 917 676 1 937 330 353 194 170 717 247 234 0 859 68 110 403 984 243 539 410 929 671 518 431 877 829 441 937 94 374 171 401 149 330 287 918 852 555 506 307 264 950 15 316 871 907 336 188 671 250 549 733 799 812 553 265 641 377 453 384 883 364 406 69 822 130 
307 966 934 316 699 432 849 795 891 704 544 377 368 708 397 859 0 536 828 280 156 426 553 398 497 18 624 353 862 63 802 234 576 898 635 269 837 976 607 930 594 964 893 361 18 630 74 60 721 28 891 190 906 393 906 18 849 622 219 152 200 452 147 947 19 448 139 473 753 750 
635 621 655 476 850 52 29 791 321 360 894 7 257 531 465 68 536 0 800 397 248 403 73 398 224 212 663 723 224 776 521 899 966 100 852 220 523 239 34 259 325 573 924 23 470 183 219 77 72 588 771 54 443 171 493 447 374 150 981 404 549 863 372 581 814 636 138 659 866 656 
209 27 795 921 699 354 32 393 220 969 439 853 847 185 695 110 828 800 0 36 255 774 992 914 804 227 909 905 17 496 62 638 764 486 147 795 445 786 900 425 221 9 982 772 755 665 26 108 559 871 6 460 633 18 798 394 875 609 776 476 996 152 560 486 898 62 493 225 15 305 
699 138 576 303 727 621 151 206 817 836 659 428 298 303 962 403 280 397 36 0 156 34 858 808 752 666 817 563 154 593 970 839 384 988 523 45 220 936 138 1000 169 531 343 824 804 260 773 241 243 524 715 562 395 378 820 522 514 79 114 420 448 281 427 801 887 393 82 856 254 101 
2 127 38 833 396 919 216 431 169 761 18 537 647 37 611 984 156 248 255 156 0 95 913 855 764 850 741 681 112 114 462 474 567 946 423 662 521 412 886 499 8 201 864 441 480 111 81 83 854 480 127 342 299 950 262 588 305 228 136 150 733 859 920 399 205 678 462 20 355 311 
366 37 884 872 856 453 628 2 551 413 71 863 924 268 233 243 426 403 774 34 95 0 59 714 225 458 381 503 630 802 446 489 163 403 851 422 75 569 458 939 158 207 286 904 968 867 665 996 46 336 318 171 363 360 84 333 18 940 163 777 89 879 173 718 537 971 560 723 32 187 
59 946 833 81 211 883 829 482 572 116 639 537 315 849 616 539 553 73 992 858 913 59 0 329 42 704 475 176 518 986 500 631 197 236 836 382 795 37 789 206 391 466 862 186 437 15 614 947 644 79 848 168 687 53 693 823 768 563 214 731 950 19 468 363 313 859 180 325 881 728 
262 279 363 555 349 895 634 475 381 801 484 75 181 858 58 410 398 398 914 808 855 714 329 0 545 563 729 789 994 841 110 962 134 424 467 590 457 210 211 310 70 298 177 839 777 507 548 711 521 337 455 549 884 909 641 12 658 639 46 906 449 553 782 904 230 537 626 660 986 292 
871 164 530 179 194 577 149 380 711 234 339 650 820 753 148 929 497 224 804 752 764 225 42 545 0 71 68 422 112 651 813 615 749 366 270 515 399 866 625 361 823 145 579 817 828 208 124 107 582 718 754 203 638 693 336 751 636 515 236 600 240 867 294 59 921 684 676 542 774 541 
21 946 655 902 87 32 943 437 25 677 946 648 713 348 253 671 18 212 227 666 850 458 704 563 71 0 28 627 150 226 401 692 850 850 27 639 8 638 309 138 417 358 851 800 710 802 278 639 900 502 760 477 472 892 990 186 65 227 17 669 536 355 257 736 65 794 958 624 854 892 
146 233 470 921 1 592 178 848 811 830 179 353 296 868 835 518 624 663 909 817 741 381 475 729 68 28 0 593 502 605 106 872 890 592 333 279 27 354 102 849 636 634 613 471 103 187 308 802 888 778 862 864 337 416 686 981 973 174 527 225 517 979 457 94 387 317 68 6 832 74 
880 116 34 970 634 62 521 591 509 361 493 990 845 132 404 431 353 723 905 563 681 503 176 789 422 627 593 0 312 400 921 758 274 499 497 37 507 386 468 558 220 851 120 745 92 511 180 858 611 273 108 256 166 419 803 263 292 819 300 542 336 139 647 395 788 126 582 208 365 584 
233 230 381 896 476 272 586 193 957 728 431 420 580 747 189 877 862 224 17 154 112 630 518 994 112 150 502 312 0 311 495 629 421 534 883 226 398 712 301 383 629 343 408 562 615 116 399 585 932 644 42 280 110 622 800 869 435 186 670 125 216 726 843 712 637 815 237 916 356 188 
838 867 125 421 259 992 882 101 368 662 80 335 875 700 66 829 63 776 496 593 114 802 986 841 651 226 605 400 311 0 267 808 972 212 435 103 834 715 132 891 761 233 459 586 850 156 687 44 154 125 340 337 439 601 110 317 159 711 756 780 61 840 34 499 961 340 933 155 520 624 
32 809 810 252 581 610 545 39 945 958 617 571 55 440 874 441 802 521 62 970 462 446 500 110 813 401 106 921 495 267 0 284 582 613 333 812 290 763 213 919 113 172 367 590 622 699 779 286 579 39 109 545 985 453 843 380 509 405 419 963 82 445 572 927 26 667 846 917 482 463 
987 146 325 793 425 386 984 902 481 344 924 891 888 604 442 937 234 899 638 839 474 489 631 962 615 692 872 758 629 808 284 0 478 232 77 236 147 356 523 405 38 994 752 454 512 262 218 648 566 662 582 634 182 81 703 952 768 433 63 681 799 882 383 637 719 731 877 445 253 495 
762 558 904 738 620 797 240 254 978 605 398 910 619 407 464 94 576 966 764 384 567 163 197 134 749 850 890 274 421 972 582 478 0 606 306 87 158 130 515 679 890 250 462 683 997 358 294 430 216 764 699 577 762 617 18 731 929 274 299 773 94 499 792 442 516 899 223 32 464 952 
137 854 386 960 81 9 779 317 937 772 700 12 380 705 480 374 898 100 486 988 946 403 236 424 366 850 592 499 534 212 613 232 606 0 684 342 95 653 650 955 444 239 677 370 30 586 855 144 594 801 1 543 812 675 364 25 311 690 252 563 318 558 126 549 121 853 346 134 157 933 
244 874 651 389 665 636 960 314 727 154 610 367 893 453 913 171 635 852 147 523 423 851 836 467 270 27 333 497 883 435 333 77 306 684 0 809 207 522 573 168 713 893 405 945 81 933 299 68 888 921 799 88 489 838 191 104 516 594 524 381 488 78 470 689 802 412 151 99 280 321 
428 990 742 388 949 935 629 813 750 444 977 316 411 962 28 401 269 220 795 45 662 422 382 590 515 639 279 37 226 103 812 236 87 342 809 0 299 522 449 935 538 723 568 635 135 624 467 254 215 569 99 314 931 829 724 339 479 20 637 601 211 199 415 401 684 917 577 72 105 584 
436 23 35 855 469 9 724 341 824 272 320 274 250 467 89 149 837 523 445 220 521 75 795 457 399 8 27 507 398 834 290 147 158 95 207 299 0 880 402 612 881 73 848 701 132 754 29 159 800 402 111 872 945 879 280 594 967 454 42 868 641 731 758 799 590 751 604 234 455 238 
871 958 819 265 935 17 388 488 547 614 100 77 827 586 489 330 976 239 786 936 412 569 37 210 866 638 354 386 712 715 763 356 130 653 522 522 880 0 972 99 817 135 99 63 555 738 874 438 753 949 146 606 889 609 584 382 1000 250 632 265 345 562 698 720 508 657 235 707 970 91 
999 32 230 899 710 985 551 149 232 38 663 415 517 960 498 287 607 34 900 138 886 458 789 211 625 309 102 468 301 132 213 523 515 650 573 449 402 972 0 142 991 325 310 60 459 794 392 371 773 143 23 646 436 850 811 844 37 408 592 160 415 135 63 764 971 608 986 448 525 333 
841 382 695 433 173 475 27 30 408 822 933 796 997 738 146 918 930 259 425 1000 499 939 206 310 361 138 849 558 383 891 919 405 679 955 168 935 612 99 142 0 12 704 453 143 315 986 811 251 145 143 536 46 275 764 414 693 751 426 658 703 357 473 462 542 733 952 968 227 477 884 
574 812 481 958 769 563 220 831 100 184 809 993 902 927 33 852 594 325 221 169 8 158 391 70 823 417 636 220 629 761 113 38 890 444 713 538 881 817 991 12 0 91 544 279 363 31 443 502 241 17 930 609 247 205 885 182 675 641 282 458 557 927 666 990 519 627 791 79 73 183 
216 379 429 702 624 598 868 112 707 620 981 736 566 555 659 555 964 573 9 531 201 207 466 298 145 358 634 851 343 233 172 994 250 239 893 723 73 135 325 704 91 0 574 943 875 494 429 846 440 260 496 306 887 448 482 479 29 73 56 780 63 421 723 588 706 270 915 972 868 515 
644 697 957 679 598 240 465 962 913 160 929 317 82 509 289 506 893 924 982 343 864 286 862 177 579 851 613 120 408 459 367 752 462 677 405 568 848 99 310 453 544 574 0 23 436 344 387 478 404 861 990 352 594 692 656 558 810 990 969 248 830 4 360 469 103 144 658 179 190 259 
66 30 621 307 531 182 736 934 583 963 786 647 929 753 843 307 361 23 772 824 441 904 186 839 817 800 471 745 562 586 590 454 683 370 945 635 701 63 60 143 279 943 23 0 356 731 182 419 866 325 633 363 4 82 138 751 465 712 20 986 973 908 251 732 311 964 488 595 410 665 
661 311 115 457 930 377 699 327 166 547 332 862 383 733 739 264 18 470 755 804 480 968 437 777 828 710 103 92 615 850 622 512 997 30 81 135 132 555 459 315 363 875 436 356 0 462 910 860 480 436 476 982 355 502 587 767 596 551 479 1 432 9 572 850 474 447 277 343 479 888 
158 983 552 249 955 395 413 726 5 780 306 153 727 386 198 950 630 183 665 260 111 867 15 507 208 802 187 511 116 156 699 262 358 586 933 624 754 738 794 986 31 494 344 731 462 0 485 782 102 953 153 684 711 940 420 682 654 560 364 194 120 393 783 697 278 799 335 196 516 351 
935 555 156 488 523 909 577 537 973 220 818 237 986 717 168 15 74 219 26 773 81 665 614 548 124 278 308 180 399 687 779 218 294 855 299 467 29 874 392 811 443 429 387 182 910 485 0 292 293 886 176 967 640 530 100 712 449 860 986 279 711 233 289 742 296 585 171 121 290 607 
88 322 836 124 825 503 140 701 999 656 21 373 778 456 184 316 60 77 108 241 83 996 947 711 107 639 802 858 585 44 286 648 430 144 68 254 159 438 371 251 502 846 478 419 860 782 292 0 788 527 804 61 405 945 5 967 715 145 981 18 575 476 223 669 706 156 378 691 923 788 
899 501 517 189 984 9 728 313 335 320 812 213 600 861 444 871 721 72 559 243 854 46 644 521 582 900 888 611 932 154 579 566 216 594 888 215 800 753 773 145 241 440 404 866 480 102 293 788 0 336 320 330 115 332 554 261 633 235 638 430 740 337 479 92 760 505 621 196 123 952 
358 191 106 802 675 246 834 577 495 945 459 825 641 65 636 907 28 588 871 524 480 336 79 337 718 502 778 273 644 125 39 662 764 801 921 569 402 949 143 143 17 260 861 325 436 953 886 527 336 0 949 612 803 450 378 348 970 519 951 714 564 218 273 381 527 278 776 332 892 932 
532 178 394 44 787 269 878 475 279 101 843 742 48 971 768 336 891 771 6 715 127 318 848 455 754 760 862 108 42 340 109 582 699 1 799 99 111 146 23 536 930 496 990 633 476 153 176 804 320 949 0 60 639 598 594 770 883 360 508 983 201 402 317 131 625 347 204 528 413 106 
694 324 211 413 91 555 191 619 654 923 924 459 253 878 282 188 190 54 460 562 342 171 168 549 203 477 864 256 280 337 545 634 577 543 88 314 872 606 646 46 609 306 352 363 982 684 967 61 330 612 60 0 672 137 473 651 616 387 728 406 61 135 681 483 189 768 746 147 230 729 
175 976 277 755 717 43 708 324 380 520 807 645 969 258 327 671 906 443 633 395 299 363 687 884 638 472 337 166 110 439 985 182 762 812 489 931 945 889 436 275 247 887 594 4 355 711 640 405 115 803 639 672 0 349 469 857 569 460 121 321 678 254 404 710 595 673 979 554 346 257 
724 711 539 954 874 227 754 609 714 217 343 534 448 547 193 250 393 171 18 378 950 360 53 909 693 892 416 419 622 601 453 81 617 675 838 829 879 609 850 764 205 448 692 82 502 940 530 945 332 450 598 137 349 0 470 55 925 988 997 331 393 493 713 555 105 252 966 338 561 998 
362 189 959 42 12 568 56 778 20 547 752 411 385 473 809 549 906 493 798 820 262 84 693 641 336 990 686 803 800 110 843 703 18 364 191 724 280 584 811 414 885 482 656 138 587 420 100 5 554 378 594 473 469 470 0 730 89 39 587 309 394 704 520 160 470 613 966 663 436 110 
492 378 992 824 676 960 126 475 421 457 901 271 92 889 688 733 18 447 394 522 588 333 823 12 751 186 981 263 869 317 380 952 731 25 104 339 594 382 844 693 182 479 558 751 767 682 712 967 261 348 770 651 857 55 730 0 158 254 367 152 428 318 905 639 964 619 507 130 995 151 
985 909 1 329 551 100 38 456 658 828 446 147 150 76 306 799 849 374 875 514 305 18 768 658 636 65 973 292 435 159 509 768 929 311 516 479 967 1000 37 751 675 29 810 465 596 654 449 715 633 970 883 616 569 925 89 158 0 577 475 240 263 933 576 445 974 879 546 467 661 68 
173 293 429 729 654 777 129 793 166 620 187 884 134 711 319 812 622 150 609 79 228 940 563 639 515 227 174 819 186 711 405 433 274 690 594 20 454 250 408 426 641 73 990 712 551 560 860 145 235 519 360 387 460 988 39 254 577 0 217 713 46 646 926 351 907 512 462 636 640 50 
516 741 453 774 44 923 984 616 765 720 815 695 354 471 140 553 219 981 776 114 136 163 214 46 236 17 527 300 670 756 419 63 299 252 524 637 42 632 592 658 282 56 969 20 479 364 986 981 638 951 508 728 121 997 587 367 475 217 0 151 987 307 585 575 570 275 220 717 910 322 
433 883 289 944 859 804 527 656 459 744 225 905 417 572 212 265 152 404 476 420 150 777 731 906 600 669 225 542 125 780 963 681 773 563 381 601 868 265 160 703 458 780 248 986 1 194 279 18 430 714 983 406 321 331 309 152 240 713 151 0 725 578 895 910 890 989 118 462 214 330 
965 95 323 602 692 644 405 68 36 111 266 634 346 719 627 641 200 549 996 448 733 89 950 449 240 536 517 336 216 61 82 799 94 318 488 211 641 345 415 357 557 63 830 973 432 120 711 575 740 564 201 61 678 393 394 428 263 46 987 725 0 339 239 732 707 434 919 144 182 597 
345 187 13 246 738 210 173 439 193 511 287 323 562 967 530 377 452 863 152 281 859 879 19 553 867 355 979 139 726 840 445 882 499 558 78 199 731 562 135 473 927 421 4 908 9 393 233 476 337 218 402 135 254 493 704 318 933 646 307 578 339 0 951 537 899 980 19 715 986 666 
381 525 46 411 476 910 652 720 376 295 836 12 326 741 281 453 147 372 560 427 920 173 468 782 294 257 457 647 843 34 572 383 792 126 470 415 758 698 63 462 666 723 360 251 572 783 289 223 479 273 317 681 404 713 520 905 576 926 585 895 239 951 0 747 650 970 386 746 232 146 
367 958 725 43 128 279 949 163 796 591 551 107 685 12 360 384 947 581 486 801 399 718 363 904 59 736 94 395 712 499 927 637 442 549 689 401 799 720 764 542 990 588 469 732 850 697 742 669 92 381 131 483 710 555 160 639 445 351 575 910 732 537 747 0 913 296 164 358 355 711 
697 998 18 172 278 293 124 860 491 570 538 299 767 289 93 883 19 814 898 887 205 537 313 230 921 65 387 788 637 961 26 719 516 121 802 684 590 508 971 733 519 706 103 311 474 278 296 706 760 527 625 189 595 105 470 964 974 907 570 890 707 899 650 913 0 79 597 612 845 869 
644 632 921 395 437 653 90 746 181 541 119 566 693 894 544 364 448 636 62 393 678 971 859 537 684 794 317 126 815 340 667 731 899 853 412 917 751 657 608 952 627 270 144 964 447 799 585 156 505 278 347 768 673 252 613 619 879 512 275 989 434 980 970 296 79 0 700 201 253 42 
797 697 76 694 364 692 838 765 134 907 617 824 824 110 658 406 139 138 493 82 462 560 180 626 676 958 68 582 237 933 846 877 223 346 151 577 604 235 986 968 791 915 658 488 277 335 171 378 621 776 204 746 979 966 966 507 546 462 220 118 919 19 386 164 597 700 0 376 303 265 
799 911 36 184 885 15 650 743 154 939 892 377 451 127 541 69 473 659 225 856 20 723 325 660 542 624 6 208 916 155 917 445 32 134 99 72 234 707 448 227 79 972 179 595 343 196 121 691 196 332 528 147 554 338 663 130 467 636 717 462 144 715 746 358 612 201 376 0 540 487 
574 859 820 83 725 580 294 152 584 451 871 377 722 466 241 822 753 866 15 254 355 32 881 986 774 854 832 365 356 520 482 253 464 157 280 105 455 970 525 477 73 868 190 410 479 516 290 923 123 892 413 230 346 561 436 995 661 640 910 214 182 986 232 355 845 253 303 540 0 776 
379 368 406 984 721 798 153 956 671 317 320 968 514 432 943 130 750 656 305 101 311 187 728 292 541 892 74 584 188 624 463 495 952 933 321 584 238 91 333 884 183 515 259 665 888 351 607 788 952 932 106 729 257 998 110 151 68 50 322 330 597 666 146 711 869 42 265 487 776 0 
0 186 399 120 842 989 392 367 928 346 277 820 884 954 534 27 512 504 413 497 966 172 864 379 854 163 545 675 798 364 180 123 97 103 358 271 865 570 349 458 110 996 812 287 617 870 138 557 731 381 803 988 948 491 832 723 966 937 203 602 46 75 710 311 862 762 462 347 390 398 
186 0 752 882 162 94 360 562 996 335 722 954 866 476 704 789 980 393 407 677 748 351 999 110 98 103 69 511 779 413 844 947 359 146 108 890 733 152 693 712 365 479 951 538 583 287 278 579 579 411 983 373 741 164 900 303 810 324 116 414 500 470 362 361 563 455 681 401 480 357 
399 752 0 757 509 909 894 756 536 829 185 158 698 708 968 790 164 854 595 186 721 464 853 661 735 547 427 115 598 978 466 618 734 893 918 818 495 390 520 574 727 911 431 198 677 911 377 928 882 113 692 590 431 80 675 655 741 302 280 29 798 784 502 677 698 677 267 532 432 336 
120 882 757 0 951 662 496 128 90 540 81 572 334 988 729 695 51 96 692 352 55 226 883 342 368 289 356 611 904 716 373 361 462 50 112 988 725 242 88 537 808 160 26 433 30 411 441 645 810 144 935 798 720 41 70 127 816 768 687 789 26 546 648 203 120 863 105 727 322 662 
842 162 509 951 0 268 196 281 201 727 865 64 857 469 812 861 998 179 197 279 503 509 744 327 775 133 737 540 658 986 418 941 385 393 159 717 656 937 439 354 316 292 168 475 194 650 183 700 80 933 221 244 890 965 597 560 31 46 950 381 270 208 848 832 254 400 745 865 925 618 
989 94 909 662 268 0 553 642 523 143 456 832 39 372 591 249 76 674 695 542 284 117 959 239 844 519 749 257 640 749 634 607 41 109 195 234 748 381 106 849 367 580 401 586 902 265 721 220 619 7 734 29 217 398 910 818 345 109 957 544 670 329 736 151 86 681 123 99 821 783 
392 360 894 496 196 553 0 532 153 783 851 614 385 47 63 292 998 71 318 583 688 57 886 846 587 283 424 501 792 897 224 828 470 679 332 974 331 807 321 656 737 415 336 702 421 796 71 768 628 376 131 153 968 602 549 980 836 274 871 285 676 974 582 538 142 690 226 836 332 398 
367 562 756 128 281 642 532 0 371 176 638 278 423 241 630 19 278 66 728 444 164 437 38 839 508 27 57 75 1 228 784 20 513 390 776 775 563 48 767 530 933 395 72 952 10 201 919 886 339 430 207 554 507 673 455 340 945 787 316 500 4 46 267 325 146 824 174 610 639 636 
928 996 536 90 201 523 153 371 0 868 959 140 849 139 144 809 319 880 952 203 892 981 327 402 979 679 136 607 403 804 307 33 477 406 394 859 79 124 425 969 487 75 924 355 620 650 578 452 164 239 263 36 816 364 532 892 736 176 424 609 783 591 185 39 481 780 241 821 471 922 
346 335 829 540 727 143 783 176 868 0 764 361 679 427 386 282 942 200 470 845 668 198 369 849 297 343 820 3 246 570 298 283 246 890 665 396 519 632 842 550 888 625 179 509 406 728 937 49 177 287 937 806 774 518 736 252 292 86 733 153 960 199 589 102 142 615 836 368 145 84 
277 722 185 81 865 456 851 638 959 764 0 586 12 829 396 736 905 34 249 419 302 726 979 495 953 869 603 857 972 190 211 757 756 263 723 530 439 15 487 895 682 558 621 404 996 539 872 912 48 52 521 29 910 596 236 426 334 613 386 96 552 573 879 94 275 833 987 444 790 75 
820 954 158 572 64 832 614 278 140 361 586 0 133 400 872 350 66 521 118 475 417 743 833 259 273 932 571 490 406 461 467 757 700 239 16 13 920 800 902 299 558 660 816 363 833 719 70 921 965 539 634 191 721 259 670 817 383 752 69 945 971 455 296 901 296 818 564 789 734 274 
884 866 698 334 857 39 385 423 849 679 12 133 0 421 854 984 747 806 95 995 405 910 196 214 280 89 636 37 172 232 156 1 79 832 408 524 618 293 161 303 535 516 868 368 859 76 75 816 576 206 981 668 723 693 549 898 194 799 639 586 616 19 508 927 94 936 539 614 765 816 
954 476 708 988 469 372 47 241 139 427 829 400 421 0 90 864 300 695 252 841 700 17 686 662 915 62 461 470 737 968 880 342 927 862 664 571 360 928 465 353 177 412 781 453 110 657 95 556 641 423 570 11 742 683 483 332 444 946 518 941 254 471 746 577 967 536 87 788 941 487 
534 704 968 729 812 591 63 630 144 386 396 872 854 90 0 143 165 556 650 564 777 738 808 815 399 430 773 693 866 614 478 691 354 655 388 862 539 179 701 26 757 680 881 605 97 804 352 629 509 70 628 720 328 109 232 137 468 334 56 564 209 365 784 267 747 36 722 232 531 771 
27 789 790 695 861 249 292 19 809 282 736 350 984 864 143 0 777 454 219 431 798 359 418 57 602 453 20 908 230 97 697 661 587 128 603 894 969 66 814 590 830 411 291 45 381 970 965 84 586 398 431 233 652 618 835 947 423 522 282 550 87 139 999 517 234 811 317 514 472 465 
512 980 164 51 998 76 998 278 319 942 905 66 747 300 165 777 0 62 946 151 572 937 85 407 510 226 217 851 926 735 383 586 670 749 709 532 206 18 640 439 464 165 164 965 218 930 103 139 788 60 406 400 795 237 59 360 696 945 960 503 540 428 64 229 338 399 178 665 36 745 
504 393 854 96 179 674 71 66 880 200 34 521 806 695 556 454 62 0 544 494 587 276 719 76 210 729 856 1 476 195 331 661 315 506 313 684 376 778 481 729 491 553 355 607 746 411 616 76 880 119 578 6 613 994 729 599 577 993 950 618 419 331 681 750 160 3 524 427 979 398 
413 407 595 692 197 695 318 728 952 470 249 118 95 252 650 219 946 544 0 67 314 264 772 907 964 586 899 178 41 736 404 142 352 223 470 84 541 713 429 245 788 403 760 365 152 577 717 251 608 138 496 196 615 210 474 764 242 786 317 55 150 34 272 457 298 803 461 867 348 579 
497 677 186 352 279 542 583 444 203 845 419 475 995 841 564 431 151 494 67 0 821 766 761 498 724 480 61 776 571 890 741 546 673 308 228 240 441 472 536 56 303 967 253 815 758 678 390 913 186 798 10 466 58 996 983 151 533 997 478 566 77 762 62 3 679 3 207 853 32 154 
966 748 721 55 503 284 688 164 892 668 302 417 405 700 777 798 572 587 314 821 0 674 819 991 142 791 225 381 290 570 734 534 129 173 504 820 624 320 201 178 174 264 292 174 923 629 813 668 16 65 246 935 895 381 684 870 934 714 419 422 312 943 639 647 532 979 490 86 638 903 
172 351 464 226 509 117 57 437 981 198 726 743 910 17 738 359 937 276 264 766 674 0 607 538 992 206 391 751 91 254 627 711 233 980 343 100 836 821 247 980 377 655 127 523 847 982 149 889 292 620 482 833 283 695 811 548 292 912 975 213 170 763 609 185 946 968 311 230 452 359 
864 999 853 883 744 959 886 38 327 369 979 833 196 686 808 418 85 719 772 761 819 607 0 7 655 383 155 741 237 704 489 225 117 698 824 643 424 351 344 466 832 815 961 42 131 363 587 411 547 441 973 895 698 922 964 681 581 214 473 467 461 920 723 604 781 996 359 68 545 312 
379 110 661 342 327 239 846 839 402 849 495 259 214 662 815 57 407 76 907 498 991 538 7 0 632 445 539 380 557 616 213 697 893 556 184 232 656 276 972 612 113 65 607 362 856 702 657 848 254 192 569 24 922 505 47 820 436 919 446 577 205 147 16 733 403 762 392 339 760 421 
854 98 735 368 775 844 587 508 979 297 953 273 280 915 399 602 510 210 964 724 142 992 655 632 0 277 947 165 333 57 855 424 571 451 615 32 393 545 991 473 842 516 53 347 241 333 289 580 712 338 13 819 568 831 373 527 179 491 898 160 854 723 684 552 572 494 178 14 76 848 
163 103 547 289 133 519 283 27 679 343 869 932 89 62 430 453 226 729 586 480 791 206 383 445 277 0 112 446 167 337 130 506 479 147 295 547 175 306 934 948 321 279 552 579 976 158 750 396 877 88 876 222 192 904 279 583 320 936 77 777 514 844 217 605 163 218 681 797 980 158 
545 69 427 356 737 749 424 57 136 820 603 571 636 461 773 20 217 856 899 61 225 391 155 539 947 112 0 241 306 519 95 64 206 199 968 480 733 857 249 830 561 376 240 887 108 652 157 69 937 789 109 903 261 960 400 474 699 594 673 566 237 905 682 197 615 128 217 515 322 475 
675 511 115 611 540 257 501 75 607 3 857 490 37 470 693 908 851 1 178 776 381 751 741 380 165 446 241 0 286 946 510 961 446 390 187 507 393 400 604 322 514 951 561 490 713 691 648 132 718 539 626 125 205 585 263 586 371 721 188 565 551 289 317 571 27 506 691 186 79 969 
798 779 598 904 658 640 792 1 403 246 972 406 172 737 866 230 926 476 41 571 290 91 237 557 333 167 306 286 0 715 954 631 361 148 539 123 478 705 9 994 220 597 315 342 235 849 559 727 211 740 376 205 884 120 480 999 459 371 637 373 434 419 800 938 654 38 339 809 93 558 
364 413 978 716 986 749 897 228 804 570 190 461 232 968 614 97 735 195 736 890 570 254 704 616 57 337 519 946 715 0 426 584 741 930 507 245 285 324 130 71 430 94 312 409 756 832 826 885 263 86 681 872 570 565 918 481 615 954 588 720 701 789 269 44 189 159 187 240 540 915 
180 844 466 373 418 634 224 784 307 298 211 467 156 880 478 697 383 331 404 741 734 627 489 213 855 130 95 510 954 426 0 189 933 418 623 16 558 275 404 977 698 433 691 601 720 255 360 328 911 745 380 277 478 250 51 101 447 804 67 304 454 656 248 296 849 554 825 927 667 537 
123 947 618 361 941 607 828 20 33 283 757 757 1 342 691 661 586 661 142 546 534 711 225 697 424 506 64 961 631 584 189 0 937 280 111 707 736 260 366 872 745 401 772 225 763 243 746 413 322 1000 121 161 225 678 757 672 454 144 352 677 739 353 637 967 163 365 595 985 363 166 
97 359 734 462 385 41 470 513 477 246 756 700 79 927 354 587 670 315 352 673 129 233 117 893 571 479 206 446 361 741 933 937 0 908 145 973 879 672 528 698 478 621 214 239 710 659 563 872 412 741 909 884 982 498 245 449 276 860 172 993 433 181 513 229 343 228 769 818 664 520 
103 146 893 50 393 109 679 390 406 890 263 239 832 862 655 128 749 506 223 308 173 980 698 556 451 147 199 390 148 930 418 280 908 0 119 414 283 552 77 485 741 661 548 446 281 914 667 58 842 230 578 575 570 28 537 394 788 552 99 850 979 37 272 103 979 703 793 966 551 784 
358 108 918 112 159 195 332 776 394 665 723 16 408 664 388 603 709 313 470 228 504 343 824 184 615 295 968 187 539 507 623 111 145 119 0 526 741 305 22 191 554 789 834 631 122 511 763 577 31 389 524 13 509 119 915 39 707 885 148 807 485 727 989 846 523 836 471 318 93 118 
271 890 818 988 717 234 974 775 859 396 530 13 524 571 862 894 532 684 84 240 820 100 643 232 32 547 480 507 123 245 16 707 973 414 526 0 290 187 485 176 57 102 513 788 505 462 72 412 145 483 347 237 128 515 596 190 642 348 525 496 816 616 185 624 463 114 363 668 483 729 
865 733 495 725 656 748 331 563 79 519 439 920 618 360 539 969 206 376 541 441 624 836 424 656 393 175 733 393 478 285 558 736 879 283 741 290 0 993 187 887 682 238 766 412 516 858 972 107 187 225 391 459 638 910 548 45 59 465 446 686 720 866 420 445 900 926 981 338 463 408 
570 152 390 242 937 381 807 48 124 632 15 800 293 928 179 66 18 778 713 472 320 821 351 276 545 306 857 400 705 324 275 260 672 552 305 187 993 0 21 925 33 40 990 888 216 796 624 475 374 902 211 596 170 684 695 707 913 101 976 594 835 534 343 363 516 882 89 771 236 620 
349 693 520 88 439 106 321 767 425 842 487 902 161 465 701 814 640 481 429 536 201 247 344 972 991 934 249 604 9 130 404 366 528 77 22 485 187 21 0 73 960 743 484 396 480 538 854 291 407 922 360 80 968 932 957 969 439 469 948 911 460 763 315 41 766 535 338 491 839 193 
458 712 574 537 354 849 656 530 969 550 895 299 303 353 26 590 439 729 245 56 178 980 466 612 473 948 830 322 994 71 977 872 698 485 191 176 887 925 73 0 22 575 797 553 260 741 920 519 149 44 465 933 455 195 620 307 41 786 186 341 676 434 486 210 850 851 426 100 311 858 
110 365 727 808 316 367 737 933 487 888 682 558 535 177 757 830 464 491 788 303 174 377 832 113 842 321 561 514 220 430 698 745 478 741 554 57 682 33 960 22 0 190 903 879 370 65 667 208 975 989 594 213 659 845 783 353 17 6 604 913 880 863 147 786 845 279 258 774 679 51 
996 479 911 160 292 580 415 395 75 625 558 660 516 412 680 411 165 553 403 967 264 655 815 65 516 279 376 951 597 94 433 401 621 661 789 102 238 40 743 575 190 0 672 463 528 369 837 903 738 867 57 956 390 80 238 88 871 693 805 385 352 491 900 160 692 852 527 631 389 827 
812 951 431 26 168 401 336 72 924 179 621 816 868 781 881 291 164 355 760 253 292 127 961 607 53 552 240 561 315 312 691 772 214 548 834 513 766 990 484 797 903 672 0 142 781 239 357 627 790 133 496 141 551 76 243 140 480 576 596 140 93 937 574 775 263 519 736 711 436 507 
287 538 198 433 475 586 702 952 355 509 404 363 368 453 605 45 965 607 365 815 174 523 42 362 347 579 887 490 342 409 601 225 239 446 631 788 412 888 396 553 879 463 142 0 917 717 821 475 906 714 511 777 235 956 787 936 427 415 182 776 825 765 597 991 784 832 9 820 625 399 
617 583 677 30 194 902 421 10 620 406 996 833 859 110 97 381 218 746 152 758 923 847 131 856 241 976 108 713 235 756 720 763 710 281 122 505 516 216 480 260 370 528 781 917 0 260 295 93 101 190 957 846 506 19 101 774 608 616 902 385 896 251 702 32 556 383 801 907 670 878 
870 287 911 411 650 265 796 201 650 728 539 719 76 657 804 970 930 411 577 678 629 982 363 702 333 158 652 691 849 832 255 243 659 914 511 462 858 796 538 741 65 369 239 717 260 0 823 520 945 54 903 396 8 127 924 703 898 525 995 747 624 356 534 262 988 453 329 632 794 49 
138 278 377 441 183 721 71 919 578 937 872 70 75 95 352 965 103 616 717 390 813 149 587 657 289 750 157 648 559 826 360 746 563 667 763 72 972 624 854 920 667 837 357 821 295 823 0 206 559 400 238 299 920 271 785 73 687 661 429 610 812 70 533 456 131 531 345 307 20 881 
557 579 928 645 700 220 768 886 452 49 912 921 816 556 629 84 139 76 251 913 668 889 411 848 580 396 69 132 727 885 328 413 872 58 577 412 107 475 291 519 208 903 627 475 93 520 206 0 337 65 70 749 222 584 476 466 661 2 831 142 393 97 623 985 234 168 315 329 798 318 
731 579 882 810 80 619 628 339 164 177 48 965 576 641 509 586 788 880 608 186 16 292 547 254 712 877 937 718 211 263 911 322 412 842 31 145 187 374 407 149 975 738 790 906 101 945 559 337 0 514 5 430 715 179 836 510 276 201 196 470 85 470 468 774 704 764 378 871 598 461 
381 411 113 144 933 7 376 430 239 287 52 539 206 423 70 398 60 119 138 798 65 620 441 192 338 88 789 539 740 86 745 1000 741 230 389 483 225 902 922 44 989 867 133 714 190 54 400 65 514 0 326 594 711 513 317 608 449 297 642 29 210 875 38 212 15 348 748 874 447 289 
803 983 692 935 221 734 131 207 263 937 521 634 981 570 628 431 406 578 496 10 246 482 973 569 13 876 109 626 376 681 380 121 909 578 524 347 391 211 360 465 594 57 496 511 957 903 238 70 5 326 0 539 353 206 118 31 79 704 139 794 136 378 34 59 858 359 248 340 337 943 
988 373 590 798 244 29 153 554 36 806 29 191 668 11 720 233 400 6 196 466 935 833 895 24 819 222 903 125 205 872 277 161 884 575 13 237 459 596 80 933 213 956 141 777 846 396 299 749 430 594 539 0 503 158 489 673 309 629 506 314 200 835 483 452 655 372 236 934 927 998 
948 741 431 720 890 217 968 507 816 774 910 721 723 742 328 652 795 613 615 58 895 283 698 922 568 192 261 205 884 570 478 225 982 570 509 128 638 170 968 455 659 390 551 235 506 8 920 222 715 711 353 503 0 212 236 630 143 753 169 981 684 226 683 376 824 246 378 546 986 696 
491 164 80 41 965 398 602 673 364 518 596 259 693 683 109 618 237 994 210 996 381 695 922 505 831 904 960 585 120 565 250 678 498 28 119 515 910 684 932 195 845 80 76 956 19 127 271 584 179 513 206 158 212 0 221 432 636 91 324 186 608 819 154 283 230 726 342 824 282 707 
832 900 675 70 597 910 549 455 532 736 236 670 549 483 232 835 59 729 474 983 684 811 964 47 373 279 400 263 480 918 51 757 245 537 915 596 548 695 957 620 783 238 243 787 101 924 785 476 836 317 118 489 236 221 0 458 396 346 590 136 539 728 662 812 487 275 552 374 874 585 
723 303 655 127 560 818 980 340 892 252 426 817 898 332 137 947 360 599 764 151 870 548 681 820 527 583 474 586 999 481 101 672 449 394 39 190 45 707 969 307 353 88 140 936 774 703 73 466 510 608 31 673 630 432 458 0 863 145 36 66 544 892 60 173 984 755 999 412 689 286 
966 810 741 816 31 345 836 945 736 292 334 383 194 444 468 423 696 577 242 533 934 292 581 436 179 320 699 371 459 615 447 454 276 788 707 642 59 913 439 41 17 871 480 427 608 898 687 661 276 449 79 309 143 636 396 863 0 946 209 842 255 408 414 64 211 306 750 786 218 926 
937 324 302 768 46 109 274 787 176 86 613 752 799 946 334 522 945 993 786 997 714 912 214 919 491 936 594 721 371 954 804 144 860 552 885 348 465 101 469 786 6 693 576 415 616 525 661 2 201 297 704 629 753 91 346 145 946 0 33 349 950 520 147 682 600 936 146 993 233 780 
203 116 280 687 950 957 871 316 424 733 386 69 639 518 56 282 960 950 317 478 419 975 473 446 898 77 673 188 637 588 67 352 172 99 148 525 446 976 948 186 604 805 596 182 902 995 429 831 196 642 139 506 169 324 590 36 209 33 0 214 294 829 635 541 736 802 277 805 20 796 
602 414 29 789 381 544 285 500 609 153 96 945 586 941 564 550 503 618 55 566 422 213 467 577 160 777 566 565 373 720 304 677 993 850 807 496 686 594 911 341 913 385 140 776 385 747 610 142 470 29 794 314 981 186 136 66 842 349 214 0 706 553 1 108 724 443 627 742 113 575 
46 500 798 26 270 670 676 4 783 960 552 971 616 254 209 87 540 419 150 77 312 170 461 205 854 514 237 551 434 701 454 739 433 979 485 816 720 835 460 676 880 352 93 825 896 624 812 393 85 210 136 200 684 608 539 544 255 950 294 706 0 686 558 802 359 659 904 380 186 426 
75 470 784 546 208 329 974 46 591 199 573 455 19 471 365 139 428 331 34 762 943 763 920 147 723 844 905 289 419 789 656 353 181 37 727 616 866 534 763 434 863 491 937 765 251 356 70 97 470 875 378 835 226 819 728 892 408 520 829 553 686 0 521 641 678 132 739 63 488 974 
710 362 502 648 848 736 582 267 185 589 879 296 508 746 784 999 64 681 272 62 639 609 723 16 684 217 682 317 800 269 248 637 513 272 989 185 420 343 315 486 147 900 574 597 702 534 533 623 468 38 34 483 683 154 662 60 414 147 635 1 558 521 0 462 884 470 94 316 17 964 
311 361 677 203 832 151 538 325 39 102 94 901 927 577 267 517 229 750 457 3 647 185 604 733 552 605 197 571 938 44 296 967 229 103 846 624 445 363 41 210 786 160 775 991 32 262 456 985 774 212 59 452 376 283 812 173 64 682 541 108 802 641 462 0 317 625 455 790 563 760 
862 563 698 120 254 86 142 146 481 142 275 296 94 967 747 234 338 160 298 679 532 946 781 403 572 163 615 27 654 189 849 163 343 979 523 463 900 516 766 850 845 692 263 784 556 988 131 234 704 15 858 655 824 230 487 984 211 600 736 724 359 678 884 317 0 567 492 330 257 168 
762 455 677 863 400 681 690 824 780 615 833 818 936 536 36 811 399 3 803 3 979 968 996 762 494 218 128 506 38 159 554 365 228 703 836 114 926 882 535 851 279 852 519 832 383 453 531 168 764 348 359 372 246 726 275 755 306 936 802 443 659 132 470 625 567 0 780 385 625 705 
462 681 267 105 745 123 226 174 241 836 987 564 539 87 722 317 178 524 461 207 490 311 359 392 178 681 217 691 339 187 825 595 769 793 471 363 981 89 338 426 258 527 736 9 801 329 345 315 378 748 248 236 378 342 552 999 750 146 277 627 904 739 94 455 492 780 0 798 948 513 
347 401 532 727 865 99 836 610 821 368 444 789 614 788 232 514 665 427 867 853 86 230 68 339 14 797 515 186 809 240 927 985 818 966 318 668 338 771 491 100 774 631 711 820 907 632 307 329 871 874 340 934 546 824 374 412 786 993 805 742 380 63 316 790 330 385 798 0 407 404 
390 480 432 322 925 821 332 639 471 145 790 734 765 941 531 472 36 979 348 32 638 452 545 760 76 980 322 79 93 540 667 363 664 551 93 483 463 236 839 311 679 389 436 625 670 794 20 798 598 447 337 927 986 282 874 689 218 233 20 113 186 488 17 563 257 625 948 407 0 844 
398 357 336 662 618 783 398 636 922 84 75 274 816 487 771 465 745 398 579 154 903 359 312 421 848 158 475 969 558 915 537 166 520 784 118 729 408 620 193 858 51 827 507 399 878 49 881 318 461 289 943 998 696 707 585 286 926 780 796 575 426 974 964 760 168 705 513 404 844 0 
0 292 311 483 922 359 711 569 983 43 251 597 570 405 237 211 277 595 269 632 800 862 653 815 277 360 73 303 786 421 507 362 503 135 320 607 534 536 838 462 37 802 450 418 331 909 378 900 406 741 987 476 585 520 807 778 610 969 113 556 25 54 602 623 417 797 160 429 566 431 
292 0 907 871 34 274 760 814 691 505 698 955 771 538 563 356 981 200 984 250 342 28 795 571 760 318 190 959 875 521 674 817 760 600 677 310 201 421 301 484 649 7 607 421 727 916 650 901 465 169 491 562 414 555 712 394 582 518 483 842 978 182 788 626 385 340 510 564 241 397 
311 907 0 907 748 955 886 882 126 583 118 489 164 672 692 875 587 706 783 312 179 256 828 466 726 430 358 255 358 538 177 468 502 938 675 687 142 375 228 973 491 775 474 478 997 507 132 662 686 728 312 547 415 201 445 896 525 861 263 234 774 535 256 419 320 745 636 469 602 26 
483 871 907 0 518 720 283 266 527 412 372 881 299 65 496 506 391 653 475 556 380 804 743 159 725 552 926 466 104 471 829 605 472 455 862 595 477 617 556 328 167 38 87 346 886 706 495 593 843 274 962 740 942 8 249 181 30 607 640 562 271 718 791 365 416 622 652 430 226 933 
922 34 748 518 0 93 400 603 140 50 714 686 816 824 594 668 805 117 428 398 481 672 582 929 397 108 883 832 203 513 577 420 246 463 126 299 535 793 650 638 340 624 302 705 597 207 294 340 202 564 496 268 873 802 789 772 287 356 618 633 249 437 601 495 192 273 439 951 500 457 
359 274 955 720 93 0 755 914 906 684 136 979 504 788 194 238 38 763 376 617 472 357 432 372 152 62 896 862 575 692 554 730 171 6 31 784 893 627 64 836 156 570 315 421 693 616 427 402 436 168 734 280 473 565 992 787 1 126 879 57 764 500 187 91 135 522 451 157 687 298 
711 760 886 283 400 755 0 348 464 733 406 493 668 235 110 498 913 44 867 214 840 53 567 932 580 863 948 698 1000 70 977 803 309 241 290 829 581 799 683 986 679 343 287 551 778 794 183 944 995 595 516 44 985 815 704 433 644 821 413 138 273 744 672 689 539 390 145 410 753 342 
569 814 882 266 603 914 348 0 533 348 77 543 809 511 338 34 837 10 574 709 65 819 300 108 153 329 117 113 885 152 723 273 244 716 665 928 742 192 591 416 953 556 78 861 402 699 568 983 423 262 307 122 760 561 157 758 777 549 300 373 302 105 852 147 285 387 630 685 909 367 
983 691 126 527 140 906 464 533 0 613 777 156 364 113 11 559 282 709 828 756 557 835 444 448 840 634 124 732 83 809 81 101 352 345 504 518 95 465 462 792 723 925 680 473 416 455 417 890 297 159 665 297 936 704 939 488 771 695 30 370 906 382 184 59 434 813 677 811 229 612 
43 505 583 412 50 684 733 348 613 0 906 715 176 386 383 616 839 318 873 943 907 925 364 621 840 599 801 147 103 675 166 752 684 651 739 509 472 476 669 537 715 606 144 499 379 857 832 362 105 868 956 723 947 842 450 939 359 320 456 422 673 127 866 243 531 726 462 431 708 163 
251 698 118 372 714 136 406 77 777 906 0 905 233 351 371 969 441 27 858 692 147 449 919 937 493 440 394 766 713 33 572 409 109 729 890 592 496 37 288 588 696 721 784 811 538 424 838 822 343 49 295 147 927 547 599 783 430 6 819 527 403 954 726 288 225 266 626 891 321 361 
597 955 489 881 686 979 493 543 156 715 905 0 81 491 280 516 327 781 7 549 303 815 910 776 179 761 901 253 491 489 411 724 634 495 93 29 381 878 974 656 965 633 269 122 203 723 38 634 731 136 495 689 809 823 416 449 523 623 359 743 1000 623 355 562 486 229 319 985 496 464 
570 771 164 299 816 504 668 809 364 176 233 81 0 241 835 318 795 796 646 1000 411 846 604 164 203 390 635 682 475 47 374 9 467 588 866 859 928 425 327 67 646 984 898 279 490 244 358 916 264 195 680 515 452 891 759 312 388 714 380 949 445 763 964 839 99 257 389 432 904 392 
405 538 672 65 824 788 235 511 113 386 351 491 241 0 77 948 441 225 163 770 905 255 563 156 441 10 906 158 372 972 582 273 637 835 744 964 916 654 626 408 486 438 291 34 4 583 31 673 445 533 736 104 569 643 689 104 336 626 522 738 133 811 161 411 738 97 312 817 144 550 
237 563 692 496 594 194 110 338 11 383 371 280 835 77 0 533 414 471 399 392 565 173 966 553 576 578 750 302 247 731 636 292 35 359 454 748 731 781 587 102 653 780 876 660 417 903 854 61 354 231 400 427 563 735 521 611 148 150 82 236 185 571 720 594 427 125 793 10 578 877 
211 356 875 506 668 238 498 34 559 616 969 516 318 948 533 0 224 992 141 235 659 942 192 572 217 542 184 687 264 795 582 729 618 503 317 763 440 301 600 252 570 169 243 158 199 586 539 130 712 530 896 559 617 684 775 830 104 644 283 296 659 518 896 732 264 511 480 536 478 786 
277 981 587 391 805 38 913 837 282 839 441 327 795 441 414 224 0 110 829 153 296 726 571 335 906 999 29 622 564 180 135 895 414 551 971 135 685 386 650 156 706 590 88 973 462 738 123 437 786 224 610 544 252 469 29 678 443 688 667 135 810 561 99 460 119 387 285 545 50 697 
595 200 706 653 117 763 44 10 709 318 27 781 796 225 471 992 110 0 31 843 144 458 29 403 618 218 534 261 740 164 325 832 54 342 640 178 312 716 275 676 812 554 954 718 958 665 211 291 763 114 838 3 842 855 44 533 144 966 731 162 417 64 408 185 104 148 417 260 867 544 
269 984 783 475 428 376 867 574 828 873 858 7 646 163 399 141 829 31 0 160 380 376 722 620 463 955 911 396 293 526 274 701 527 836 485 32 458 810 286 560 480 60 278 330 29 106 889 116 604 461 356 323 935 849 370 800 302 637 158 322 296 138 533 928 551 706 870 756 561 920 
632 250 312 556 398 617 214 709 756 943 692 549 1000 770 392 235 153 843 160 0 625 631 392 342 785 559 370 686 287 518 483 867 682 22 138 898 714 160 575 237 18 708 507 702 671 731 501 518 588 745 271 973 173 437 684 547 718 997 420 122 132 420 309 268 174 836 480 601 109 588 
800 342 179 380 481 472 840 65 557 907 147 303 411 905 565 659 296 144 380 625 0 976 777 676 469 678 264 110 586 667 194 635 301 165 33 656 731 879 454 507 270 574 871 695 876 932 676 758 205 525 756 702 810 114 532 348 975 311 292 91 34 652 448 509 648 520 501 5 629 386 
862 28 256 804 672 357 53 819 835 925 449 815 846 255 173 942 726 458 376 631 976 0 984 637 491 193 229 549 287 391 350 764 301 914 744 337 836 337 20 943 528 544 762 632 254 622 494 771 204 852 612 803 270 411 275 23 713 581 730 547 789 996 333 635 692 923 182 455 629 204 
653 795 828 743 582 432 567 300 444 364 919 910 604 563 966 192 571 29 722 392 777 984 0 75 530 354 255 847 304 782 161 448 15 539 862 605 727 227 254 353 670 685 554 11 342 568 249 820 921 459 258 728 969 535 426 649 956 465 930 11 407 867 987 656 856 534 31 37 167 76 
815 571 466 159 929 372 932 108 448 621 937 776 164 156 553 572 335 403 620 342 676 637 75 0 223 819 183 423 14 449 102 615 573 127 210 609 517 104 778 72 205 120 618 206 795 925 448 333 216 278 548 248 772 552 156 716 797 888 2 365 199 428 403 643 451 783 459 766 365 456 
277 760 726 725 397 152 580 153 840 840 493 179 203 441 576 217 906 618 463 785 469 491 530 223 0 213 658 114 242 54 581 857 445 509 635 538 303 612 910 468 647 589 619 622 103 833 157 888 702 172 219 570 413 495 385 255 163 355 273 152 178 262 499 745 551 876 383 79 334 244 
360 318 430 552 108 62 863 329 634 599 440 761 390 10 578 542 999 218 955 559 678 193 354 819 213 0 561 352 338 43 395 178 97 76 409 770 643 397 478 120 757 485 501 750 665 181 747 270 708 193 649 335 379 844 229 753 381 652 798 898 621 490 616 193 364 471 939 675 771 341 
73 190 358 926 883 896 948 117 124 801 394 901 635 906 750 184 29 534 911 370 264 229 255 183 658 561 0 263 297 876 284 111 331 13 778 400 748 510 234 849 615 643 468 792 581 790 315 390 653 921 249 960 818 874 266 27 682 425 456 357 82 641 141 80 662 346 190 348 611 736 
303 959 255 466 832 862 698 113 732 147 766 253 682 158 302 687 622 261 396 686 110 549 847 423 114 352 263 0 159 364 722 779 57 302 113 641 667 442 277 387 802 869 315 624 992 757 674 290 407 683 552 359 183 605 119 515 710 110 72 672 11 372 118 210 112 947 755 918 420 854 
786 875 358 104 203 575 1000 885 83 103 713 491 475 372 247 264 564 740 293 287 586 287 304 14 242 338 297 159 0 590 993 750 447 88 430 168 353 927 317 951 237 241 789 338 361 592 620 531 779 947 749 431 921 359 330 545 395 162 541 738 292 680 247 970 525 416 263 354 919 804 
421 521 538 471 513 692 70 152 809 675 33 489 47 972 731 795 180 164 526 518 667 391 782 449 54 43 876 364 590 0 108 453 622 817 398 87 179 45 132 336 692 158 587 732 267 800 650 489 706 338 693 656 255 375 333 170 631 511 140 837 536 220 383 112 431 128 380 793 879 661 
507 674 177 829 577 554 977 723 81 166 572 411 374 582 636 582 135 325 274 483 194 350 161 102 581 395 284 722 993 108 0 320 770 542 652 320 643 552 47 931 915 817 790 335 730 329 85 329 760 396 369 266 725 84 764 485 427 959 401 849 97 834 312 502 876 808 656 93 648 594 
362 817 468 605 420 730 803 273 101 752 409 724 9 273 292 729 895 832 701 867 635 764 448 615 857 178 111 779 750 453 320 0 802 259 214 966 177 188 381 885 347 255 968 256 867 111 721 990 248 343 411 249 782 890 189 749 231 148 894 37 743 466 948 672 225 795 52 885 458 37 
503 760 502 472 246 171 309 244 352 684 109 634 467 637 35 618 414 54 527 682 301 301 15 573 445 97 331 57 447 622 770 802 0 332 641 889 609 180 631 869 313 620 79 208 945 755 676 744 783 593 850 660 951 811 827 580 509 431 363 109 797 57 912 444 341 206 373 753 923 488 
135 600 938 455 463 6 241 716 345 651 729 495 588 835 359 503 551 342 836 22 165 914 539 127 509 76 13 302 88 817 542 259 332 0 437 651 838 152 337 734 424 599 586 912 165 756 827 413 291 195 689 441 466 41 217 489 877 367 630 730 422 446 581 107 524 153 583 346 697 548 
320 677 675 862 126 31 290 665 504 739 890 93 866 744 454 317 971 640 485 138 33 744 862 210 635 409 778 113 430 398 652 214 641 437 0 54 180 15 18 840 278 354 583 642 181 448 327 779 284 366 203 585 52 597 459 51 469 860 296 400 123 506 792 622 524 860 706 281 51 785 
607 310 687 595 299 784 829 928 518 509 592 29 859 964 748 763 135 178 32 898 656 337 605 609 538 770 400 641 168 87 320 966 889 651 54 0 6 343 281 201 129 690 778 363 923 592 89 400 175 729 222 104 252 893 356 414 448 522 865 971 864 497 256 303 541 250 377 92 325 320 
534 201 142 477 535 893 581 742 95 472 496 381 928 916 731 440 685 312 458 714 731 836 727 517 303 643 748 667 353 179 643 177 609 838 180 6 0 228 385 598 582 311 775 612 821 680 666 103 73 640 303 575 604 817 923 178 406 393 714 687 725 463 433 654 569 937 950 177 761 404 
536 421 375 617 793 627 799 192 465 476 37 878 425 654 781 301 386 716 810 160 879 337 227 104 612 397 510 442 927 45 552 188 180 152 15 343 228 0 224 764 66 750 778 262 529 397 508 438 187 362 267 97 482 690 796 514 984 964 428 37 816 311 690 616 442 467 540 282 61 567 
838 301 228 556 650 64 683 591 462 669 288 974 327 626 587 600 650 275 286 575 454 20 254 778 910 478 234 277 317 132 47 381 631 337 18 281 385 224 0 127 962 824 404 573 700 607 487 410 593 887 317 176 480 855 776 909 196 43 541 948 327 769 461 57 214 498 705 731 970 646 
462 484 973 328 638 836 986 416 792 537 588 656 67 408 102 252 156 676 560 237 507 943 353 72 468 120 849 387 951 336 931 885 869 734 840 201 598 764 127 0 268 553 953 550 285 334 651 578 293 543 505 608 508 798 815 49 268 793 123 191 687 478 573 310 820 731 221 193 273 452 
37 649 491 167 340 156 679 953 723 715 696 965 646 486 653 570 706 812 480 18 270 528 670 205 647 757 615 802 237 692 915 347 313 424 278 129 582 66 962 268 0 226 319 576 282 352 576 745 797 997 501 531 639 974 929 420 471 473 507 248 936 566 419 935 807 863 461 699 440 246 
802 7 775 38 624 570 343 556 925 606 721 633 984 438 780 169 590 554 60 708 574 544 685 120 589 485 643 869 241 158 817 255 620 599 354 690 311 750 824 553 226 0 462 622 219 963 557 811 266 512 329 594 263 499 528 463 886 628 964 286 978 570 706 341 628 399 71 113 130 294 
450 607 474 87 302 315 287 78 680 144 784 269 898 291 876 243 88 954 278 507 871 762 554 618 619 501 468 315 789 587 790 968 79 586 583 778 775 778 404 953 319 462 0 18 608 294 359 379 517 213 543 46 519 4 194 420 574 634 81 376 171 673 648 218 157 510 618 700 905 298 
418 421 478 346 705 421 551 861 473 499 811 122 279 34 660 158 973 718 330 702 695 632 11 206 622 750 792 624 338 732 335 256 208 912 642 363 612 262 573 550 576 622 18 0 909 850 793 708 792 826 966 333 31 532 754 664 325 72 330 369 370 842 613 609 648 411 64 821 337 652 
331 727 997 886 597 693 778 402 416 379 538 203 490 4 417 199 462 958 29 671 876 254 342 795 103 665 581 992 361 267 730 867 945 165 181 923 821 529 700 285 282 219 608 909 0 437 433 245 296 339 801 618 834 143 260 29 559 597 947 644 830 217 697 115 139 487 257 729 887 859 
909 916 507 706 207 616 794 699 455 857 424 723 244 583 903 586 738 665 106 731 932 622 568 925 833 181 790 757 592 800 329 111 755 756 448 592 680 397 607 334 352 963 294 850 437 0 651 672 919 106 968 333 114 566 917 584 557 748 340 867 231 307 280 651 888 443 604 997 986 136 
378 650 132 495 294 427 183 568 417 832 838 38 358 31 854 539 123 211 889 501 676 494 249 448 157 747 315 674 620 650 85 721 676 827 327 89 666 508 487 651 576 557 359 793 433 651 0 375 8 632 627 410 258 933 550 258 983 507 961 970 907 439 672 582 93 493 314 76 123 829 
900 901 662 593 340 402 944 983 890 362 822 634 916 673 61 130 437 291 116 518 758 771 820 333 888 270 390 290 531 489 329 990 744 413 779 400 103 438 410 578 745 811 379 708 245 672 375 0 339 118 230 787 731 606 119 418 202 156 805 247 133 143 134 772 100 575 295 915 263 686 
406 465 686 843 202 436 995 423 297 105 343 731 264 445 354 712 786 763 604 588 205 204 921 216 702 708 653 407 779 706 760 248 783 291 284 175 73 187 593 293 797 266 517 792 296 919 8 339 0 966 325 511 832 113 674 185 351 551 330 904 431 903 242 245 630 712 425 743 884 619 
741 169 728 274 564 168 595 262 159 868 49 136 195 533 231 530 224 114 461 745 525 852 459 278 172 193 921 683 947 338 396 343 593 195 366 729 640 362 887 543 997 512 213 826 339 106 632 118 966 0 670 91 801 563 695 621 136 353 491 369 127 644 137 77 458 222 395 834 397 177 
987 491 312 962 496 734 516 307 665 956 295 495 680 736 400 896 610 838 356 271 756 612 258 548 219 649 249 552 749 693 369 411 850 689 203 222 303 267 317 505 501 329 543 966 801 968 627 230 325 670 0 28 82 753 50 558 332 678 336 844 553 853 78 123 810 276 958 445 475 876 
476 562 547 740 268 280 44 122 297 723 147 689 515 104 427 559 544 3 323 973 702 803 728 248 570 335 960 359 431 656 266 249 660 441 585 104 575 97 176 608 531 594 46 333 618 333 410 787 511 91 28 0 357 738 982 449 249 847 134 716 446 765 756 979 534 578 605 607 382 837 
585 414 415 942 873 473 985 760 936 947 927 809 452 569 563 617 252 842 935 173 810 270 969 772 413 379 818 183 921 255 725 782 951 466 52 252 604 482 480 508 639 263 519 31 834 114 258 731 832 801 82 357 0 501 811 523 374 930 97 990 408 473 634 152 919 570 296 680 631 901 
520 555 201 8 802 565 815 561 704 842 547 823 891 643 735 684 469 855 849 437 114 411 535 552 495 844 874 605 359 375 84 890 811 41 597 893 817 690 855 798 974 499 4 532 143 566 933 606 113 563 753 738 501 0 141 358 715 275 160 352 212 889 347 521 136 867 467 805 440 625 
807 712 445 249 789 992 704 157 939 450 599 416 759 689 521 775 29 44 370 684 532 275 426 156 385 229 266 119 330 333 764 189 827 217 459 356 923 796 776 815 929 528 194 754 260 917 550 119 674 695 50 982 811 141 0 377 467 588 326 121 471 406 395 630 478 391 681 15 876 689 
778 394 896 181 772 787 433 758 488 939 783 449 312 104 611 830 678 533 800 547 348 23 649 716 255 753 27 515 545 170 485 749 580 489 51 414 178 514 909 49 420 463 420 664 29 584 258 418 185 621 558 449 523 358 377 0 379 469 577 427 780 986 201 440 182 651 526 268 898 492 
610 582 525 30 287 1 644 777 771 359 430 523 388 336 148 104 443 144 302 718 975 713 956 797 163 381 682 710 395 631 427 231 509 877 469 448 406 984 196 268 471 886 574 325 559 557 983 202 351 136 332 249 374 715 467 379 0 827 226 520 278 546 661 140 887 512 325 773 146 695 
969 518 861 607 356 126 821 549 695 320 6 623 714 626 150 644 688 966 637 997 311 581 465 888 355 652 425 110 162 511 959 148 431 367 860 522 393 964 43 793 473 628 634 72 597 748 507 156 551 353 678 847 930 275 588 469 827 0 106 96 253 440 334 387 400 712 168 552 397 655 
113 483 263 640 618 879 413 300 30 456 819 359 380 522 82 283 667 731 158 420 292 730 930 2 273 798 456 72 541 140 401 894 363 630 296 865 714 428 541 123 507 964 81 330 947 340 961 805 330 491 336 134 97 160 326 577 226 106 0 539 292 593 607 752 66 738 82 462 194 819 
556 842 234 562 633 57 138 373 370 422 527 743 949 738 236 296 135 162 322 122 91 547 11 365 152 898 357 672 738 837 849 37 109 730 400 971 687 37 948 191 248 286 376 369 644 867 970 247 904 369 844 716 990 352 121 427 520 96 539 0 611 252 484 426 335 472 339 562 267 598 
25 978 774 271 249 764 273 302 906 673 403 1000 445 133 185 659 810 417 296 132 34 789 407 199 178 621 82 11 292 536 97 743 797 422 123 864 725 816 327 687 936 978 171 370 830 231 907 133 431 127 553 446 408 212 471 780 278 253 292 611 0 494 440 655 250 736 645 306 179 260 
54 182 535 718 437 500 744 105 382 127 954 623 763 811 571 518 561 64 138 420 652 996 867 428 262 490 641 372 680 220 834 466 57 446 506 497 463 311 769 478 566 570 673 842 217 307 439 143 903 644 853 765 473 889 406 986 546 440 593 252 494 0 391 257 986 689 387 160 967 673 
602 788 256 791 601 187 672 852 184 866 726 355 964 161 720 896 99 408 533 309 448 333 987 403 499 616 141 118 247 383 312 948 912 581 792 256 433 690 461 573 419 706 648 613 697 280 672 134 242 137 78 756 634 347 395 201 661 334 607 484 440 391 0 116 989 394 189 59 372 939 
623 626 419 365 495 91 689 147 59 243 288 562 839 411 594 732 460 185 928 268 509 635 656 643 745 193 80 210 970 112 502 672 444 107 622 303 654 616 57 310 935 341 218 609 115 651 582 772 245 77 123 979 152 521 630 440 140 387 752 426 655 257 116 0 413 239 286 875 488 774 
417 385 320 416 192 135 539 285 434 531 225 486 99 738 427 264 119 104 551 174 648 692 856 451 551 364 662 112 525 431 876 225 341 524 524 541 569 442 214 820 807 628 157 648 139 888 93 100 630 458 810 534 919 136 478 182 887 400 66 335 250 986 989 413 0 704 422 184 962 605 
797 340 745 622 273 522 390 387 813 726 266 229 257 97 125 511 387 148 706 836 520 923 534 783 876 471 346 947 416 128 808 795 206 153 860 250 937 467 498 731 863 399 510 411 487 443 493 575 712 222 276 578 570 867 391 651 512 712 738 472 736 689 394 239 704 0 361 631 833 103 
160 510 636 652 439 451 145 630 677 462 626 319 389 312 793 480 285 417 870 480 501 182 31 459 383 939 190 755 263 380 656 52 373 583 706 377 950 540 705 221 461 71 618 64 257 604 314 295 425 395 958 605 296 467 681 526 325 168 82 339 645 387 189 286 422 361 0 166 485 874 
429 564 469 430 951 157 410 685 811 431 891 985 432 817 10 536 545 260 756 601 5 455 37 766 79 675 348 918 354 793 93 885 753 346 281 92 177 282 731 193 699 113 700 821 729 997 76 915 743 834 445 607 680 805 15 268 773 552 462 562 306 160 59 875 184 631 166 0 606 275 
566 241 602 226 500 687 753 909 229 708 321 496 904 144 578 478 50 867 561 109 629 629 167 365 334 771 611 420 919 879 648 458 923 697 51 325 761 61 970 273 440 130 905 337 887 986 123 263 884 397 475 382 631 440 876 898 146 397 194 267 179 967 372 488 962 833 485 606 0 799 
431 397 26 933 457 298 342 367 612 163 361 464 392 550 877 786 697 544 920 588 386 204 76 456 244 341 736 854 804 661 594 37 488 548 785 320 404 567 646 452 246 294 298 652 859 136 829 686 619 177 876 837 901 625 689 492 695 655 819 598 260 673 939 774 605 103 874 275 799 0 
0 365 322 343 979 550 405 156 684 661 643 764 597 739 644 537 356 320 91 455 740 236 692 526 479 375 493 330 954 373 269 95 57 12 164 127 903 675 640 251 226 717 792 492 607 819 604 420 906 397 498 857 340 203 656 554 791 945 360 707 581 71 494 10 697 380 199 128 780 8 
365 0 74 762 582 318 846 753 761 950 69 353 750 956 843 845 768 95 592 673 758 51 907 199 366 151 47 211 560 971 644 907 339 744 274 673 913 367 852 980 129 264 993 194 336 72 590 186 784 749 812 741 794 399 893 749 754 16 261 340 416 159 624 357 253 456 608 239 466 151 
322 74 0 876 734 986 751 408 317 598 194 104 313 593 677 681 772 793 810 169 676 166 564 857 268 969 652 520 560 488 885 515 845 936 572 609 564 598 704 779 925 919 591 415 675 312 788 782 42 244 412 667 443 455 372 704 302 984 308 440 309 970 894 614 585 609 123 55 613 571 
343 762 876 0 731 975 411 48 540 407 20 397 842 349 848 977 146 462 687 69 882 431 758 628 474 655 446 888 908 955 639 301 45 91 78 526 648 263 159 272 829 438 382 606 152 572 337 519 697 163 648 618 790 723 61 619 808 876 400 524 321 667 318 277 94 388 196 971 521 419 
979 582 734 731 0 453 547 607 326 573 825 591 653 807 415 953 696 164 130 457 321 458 446 90 913 45 560 806 983 855 69 451 922 407 576 530 954 813 703 560 639 401 409 315 784 672 142 597 763 678 79 674 216 954 105 744 726 215 821 741 313 272 740 574 180 899 680 564 281 409 
550 318 986 975 453 0 782 611 5 279 480 978 122 326 350 398 297 789 950 395 131 270 624 783 848 42 974 101 935 330 70 781 11 321 156 519 21 203 418 913 179 529 867 922 996 68 547 95 775 306 802 57 496 303 645 67 657 350 962 399 746 292 621 859 103 762 141 292 919 612 
405 846 751 411 547 782 0 574 202 637 870 755 574 242 48 582 817 194 238 650 531 586 869 419 777 158 766 872 947 638 159 823 532 827 780 887 302 676 97 610 568 415 13 727 39 757 118 885 837 533 106 454 362 503 338 491 629 113 820 683 849 895 309 273 107 869 60 756 518 958 
156 753 408 48 607 611 574 0 553 227 944 377 307 203 702 292 921 607 791 216 304 402 235 615 228 125 300 83 62 668 466 27 889 799 471 667 749 165 670 698 569 138 499 897 868 584 724 985 623 385 128 238 402 898 440 215 743 716 56 661 3 254 545 182 104 801 416 490 910 863 
684 761 317 540 326 5 202 553 0 975 482 139 605 715 893 474 621 999 339 264 508 796 136 258 654 813 9 682 635 573 62 175 142 39 617 717 574 472 162 897 399 277 712 245 493 470 839 37 426 332 773 182 472 911 580 633 752 374 967 777 469 674 165 227 59 152 652 588 688 963 
661 950 598 407 573 279 637 227 975 0 980 326 394 633 199 368 616 70 745 983 667 144 717 675 136 364 942 300 335 719 372 200 461 699 727 772 190 481 652 296 824 147 449 549 41 355 926 233 601 466 255 151 903 608 37 311 530 206 835 306 945 442 545 629 196 557 866 65 827 495 
643 69 194 20 825 480 870 944 482 980 0 400 159 859 782 691 476 267 614 311 296 760 870 90 779 934 688 631 620 57 180 963 734 537 562 417 704 228 727 994 715 399 922 814 231 905 870 877 259 347 213 223 976 762 370 803 446 968 497 167 810 957 482 727 646 768 448 132 904 402 
764 353 104 397 591 978 755 377 139 326 400 0 175 154 269 569 410 911 388 118 28 819 770 304 861 741 138 877 73 600 524 424 555 574 91 103 985 250 413 280 826 543 858 936 900 241 214 662 409 912 789 485 933 404 867 725 757 643 343 483 825 826 241 920 160 340 767 117 31 962 
597 750 313 842 653 122 574 307 605 394 159 175 0 667 808 742 595 804 480 512 918 867 789 304 312 464 300 321 172 318 304 211 171 904 788 549 375 822 123 323 599 208 343 456 930 100 540 872 920 516 708 804 716 683 540 654 120 142 192 782 144 384 413 620 49 999 514 63 384 773 
739 956 593 349 807 326 242 203 715 633 859 154 667 0 467 921 125 867 274 394 455 40 412 936 784 43 145 445 368 366 455 305 908 495 374 735 741 862 782 358 457 63 712 684 741 914 210 428 873 65 524 225 433 283 971 59 749 919 586 826 536 160 828 52 707 794 55 746 637 461 
644 843 677 848 415 350 48 702 893 199 782 269 808 467 0 23 42 502 321 807 650 961 970 649 213 365 942 374 619 596 91 697 683 413 917 911 402 919 703 225 992 782 734 808 507 718 474 685 290 313 607 314 207 90 659 570 548 13 182 77 477 316 949 838 932 74 870 183 961 936 
537 845 681 977 953 398 582 292 474 368 691 569 742 921 23 0 695 285 170 295 762 522 583 24 508 349 96 906 63 37 179 848 447 472 714 633 990 171 729 176 577 549 2 22 114 612 777 561 393 468 800 689 389 537 974 597 127 51 563 773 35 723 757 381 308 652 894 174 591 346 
356 768 772 146 696 297 817 921 621 616 476 410 595 125 42 695 0 95 562 394 461 805 270 191 455 155 186 985 707 598 344 964 620 857 549 687 686 544 292 126 625 827 378 818 15 729 27 207 939 128 551 213 474 270 35 765 665 412 481 198 486 378 146 530 82 30 96 568 499 821 
320 95 793 462 164 789 194 607 999 70 267 911 804 867 502 285 95 0 699 454 890 127 127 729 522 945 896 145 31 201 146 738 186 433 491 192 565 745 124 611 107 200 944 665 824 971 704 376 900 506 218 324 556 656 483 965 79 955 449 754 421 42 227 933 597 531 358 214 210 269 
91 592 810 687 130 950 238 791 339 745 614 388 480 274 321 170 562 699 0 162 161 289 707 697 963 777 692 152 87 820 378 348 280 802 155 448 477 284 607 199 813 100 749 206 121 193 864 157 342 746 488 183 672 185 309 613 8 930 901 408 290 272 805 445 428 641 470 927 75 711 
455 673 169 69 457 395 650 216 264 983 311 118 512 394 807 295 394 454 162 0 639 726 517 632 762 95 356 828 404 763 797 573 516 452 230 211 533 439 893 428 613 928 213 686 527 866 744 125 112 973 428 225 94 759 938 377 508 853 294 575 508 633 59 295 924 494 182 900 341 535 
740 758 676 882 321 131 531 304 508 667 296 28 918 455 650 762 461 890 161 639 0 550 554 983 342 847 317 312 1000 695 688 534 143 689 425 627 81 518 24 208 298 128 309 98 680 876 830 612 401 28 157 906 583 346 547 721 937 795 145 733 478 732 153 539 326 972 265 88 433 469 
236 51 166 431 458 270 586 402 796 144 760 819 867 40 961 522 805 127 289 726 550 0 873 256 727 285 945 696 250 207 786 878 247 679 781 463 390 397 149 774 675 238 144 913 892 596 291 845 244 942 240 694 111 920 933 388 583 306 471 686 928 411 1000 526 570 724 528 670 343 73 
692 907 564 758 446 624 869 235 136 717 870 770 789 412 970 583 270 127 707 517 554 873 0 140 75 514 851 263 922 897 280 490 601 630 616 320 230 392 82 54 251 862 444 364 556 427 237 82 73 331 898 580 698 563 983 744 752 194 608 74 412 706 721 434 238 649 139 113 668 93 
526 199 857 628 90 783 419 615 258 675 90 304 304 936 649 24 191 729 697 632 983 256 140 0 651 878 351 785 499 350 50 88 559 422 535 724 808 445 46 351 336 123 855 576 677 512 248 772 90 195 589 223 804 166 476 400 680 464 206 605 252 168 342 508 317 719 517 769 709 326 
479 366 268 474 913 848 777 228 654 136 779 861 312 784 213 508 455 522 963 762 342 727 75 651 0 387 753 33 577 299 601 66 909 417 659 164 579 783 883 129 693 382 96 286 195 465 205 717 846 575 21 605 621 751 326 466 323 792 800 330 924 510 474 438 554 363 588 186 152 298 
375 151 969 655 45 42 158 125 813 364 934 741 464 43 365 349 155 945 777 95 847 285 514 878 387 0 324 44 285 119 141 705 643 193 849 547 451 240 711 975 140 214 307 534 711 215 811 414 328 59 823 644 465 328 822 770 277 837 612 561 682 401 403 111 236 111 786 96 791 21 
493 47 652 446 560 974 766 300 9 942 688 138 300 145 942 96 186 896 692 356 317 945 851 351 753 324 0 859 391 703 18 250 486 310 371 29 537 737 303 955 430 153 770 351 159 937 250 423 829 506 319 572 159 463 374 706 236 739 798 709 103 851 830 18 851 506 475 80 633 458 
330 211 520 888 806 101 872 83 682 300 631 877 321 445 374 906 985 145 152 828 312 696 263 785 33 44 859 0 171 843 572 714 91 409 220 138 730 236 458 562 909 496 999 77 623 461 929 102 683 775 435 168 55 712 159 935 37 296 119 455 628 568 738 638 178 179 508 512 114 524 
954 560 560 908 983 935 947 62 635 335 620 73 172 368 619 63 707 31 87 404 1000 250 922 499 577 285 391 171 0 565 799 567 174 140 553 153 437 907 592 838 955 684 430 263 234 473 720 508 90 566 289 96 746 296 225 786 565 744 643 771 178 50 375 671 809 289 734 583 355 842 
373 971 488 955 855 330 638 668 573 719 57 600 318 366 596 37 598 201 820 763 695 207 897 350 299 119 703 843 565 0 536 486 290 822 283 352 325 223 5 599 391 568 574 860 905 265 39 965 336 549 379 805 679 386 797 872 649 176 601 868 646 614 339 137 674 163 130 95 953 805 
269 644 885 639 69 70 159 466 62 372 180 524 304 455 91 179 344 146 378 797 688 786 280 50 601 141 18 572 799 536 0 608 806 611 322 112 720 422 536 680 510 376 824 753 447 236 554 659 730 757 309 872 453 332 88 350 367 715 461 114 341 712 271 649 620 591 746 862 588 678 
95 907 515 301 451 781 823 27 175 200 963 424 211 305 697 848 964 738 348 573 534 878 490 88 66 705 250 714 567 486 608 0 920 939 547 733 978 290 234 732 87 382 873 305 482 604 751 516 43 590 367 311 460 718 635 110 715 627 454 457 984 175 353 862 393 694 763 351 954 603 
57 339 845 45 922 11 532 889 142 461 734 555 171 908 683 447 620 186 280 516 143 247 601 559 909 643 486 91 174 290 806 920 0 603 218 556 714 800 884 510 271 649 592 102 950 460 388 908 687 771 871 544 889 442 684 975 557 160 351 567 365 260 229 769 835 184 375 769 772 805 
12 744 936 91 407 321 827 799 39 699 537 574 904 495 413 472 857 433 802 452 689 679 630 422 417 193 310 409 140 822 611 939 603 0 42 742 276 610 99 794 939 752 197 735 305 336 830 513 565 365 593 319 403 123 497 94 586 319 433 495 517 201 620 411 611 840 926 861 517 563 
164 274 572 78 576 156 780 471 617 727 562 91 788 374 917 714 549 491 155 230 425 781 616 535 659 849 371 220 553 283 322 547 218 42 0 299 648 211 304 287 686 742 964 511 94 907 798 641 190 430 89 107 454 167 246 31 991 710 635 493 357 910 752 955 976 832 342 810 67 495 
127 673 609 526 530 519 887 667 717 772 417 103 549 735 911 633 687 192 448 211 627 463 320 724 164 547 29 138 153 352 112 733 556 742 299 0 214 100 274 430 449 478 321 654 429 856 115 272 416 355 373 45 559 168 410 129 765 195 355 252 963 765 357 516 703 55 168 320 41 840 
903 913 564 648 954 21 302 749 574 190 704 985 375 741 402 990 686 565 477 533 81 390 230 808 579 451 537 730 437 325 720 978 714 276 648 214 0 910 115 595 860 469 111 461 810 584 679 121 99 32 51 335 313 509 540 11 936 57 298 692 727 865 852 374 896 480 492 102 390 382 
675 367 598 263 813 203 676 165 472 481 228 250 822 862 919 171 544 745 284 439 518 397 392 445 783 240 737 236 907 223 422 290 800 610 211 100 910 0 432 537 477 135 727 785 346 658 943 900 751 338 349 238 392 877 992 534 947 60 496 356 732 491 901 353 709 840 238 768 294 733 
640 852 704 159 703 418 97 670 162 652 727 413 123 782 703 729 292 124 607 893 24 149 82 46 883 711 303 458 592 5 536 234 884 99 304 274 115 432 0 763 916 133 83 825 224 542 828 82 343 700 195 138 702 750 973 680 102 75 246 473 274 779 567 36 702 276 177 477 743 126 
251 980 779 272 560 913 610 698 897 296 994 280 323 358 225 176 126 611 199 428 208 774 54 351 129 975 955 562 838 599 680 732 510 794 287 430 595 537 763 0 483 520 861 48 468 769 243 512 192 197 230 746 327 14 538 143 170 781 756 624 466 472 254 790 915 805 368 70 559 579 
226 129 925 829 639 179 568 569 399 824 715 826 599 457 992 577 625 107 813 613 298 675 251 336 693 140 430 909 955 391 510 87 271 939 686 449 860 477 916 483 0 300 763 599 797 626 388 478 754 712 338 723 654 801 19 156 377 164 465 540 857 344 175 509 977 717 126 780 410 553 
717 264 919 438 401 529 415 138 277 147 399 543 208 63 782 549 827 200 100 928 128 238 862 123 382 214 153 496 684 568 376 382 649 752 742 478 469 135 133 520 300 0 714 395 780 756 543 612 423 672 346 457 186 895 277 115 757 497 714 400 292 450 392 311 402 553 150 193 313 372 
792 993 591 382 409 867 13 499 712 449 922 858 343 712 734 2 378 944 749 213 309 144 444 855 96 307 770 999 430 574 824 873 592 197 964 321 111 727 83 861 763 714 0 417 199 472 699 716 551 168 736 16 263 597 590 630 22 120 188 836 462 482 114 235 602 330 194 725 99 934 
492 194 415 606 315 922 727 897 245 549 814 936 456 684 808 22 818 665 206 686 98 913 364 576 286 534 351 77 263 860 753 305 102 735 511 654 461 785 825 48 599 395 417 0 820 669 854 616 682 263 558 415 128 772 992 996 734 222 369 634 787 235 391 473 670 984 89 641 442 207 
607 336 675 152 784 996 39 868 493 41 231 900 930 741 507 114 15 824 121 527 680 892 556 677 195 711 159 623 234 905 447 482 950 305 94 429 810 346 224 468 797 780 199 820 0 260 714 65 175 443 787 987 937 338 315 528 484 356 614 259 546 458 817 286 721 501 700 656 740 636 
819 72 312 572 672 68 757 584 470 355 905 241 100 914 718 612 729 971 193 866 876 596 427 512 465 215 937 461 473 265 236 604 460 336 907 856 584 658 542 769 626 756 472 669 260 0 896 368 707 37 488 312 126 176 236 310 832 358 274 917 549 774 288 153 856 354 609 746 614 165 
604 590 788 337 142 547 118 724 839 926 870 214 540 210 474 777 27 704 864 744 830 291 237 248 205 811 250 929 720 39 554 751 388 830 798 115 679 943 828 243 388 543 699 854 714 896 0 328 752 484 397 494 634 422 371 122 562 647 596 767 626 713 672 655 745 262 208 656 11 793 
420 186 782 519 597 95 885 985 37 233 877 662 872 428 685 561 207 376 157 125 612 845 82 772 717 414 423 102 508 965 659 516 908 513 641 272 121 900 82 512 478 612 716 616 65 368 328 0 781 202 169 850 584 547 531 764 788 267 836 73 460 132 829 420 230 26 576 337 805 745 
906 784 42 697 763 775 837 623 426 601 259 409 920 873 290 393 939 900 342 112 401 244 73 90 846 328 829 683 90 336 730 43 687 565 190 416 99 751 343 192 754 423 551 682 175 707 752 781 0 600 162 301 685 406 405 956 333 310 76 458 368 512 198 498 291 631 955 389 732 409 
397 749 244 163 678 306 533 385 332 466 347 912 516 65 313 468 128 506 746 973 28 942 331 195 575 59 506 775 566 549 757 590 771 365 430 355 32 338 700 197 712 672 168 263 443 37 484 202 600 0 423 251 553 780 355 924 568 349 660 314 249 302 616 316 13 171 807 731 580 184 
498 812 412 648 79 802 106 128 773 255 213 789 708 524 607 800 551 218 488 428 157 240 898 589 21 823 319 435 289 379 309 367 871 593 89 373 51 349 195 230 338 346 736 558 787 488 397 169 162 423 0 781 372 427 94 44 338 797 271 627 173 625 667 55 931 523 133 762 703 918 
857 741 667 618 674 57 454 238 182 151 223 485 804 225 314 689 213 324 183 225 906 694 580 223 605 644 572 168 96 805 872 311 544 319 107 45 335 238 138 746 723 457 16 415 987 312 494 850 301 251 781 0 832 167 211 415 366 124 352 105 130 992 298 252 789 670 286 933 821 887 
340 794 443 790 216 496 362 402 472 903 976 933 716 433 207 389 474 556 672 94 583 111 698 804 621 465 159 55 746 679 453 460 889 403 454 559 313 392 702 327 654 186 263 128 937 126 634 584 685 553 372 832 0 619 506 867 163 61 431 895 558 398 373 437 193 787 625 432 914 1000 
203 399 455 723 954 303 503 898 911 608 762 404 683 283 90 537 270 656 185 759 346 920 563 166 751 328 463 712 296 386 332 718 442 123 167 168 509 877 750 14 801 895 597 772 338 176 422 547 406 780 427 167 619 0 558 586 712 123 227 708 486 847 12 322 36 542 241 515 112 966 
656 893 372 61 105 645 338 440 580 37 370 867 540 971 659 974 35 483 309 938 547 933 983 476 326 822 374 159 225 797 88 635 684 497 246 410 540 992 973 538 19 277 590 992 315 236 371 531 405 355 94 211 506 558 0 31 232 725 285 226 575 300 698 693 288 184 28 377 767 586 
554 749 704 619 744 67 491 215 633 311 803 725 654 59 570 597 765 965 613 377 721 388 744 400 466 770 706 935 786 872 350 110 975 94 31 129 11 534 680 143 156 115 630 996 528 310 122 764 956 924 44 415 867 586 31 0 239 16 741 65 698 795 120 275 919 613 130 262 863 491 
791 754 302 808 726 657 629 743 752 530 446 757 120 749 548 127 665 79 8 508 937 583 752 680 323 277 236 37 565 649 367 715 557 586 991 765 936 947 102 170 377 757 22 734 484 832 562 788 333 568 338 366 163 712 232 239 0 953 980 916 530 661 238 937 109 288 433 208 257 981 
945 16 984 876 215 350 113 716 374 206 968 643 142 919 13 51 412 955 930 853 795 306 194 464 792 837 739 296 744 176 715 627 160 319 710 195 57 60 75 781 164 497 120 222 356 358 647 267 310 349 797 124 61 123 725 16 953 0 449 65 151 894 818 212 666 513 347 762 806 588 
360 261 308 400 821 962 820 56 967 835 497 343 192 586 182 563 481 449 901 294 145 471 608 206 800 612 798 119 643 601 461 454 351 433 635 355 298 496 246 756 465 714 188 369 614 274 596 836 76 660 271 352 431 227 285 741 980 449 0 89 126 451 595 648 893 713 581 180 12 700 
707 340 440 524 741 399 683 661 777 306 167 483 782 826 77 773 198 754 408 575 733 686 74 605 330 561 709 455 771 868 114 457 567 495 493 252 692 356 473 624 540 400 836 634 259 917 767 73 458 314 627 105 895 708 226 65 916 65 89 0 801 911 375 243 138 370 548 841 529 506 
581 416 309 321 313 746 849 3 469 945 810 825 144 536 477 35 486 421 290 508 478 928 412 252 924 682 103 628 178 646 341 984 365 517 357 963 727 732 274 466 857 292 462 787 546 549 626 460 368 249 173 130 558 486 575 698 530 151 126 801 0 572 683 569 307 970 756 505 473 341 
71 159 970 667 272 292 895 254 674 442 957 826 384 160 316 723 378 42 272 633 732 411 706 168 510 401 851 568 50 614 712 175 260 201 910 765 865 491 779 472 344 450 482 235 458 774 713 132 512 302 625 992 398 847 300 795 661 894 451 911 572 0 17 947 978 113 508 419 588 881 
494 624 894 318 740 621 309 545 165 545 482 241 413 828 949 757 146 227 805 59 153 1000 721 342 474 403 830 738 375 339 271 353 229 620 752 357 852 901 567 254 175 392 114 391 817 288 672 829 198 616 667 298 373 12 698 120 238 818 595 375 683 17 0 831 838 702 71 419 168 642 
10 357 614 277 574 859 273 182 227 629 727 920 620 52 838 381 530 933 445 295 539 526 434 508 438 111 18 638 671 137 649 862 769 411 955 516 374 353 36 790 509 311 235 473 286 153 655 420 498 316 55 252 437 322 693 275 937 212 648 243 569 947 831 0 189 293 574 686 424 895 
697 253 585 94 180 103 107 104 59 196 646 160 49 707 932 308 82 597 428 924 326 570 238 317 554 236 851 178 809 674 620 393 835 611 976 703 896 709 702 915 977 402 602 670 721 856 745 230 291 13 931 789 193 36 288 919 109 666 893 138 307 978 838 189 0 658 638 602 395 562 
380 456 609 388 899 762 869 801 152 557 768 340 999 794 74 652 30 531 641 494 972 724 649 719 363 111 506 179 289 163 591 694 184 840 832 55 480 840 276 805 717 553 330 984 501 354 262 26 631 171 523 670 787 542 184 613 288 513 713 370 970 113 702 293 658 0 797 545 400 534 
199 608 123 196 680 141 60 416 652 866 448 767 514 55 870 894 96 358 470 182 265 528 139 517 588 786 475 508 734 130 746 763 375 926 342 168 492 238 177 368 126 150 194 89 700 609 208 576 955 807 133 286 625 241 28 130 433 347 581 548 756 508 71 574 638 797 0 984 937 250 
128 239 55 971 564 292 756 490 588 65 132 117 63 746 183 174 568 214 927 900 88 670 113 769 186 96 80 512 583 95 862 351 769 861 810 320 102 768 477 70 780 193 725 641 656 746 656 337 389 731 762 933 432 515 377 262 208 762 180 841 505 419 419 686 602 545 984 0 813 429 
780 466 613 521 281 919 518 910 688 827 904 31 384 637 961 591 499 210 75 341 433 343 668 709 152 791 633 114 355 953 588 954 772 517 67 41 390 294 743 559 410 313 99 442 740 614 11 805 732 580 703 821 914 112 767 863 257 806 12 529 473 588 168 424 395 400 937 813 0 360 
8 151 571 419 409 612 958 863 963 495 402 962 773 461 936 346 821 269 711 535 469 73 93 326 298 21 458 524 842 805 678 603 805 563 495 840 382 733 126 579 553 372 934 207 636 165 793 745 409 184 918 887 1000 966 586 491 981 588 700 506 341 881 642 895 562 534 250 429 360 0 
