50 3
0 804 871 10 989 964 407 983 342 597 424 458 53 774 855 609 77 497 529 285 294 698 64 864 330 295 925 906 191 676 550 947 700 889 893 129 55 740 920 695 27 66 170 839 289 467 890 938 557 331 
804 0 963 700 229 884 328 999 969 400 898 74 678 603 406 299 346 164 368 341 670 736 985 165 165 642 97 292 470 301 299 806 556 955 919 138 646 633 749 428 234 8 445 514 286 320 724 879 437 677 
871 963 0 430 124 536 213 843 282 194 251 996 232 959 438 174 66 134 900 131 752 298 136 827 661 279 368 760 466 47 518 182 792 790 937 191 635 632 628 288 30 234 892 760 637 478 832 497 161 714 
10 700 430 0 835 23 810 624 25 307 879 947 408 100 899 956 653 40 856 85 73 989 811 333 155 594 263 958 457 531 531 529 751 889 914 639 113 227 784 519 41 851 200 590 537 74 537 41 274 447 
989 229 124 835 0 620 30 117 941 375 332 251 774 113 269 871 747 677 811 341 684 504 687 132 164 550 177 426 484 982 187 839 297 841 503 525 159 413 969 325 776 440 501 388 470 784 596 712 6 434 
964 884 536 23 620 0 789 303 188 842 508 3 60 170 680 618 717 625 659 608 391 522 305 579 454 818 199 504 297 749 367 179 485 439 737 161 588 536 51 789 771 396 59 390 223 414 183 364 501 111 
407 328 213 810 30 789 0 839 111 651 258 144 718 557 613 133 760 594 39 327 333 515 675 732 622 247 981 560 434 421 629 648 681 395 763 829 895 502 273 672 51 755 821 722 924 556 182 710 554 322 
983 999 843 624 117 303 839 0 926 633 103 763 472 502 192 562 270 270 478 919 765 724 649 315 20 923 947 297 199 145 814 557 91 534 416 295 27 682 925 304 769 637 659 152 946 841 664 529 874 679 
342 969 282 25 941 188 111 926 0 814 110 97 676 168 237 251 550 469 380 164 312 100 582 497 210 150 343 13 447 684 692 232 726 834 219 446 854 347 700 61 323 522 342 2 556 341 255 454 586 630 
597 400 194 307 375 842 651 633 814 0 475 751 882 842 489 924 598 519 626 230 295 855 857 413 7 138 530 141 44 387 660 680 602 648 400 923 313 958 871 12 899 512 262 607 123 432 808 385 429 179 
424 898 251 879 332 508 258 103 110 475 0 955 730 966 519 242 474 556 589 925 715 487 711 249 602 887 475 871 477 367 723 498 323 222 294 421 734 360 458 124 746 657 780 602 231 437 165 536 108 337 
458 74 996 947 251 3 144 763 97 751 955 0 718 312 167 651 408 862 122 650 2 572 945 216 924 314 189 284 691 575 240 100 172 817 298 534 324 591 697 152 408 921 179 783 788 622 11 370 422 94 
53 678 232 408 774 60 718 472 676 882 730 718 0 785 1000 663 442 360 152 389 656 435 437 780 31 210 415 616 393 760 279 70 835 34 512 461 700 540 377 50 674 126 545 912 679 498 479 42 927 526 
774 603 959 100 113 170 557 502 168 842 966 312 785 0 492 781 634 524 360 986 493 626 443 400 771 162 94 253 468 41 837 717 915 664 924 310 792 700 669 374 791 242 176 526 999 893 465 310 710 300 
855 406 438 899 269 680 613 192 237 489 519 167 1000 492 0 338 235 762 953 226 160 534 132 949 4 29 694 720 340 581 43 793 979 944 497 131 355 136 31 67 432 792 312 132 682 190 923 431 656 728 
609 299 174 956 871 618 133 562 251 924 242 651 663 781 338 0 849 806 431 470 940 834 867 8 517 155 470 332 278 290 612 990 208 751 935 577 979 592 370 909 292 774 376 645 351 758 755 871 5 275 
77 346 66 653 747 717 760 270 550 598 474 408 442 634 235 849 0 790 787 125 874 466 48 544 752 979 261 604 360 122 847 316 51 549 465 73 383 883 248 707 921 214 996 974 860 758 340 634 470 853 
497 164 134 40 677 625 594 270 469 519 556 862 360 524 762 806 790 0 195 42 446 117 543 638 290 585 543 972 425 267 292 274 683 596 719 12 125 59 770 356 29 793 424 409 205 647 896 928 67 899 
529 368 900 856 811 659 39 478 380 626 589 122 152 360 953 431 787 195 0 51 443 961 886 696 980 147 188 272 675 398 371 407 161 369 968 994 812 782 540 45 317 181 574 541 946 787 797 254 756 95 
285 341 131 85 341 608 327 919 164 230 925 650 389 986 226 470 125 42 51 0 315 200 874 380 536 244 795 547 510 789 974 795 146 231 21 358 95 769 630 580 342 388 579 642 212 659 30 661 124 915 
294 670 752 73 684 391 333 765 312 295 715 2 656 493 160 940 874 446 443 315 0 711 254 536 185 58 321 353 105 962 611 911 351 924 360 153 162 507 21 493 499 40 60 940 78 9 940 144 364 452 
698 736 298 989 504 522 515 724 100 855 487 572 435 626 534 834 466 117 961 200 711 0 499 130 829 285 306 472 197 496 635 20 358 176 604 212 639 910 96 873 754 964 691 63 917 124 239 919 840 719 
64 985 136 811 687 305 675 649 582 857 711 945 437 443 132 867 48 543 886 874 254 499 0 410 736 896 165 774 751 941 263 452 825 154 327 543 434 900 96 666 922 127 249 459 906 628 585 104 668 438 
864 165 827 333 132 579 732 315 497 413 249 216 780 400 949 8 544 638 696 380 536 130 410 0 78 515 602 853 267 617 657 947 849 579 730 641 147 610 780 409 428 587 121 79 397 863 221 273 352 753 
330 165 661 155 164 454 622 20 210 7 602 924 31 771 4 517 752 290 980 536 185 829 736 78 0 279 52 585 129 223 749 503 582 854 441 559 615 357 456 138 934 689 566 197 821 734 660 697 746 203 
295 642 279 594 550 818 247 923 150 138 887 314 210 162 29 155 979 585 147 244 58 285 896 515 279 0 70 455 846 321 208 219 383 751 770 649 892 981 409 806 721 558 146 101 343 581 495 847 9 980 
925 97 368 263 177 199 981 947 343 530 475 189 415 94 694 470 261 543 188 795 321 306 165 602 52 70 0 521 108 443 252 158 420 251 80 3 544 398 367 904 228 345 386 919 259 485 377 158 571 574 
906 292 760 958 426 504 560 297 13 141 871 284 616 253 720 332 604 972 272 547 353 472 774 853 585 455 521 0 219 157 824 731 70 401 904 796 510 492 597 961 606 647 162 133 244 615 825 322 930 161 
191 470 466 457 484 297 434 199 447 44 477 691 393 468 340 278 360 425 675 510 105 197 751 267 129 846 108 219 0 253 825 807 713 278 173 560 131 552 323 737 609 90 778 161 917 139 332 504 659 727 
676 301 47 531 982 749 421 145 684 387 367 575 760 41 581 290 122 267 398 789 962 496 941 617 223 321 443 157 253 0 749 79 655 387 410 188 656 432 981 726 115 838 227 552 653 808 439 510 147 512 
550 299 518 531 187 367 629 814 692 660 723 240 279 837 43 612 847 292 371 974 611 635 263 657 749 208 252 824 825 749 0 850 891 194 375 932 825 944 115 807 117 167 8 492 861 595 820 680 437 351 
947 806 182 529 839 179 648 557 232 680 498 100 70 717 793 990 316 274 407 795 911 20 452 947 503 219 158 731 807 79 850 0 464 157 794 265 901 624 266 194 992 975 352 113 99 168 444 39 427 258 
700 556 792 751 297 485 681 91 726 602 323 172 835 915 979 208 51 683 161 146 351 358 825 849 582 383 420 70 713 655 891 464 0 445 316 385 215 890 767 468 464 40 92 724 545 634 670 859 431 923 
889 955 790 889 841 439 395 534 834 648 222 817 34 664 944 751 549 596 369 231 924 176 154 579 854 751 251 401 278 387 194 157 445 0 164 158 573 847 959 765 625 923 630 832 920 376 876 703 814 231 
893 919 937 914 503 737 763 416 219 400 294 298 512 924 497 935 465 719 968 21 360 604 327 730 441 770 80 904 173 410 375 794 316 164 0 275 983 357 445 217 488 798 989 454 440 412 465 74 990 896 
129 138 191 639 525 161 829 295 446 923 421 534 461 310 131 577 73 12 994 358 153 212 543 641 559 649 3 796 560 188 932 265 385 158 275 0 872 811 842 27 586 467 414 547 848 469 648 365 823 269 
55 646 635 113 159 588 895 27 854 313 734 324 700 792 355 979 383 125 812 95 162 639 434 147 615 892 544 510 131 656 825 901 215 573 983 872 0 979 928 216 170 449 500 741 407 808 114 801 964 240 
740 633 632 227 413 536 502 682 347 958 360 591 540 700 136 592 883 59 782 769 507 910 900 610 357 981 398 492 552 432 944 624 890 847 357 811 979 0 853 230 880 385 102 389 640 973 935 92 581 881 
920 749 628 784 969 51 273 925 700 871 458 697 377 669 31 370 248 770 540 630 21 96 96 780 456 409 367 597 323 981 115 266 767 959 445 842 928 853 0 78 947 428 955 88 417 555 328 733 815 883 
695 428 288 519 325 789 672 304 61 12 124 152 50 374 67 909 707 356 45 580 493 873 666 409 138 806 904 961 737 726 807 194 468 765 217 27 216 230 78 0 272 903 411 471 666 864 857 519 272 117 
27 234 30 41 776 771 51 769 323 899 746 408 674 791 432 292 921 29 317 342 499 754 922 428 934 721 228 606 609 115 117 992 464 625 488 586 170 880 947 272 0 185 295 365 815 232 582 301 992 480 
66 8 234 851 440 396 755 637 522 512 657 921 126 242 792 774 214 793 181 388 40 964 127 587 689 558 345 647 90 838 167 975 40 923 798 467 449 385 428 903 185 0 446 556 937 483 661 586 316 702 
170 445 892 200 501 59 821 659 342 262 780 179 545 176 312 376 996 424 574 579 60 691 249 121 566 146 386 162 778 227 8 352 92 630 989 414 500 102 955 411 295 446 0 540 576 516 674 488 651 916 
839 514 760 590 388 390 722 152 2 607 602 783 912 526 132 645 974 409 541 642 940 63 459 79 197 101 919 133 161 552 492 113 724 832 454 547 741 389 88 471 365 556 540 0 587 117 462 322 763 147 
289 286 637 537 470 223 924 946 556 123 231 788 679 999 682 351 860 205 946 212 78 917 906 397 821 343 259 244 917 653 861 99 545 920 440 848 407 640 417 666 815 937 576 587 0 434 309 45 766 576 
467 320 478 74 784 414 556 841 341 432 437 622 498 893 190 758 758 647 787 659 9 124 628 863 734 581 485 615 139 808 595 168 634 376 412 469 808 973 555 864 232 483 516 117 434 0 833 503 563 464 
890 724 832 537 596 183 182 664 255 808 165 11 479 465 923 755 340 896 797 30 940 239 585 221 660 495 377 825 332 439 820 444 670 876 465 648 114 935 328 857 582 661 674 462 309 833 0 872 691 100 
938 879 497 41 712 364 710 529 454 385 536 370 42 310 431 871 634 928 254 661 144 919 104 273 697 847 158 322 504 510 680 39 859 703 74 365 801 92 733 519 301 586 488 322 45 503 872 0 579 225 
557 437 161 274 6 501 554 874 586 429 108 422 927 710 656 5 470 67 756 124 364 840 668 352 746 9 571 930 659 147 437 427 431 814 990 823 964 581 815 272 992 316 651 763 766 563 691 579 0 45 
331 677 714 447 434 111 322 679 630 179 337 94 526 300 728 275 853 899 95 915 452 719 438 753 203 980 574 161 727 512 351 258 923 231 896 269 240 881 883 117 480 702 916 147 576 464 100 225 45 0 
0 630 363 139 425 163 871 291 54 331 365 785 245 322 486 599 307 913 640 324 529 130 59 425 825 556 266 517 457 361 878 840 690 870 948 94 528 819 344 703 732 369 512 697 776 94 362 362 777 137 
630 0 41 276 699 12 962 941 919 897 492 418 823 274 468 618 371 742 527 550 819 134 729 90 299 788 997 850 933 269 681 350 726 842 138 36 408 564 664 943 75 796 682 319 693 807 75 87 12 651 
363 41 0 177 87 454 919 517 137 521 917 984 282 6 869 207 221 757 767 914 226 249 583 457 480 281 612 398 883 392 571 391 13 863 234 251 376 194 629 30 347 350 776 431 957 348 719 168 131 342 
139 276 177 0 171 896 257 337 983 266 685 110 860 952 89 608 992 903 39 976 371 606 566 700 850 499 200 529 173 929 952 155 320 529 482 342 788 547 743 758 705 895 664 347 5 789 79 571 488 816 
425 699 87 171 0 884 497 114 889 831 458 964 299 349 118 898 446 381 111 893 310 699 658 824 614 879 642 42 315 393 885 274 482 256 671 17 670 739 339 315 32 919 865 852 416 51 15 360 554 437 
163 12 454 896 884 0 703 336 527 346 515 421 110 367 112 518 906 444 677 733 468 916 93 609 580 712 155 891 920 82 425 100 535 394 848 83 434 808 514 201 50 563 886 34 180 331 638 380 646 464 
871 962 919 257 497 703 0 960 627 709 21 241 46 324 812 654 717 441 529 981 260 57 962 650 797 582 843 673 375 947 330 501 354 407 364 622 887 630 674 262 159 903 704 911 936 192 287 442 924 93 
291 941 517 337 114 336 960 0 585 639 845 791 890 435 494 753 858 739 465 334 553 309 246 355 45 100 23 100 842 916 844 629 367 523 459 577 985 887 641 15 3 94 424 418 956 714 766 725 312 525 
54 919 137 983 889 527 627 585 0 241 278 175 690 176 923 853 903 3 74 984 876 807 548 19 561 900 9 842 490 93 161 185 937 79 180 195 361 27 444 946 727 672 82 363 396 445 719 854 448 514 
331 897 521 266 831 346 709 639 241 0 1 676 773 880 854 6 613 679 838 653 673 475 468 412 630 293 879 953 420 542 474 924 657 982 994 86 572 739 377 155 872 911 321 432 721 154 223 882 82 260 
365 492 917 685 458 515 21 845 278 1 0 427 968 503 71 371 106 801 232 987 164 571 69 133 955 381 766 392 698 541 852 561 448 103 208 491 532 105 61 894 267 270 339 518 589 242 99 283 851 874 
785 418 984 110 964 421 241 791 175 676 427 0 562 266 280 131 789 789 543 559 40 296 340 669 950 99 624 547 484 476 786 926 847 124 272 138 118 301 566 801 557 762 927 628 375 342 62 298 331 734 
245 823 282 860 299 110 46 890 690 773 968 562 0 466 357 976 655 2 914 573 789 904 518 206 191 170 855 350 848 442 382 329 860 686 185 244 831 454 612 179 466 167 719 435 131 717 657 87 439 638 
322 274 6 952 349 367 324 435 176 880 503 266 466 0 335 746 999 432 451 540 868 836 902 801 736 425 733 670 976 927 460 554 460 104 221 726 705 122 626 471 104 149 493 662 326 513 789 653 869 94 
486 468 869 89 118 112 812 494 923 854 71 280 357 335 0 206 918 676 662 64 812 292 994 460 69 869 66 57 432 131 640 222 414 248 147 793 115 972 232 343 228 980 785 467 842 817 914 491 795 496 
599 618 207 608 898 518 654 753 853 6 371 131 976 746 206 0 951 446 453 748 619 531 883 573 865 412 450 10 463 615 737 167 984 787 586 210 230 539 193 966 604 92 479 637 906 987 869 185 798 739 
307 371 221 992 446 906 717 858 903 613 106 789 655 999 918 951 0 182 67 673 93 329 183 71 88 984 506 179 255 648 507 53 843 542 374 105 959 964 367 408 219 904 551 696 810 288 471 813 466 253 
913 742 757 903 381 444 441 739 3 679 801 789 2 432 676 446 182 0 492 522 234 704 432 97 672 283 27 475 429 905 7 112 752 681 812 883 887 760 751 436 832 616 82 479 246 951 391 677 176 450 
640 527 767 39 111 677 529 465 74 838 232 543 914 451 662 453 67 492 0 812 74 893 277 883 811 808 310 269 941 494 252 925 163 999 333 888 372 771 376 931 967 163 299 662 103 182 222 507 314 910 
324 550 914 976 893 733 981 334 984 653 987 559 573 540 64 748 673 522 812 0 951 343 459 761 465 104 66 830 980 103 383 253 589 851 884 781 697 713 574 468 309 253 31 584 385 804 160 391 73 388 
529 819 226 371 310 468 260 553 876 673 164 40 789 868 812 619 93 234 74 951 0 83 972 700 497 193 108 349 389 735 819 992 590 305 588 147 769 924 823 253 240 648 157 955 516 402 590 784 298 119 
130 134 249 606 699 916 57 309 807 475 571 296 904 836 292 531 329 704 893 343 83 0 81 743 95 245 593 779 192 866 595 1000 84 801 306 92 33 717 992 483 615 306 863 438 551 383 397 875 619 890 
59 729 583 566 658 93 962 246 548 468 69 340 518 902 994 883 183 432 277 459 972 81 0 178 925 510 107 648 634 218 517 900 555 627 277 480 487 712 422 808 730 439 164 377 323 738 219 784 913 78 
425 90 457 700 824 609 650 355 19 412 133 669 206 801 460 573 71 97 883 761 700 743 178 0 665 596 124 478 724 505 656 180 715 31 761 40 383 306 886 613 642 173 255 723 677 685 94 635 789 237 
825 299 480 850 614 580 797 45 561 630 955 950 191 736 69 865 88 672 811 465 497 95 925 665 0 534 116 947 863 865 122 961 39 232 416 556 525 277 355 413 1 919 490 69 35 157 750 320 698 668 
556 788 281 499 879 712 582 100 900 293 381 99 170 425 869 412 984 283 808 104 193 245 510 596 534 0 876 452 461 622 485 489 684 915 98 758 480 949 109 205 494 497 288 122 380 611 386 111 945 716 
266 997 612 200 642 155 843 23 9 879 766 624 855 733 66 450 506 27 310 66 108 593 107 124 116 876 0 117 714 765 469 682 770 426 67 20 520 626 559 393 540 556 818 521 640 128 745 812 848 284 
517 850 398 529 42 891 673 100 842 953 392 547 350 670 57 10 179 475 269 830 349 779 648 478 947 452 117 0 693 482 513 648 405 641 528 22 78 178 20 705 714 747 357 592 14 873 862 224 328 613 
457 933 883 173 315 920 375 842 490 420 698 484 848 976 432 463 255 429 941 980 389 192 634 724 863 461 714 693 0 290 893 415 605 353 889 779 340 14 223 464 952 772 421 778 990 249 995 453 667 419 
361 269 392 929 393 82 947 916 93 542 541 476 442 927 131 615 648 905 494 103 735 866 218 505 865 622 765 482 290 0 640 545 299 782 544 800 31 188 497 989 579 402 595 158 884 267 652 469 773 554 
878 681 571 952 885 425 330 844 161 474 852 786 382 460 640 737 507 7 252 383 819 595 517 656 122 485 469 513 893 640 0 483 892 573 684 568 58 793 622 383 490 836 850 933 867 444 571 994 881 131 
840 350 391 155 274 100 501 629 185 924 561 926 329 554 222 167 53 112 925 253 992 1000 900 180 961 489 682 648 415 545 483 0 269 569 207 362 427 369 483 858 502 532 114 425 844 826 389 462 704 205 
690 726 13 320 482 535 354 367 937 657 448 847 860 460 414 984 843 752 163 589 590 84 555 715 39 684 770 405 605 299 892 269 0 479 840 760 16 502 555 630 673 849 717 736 286 835 425 296 457 757 
870 842 863 529 256 394 407 523 79 982 103 124 686 104 248 787 542 681 999 851 305 801 627 31 232 915 426 641 353 782 573 569 479 0 39 866 49 869 512 688 405 862 339 219 374 638 680 284 527 124 
948 138 234 482 671 848 364 459 180 994 208 272 185 221 147 586 374 812 333 884 588 306 277 761 416 98 67 528 889 544 684 207 840 39 0 612 233 496 787 806 937 736 118 442 151 54 443 216 969 42 
94 36 251 342 17 83 622 577 195 86 491 138 244 726 793 210 105 883 888 781 147 92 480 40 556 758 20 22 779 800 568 362 760 866 612 0 756 200 544 532 226 105 905 598 146 622 409 273 884 25 
528 408 376 788 670 434 887 985 361 572 532 118 831 705 115 230 959 887 372 697 769 33 487 383 525 480 520 78 340 31 58 427 16 49 233 756 0 270 251 640 737 112 400 972 359 182 260 700 153 609 
819 564 194 547 739 808 630 887 27 739 105 301 454 122 972 539 964 760 771 713 924 717 712 306 277 949 626 178 14 188 793 369 502 869 496 200 270 0 859 684 156 797 874 788 310 594 898 859 528 41 
344 664 629 743 339 514 674 641 444 377 61 566 612 626 232 193 367 751 376 574 823 992 422 886 355 109 559 20 223 497 622 483 555 512 787 544 251 859 0 425 672 563 927 841 209 780 475 559 400 487 
703 943 30 758 315 201 262 15 946 155 894 801 179 471 343 966 408 436 931 468 253 483 808 613 413 205 393 705 464 989 383 858 630 688 806 532 640 684 425 0 985 134 542 264 283 749 354 657 180 414 
732 75 347 705 32 50 159 3 727 872 267 557 466 104 228 604 219 832 967 309 240 615 730 642 1 494 540 714 952 579 490 502 673 405 937 226 737 156 672 985 0 651 203 55 854 968 276 7 388 198 
369 796 350 895 919 563 903 94 672 911 270 762 167 149 980 92 904 616 163 253 648 306 439 173 919 497 556 747 772 402 836 532 849 862 736 105 112 797 563 134 651 0 496 193 810 778 244 106 236 356 
512 682 776 664 865 886 704 424 82 321 339 927 719 493 785 479 551 82 299 31 157 863 164 255 490 288 818 357 421 595 850 114 717 339 118 905 400 874 927 542 203 496 0 830 339 975 45 488 199 71 
697 319 431 347 852 34 911 418 363 432 518 628 435 662 467 637 696 479 662 584 955 438 377 723 69 122 521 592 778 158 933 425 736 219 442 598 972 788 841 264 55 193 830 0 465 784 500 502 988 508 
776 693 957 5 416 180 936 956 396 721 589 375 131 326 842 906 810 246 103 385 516 551 323 677 35 380 640 14 990 884 867 844 286 374 151 146 359 310 209 283 854 810 339 465 0 921 407 758 751 11 
94 807 348 789 51 331 192 714 445 154 242 342 717 513 817 987 288 951 182 804 402 383 738 685 157 611 128 873 249 267 444 826 835 638 54 622 182 594 780 749 968 778 975 784 921 0 559 969 820 943 
362 75 719 79 15 638 287 766 719 223 99 62 657 789 914 869 471 391 222 160 590 397 219 94 750 386 745 862 995 652 571 389 425 680 443 409 260 898 475 354 276 244 45 500 407 559 0 806 771 423 
362 87 168 571 360 380 442 725 854 882 283 298 87 653 491 185 813 677 507 391 784 875 784 635 320 111 812 224 453 469 994 462 296 284 216 273 700 859 559 657 7 106 488 502 758 969 806 0 225 721 
777 12 131 488 554 646 924 312 448 82 851 331 439 869 795 798 466 176 314 73 298 619 913 789 698 945 848 328 667 773 881 704 457 527 969 884 153 528 400 180 388 236 199 988 751 820 771 225 0 850 
137 651 342 816 437 464 93 525 514 260 874 734 638 94 496 739 253 450 910 388 119 890 78 237 668 716 284 613 419 554 131 205 757 124 42 25 609 41 487 414 198 356 71 508 11 943 423 721 850 0 
0 591 375 35 314 184 936 210 3 400 387 649 127 252 586 715 316 879 522 345 724 223 181 551 675 429 381 471 416 398 605 817 612 995 935 26 571 881 416 748 988 394 570 817 570 353 455 277 903 134 
591 0 160 218 739 3 928 880 739 784 435 526 846 198 607 454 504 730 745 706 844 38 697 134 152 833 808 894 905 46 723 287 602 851 86 63 278 451 768 954 62 866 687 112 515 756 315 176 117 836 
375 160 0 79 43 531 807 610 150 502 974 876 165 67 888 297 239 918 912 752 90 503 714 466 488 145 748 327 918 403 352 580 168 895 203 490 426 190 836 32 172 468 820 448 965 561 644 115 265 412 
35 218 79 0 222 953 230 408 930 268 603 137 946 870 142 604 789 770 17 862 147 679 448 647 648 616 100 520 253 917 902 118 329 587 264 288 786 554 809 858 675 995 746 307 44 732 125 541 630 882 
314 739 43 222 0 673 417 234 746 803 468 925 425 324 292 940 661 227 167 832 212 693 660 785 637 888 799 131 484 302 889 329 466 123 740 63 655 667 532 252 5 924 848 868 276 121 107 228 539 474 
184 3 531 953 673 0 589 227 350 285 360 584 127 551 192 800 840 304 643 837 667 836 75 663 605 884 237 720 892 127 355 135 768 447 897 173 467 725 595 178 215 627 835 130 29 481 541 203 559 566 
936 928 807 230 417 589 0 951 591 757 18 169 81 528 882 671 846 496 657 957 87 226 856 853 883 777 795 788 276 851 326 573 530 658 316 669 729 662 673 289 215 883 807 857 929 351 467 453 949 141 
210 880 610 408 234 227 951 0 423 397 684 777 777 407 426 762 863 730 373 179 587 249 335 394 91 62 91 62 834 808 669 490 326 675 402 715 844 897 630 23 26 176 476 505 875 757 789 873 390 541 
3 739 150 930 746 350 591 423 0 308 361 55 704 148 813 930 954 78 36 789 757 720 605 109 593 690 142 891 537 157 133 130 786 15 62 288 409 8 545 860 780 777 113 169 254 137 740 854 529 651 
400 784 502 268 803 285 757 397 308 0 2 530 890 811 951 69 735 624 911 729 482 519 526 363 464 398 948 817 598 526 368 883 588 894 997 366 680 746 640 216 817 825 316 369 739 23 315 907 84 97 
387 435 974 603 468 360 18 684 361 2 0 364 822 614 265 206 402 870 236 874 301 503 195 195 845 388 884 420 648 609 783 472 458 260 382 597 525 92 75 911 148 214 453 478 458 118 94 452 769 869 
649 526 876 137 925 584 169 777 55 530 364 0 554 410 303 9 644 665 524 439 20 244 380 658 864 216 460 389 538 624 634 775 570 62 299 2 148 283 543 812 408 646 946 795 309 408 132 231 346 762 
127 846 165 946 425 127 81 777 704 890 822 554 0 467 404 842 587 21 926 807 743 725 511 47 341 89 783 80 994 446 330 322 812 666 220 292 926 695 804 162 367 240 752 298 202 812 646 75 530 667 
252 198 67 870 324 551 528 407 148 811 614 410 467 0 213 759 978 162 624 560 780 809 900 690 776 293 788 571 907 980 343 437 428 60 171 627 605 83 508 251 165 239 418 693 227 635 748 596 827 152 
586 607 888 142 292 192 882 426 813 951 265 303 404 213 0 115 873 626 516 182 793 242 985 444 1 983 157 2 659 2 642 260 464 151 190 793 126 944 258 493 220 929 717 538 694 860 791 445 692 455 
715 454 297 604 940 800 671 762 930 69 206 9 842 759 115 0 933 268 601 799 687 553 877 611 844 435 396 101 335 787 872 235 814 721 560 75 231 598 113 980 605 92 369 587 974 800 722 187 834 730 
316 504 239 789 661 840 846 863 954 735 402 644 587 978 873 933 0 143 218 687 173 326 458 16 308 873 424 263 321 695 347 60 998 604 520 166 996 982 375 461 453 860 659 579 966 331 490 901 584 377 
879 730 918 770 227 304 496 730 78 624 870 665 21 162 626 268 143 0 605 535 190 699 428 41 951 155 131 394 492 740 51 120 769 499 777 743 930 859 795 744 757 693 20 398 194 865 354 772 364 284 
522 745 912 17 167 643 657 373 36 911 236 524 926 624 516 601 218 605 0 892 86 903 70 820 619 744 272 483 906 447 286 862 241 944 278 894 357 837 369 904 995 47 333 679 119 177 25 676 256 822 
345 706 752 862 832 837 957 179 789 729 874 439 807 560 182 799 687 535 892 0 975 504 478 581 315 119 100 641 962 264 474 300 601 884 896 756 703 757 628 532 482 247 102 593 244 920 196 289 122 417 
724 844 90 147 212 667 87 587 757 482 301 20 743 780 793 687 173 190 86 975 0 100 846 740 462 191 144 390 689 762 927 954 695 361 519 165 759 929 760 280 310 503 345 962 385 468 737 780 398 48 
223 38 503 679 693 836 226 249 720 519 503 244 725 809 242 553 326 699 903 504 100 0 56 639 1 207 501 674 417 911 568 802 158 842 372 199 244 547 979 487 458 387 901 615 631 571 387 909 764 957 
181 697 714 448 660 75 856 335 605 526 195 380 511 900 985 877 458 428 70 478 846 56 0 176 982 449 14 577 817 264 460 949 504 646 225 391 546 594 442 784 537 711 123 429 144 769 137 776 816 16 
551 134 466 647 785 663 853 394 109 363 195 658 47 690 444 611 16 41 820 581 740 639 176 0 715 697 41 330 707 617 814 146 723 58 778 76 392 204 827 916 734 330 246 627 521 625 2 477 625 205 
675 152 488 648 637 605 883 91 593 464 845 864 341 776 1 844 308 951 619 315 462 1 982 715 0 747 220 803 925 764 224 840 83 5 451 637 440 283 354 449 5 758 525 233 260 349 570 414 708 568 
429 833 145 616 888 884 777 62 690 398 388 216 89 293 983 435 873 155 744 119 191 207 449 697 747 0 713 467 461 494 502 273 596 833 37 845 570 931 130 146 367 390 360 236 274 614 479 3 817 579 
381 808 748 100 799 237 795 91 142 948 884 460 783 788 157 396 424 131 272 100 144 501 14 41 220 713 0 122 621 751 656 626 760 386 65 16 378 593 602 327 494 494 739 388 580 144 646 861 832 424 
471 894 327 520 131 720 788 62 891 817 420 389 80 571 2 101 263 394 483 641 390 674 577 330 803 467 122 0 764 415 469 793 384 580 538 60 69 94 53 747 560 857 147 584 99 913 803 148 285 850 
416 905 918 253 484 892 276 834 537 598 648 538 994 907 659 335 321 492 906 962 689 417 817 707 925 461 621 764 0 460 909 555 464 389 631 781 343 112 344 364 913 824 262 863 968 171 897 534 437 486 
398 46 403 917 302 127 851 808 157 526 609 624 446 980 2 787 695 740 447 264 762 911 264 617 764 494 751 415 460 0 629 598 167 791 578 739 176 97 529 963 724 554 607 421 875 504 550 515 799 418 
605 723 352 902 889 355 326 669 133 368 783 634 330 343 642 872 347 51 286 474 927 568 460 814 224 502 656 469 909 629 0 590 932 410 844 523 285 841 522 286 347 743 835 810 724 503 692 840 999 42 
817 287 580 118 329 135 573 490 130 883 472 775 322 437 260 235 60 120 862 300 954 802 949 146 840 273 626 793 555 598 590 0 232 428 361 508 637 320 559 858 545 596 43 245 824 893 328 466 741 330 
612 602 168 329 466 768 530 326 786 588 458 570 812 428 464 814 998 769 241 601 695 158 504 723 83 596 760 384 464 167 932 232 0 447 737 908 167 368 588 647 626 727 742 597 375 709 411 402 520 771 
995 851 895 587 123 447 658 675 15 894 260 62 666 60 151 721 604 499 944 884 361 842 646 58 5 833 386 580 389 791 410 428 447 0 196 842 39 984 489 685 692 969 344 132 430 619 553 354 674 63 
935 86 203 264 740 897 316 402 62 997 382 299 220 171 190 560 520 777 278 896 519 372 225 778 451 37 65 538 631 578 844 361 737 196 0 464 205 591 723 855 785 703 68 551 93 109 495 167 888 110 
26 63 490 288 63 173 669 715 288 366 597 2 292 627 793 75 166 743 894 756 165 199 391 76 637 845 16 60 781 739 523 508 908 842 464 0 549 164 602 335 230 208 775 639 338 785 440 325 839 131 
571 278 426 786 655 467 729 844 409 680 525 148 926 605 126 231 996 930 357 703 759 244 546 392 440 570 378 69 343 176 285 637 167 39 205 549 0 411 231 522 756 22 267 978 402 250 286 684 140 655 
881 451 190 554 667 725 662 897 8 746 92 283 695 83 944 598 982 859 837 757 929 547 594 204 283 931 593 94 112 97 841 320 368 984 591 164 411 0 871 628 187 760 843 700 339 436 907 918 482 151 
416 768 836 809 532 595 673 630 545 640 75 543 804 508 258 113 375 795 369 628 760 979 442 827 354 130 602 53 344 529 522 559 588 489 723 602 231 871 0 603 713 411 971 776 267 692 457 682 193 539 
748 954 32 858 252 178 289 23 860 216 911 812 162 251 493 980 461 744 904 532 280 487 784 916 449 146 327 747 364 963 286 858 647 685 855 335 522 628 603 0 962 214 657 356 261 634 294 682 201 327 
988 62 172 675 5 215 215 26 780 817 148 408 367 165 220 605 453 757 995 482 310 458 537 734 5 367 494 560 913 724 347 545 626 692 785 230 756 187 713 962 0 497 132 180 862 994 336 39 406 149 
394 866 468 995 924 627 883 176 777 825 214 646 240 239 929 92 860 693 47 247 503 387 711 330 758 390 494 857 824 554 743 596 727 969 703 208 22 760 411 214 497 0 484 469 777 991 164 127 155 281 
570 687 820 746 848 835 807 476 113 316 453 946 752 418 717 369 659 20 333 102 345 901 123 246 525 360 739 147 262 607 835 43 742 344 68 775 267 843 971 657 132 484 0 811 216 746 159 628 216 206 
817 112 448 307 868 130 857 505 169 369 478 795 298 693 538 587 579 398 679 593 962 615 429 627 233 236 388 584 863 421 810 245 597 132 551 639 978 700 776 356 180 469 811 0 492 755 508 489 756 552 
570 515 965 44 276 29 929 875 254 739 458 309 202 227 694 974 966 194 119 244 385 631 144 521 260 274 580 99 968 875 724 824 375 430 93 338 402 339 267 261 862 777 216 492 0 829 402 856 804 30 
353 756 561 732 121 481 351 757 137 23 118 408 812 635 860 800 331 865 177 920 468 571 769 625 349 614 144 913 171 504 503 893 709 619 109 785 250 436 692 634 994 991 746 755 829 0 559 901 824 980 
455 315 644 125 107 541 467 789 740 315 94 132 646 748 791 722 490 354 25 196 737 387 137 2 570 479 646 803 897 550 692 328 411 553 495 440 286 907 457 294 336 164 159 508 402 559 0 856 614 459 
277 176 115 541 228 203 453 873 854 907 452 231 75 596 445 187 901 772 676 289 780 909 776 477 414 3 861 148 534 515 840 466 402 354 167 325 684 918 682 682 39 127 628 489 856 901 856 0 374 818 
903 117 265 630 539 559 949 390 529 84 769 346 530 827 692 834 584 364 256 122 398 764 816 625 708 817 832 285 437 799 999 741 520 674 888 839 140 482 193 201 406 155 216 756 804 824 614 374 0 846 
134 836 412 882 474 566 141 541 651 97 869 762 667 152 455 730 377 284 822 417 48 957 16 205 568 579 424 850 486 418 42 330 771 63 110 131 655 151 539 327 149 281 206 552 30 980 459 818 846 0 
0 617 194 111 296 123 837 10 1 453 375 844 240 396 517 531 393 870 637 366 565 83 345 517 823 518 358 590 471 235 730 782 740 909 872 30 522 770 292 693 781 350 565 713 790 164 316 353 616 130 
617 0 168 275 702 88 818 872 845 837 459 510 864 296 450 770 426 842 436 345 783 224 702 53 166 765 806 774 878 418 705 308 794 855 153 37 400 493 606 791 79 737 549 373 704 770 106 171 90 544 
194 168 0 196 289 530 962 498 108 529 827 906 557 156 591 208 197 854 655 874 374 202 515 429 563 405 715 232 929 328 546 655 26 840 278 314 502 287 712 260 508 380 804 500 801 402 684 45 192 379 
111 275 196 0 34 837 408 301 784 530 675 135 788 918 16 562 936 896 9 782 359 786 644 680 843 619 231 529 74 933 857 154 228 459 430 408 829 497 646 713 712 920 583 359 196 711 175 475 466 757 
296 702 289 34 0 788 522 141 922 942 535 888 322 364 65 676 668 336 250 853 396 690 773 877 582 921 648 8 360 541 889 428 323 191 640 132 726 901 185 253 176 808 979 799 325 31 42 617 474 399 
123 88 530 837 788 0 787 382 570 388 660 475 1 413 65 399 999 290 739 705 502 790 6 587 549 684 223 753 942 69 491 187 604 292 818 210 371 821 398 197 15 502 800 20 145 405 681 355 642 383 
837 818 962 408 522 787 0 932 661 738 77 281 178 280 644 483 664 442 319 878 285 200 884 614 767 510 838 684 245 816 284 569 332 419 229 552 824 698 767 232 119 977 725 818 978 182 306 549 810 252 
10 872 498 301 141 382 932 0 527 477 646 844 897 421 561 857 787 654 218 380 617 423 139 482 26 86 77 175 783 794 827 587 480 504 444 579 865 822 731 17 60 114 641 485 922 708 905 583 220 497 
1 845 108 784 922 570 661 527 0 92 116 139 621 92 870 839 890 10 141 890 887 905 631 41 596 872 7 884 435 142 129 130 856 6 88 225 371 153 478 874 501 525 195 349 430 447 633 879 309 345 
453 837 529 530 942 388 738 477 92 0 233 705 668 1000 916 116 502 717 882 670 648 495 394 389 609 120 942 994 611 316 416 817 649 917 962 247 673 861 380 197 790 867 356 348 647 252 147 685 118 198 
375 459 827 675 535 660 77 646 116 233 0 443 970 511 69 389 67 797 293 862 112 539 55 89 975 365 882 512 642 446 855 539 517 257 74 537 691 287 138 768 107 160 303 379 616 183 213 198 882 985 
844 510 906 135 888 475 281 844 139 705 443 0 454 291 190 139 918 667 494 740 161 404 216 659 974 199 628 394 437 342 724 876 966 193 322 157 114 260 711 909 462 602 891 750 359 362 18 382 157 664 
240 864 557 788 322 1 178 897 621 668 970 454 0 412 367 823 652 14 862 717 858 925 812 191 245 277 686 370 693 239 234 486 830 747 167 70 698 385 650 90 368 253 699 396 80 738 594 252 563 631 
396 296 156 918 364 413 280 421 92 1000 511 291 412 0 225 753 969 476 431 570 757 841 698 874 660 397 819 880 992 969 459 642 384 75 137 758 872 163 687 677 56 225 269 729 394 639 713 632 857 137 
517 450 591 16 65 65 644 561 870 916 69 190 367 225 0 107 912 679 809 158 956 165 830 403 13 767 373 108 393 110 627 222 254 239 243 640 32 840 313 157 239 952 792 424 743 783 928 469 830 526 
531 770 208 562 676 399 483 857 839 116 389 139 823 753 107 0 762 476 191 900 665 646 847 464 902 640 511 39 286 459 868 234 935 850 529 118 164 556 139 788 787 89 524 706 917 862 688 94 983 656 
393 426 197 936 668 999 664 787 890 502 67 918 652 969 912 762 0 97 12 800 23 392 102 88 229 996 459 25 365 656 646 96 800 485 485 107 739 827 442 477 291 927 422 773 797 338 598 732 369 354 
870 842 854 896 336 290 442 654 10 717 797 667 14 476 679 476 97 0 440 545 422 731 348 139 644 326 140 601 614 896 68 253 920 607 872 925 822 884 806 445 739 367 4 395 223 899 291 699 180 553 
637 436 655 9 250 739 319 218 141 882 293 494 862 431 809 191 12 440 0 695 216 869 213 829 673 641 427 168 886 721 284 908 112 939 277 959 525 779 458 915 950 349 282 603 159 237 39 439 391 846 
366 345 874 782 853 705 878 380 890 670 862 740 717 570 158 900 800 545 695 0 727 401 363 815 603 143 27 703 989 189 299 218 573 730 871 736 661 741 385 453 188 277 1 494 499 650 246 372 201 334 
565 783 374 359 396 502 285 617 887 648 112 161 858 757 956 665 23 422 216 727 0 174 948 614 609 60 186 326 406 649 994 892 665 344 495 160 707 897 930 217 141 583 181 960 520 543 479 800 187 117 
83 224 202 786 690 790 200 423 905 495 539 404 925 841 165 646 392 731 869 401 174 0 21 745 172 354 554 970 70 886 798 931 259 865 265 87 88 513 841 459 455 181 766 442 686 219 536 812 526 895 
345 702 515 644 773 6 884 139 631 394 55 216 812 698 830 847 102 348 213 363 948 21 0 310 906 425 48 643 806 308 556 850 700 651 140 459 363 572 447 792 768 455 230 469 254 677 144 910 880 124 
517 53 429 680 877 587 614 482 41 389 89 659 191 874 403 464 88 139 829 815 614 745 310 0 668 773 90 440 832 491 579 93 740 3 934 173 499 245 868 694 776 128 353 731 615 834 25 697 762 302 
823 166 563 843 582 549 767 26 596 609 975 974 245 660 13 902 229 644 673 603 609 172 906 668 0 612 124 891 869 949 344 977 90 162 416 673 599 390 257 345 44 998 470 294 40 163 897 344 723 656 
518 765 405 619 921 684 510 86 872 120 365 199 277 397 767 640 996 326 641 143 60 354 425 773 612 0 749 500 490 537 377 542 594 967 97 729 451 859 257 380 520 348 361 340 347 791 311 90 770 613 
358 806 715 231 648 223 838 77 7 942 882 628 686 819 373 511 459 140 427 27 186 554 48 90 124 749 0 39 879 1000 585 424 807 432 177 87 622 610 579 421 586 679 941 566 535 117 564 614 887 119 
590 774 232 529 8 753 684 175 884 994 512 394 370 880 108 39 25 601 168 703 326 970 643 440 891 500 39 0 324 574 621 775 272 737 551 65 78 35 11 813 532 704 372 506 108 916 946 250 340 769 
471 878 929 74 360 942 245 783 435 611 642 437 693 992 393 286 365 614 886 989 406 70 806 832 869 490 879 324 0 176 858 438 688 431 975 706 412 78 156 293 867 828 342 913 892 323 999 312 626 602 
235 418 328 933 541 69 816 794 142 316 446 342 239 969 110 459 656 896 721 189 649 886 308 491 949 537 1000 574 176 0 588 590 153 815 502 906 137 43 519 855 733 464 689 190 870 398 701 468 777 540 
730 705 546 857 889 491 284 827 129 416 855 724 234 459 627 868 646 68 284 299 994 798 556 579 344 377 585 621 858 588 0 619 829 413 597 469 16 783 605 430 640 776 669 860 759 387 593 904 792 121 
782 308 655 154 428 187 569 587 130 817 539 876 486 642 222 234 96 253 908 218 892 931 850 93 977 542 424 775 438 590 619 0 246 664 212 323 349 476 356 736 473 511 186 331 827 827 439 309 723 154 
740 794 26 228 323 604 332 480 856 649 517 966 830 384 254 935 800 920 112 573 665 259 700 740 90 594 807 272 688 153 829 246 0 470 764 761 91 467 617 611 632 819 705 849 175 665 371 488 406 712 
909 855 840 459 191 292 419 504 6 917 257 193 747 75 239 850 485 607 939 730 344 865 651 3 162 967 432 737 431 815 413 664 470 0 249 809 146 648 552 558 497 880 164 204 272 625 707 226 538 187 
872 153 278 430 640 818 229 444 88 962 74 322 167 137 243 529 485 872 277 871 495 265 140 934 416 97 177 551 975 502 597 212 764 249 0 457 379 319 856 920 874 903 163 358 175 113 375 175 966 149 
30 37 314 408 132 210 552 579 225 247 537 157 70 758 640 118 107 925 959 736 160 87 459 173 673 729 87 65 706 906 469 323 761 809 457 0 679 105 655 435 118 140 957 591 47 596 375 292 887 67 
522 400 502 829 726 371 824 865 371 673 691 114 698 872 32 164 739 822 525 661 707 88 363 499 599 451 622 78 412 137 16 349 91 146 379 679 0 188 273 534 668 213 485 747 143 164 146 796 135 517 
770 493 287 497 901 821 698 822 153 861 287 260 385 163 840 556 827 884 779 741 897 513 572 245 390 859 610 35 78 43 783 476 467 648 319 105 188 0 634 616 170 747 705 926 266 719 769 876 522 286 
292 606 712 646 185 398 767 731 478 380 138 711 650 687 313 139 442 806 458 385 930 841 447 868 257 257 579 11 156 519 605 356 617 552 856 655 273 634 0 421 736 583 928 873 101 859 292 583 529 450 
693 791 260 713 253 197 232 17 874 197 768 909 90 677 157 788 477 445 915 453 217 459 792 694 345 380 421 813 293 855 430 736 611 558 920 435 534 616 421 0 868 213 613 276 282 873 570 674 161 355 
781 79 508 712 176 15 119 60 501 790 107 462 368 56 239 787 291 739 950 188 141 455 768 776 44 520 586 532 867 733 640 473 632 497 874 118 668 170 736 868 0 583 256 136 741 976 365 69 402 135 
350 737 380 920 808 502 977 114 525 867 160 602 253 225 952 89 927 367 349 277 583 181 455 128 998 348 679 704 828 464 776 511 819 880 903 140 213 747 583 213 583 0 433 91 774 862 326 149 374 616 
565 549 804 583 979 800 725 641 195 356 303 891 699 269 792 524 422 4 282 1 181 766 230 353 470 361 941 372 342 689 669 186 705 164 163 957 485 705 928 613 256 433 0 812 112 938 110 403 221 79 
713 373 500 359 799 20 818 485 349 348 379 750 396 729 424 706 773 395 603 494 960 442 469 731 294 340 566 506 913 190 860 331 849 204 358 591 747 926 873 276 136 91 812 0 518 871 546 496 749 454 
790 704 801 196 325 145 978 922 430 647 616 359 80 394 743 917 797 223 159 499 520 686 254 615 40 347 535 108 892 870 759 827 175 272 175 47 143 266 101 282 741 774 112 518 0 991 569 827 775 132 
164 770 402 711 31 405 182 708 447 252 183 362 738 639 783 862 338 899 237 650 543 219 677 834 163 791 117 916 323 398 387 827 665 625 113 596 164 719 859 873 976 862 938 871 991 0 607 952 742 925 
316 106 684 175 42 681 306 905 633 147 213 18 594 713 928 688 598 291 39 246 479 536 144 25 897 311 564 946 999 701 593 439 371 707 375 375 146 769 292 570 365 326 110 546 569 607 0 792 886 509 
353 171 45 475 617 355 549 583 879 685 198 382 252 632 469 94 732 699 439 372 800 812 910 697 344 90 614 250 312 468 904 309 488 226 175 292 796 876 583 674 69 149 403 496 827 952 792 0 198 538 
616 90 192 466 474 642 810 220 309 118 882 157 563 857 830 983 369 180 391 201 187 526 880 762 723 770 887 340 626 777 792 723 406 538 966 887 135 522 529 161 402 374 221 749 775 742 886 198 0 863 
130 544 379 757 399 383 252 497 345 198 985 664 631 137 526 656 354 553 846 334 117 895 124 302 656 613 119 769 602 540 121 154 712 187 149 67 517 286 450 355 135 616 79 454 132 925 509 538 863 0 
