60 4
0 345 408 543 934 816 84 502 26 303 677 828 687 998 376 607 321 472 118 679 342 248 652 988 234 625 616 798 299 373 855 293 278 492 486 451 178 171 663 238 961 15 538 841 300 187 675 218 153 499 213 911 40 666 549 469 262 85 707 980 
345 0 325 386 292 61 743 302 769 988 173 247 943 472 45 507 50 590 707 295 652 841 272 272 867 546 439 431 599 694 94 717 824 121 81 314 779 247 162 774 352 845 887 138 853 54 962 912 381 937 261 586 182 164 779 113 811 440 479 458 
408 325 0 254 948 85 712 990 447 611 567 901 269 273 134 407 255 428 743 809 763 236 359 658 116 235 534 314 82 62 319 395 98 183 327 541 310 410 76 616 672 861 93 752 475 35 478 160 409 529 334 618 57 686 130 62 782 297 369 793 
543 386 254 0 981 614 584 440 751 379 581 279 690 580 165 900 431 21 86 504 826 940 492 123 715 72 66 948 236 10 225 658 10 286 749 623 998 807 669 416 199 667 48 227 817 553 882 893 531 947 250 641 150 179 138 348 903 936 251 902 
934 292 948 981 0 706 193 747 49 132 314 963 757 34 462 733 484 792 774 423 162 665 77 353 455 603 439 901 348 954 227 49 504 475 724 377 752 260 891 495 72 568 647 365 128 245 295 842 819 994 943 965 226 345 640 735 45 355 125 564 
816 61 85 614 706 0 512 14 116 364 526 262 413 136 214 223 879 939 725 961 536 496 45 616 296 522 900 919 915 408 743 519 869 953 573 264 389 880 712 811 812 412 549 712 116 178 577 355 286 434 102 499 914 742 948 896 518 849 695 575 
84 743 712 584 193 512 0 69 303 595 904 248 340 690 312 836 983 544 671 4 433 495 669 158 996 476 226 736 289 192 304 261 496 313 715 995 627 377 394 88 235 414 891 540 361 780 217 38 720 25 439 527 674 338 760 730 409 946 857 879 
502 302 990 440 747 14 69 0 366 87 672 180 488 405 909 108 107 184 598 425 706 918 849 359 134 577 563 361 626 997 475 553 748 902 975 436 46 19 964 533 342 853 549 873 822 671 166 918 755 501 581 766 724 433 389 12 19 733 869 240 
26 769 447 751 49 116 303 366 0 102 42 639 731 315 598 30 621 910 308 121 47 197 223 685 952 461 870 155 624 784 642 425 823 865 3 57 670 15 462 348 686 378 107 232 92 247 331 420 838 656 593 69 400 154 740 862 749 728 858 504 
303 988 611 379 132 364 595 87 102 0 833 54 37 903 404 661 594 74 534 429 444 630 597 403 926 31 211 85 189 263 778 774 603 816 960 438 767 176 293 946 500 891 488 675 346 372 965 119 473 19 785 980 136 873 203 444 782 944 206 680 
677 173 567 581 314 526 904 672 42 833 0 438 937 999 146 271 396 223 439 374 670 156 714 750 213 469 302 360 701 276 684 94 905 159 251 338 293 423 186 343 977 473 273 534 554 857 87 719 464 607 857 197 105 738 179 69 127 500 473 97 
828 247 901 279 963 262 248 180 639 54 438 0 328 975 61 778 947 536 186 603 450 708 878 175 638 363 182 662 686 109 61 624 737 997 299 147 474 412 950 511 371 491 134 873 245 182 936 454 338 45 211 684 580 856 778 750 746 333 288 452 
687 943 269 690 757 413 340 488 731 37 937 328 0 698 287 579 837 689 745 419 144 912 343 421 469 141 365 552 730 153 562 294 463 513 263 769 740 554 21 62 39 798 340 419 1000 493 15 925 444 153 727 741 814 693 319 680 667 786 804 632 
998 472 273 580 34 136 690 405 315 903 999 975 698 0 723 165 233 712 563 476 419 984 649 2 741 46 715 361 347 809 14 911 490 980 395 322 463 625 792 327 378 282 379 297 451 448 905 541 646 450 390 769 834 31 839 990 722 751 448 177 
376 45 134 165 462 214 312 909 598 404 146 61 287 723 0 509 894 259 262 218 218 310 927 124 391 302 189 15 826 49 860 480 23 400 624 267 837 249 208 593 56 789 413 510 498 551 529 743 164 112 574 559 169 899 498 988 653 624 708 362 
607 507 407 900 733 223 836 108 30 661 271 778 579 165 509 0 25 443 549 114 26 139 814 860 404 567 102 216 422 267 252 185 249 518 799 379 525 813 526 452 871 263 589 663 393 699 564 834 63 580 536 836 19 195 737 844 152 265 97 482 
321 50 255 431 484 879 983 107 621 594 396 947 837 233 894 25 0 302 930 234 878 400 115 417 555 216 307 803 264 4 960 62 636 748 37 804 907 708 55 662 56 539 243 36 949 746 64 686 454 47 660 841 965 727 865 882 211 832 264 464 
472 590 428 21 792 939 544 184 910 74 223 536 689 712 259 443 302 0 814 606 816 231 672 43 971 55 28 118 642 354 326 793 686 381 288 148 461 78 917 185 299 18 300 951 111 151 234 129 114 500 735 354 678 413 598 7 70 303 855 923 
118 707 743 86 774 725 671 598 308 534 439 186 745 563 262 549 930 814 0 965 194 476 662 131 908 428 639 682 635 475 650 778 58 610 161 315 276 209 60 168 931 556 901 518 833 592 684 509 684 499 917 742 821 897 209 485 544 377 913 2 
679 295 809 504 423 961 4 425 121 429 374 603 419 476 218 114 234 606 965 0 332 559 6 214 228 740 624 87 386 31 950 22 225 336 643 39 815 139 994 937 185 583 805 639 411 729 538 899 880 642 543 742 839 766 475 739 75 605 296 367 
342 652 763 826 162 536 433 706 47 444 670 450 144 419 218 26 878 816 194 332 0 683 49 168 980 297 642 152 113 98 546 999 154 173 414 93 563 549 656 771 641 789 220 531 571 357 527 90 744 133 499 409 947 872 300 396 961 444 744 902 
248 841 236 940 665 496 495 918 197 630 156 708 912 984 310 139 400 231 476 559 683 0 906 83 133 936 955 932 766 46 46 184 177 977 266 463 710 586 79 456 349 966 655 227 239 654 647 573 169 48 654 80 620 757 543 710 718 448 314 357 
652 272 359 492 77 45 669 849 223 597 714 878 343 649 927 814 115 672 662 6 49 906 0 404 466 857 326 793 599 332 91 559 408 765 729 313 219 408 117 441 101 339 604 12 804 345 668 443 621 197 89 520 830 303 154 347 706 214 137 596 
988 272 658 123 353 616 158 359 685 403 750 175 421 2 124 860 417 43 131 214 168 83 404 0 266 339 44 788 401 150 21 661 680 274 376 118 90 674 165 198 112 625 358 982 227 22 349 604 69 309 712 10 677 188 135 600 955 811 95 15 
234 867 116 715 455 296 996 134 952 926 213 638 469 741 391 404 555 971 908 228 980 133 466 266 0 962 650 912 895 342 493 585 971 495 967 991 993 837 262 837 441 157 870 972 209 816 85 926 982 303 431 410 991 660 593 452 317 3 49 249 
625 546 235 72 603 522 476 577 461 31 469 363 141 46 302 567 216 55 428 740 297 936 857 339 962 0 36 131 232 661 953 270 922 451 712 121 811 920 924 113 654 498 357 271 220 252 602 684 742 73 415 361 902 982 314 520 554 833 234 822 
616 439 534 66 439 900 226 563 870 211 302 182 365 715 189 102 307 28 639 624 642 955 326 44 650 36 0 27 889 400 459 411 624 128 589 586 144 975 36 445 734 812 493 938 791 848 97 753 142 134 860 259 483 336 177 407 292 749 339 515 
798 431 314 948 901 919 736 361 155 85 360 662 552 361 15 216 803 118 682 87 152 932 793 788 912 131 27 0 388 456 806 594 640 276 327 381 190 958 334 974 711 760 726 110 519 618 708 11 190 294 296 325 349 356 445 685 622 126 970 193 
299 599 82 236 348 915 289 626 624 189 701 686 730 347 826 422 264 642 635 386 113 766 599 401 895 232 889 388 0 86 10 910 874 475 987 837 481 725 169 648 421 809 68 985 616 300 209 334 238 969 71 39 840 653 160 990 349 99 120 750 
373 694 62 10 954 408 192 997 784 263 276 109 153 809 49 267 4 354 475 31 98 46 332 150 342 661 400 456 86 0 975 932 477 335 945 589 175 743 168 38 160 900 247 632 689 715 730 43 421 948 428 570 643 845 291 262 775 852 882 937 
855 94 319 225 227 743 304 475 642 778 684 61 562 14 860 252 960 326 650 950 546 46 91 21 493 953 459 806 10 975 0 451 995 942 666 914 589 702 712 801 587 767 450 315 87 44 480 655 807 420 614 979 201 55 477 817 594 854 571 992 
293 717 395 658 49 519 261 553 425 774 94 624 294 911 480 185 62 793 778 22 999 184 559 661 585 270 411 594 910 932 451 0 679 776 273 825 443 794 540 374 979 116 588 823 300 849 697 357 987 960 375 992 639 862 387 323 361 558 67 781 
278 824 98 10 504 869 496 748 823 603 905 737 463 490 23 249 636 686 58 225 154 177 408 680 971 922 624 640 874 477 995 679 0 99 213 885 336 322 661 557 749 630 553 249 331 201 594 167 644 992 289 501 836 454 931 114 519 493 572 971 
492 121 183 286 475 953 313 902 865 816 159 997 513 980 400 518 748 381 610 336 173 977 765 274 495 451 128 276 475 335 942 776 99 0 807 523 271 434 69 802 816 404 879 813 349 578 332 616 543 449 978 667 703 179 213 978 58 258 731 340 
486 81 327 749 724 573 715 975 3 960 251 299 263 395 624 799 37 288 161 643 414 266 729 376 967 712 589 327 987 945 666 273 213 807 0 125 720 755 155 934 551 462 674 889 916 418 627 456 313 925 162 746 754 684 499 680 227 398 735 35 
451 314 541 623 377 264 995 436 57 438 338 147 769 322 267 379 804 148 315 39 93 463 313 118 991 121 586 381 837 589 914 825 885 523 125 0 942 619 770 534 983 512 383 100 557 202 19 639 274 14 585 542 544 249 759 309 533 785 711 683 
178 779 310 998 752 389 627 46 670 767 293 474 740 463 837 525 907 461 276 815 563 710 219 90 993 811 144 190 481 175 589 443 336 271 720 942 0 281 170 317 670 988 914 844 880 56 199 757 958 627 600 626 630 337 133 248 402 369 565 831 
171 247 410 807 260 880 377 19 15 176 423 412 554 625 249 813 708 78 209 139 549 586 408 674 837 920 975 958 725 743 702 794 322 434 755 619 281 0 389 777 459 63 159 321 84 689 392 450 694 242 181 338 867 195 445 601 861 90 858 947 
663 162 76 669 891 712 394 964 462 293 186 950 21 792 208 526 55 917 60 994 656 79 117 165 262 924 36 334 169 168 712 540 661 69 155 770 170 389 0 452 500 612 300 492 350 616 131 222 836 885 91 421 546 705 100 766 512 27 954 346 
238 774 616 416 495 811 88 533 348 946 343 511 62 327 593 452 662 185 168 937 771 456 441 198 837 113 445 974 648 38 801 374 557 802 934 534 317 777 452 0 834 253 878 35 87 132 68 37 529 934 932 624 768 339 713 242 745 139 393 913 
961 352 672 199 72 812 235 342 686 500 977 371 39 378 56 871 56 299 931 185 641 349 101 112 441 654 734 711 421 160 587 979 749 816 551 983 670 459 500 834 0 844 430 483 385 185 9 537 707 404 105 207 521 100 827 1000 151 899 63 937 
15 845 861 667 568 412 414 853 378 891 473 491 798 282 789 263 539 18 556 583 789 966 339 625 157 498 812 760 809 900 767 116 630 404 462 512 988 63 612 253 844 0 300 719 806 926 34 197 199 745 108 66 869 450 698 907 581 921 218 917 
538 887 93 48 647 549 891 549 107 488 273 134 340 379 413 589 243 300 901 805 220 655 604 358 870 357 493 726 68 247 450 588 553 879 674 383 914 159 300 878 430 300 0 795 843 93 395 781 135 882 835 724 960 983 689 199 428 686 753 833 
841 138 752 227 365 712 540 873 232 675 534 873 419 297 510 663 36 951 518 639 531 227 12 982 972 271 938 110 985 632 315 823 249 813 889 100 844 321 492 35 483 719 795 0 307 474 339 249 677 556 113 216 345 777 665 807 829 3 724 663 
300 853 475 817 128 116 361 822 92 346 554 245 1000 451 498 393 949 111 833 411 571 239 804 227 209 220 791 519 616 689 87 300 331 349 916 557 880 84 350 87 385 806 843 307 0 562 526 216 135 934 99 431 667 224 350 48 333 369 676 900 
187 54 35 553 245 178 780 671 247 372 857 182 493 448 551 699 746 151 592 729 357 654 345 22 816 252 848 618 300 715 44 849 201 578 418 202 56 689 616 132 185 926 93 474 562 0 895 289 264 810 267 54 141 560 859 529 341 414 120 714 
675 962 478 882 295 577 217 166 331 965 87 936 15 905 529 564 64 234 684 538 527 647 668 349 85 602 97 708 209 730 480 697 594 332 627 19 199 392 131 68 9 34 395 339 526 895 0 6 336 857 641 166 102 344 909 787 468 387 578 687 
218 912 160 893 842 355 38 918 420 119 719 454 925 541 743 834 686 129 509 899 90 573 443 604 926 684 753 11 334 43 655 357 167 616 456 639 757 450 222 37 537 197 781 249 216 289 6 0 501 480 110 802 517 628 179 712 27 588 585 467 
153 381 409 531 819 286 720 755 838 473 464 338 444 646 164 63 454 114 684 880 744 169 621 69 982 742 142 190 238 421 807 987 644 543 313 274 958 694 836 529 707 199 135 677 135 264 336 501 0 414 543 589 626 160 901 46 975 146 754 274 
499 937 529 947 994 434 25 501 656 19 607 45 153 450 112 580 47 500 499 642 133 48 197 309 303 73 134 294 969 948 420 960 992 449 925 14 627 242 885 934 404 745 882 556 934 810 857 480 414 0 67 471 674 493 245 799 326 672 946 408 
213 261 334 250 943 102 439 581 593 785 857 211 727 390 574 536 660 735 917 543 499 654 89 712 431 415 860 296 71 428 614 375 289 978 162 585 600 181 91 932 105 108 835 113 99 267 641 110 543 67 0 181 26 339 56 874 97 1000 564 985 
911 586 618 641 965 499 527 766 69 980 197 684 741 769 559 836 841 354 742 742 409 80 520 10 410 361 259 325 39 570 979 992 501 667 746 542 626 338 421 624 207 66 724 216 431 54 166 802 589 471 181 0 746 142 562 932 34 144 553 591 
40 182 57 150 226 914 674 724 400 136 105 580 814 834 169 19 965 678 821 839 947 620 830 677 991 902 483 349 840 643 201 639 836 703 754 544 630 867 546 768 521 869 960 345 667 141 102 517 626 674 26 746 0 885 141 632 149 838 173 803 
666 164 686 179 345 742 338 433 154 873 738 856 693 31 899 195 727 413 897 766 872 757 303 188 660 982 336 356 653 845 55 862 454 179 684 249 337 195 705 339 100 450 983 777 224 560 344 628 160 493 339 142 885 0 33 812 825 172 957 394 
549 779 130 138 640 948 760 389 740 203 179 778 319 839 498 737 865 598 209 475 300 543 154 135 593 314 177 445 160 291 477 387 931 213 499 759 133 445 100 713 827 698 689 665 350 859 909 179 901 245 56 562 141 33 0 744 332 780 412 803 
469 113 62 348 735 896 730 12 862 444 69 750 680 990 988 844 882 7 485 739 396 710 347 600 452 520 407 685 990 262 817 323 114 978 680 309 248 601 766 242 1000 907 199 807 48 529 787 712 46 799 874 932 632 812 744 0 632 931 96 704 
262 811 782 903 45 518 409 19 749 782 127 746 667 722 653 152 211 70 544 75 961 718 706 955 317 554 292 622 349 775 594 361 519 58 227 533 402 861 512 745 151 581 428 829 333 341 468 27 975 326 97 34 149 825 332 632 0 25 549 349 
85 440 297 936 355 849 946 733 728 944 500 333 786 751 624 265 832 303 377 605 444 448 214 811 3 833 749 126 99 852 854 558 493 258 398 785 369 90 27 139 899 921 686 3 369 414 387 588 146 672 1000 144 838 172 780 931 25 0 948 695 
707 479 369 251 125 695 857 869 858 206 473 288 804 448 708 97 264 855 913 296 744 314 137 95 49 234 339 970 120 882 571 67 572 731 735 711 565 858 954 393 63 218 753 724 676 120 578 585 754 946 564 553 173 957 412 96 549 948 0 662 
980 458 793 902 564 575 879 240 504 680 97 452 632 177 362 482 464 923 2 367 902 357 596 15 249 822 515 193 750 937 992 781 971 340 35 683 831 947 346 913 937 917 833 663 900 714 687 467 274 408 985 591 803 394 803 704 349 695 662 0 
0 36 88 427 219 258 831 627 925 876 881 858 758 768 157 34 814 773 548 136 942 659 988 70 52 526 502 400 162 622 295 429 101 341 935 38 531 459 66 990 58 472 473 1000 874 883 885 364 901 414 474 453 574 425 282 611 898 75 56 377 
36 0 153 607 69 510 919 419 359 58 956 424 152 806 731 498 185 740 815 263 138 722 180 392 305 979 159 995 588 732 424 874 44 215 473 180 577 597 808 787 860 115 204 777 940 992 978 969 182 627 777 387 778 129 875 636 938 624 733 957 
88 153 0 781 544 224 758 48 451 191 835 60 300 881 187 520 202 487 444 937 18 366 133 1 239 73 189 393 405 382 55 761 621 577 195 372 315 439 709 413 54 698 578 927 91 446 220 813 346 735 417 140 983 690 157 663 881 960 651 386 
427 607 781 0 156 149 70 199 267 456 641 745 47 109 422 339 88 132 921 117 461 420 769 28 88 75 814 333 877 332 790 249 382 955 313 78 608 836 414 716 483 278 653 101 847 733 311 527 741 588 71 918 563 854 191 572 900 217 412 900 
219 69 544 156 0 448 990 65 124 800 626 944 448 825 389 639 900 387 517 384 432 509 470 81 263 843 180 935 825 404 275 333 944 176 297 551 962 974 872 946 714 116 774 528 819 519 326 524 893 109 489 439 145 440 32 939 245 984 84 312 
258 510 224 149 448 0 798 644 497 607 993 520 956 734 866 59 131 644 258 767 823 4 474 936 920 331 402 906 947 623 737 241 119 940 185 863 165 33 56 540 841 817 517 556 851 515 662 131 962 789 8 398 569 755 220 183 117 716 893 390 
831 919 758 70 990 798 0 149 489 293 699 927 917 130 254 282 666 872 99 279 938 282 197 621 735 536 787 273 296 795 124 771 528 579 392 805 744 80 731 527 685 647 402 859 685 487 576 309 835 289 701 870 416 479 809 646 98 634 84 360 
627 419 48 199 65 644 149 0 584 997 529 912 111 16 301 608 127 590 784 862 76 55 684 169 404 943 181 264 314 318 922 973 375 756 105 657 655 426 96 925 300 495 67 957 394 685 795 128 868 784 116 290 503 407 567 535 210 233 767 677 
925 359 451 267 124 497 489 584 0 728 923 249 717 316 470 41 267 1000 493 358 579 334 990 718 498 731 545 454 514 865 933 135 995 944 574 795 896 756 430 203 815 688 310 370 307 760 375 676 988 593 255 405 902 263 612 418 768 136 222 4 
876 58 191 456 800 607 293 997 728 0 500 98 877 196 248 359 550 895 988 996 602 703 818 461 85 911 543 144 194 89 446 909 868 849 78 510 411 330 751 700 259 556 622 846 215 863 271 32 577 213 782 913 823 213 567 311 499 343 837 225 
881 956 835 641 626 993 699 529 923 500 0 374 929 487 676 416 129 548 616 409 284 272 905 548 706 944 3 392 397 122 602 930 319 567 719 394 185 859 144 115 684 999 305 504 929 424 955 316 831 654 293 18 496 122 291 176 568 789 139 457 
858 424 60 745 944 520 927 912 249 98 374 0 428 729 994 36 963 733 806 478 698 218 820 382 333 530 544 561 831 858 558 812 153 220 772 615 561 753 536 377 560 550 396 502 390 551 110 151 713 686 653 192 524 145 85 34 121 681 782 678 
758 152 300 47 448 956 917 111 717 877 929 428 0 389 64 298 224 901 787 84 112 158 172 528 222 533 740 495 88 135 17 748 644 38 515 412 608 535 990 476 11 452 64 360 840 39 345 907 748 828 954 235 185 375 461 64 765 635 806 213 
768 806 881 109 825 734 130 16 316 196 487 729 389 0 683 975 287 204 500 217 756 996 181 372 145 332 597 707 249 205 885 272 604 716 300 728 506 869 181 871 115 350 187 836 502 957 756 459 835 666 948 593 876 975 811 897 86 890 473 976 
157 731 187 422 389 866 254 301 470 248 676 994 64 683 0 248 519 423 759 163 932 456 989 695 898 358 305 37 765 868 138 375 730 829 756 322 333 315 986 851 512 748 297 936 368 390 710 481 501 829 316 217 909 6 624 770 993 688 304 669 
34 498 520 339 639 59 282 608 41 359 416 36 298 975 248 0 5 145 285 576 812 82 328 13 935 300 488 887 598 19 782 197 297 58 271 529 525 3 63 404 791 759 165 885 394 487 703 820 164 239 741 65 262 232 369 899 68 359 476 370 
814 185 202 88 900 131 666 127 267 550 129 963 224 287 519 5 0 748 98 215 595 686 986 825 380 538 447 781 268 660 135 349 157 457 891 706 518 82 703 235 917 733 846 559 805 681 286 765 428 964 372 250 902 788 385 344 858 312 111 949 
773 740 487 132 387 644 872 590 1000 895 548 733 901 204 423 145 748 0 853 148 904 61 424 108 862 751 145 996 7 702 628 391 841 650 221 784 936 417 970 359 1000 26 928 701 645 22 206 891 359 649 493 703 904 185 694 346 395 57 15 450 
548 815 444 921 517 258 99 784 493 988 616 806 787 500 759 285 98 853 0 248 155 276 599 931 584 90 447 252 589 663 849 104 281 396 586 81 23 188 628 321 726 95 474 789 738 380 283 454 890 714 878 156 852 44 361 420 34 223 541 425 
136 263 937 117 384 767 279 862 358 996 409 478 84 217 163 576 215 148 248 0 905 247 381 247 461 332 666 724 12 306 802 941 307 957 326 934 222 577 458 235 242 103 21 445 259 904 89 369 967 917 351 219 948 472 270 144 768 753 595 615 
942 138 18 461 432 823 938 76 579 602 284 698 112 756 932 812 595 904 155 905 0 132 821 530 945 192 915 14 949 861 71 721 122 17 766 678 626 135 857 595 533 937 48 992 55 231 781 60 566 234 398 304 741 195 878 799 843 911 891 515 
659 722 366 420 509 4 282 55 334 703 272 218 158 996 456 82 686 61 276 247 132 0 937 972 346 223 533 254 454 710 614 765 742 770 59 218 504 18 288 37 244 593 687 412 828 602 908 617 877 671 404 946 56 388 496 252 743 105 633 352 
988 180 133 769 470 474 197 684 990 818 905 820 172 181 989 328 986 424 599 381 821 937 0 158 347 57 578 1000 886 495 60 109 259 807 415 602 603 475 21 25 243 544 969 52 258 92 763 875 595 322 194 112 78 559 644 782 298 786 893 389 
70 392 1 28 81 936 621 169 718 461 548 382 528 372 695 13 825 108 931 247 530 972 158 0 466 527 291 563 744 504 138 849 842 325 904 255 845 628 360 909 88 190 311 240 28 445 299 476 126 29 440 259 378 526 548 200 866 157 730 482 
52 305 239 88 263 920 735 404 498 85 706 333 222 145 898 935 380 862 584 461 945 346 347 466 0 238 339 658 440 127 687 586 678 299 949 951 585 410 232 14 531 144 346 279 50 355 290 941 141 425 878 409 722 744 296 30 607 671 802 330 
526 979 73 75 843 331 536 943 731 911 944 530 533 332 358 300 538 751 90 332 192 223 57 527 238 0 83 957 460 711 679 354 416 645 674 434 702 308 931 226 672 125 97 410 369 750 944 441 877 788 702 78 493 655 287 623 449 823 468 343 
502 159 189 814 180 402 787 181 545 543 3 544 740 597 305 488 447 145 447 666 915 533 578 291 339 83 0 907 127 803 987 327 71 549 903 581 842 824 358 766 482 974 165 119 60 104 172 917 304 33 114 409 200 781 307 187 674 434 765 267 
400 995 393 333 935 906 273 264 454 144 392 561 495 707 37 887 781 996 252 724 14 254 1000 563 658 957 907 0 959 181 880 985 775 807 560 537 92 218 875 272 421 653 521 918 121 254 484 626 364 196 668 519 150 423 954 752 134 409 552 586 
162 588 405 877 825 947 296 314 514 194 397 831 88 249 765 598 268 7 589 12 949 454 886 744 440 460 127 959 0 108 684 592 575 564 260 844 511 253 106 201 712 644 675 644 818 907 92 476 277 893 526 116 446 82 167 967 293 896 302 630 
622 732 382 332 404 623 795 318 865 89 122 858 135 205 868 19 660 702 663 306 861 710 495 504 127 711 803 181 108 0 166 24 17 737 675 49 227 610 264 678 822 968 70 237 726 168 294 660 747 726 675 616 128 632 226 693 968 899 146 895 
295 424 55 790 275 737 124 922 933 446 602 558 17 885 138 782 135 628 849 802 71 614 60 138 687 679 987 880 684 166 0 48 891 749 25 808 596 443 336 259 596 779 110 958 936 132 237 454 755 585 855 556 405 158 569 157 942 179 515 416 
429 874 761 249 333 241 771 973 135 909 930 812 748 272 375 197 349 391 104 941 721 765 109 849 586 354 327 985 592 24 48 0 480 933 861 216 56 68 135 268 784 141 286 692 90 659 58 323 329 848 493 378 130 895 309 147 516 479 145 99 
101 44 621 382 944 119 528 375 995 868 319 153 644 604 730 297 157 841 281 307 122 742 259 842 678 416 71 775 575 17 891 480 0 988 681 669 537 44 997 482 783 551 202 60 215 822 785 59 109 735 340 911 63 592 771 834 994 964 562 85 
341 215 577 955 176 940 579 756 944 849 567 220 38 716 829 58 457 650 396 957 17 770 807 325 299 645 549 807 564 737 749 933 988 0 937 549 645 55 125 99 805 184 359 897 55 61 500 700 14 507 916 552 506 789 289 91 635 319 700 164 
935 473 195 313 297 185 392 105 574 78 719 772 515 300 756 271 891 221 586 326 766 59 415 904 949 674 903 560 260 675 25 861 681 937 0 438 766 649 944 659 4 1000 864 436 67 345 824 977 683 73 960 251 275 782 345 7 869 211 190 244 
38 180 372 78 551 863 805 657 795 510 394 615 412 728 322 529 706 784 81 934 678 218 602 255 951 434 581 537 844 49 808 216 669 549 438 0 724 906 637 557 179 788 779 238 704 731 564 450 912 596 696 433 291 938 694 926 871 387 910 183 
531 577 315 608 962 165 744 655 896 411 185 561 608 506 333 525 518 936 23 222 626 504 603 845 585 702 842 92 511 227 596 56 537 645 766 724 0 439 27 488 200 333 228 95 608 839 977 382 406 114 825 664 895 693 422 863 726 939 857 954 
459 597 439 836 974 33 80 426 756 330 859 753 535 869 315 3 82 417 188 577 135 18 475 628 410 308 824 218 253 610 443 68 44 55 649 906 439 0 986 454 141 501 608 428 417 650 220 906 288 707 914 808 942 733 242 422 230 616 500 399 
66 808 709 414 872 56 731 96 430 751 144 536 990 181 986 63 703 970 628 458 857 288 21 360 232 931 358 875 106 264 336 135 997 125 944 637 27 986 0 271 885 501 747 216 321 900 428 480 385 493 922 819 981 359 844 753 874 801 14 728 
990 787 413 716 946 540 527 925 203 700 115 377 476 871 851 404 235 359 321 235 595 37 25 909 14 226 766 272 201 678 259 268 482 99 659 557 488 454 271 0 155 535 614 120 776 337 435 173 987 601 671 475 587 227 168 624 282 855 534 761 
58 860 54 483 714 841 685 300 815 259 684 560 11 115 512 791 917 1000 726 242 533 244 243 88 531 672 482 421 712 822 596 784 783 805 4 179 200 141 885 155 0 403 299 740 968 823 839 719 360 155 707 459 995 528 35 329 226 514 478 546 
472 115 698 278 116 817 647 495 688 556 999 550 452 350 748 759 733 26 95 103 937 593 544 190 144 125 974 653 644 968 779 141 551 184 1000 788 333 501 501 535 403 0 373 630 926 846 599 97 54 971 760 355 797 70 887 34 590 565 908 624 
473 204 578 653 774 517 402 67 310 622 305 396 64 187 297 165 846 928 474 21 48 687 969 311 346 97 165 521 675 70 110 286 202 359 864 779 228 608 747 614 299 373 0 792 354 413 24 203 326 372 676 739 336 503 110 139 445 24 923 497 
1000 777 927 101 528 556 859 957 370 846 504 502 360 836 936 885 559 701 789 445 992 412 52 240 279 410 119 918 644 237 958 692 60 897 436 238 95 428 216 120 740 630 792 0 269 103 594 390 266 451 905 553 381 791 228 787 651 335 928 884 
874 940 91 847 819 851 685 394 307 215 929 390 840 502 368 394 805 645 738 259 55 828 258 28 50 369 60 121 818 726 936 90 215 55 67 704 608 417 321 776 968 926 354 269 0 896 179 941 613 740 291 213 30 54 994 239 278 922 78 280 
883 992 446 733 519 515 487 685 760 863 424 551 39 957 390 487 681 22 380 904 231 602 92 445 355 750 104 254 907 168 132 659 822 61 345 731 839 650 900 337 823 846 413 103 896 0 811 332 265 206 419 70 693 380 769 594 300 157 263 834 
885 978 220 311 326 662 576 795 375 271 955 110 345 756 710 703 286 206 283 89 781 908 763 299 290 944 172 484 92 294 237 58 785 500 824 564 977 220 428 435 839 599 24 594 179 811 0 959 60 906 772 163 293 103 2 932 119 552 251 449 
364 969 813 527 524 131 309 128 676 32 316 151 907 459 481 820 765 891 454 369 60 617 875 476 941 441 917 626 476 660 454 323 59 700 977 450 382 906 480 173 719 97 203 390 941 332 959 0 992 705 215 754 361 198 674 242 597 541 83 931 
901 182 346 741 893 962 835 868 988 577 831 713 748 835 501 164 428 359 890 967 566 877 595 126 141 877 304 364 277 747 755 329 109 14 683 912 406 288 385 987 360 54 326 266 613 265 60 992 0 768 473 838 599 699 817 781 179 95 825 418 
414 627 735 588 109 789 289 784 593 213 654 686 828 666 829 239 964 649 714 917 234 671 322 29 425 788 33 196 893 726 585 848 735 507 73 596 114 707 493 601 155 971 372 451 740 206 906 705 768 0 140 765 651 737 148 224 3 334 406 185 
474 777 417 71 489 8 701 116 255 782 293 653 954 948 316 741 372 493 878 351 398 404 194 440 878 702 114 668 526 675 855 493 340 916 960 696 825 914 922 671 707 760 676 905 291 419 772 215 473 140 0 39 98 481 4 159 111 330 513 475 
453 387 140 918 439 398 870 290 405 913 18 192 235 593 217 65 250 703 156 219 304 946 112 259 409 78 409 519 116 616 556 378 911 552 251 433 664 808 819 475 459 355 739 553 213 70 163 754 838 765 39 0 644 945 478 242 444 12 811 82 
574 778 983 563 145 569 416 503 902 823 496 524 185 876 909 262 902 904 852 948 741 56 78 378 722 493 200 150 446 128 405 130 63 506 275 291 895 942 981 587 995 797 336 381 30 693 293 361 599 651 98 644 0 233 577 449 896 269 442 350 
425 129 690 854 440 755 479 407 263 213 122 145 375 975 6 232 788 185 44 472 195 388 559 526 744 655 781 423 82 632 158 895 592 789 782 938 693 733 359 227 528 70 503 791 54 380 103 198 699 737 481 945 233 0 881 968 523 121 721 962 
282 875 157 191 32 220 809 567 612 567 291 85 461 811 624 369 385 694 361 270 878 496 644 548 296 287 307 954 167 226 569 309 771 289 345 694 422 242 844 168 35 887 110 228 994 769 2 674 817 148 4 478 577 881 0 307 384 932 379 824 
611 636 663 572 939 183 646 535 418 311 176 34 64 897 770 899 344 346 420 144 799 252 782 200 30 623 187 752 967 693 157 147 834 91 7 926 863 422 753 624 329 34 139 787 239 594 932 242 781 224 159 242 449 968 307 0 564 604 333 336 
898 938 881 900 245 117 98 210 768 499 568 121 765 86 993 68 858 395 34 768 843 743 298 866 607 449 674 134 293 968 942 516 994 635 869 871 726 230 874 282 226 590 445 651 278 300 119 597 179 3 111 444 896 523 384 564 0 529 76 208 
75 624 960 217 984 716 634 233 136 343 789 681 635 890 688 359 312 57 223 753 911 105 786 157 671 823 434 409 896 899 179 479 964 319 211 387 939 616 801 855 514 565 24 335 922 157 552 541 95 334 330 12 269 121 932 604 529 0 633 520 
56 733 651 412 84 893 84 767 222 837 139 782 806 473 304 476 111 15 541 595 891 633 893 730 802 468 765 552 302 146 515 145 562 700 190 910 857 500 14 534 478 908 923 928 78 263 251 83 825 406 513 811 442 721 379 333 76 633 0 975 
377 957 386 900 312 390 360 677 4 225 457 678 213 976 669 370 949 450 425 615 515 352 389 482 330 343 267 586 630 895 416 99 85 164 244 183 954 399 728 761 546 624 497 884 280 834 449 931 418 185 475 82 350 962 824 336 208 520 975 0 
0 220 270 714 191 229 822 602 756 775 927 550 640 669 680 65 338 560 984 320 610 655 773 67 100 564 820 412 155 919 84 570 85 253 655 256 512 427 171 867 582 311 496 883 597 497 720 277 753 768 859 51 571 363 219 857 782 141 262 667 
220 0 358 149 330 547 596 295 642 409 738 745 436 424 625 221 284 361 227 455 349 623 492 828 323 515 173 912 444 688 415 903 292 260 979 338 402 728 461 339 602 554 546 760 941 243 135 933 39 531 728 900 528 461 562 589 991 166 620 820 
270 358 0 92 521 335 673 750 219 351 709 81 429 943 320 526 267 389 163 738 482 641 277 664 272 793 430 741 840 449 82 303 337 296 769 296 240 527 845 495 177 850 807 764 962 337 90 793 603 590 302 243 552 953 446 822 365 645 870 735 
714 149 92 0 267 167 45 370 11 443 143 856 189 181 279 264 261 697 799 106 539 946 607 687 466 365 802 176 968 536 294 557 117 543 538 131 571 947 468 596 349 316 769 490 980 846 716 590 812 467 541 681 820 494 283 750 584 416 626 753 
191 330 521 267 0 736 859 577 72 837 260 717 965 486 543 832 623 759 365 842 327 428 858 490 527 464 384 847 576 40 780 226 903 628 548 629 913 521 394 645 891 18 4 237 562 554 928 682 465 125 889 508 68 787 875 632 950 916 178 278 
229 547 335 167 736 0 385 253 328 559 883 677 830 384 892 120 10 599 179 199 260 110 821 858 511 648 286 780 365 145 757 328 269 460 181 327 388 237 256 423 977 911 682 507 896 103 457 226 766 784 71 358 745 556 102 20 79 886 950 339 
822 596 673 45 859 385 0 750 755 419 746 789 875 750 590 879 902 776 69 250 846 638 120 826 920 42 380 296 334 660 288 732 952 505 528 802 327 178 326 271 316 688 640 461 941 436 502 861 478 312 448 655 317 491 332 466 823 581 50 638 
602 295 750 370 577 253 750 0 640 607 660 530 172 325 300 474 361 422 366 365 563 778 646 595 759 765 853 329 618 106 964 559 632 252 84 644 349 573 528 881 379 873 517 765 582 362 817 537 388 741 613 44 113 68 534 883 371 257 983 944 
756 642 219 11 72 328 755 640 0 985 507 612 912 279 431 351 308 713 708 26 830 392 457 955 366 956 403 547 422 726 509 163 331 848 255 658 635 245 710 183 451 840 440 320 4 482 71 412 788 116 257 690 332 410 651 544 426 681 215 219 
775 409 351 443 837 559 419 607 985 0 33 320 888 390 276 442 176 724 828 954 400 540 211 20 302 248 581 770 118 20 952 954 660 585 397 125 299 208 764 555 498 403 464 594 522 820 32 361 349 395 412 561 680 176 286 20 367 523 922 481 
927 738 709 143 260 883 746 660 507 33 0 80 658 619 528 608 241 617 481 545 66 65 905 391 813 794 620 443 312 619 979 492 345 562 695 95 171 371 156 354 526 990 60 547 831 315 722 904 993 78 779 90 412 777 114 147 513 619 551 135 
550 745 81 856 717 677 789 530 612 320 80 0 514 184 878 578 654 181 881 546 793 449 349 99 391 254 480 392 899 917 213 387 535 489 626 378 101 665 606 94 529 728 488 131 696 94 93 507 969 676 712 175 425 385 351 133 14 569 450 788 
640 436 429 189 965 830 875 172 912 888 658 514 0 737 267 477 132 855 779 85 312 173 227 451 380 109 421 160 75 152 216 262 580 77 735 934 272 416 678 313 591 130 284 79 745 374 499 512 184 594 439 103 185 688 553 18 629 880 582 683 
669 424 943 181 486 384 750 325 279 390 619 184 737 0 936 746 183 219 781 166 620 778 223 86 492 135 609 699 748 283 894 189 557 962 801 612 242 531 98 832 570 100 462 880 280 265 844 977 16 749 557 425 569 515 462 129 545 932 345 863 
680 625 320 279 543 892 590 300 431 276 528 878 267 936 0 178 73 802 840 634 954 282 707 560 283 847 82 258 635 599 657 332 67 719 431 708 452 476 610 969 651 982 214 174 655 211 302 256 214 61 96 454 389 443 769 930 575 569 352 577 
65 221 526 264 832 120 879 474 351 442 608 578 477 746 178 0 403 52 420 659 796 704 2 56 910 159 923 900 310 500 141 437 411 75 90 567 521 543 23 347 867 931 178 249 309 325 663 357 461 71 465 446 827 177 417 908 574 676 597 323 
338 284 267 261 623 10 902 361 308 176 241 654 132 183 73 403 0 397 649 282 525 586 531 443 435 868 517 612 636 912 514 383 811 55 670 673 452 396 628 617 981 829 562 820 678 805 415 756 583 859 75 63 856 587 58 580 967 261 458 813 
560 361 389 697 759 599 776 422 713 724 617 181 855 219 802 52 397 0 530 499 937 757 434 141 341 914 6 945 107 920 752 343 770 202 73 504 561 840 618 818 820 588 935 680 433 649 721 202 694 674 420 313 761 112 356 418 749 258 616 909 
984 227 163 799 365 179 69 366 708 828 481 881 779 781 840 420 649 530 0 474 373 453 404 680 775 335 690 457 225 441 819 519 66 291 538 257 729 239 528 655 718 9 493 842 875 423 594 734 245 475 851 888 778 237 577 335 314 298 583 658 
320 455 738 106 842 199 250 365 26 954 545 546 85 166 634 659 282 499 474 0 946 456 346 250 228 331 148 611 24 402 305 512 217 918 709 966 647 268 507 72 645 425 86 399 391 43 251 183 694 890 272 146 946 273 14 669 895 748 418 407 
610 349 482 539 327 260 846 563 830 400 66 793 312 620 954 796 525 937 373 946 0 146 554 709 661 239 687 385 864 597 115 298 537 260 547 656 557 137 673 732 366 968 54 864 397 359 672 390 167 831 672 612 673 301 973 952 269 663 919 302 
655 623 641 946 428 110 638 778 392 540 65 449 173 778 282 704 586 757 453 456 146 0 623 849 591 97 804 568 702 452 781 974 561 481 245 258 418 302 266 212 424 797 494 797 681 377 697 948 413 205 706 449 25 209 355 114 710 285 496 824 
773 492 277 607 858 821 120 646 457 211 905 349 227 223 707 2 531 434 404 346 554 623 0 184 302 282 676 499 107 375 228 358 673 458 9 498 335 332 359 387 571 224 791 343 161 780 305 406 779 727 580 15 102 709 839 564 975 402 790 455 
67 828 664 687 490 858 826 595 955 20 391 99 451 86 560 56 443 141 680 250 709 849 184 0 331 572 693 232 718 992 65 451 227 908 883 558 863 642 327 632 316 368 222 251 200 462 290 496 31 17 618 879 889 170 852 457 724 245 541 69 
100 323 272 466 527 511 920 759 366 302 813 391 380 492 283 910 435 341 775 228 661 591 302 331 0 345 629 831 33 137 599 815 10 671 482 558 814 12 21 141 845 143 163 221 480 159 2 987 136 499 929 537 529 634 144 429 593 945 515 232 
564 515 793 365 464 648 42 765 956 248 794 254 109 135 847 159 868 914 335 331 239 97 282 572 345 0 113 991 422 913 690 128 546 850 708 69 702 15 483 340 161 137 120 12 231 674 988 688 452 520 110 188 493 823 255 230 452 751 316 597 
820 173 430 802 384 286 380 853 403 581 620 480 421 609 82 923 517 6 690 148 687 804 676 693 629 113 0 598 310 701 885 101 585 863 652 922 905 635 635 324 961 981 943 191 858 171 55 346 278 297 145 718 247 784 41 581 119 517 698 82 
412 912 741 176 847 780 296 329 547 770 443 392 160 699 258 900 612 945 457 611 385 568 499 232 831 991 598 0 878 575 597 914 691 707 560 379 325 663 680 243 586 255 90 737 32 502 695 824 334 475 593 550 556 444 485 942 267 652 342 452 
155 444 840 968 576 365 334 618 422 118 312 899 75 748 635 310 636 107 225 24 864 702 107 718 33 422 310 878 0 523 907 314 903 267 642 772 936 384 181 349 396 619 712 417 747 568 4 894 772 714 60 249 294 322 84 989 579 817 672 838 
919 688 449 536 40 145 660 106 726 20 619 917 152 283 599 500 912 920 441 402 597 452 375 992 137 913 701 575 523 0 260 147 660 705 892 86 478 805 368 468 977 965 321 347 624 382 773 840 263 466 561 502 319 508 143 59 878 754 167 684 
84 415 82 294 780 757 288 964 509 952 979 213 216 894 657 141 514 752 819 305 115 781 228 65 599 690 885 597 907 260 0 242 404 778 150 54 783 739 420 113 239 899 232 646 370 356 634 643 331 954 976 452 39 451 828 659 697 805 384 8 
570 903 303 557 226 328 732 559 163 954 492 387 262 189 332 437 383 343 519 512 298 974 358 451 815 128 101 914 314 147 242 0 822 460 570 243 60 36 9 289 931 10 569 382 154 601 335 45 340 335 460 542 423 989 168 425 179 297 192 310 
85 292 337 117 903 269 952 632 331 660 345 535 580 557 67 411 811 770 66 217 537 561 673 227 10 546 585 691 903 660 404 822 0 805 656 475 263 288 638 216 114 260 380 365 276 919 87 66 82 878 567 562 189 465 602 251 902 654 370 60 
253 260 296 543 628 460 505 252 848 585 562 489 77 962 719 75 55 202 291 918 260 481 458 908 671 850 863 707 267 705 778 460 805 0 594 488 459 442 478 137 789 517 463 868 55 80 336 978 92 257 825 783 574 774 314 687 920 208 436 153 
655 979 769 538 548 181 528 84 255 397 695 626 735 801 431 90 670 73 538 709 547 245 9 883 482 708 652 560 642 892 150 570 656 594 0 311 381 776 574 659 251 340 876 357 292 375 391 647 561 72 700 52 252 719 229 412 387 541 122 257 
256 338 296 131 629 327 802 644 658 125 95 378 934 612 708 567 673 504 257 966 656 258 498 558 558 69 922 379 772 86 54 243 475 488 311 0 473 306 817 393 91 766 217 359 437 964 265 83 892 544 885 483 774 479 908 861 44 385 739 681 
512 402 240 571 913 388 327 349 635 299 171 101 272 242 452 521 452 561 729 647 557 418 335 863 814 702 905 325 936 478 783 60 263 459 381 473 0 96 407 279 174 225 412 852 268 811 883 836 895 551 768 980 608 283 274 915 752 711 943 720 
427 728 527 947 521 237 178 573 245 208 371 665 416 531 476 543 396 840 239 268 137 302 332 642 12 15 635 663 384 805 739 36 288 442 776 306 96 0 915 404 15 613 479 195 369 313 205 233 315 378 825 424 769 727 522 115 530 169 920 720 
171 461 845 468 394 256 326 528 710 764 156 606 678 98 610 23 628 618 528 507 673 266 359 327 21 483 635 680 181 368 420 9 638 478 574 817 407 915 0 429 585 375 593 208 417 985 45 522 550 631 842 552 501 494 655 151 827 938 225 547 
867 339 495 596 645 423 271 881 183 555 354 94 313 832 969 347 617 818 655 72 732 212 387 632 141 340 324 243 349 468 113 289 216 137 659 393 279 404 429 0 92 606 727 246 648 1000 220 410 541 666 277 295 533 142 800 767 190 919 761 780 
582 602 177 349 891 977 316 379 451 498 526 529 591 570 651 867 981 820 718 645 366 424 571 316 845 161 961 586 396 977 239 931 114 789 251 91 174 15 585 92 0 262 181 404 848 761 830 898 455 249 791 730 252 522 904 841 56 106 743 620 
311 554 850 316 18 911 688 873 840 403 990 728 130 100 982 931 829 588 9 425 968 797 224 368 143 137 981 255 619 965 899 10 260 517 340 766 225 613 375 606 262 0 453 586 363 783 806 386 14 783 651 283 610 694 856 325 875 522 954 417 
496 546 807 769 4 682 640 517 440 464 60 488 284 462 214 178 562 935 493 86 54 494 791 222 163 120 943 90 712 321 232 569 380 463 876 217 412 479 593 727 181 453 0 597 424 217 390 638 79 50 118 205 266 237 305 53 210 190 1000 335 
883 760 764 490 237 507 461 765 320 594 547 131 79 880 174 249 820 680 842 399 864 797 343 251 221 12 191 737 417 347 646 382 365 868 357 359 852 195 208 246 404 586 597 0 258 328 87 867 634 205 428 365 657 832 742 542 896 833 573 810 
597 941 962 980 562 896 941 582 4 522 831 696 745 280 655 309 678 433 875 391 397 681 161 200 480 231 858 32 747 624 370 154 276 55 292 437 268 369 417 648 848 363 424 258 0 556 63 722 212 654 651 533 451 206 624 234 224 481 284 118 
497 243 337 846 554 103 436 362 482 820 315 94 374 265 211 325 805 649 423 43 359 377 780 462 159 674 171 502 568 382 356 601 919 80 375 964 811 313 985 1000 761 783 217 328 556 0 867 292 184 63 492 141 754 208 2 181 29 115 331 454 
720 135 90 716 928 457 502 817 71 32 722 93 499 844 302 663 415 721 594 251 672 697 305 290 2 988 55 695 4 773 634 335 87 336 391 265 883 205 45 220 830 806 390 87 63 867 0 742 158 542 543 192 379 236 550 990 121 619 106 251 
277 933 793 590 682 226 861 537 412 361 904 507 512 977 256 357 756 202 734 183 390 948 406 496 987 688 346 824 894 840 643 45 66 978 647 83 836 233 522 410 898 386 638 867 722 292 742 0 856 345 717 847 336 593 849 316 691 607 63 872 
753 39 603 812 465 766 478 388 788 349 993 969 184 16 214 461 583 694 245 694 167 413 779 31 136 452 278 334 772 263 331 340 82 92 561 892 895 315 550 541 455 14 79 634 212 184 158 856 0 949 866 691 502 955 540 707 523 371 369 802 
768 531 590 467 125 784 312 741 116 395 78 676 594 749 61 71 859 674 475 890 831 205 727 17 499 520 297 475 714 466 954 335 878 257 72 544 551 378 631 666 249 783 50 205 654 63 542 345 949 0 540 357 218 748 883 103 343 459 900 475 
859 728 302 541 889 71 448 613 257 412 779 712 439 557 96 465 75 420 851 272 672 706 580 618 929 110 145 593 60 561 976 460 567 825 700 885 768 825 842 277 791 651 118 428 651 492 543 717 866 540 0 605 446 275 478 426 293 543 498 362 
51 900 243 681 508 358 655 44 690 561 90 175 103 425 454 446 63 313 888 146 612 449 15 879 537 188 718 550 249 502 452 542 562 783 52 483 980 424 552 295 730 283 205 365 533 141 192 847 691 357 605 0 191 335 627 566 761 589 825 384 
571 528 552 820 68 745 317 113 332 680 412 425 185 569 389 827 856 761 778 946 673 25 102 889 529 493 247 556 294 319 39 423 189 574 252 774 608 769 501 533 252 610 266 657 451 754 379 336 502 218 446 191 0 226 878 749 782 751 846 588 
363 461 953 494 787 556 491 68 410 176 777 385 688 515 443 177 587 112 237 273 301 209 709 170 634 823 784 444 322 508 451 989 465 774 719 479 283 727 494 142 522 694 237 832 206 208 236 593 955 748 275 335 226 0 907 109 867 390 479 923 
219 562 446 283 875 102 332 534 651 286 114 351 553 462 769 417 58 356 577 14 973 355 839 852 144 255 41 485 84 143 828 168 602 314 229 908 274 522 655 800 904 856 305 742 624 2 550 849 540 883 478 627 878 907 0 86 586 853 864 630 
857 589 822 750 632 20 466 883 544 20 147 133 18 129 930 908 580 418 335 669 952 114 564 457 429 230 581 942 989 59 659 425 251 687 412 861 915 115 151 767 841 325 53 542 234 181 990 316 707 103 426 566 749 109 86 0 299 281 173 362 
782 991 365 584 950 79 823 371 426 367 513 14 629 545 575 574 967 749 314 895 269 710 975 724 593 452 119 267 579 878 697 179 902 920 387 44 752 530 827 190 56 875 210 896 224 29 121 691 523 343 293 761 782 867 586 299 0 790 105 746 
141 166 645 416 916 886 581 257 681 523 619 569 880 932 569 676 261 258 298 748 663 285 402 245 945 751 517 652 817 754 805 297 654 208 541 385 711 169 938 919 106 522 190 833 481 115 619 607 371 459 543 589 751 390 853 281 790 0 955 513 
262 620 870 626 178 950 50 983 215 922 551 450 582 345 352 597 458 616 583 418 919 496 790 541 515 316 698 342 672 167 384 192 370 436 122 739 943 920 225 761 743 954 1000 573 284 331 106 63 369 900 498 825 846 479 864 173 105 955 0 925 
667 820 735 753 278 339 638 944 219 481 135 788 683 863 577 323 813 909 658 407 302 824 455 69 232 597 82 452 838 684 8 310 60 153 257 681 720 720 547 780 620 417 335 810 118 454 251 872 802 475 362 384 588 923 630 362 746 513 925 0 
0 51 122 120 437 439 608 754 682 853 651 298 944 789 134 333 732 731 656 629 996 736 967 264 478 774 211 729 408 6 46 888 163 105 823 184 561 84 370 604 13 629 683 996 922 917 898 737 933 295 625 257 399 107 372 588 737 123 478 109 
51 0 76 228 864 281 674 541 413 716 864 166 776 589 745 704 600 613 747 656 416 395 321 333 309 644 51 395 367 585 356 917 444 198 292 343 599 623 214 527 807 124 365 592 996 648 833 871 220 380 654 99 988 255 958 971 378 670 483 944 
122 76 0 495 725 154 970 399 89 989 427 309 451 192 131 666 492 826 825 853 80 471 296 20 862 294 250 774 862 941 352 494 501 314 478 601 598 450 437 773 89 652 877 486 139 619 353 800 172 967 360 726 699 625 18 471 774 608 614 363 
120 228 495 0 598 198 318 197 744 25 576 788 357 165 1000 315 77 498 589 312 475 665 950 60 956 61 889 376 923 382 581 275 293 950 128 370 269 469 459 610 764 87 141 87 978 939 221 515 533 469 477 277 598 592 528 646 607 349 114 485 
437 864 725 598 0 447 100 2 453 788 477 523 869 909 820 578 725 530 548 321 267 597 133 632 411 800 445 493 847 851 425 173 538 547 283 827 708 969 633 628 203 501 815 517 160 566 795 576 890 297 930 326 584 225 317 944 709 927 933 740 
439 281 154 198 447 0 543 765 546 297 701 664 645 223 574 625 260 743 69 759 250 39 657 640 171 925 298 252 708 985 577 374 307 904 639 437 383 117 119 808 962 409 745 717 373 133 514 180 499 755 365 98 816 412 89 491 932 617 454 545 
608 674 970 318 100 543 0 389 776 380 403 995 497 529 170 906 505 896 143 21 359 444 455 888 670 954 958 570 34 954 456 556 407 955 564 730 665 377 927 280 396 365 107 188 183 358 420 528 689 511 981 512 521 536 295 947 608 654 432 153 
754 541 399 197 2 765 389 0 411 376 424 766 334 341 734 254 151 461 852 805 440 228 602 746 421 688 11 216 419 552 723 682 118 364 508 114 470 466 349 903 608 370 233 707 583 967 771 205 599 838 25 308 987 176 895 717 194 535 578 778 
682 413 89 744 453 546 776 411 0 753 301 613 138 334 263 237 163 758 661 841 457 555 823 379 666 972 298 298 910 740 492 558 657 872 522 737 729 893 333 362 529 994 358 110 733 991 714 667 607 774 542 129 809 593 786 304 170 315 620 400 
853 716 989 25 788 297 380 376 753 0 267 10 440 134 323 883 314 888 472 518 856 281 217 265 390 980 475 590 48 28 272 821 766 639 126 711 198 89 643 706 227 541 677 634 890 925 561 232 739 348 563 877 838 137 309 43 683 154 855 571 
651 864 427 576 477 701 403 424 301 267 0 94 910 822 509 207 526 393 909 482 629 520 856 142 520 942 535 531 597 781 540 430 144 272 603 726 121 632 368 65 272 881 36 879 682 693 670 754 703 500 641 211 822 179 64 885 486 476 58 735 
298 166 309 788 523 664 995 766 613 10 94 0 938 544 573 89 834 708 415 252 454 491 870 674 310 574 856 190 520 737 647 802 217 7 643 157 451 294 425 299 199 356 775 842 49 817 630 31 71 712 813 245 763 70 929 278 747 342 514 224 
944 776 451 357 869 645 497 334 138 440 910 938 0 630 354 73 106 480 47 18 71 387 763 482 601 540 213 834 199 418 271 610 432 245 650 950 945 377 499 819 118 677 102 74 139 454 412 429 337 746 869 520 248 694 689 138 79 816 553 368 
789 589 192 165 909 223 529 341 334 134 822 544 630 0 502 905 606 326 458 129 464 883 506 691 63 122 463 187 489 123 926 442 636 773 396 737 590 668 493 602 227 334 528 866 454 914 677 238 769 971 995 390 815 864 727 870 17 331 670 797 
134 745 131 1000 820 574 170 734 263 323 509 573 354 502 0 226 313 508 703 401 917 661 631 776 783 451 422 167 669 746 825 936 654 660 786 894 584 336 560 826 561 433 498 882 95 220 888 489 53 764 669 610 543 66 349 457 696 320 282 630 
333 704 666 315 578 625 906 254 237 883 207 89 73 905 226 0 698 281 313 544 458 317 60 534 429 102 59 921 626 420 119 531 96 55 828 410 195 238 460 69 839 480 234 646 925 67 655 771 419 230 933 364 489 983 197 871 362 422 476 156 
732 600 492 77 725 260 505 151 163 314 526 834 106 606 313 698 0 985 233 65 236 541 854 608 841 782 151 588 220 857 544 207 378 634 409 843 913 236 908 173 908 153 866 240 639 926 592 238 556 555 189 106 954 409 532 466 188 813 172 925 
731 613 826 498 530 743 896 461 758 888 393 708 480 326 508 281 985 0 434 713 939 46 264 355 834 890 60 905 98 777 449 33 643 544 301 529 781 504 444 634 867 466 562 722 628 3 211 794 153 894 882 781 962 136 468 837 672 665 236 541 
656 747 825 589 548 69 143 852 661 472 909 415 47 458 703 313 233 434 0 201 447 26 528 411 289 204 241 242 54 929 846 414 126 291 490 552 174 631 904 296 910 707 224 684 690 222 540 523 252 842 466 89 898 520 131 84 345 150 708 186 
629 656 853 312 321 759 21 805 841 518 482 252 18 129 401 544 65 713 201 0 913 184 39 631 813 997 847 857 510 651 823 577 541 472 123 863 316 787 406 182 30 92 579 764 55 639 519 323 596 998 812 262 996 331 141 197 664 497 529 194 
996 416 80 475 267 250 359 440 457 856 629 454 71 464 917 458 236 939 447 913 0 433 698 760 578 898 751 839 781 626 341 1000 59 282 526 311 890 389 635 482 603 873 509 742 735 151 369 358 707 382 248 313 993 217 384 787 851 696 623 731 
736 395 471 665 597 39 444 228 555 281 520 491 387 883 661 317 541 46 26 184 433 0 645 861 34 47 762 297 313 525 535 904 719 333 698 359 516 393 697 702 46 440 546 611 722 486 887 82 540 982 963 1000 498 395 690 472 866 141 656 487 
967 321 296 950 133 657 455 602 823 217 856 870 763 506 631 60 854 264 528 39 698 645 0 541 8 803 463 836 856 506 426 55 323 435 381 801 63 624 267 512 795 72 794 210 296 237 690 595 366 603 637 427 592 794 131 984 21 577 975 278 
264 333 20 60 632 640 888 746 379 265 142 674 482 691 776 534 608 355 411 631 760 861 541 0 485 625 978 830 855 64 478 869 553 167 808 487 668 608 741 563 845 857 65 61 316 509 215 260 102 238 540 233 44 771 341 188 793 704 362 247 
478 309 862 956 411 171 670 421 666 390 520 310 601 63 783 429 841 834 289 813 578 34 8 485 0 374 503 445 505 869 749 647 771 522 540 875 237 474 510 291 304 457 718 625 145 493 241 997 294 159 709 743 548 378 398 185 656 334 734 298 
774 644 294 61 800 925 954 688 972 980 942 574 540 122 451 102 782 890 204 997 898 47 803 625 374 0 254 851 939 841 612 335 431 558 265 911 297 473 842 694 610 506 2 659 717 746 610 862 736 525 477 36 869 380 794 799 517 937 26 243 
211 51 250 889 445 298 958 11 298 475 535 856 213 463 422 59 151 60 241 847 751 762 463 978 503 254 0 825 313 789 24 736 340 540 494 477 283 609 41 998 263 626 818 134 548 38 332 827 10 251 234 25 168 695 696 531 396 514 985 756 
729 395 774 376 493 252 570 216 298 590 531 190 834 187 167 921 588 905 242 857 839 297 836 830 445 851 825 0 829 204 822 610 660 689 607 445 177 722 610 400 12 235 963 436 41 137 567 782 456 145 160 926 47 285 332 773 188 968 339 28 
408 367 862 923 847 708 34 419 910 48 597 520 199 489 669 626 220 98 54 510 781 313 856 855 505 939 313 829 0 556 234 987 395 339 398 609 700 883 213 955 728 532 602 799 208 502 85 784 149 906 504 161 558 359 147 987 963 952 704 249 
6 585 941 382 851 985 954 552 740 28 781 737 418 123 746 420 857 777 929 651 626 525 506 64 869 841 789 204 556 0 708 337 328 894 637 181 664 662 388 236 152 898 708 870 779 642 554 396 328 897 726 657 189 807 493 642 529 825 326 991 
46 356 352 581 425 577 456 723 492 272 540 647 271 926 825 119 544 449 846 823 341 535 426 478 749 612 24 822 234 708 0 275 566 801 5 778 512 714 125 269 912 549 836 950 724 402 639 110 425 947 695 531 848 444 934 753 831 261 502 526 
888 917 494 275 173 374 556 682 558 821 430 802 610 442 936 531 207 33 414 577 1000 904 55 869 647 335 736 610 987 337 275 0 999 124 665 524 100 87 334 715 936 110 2 332 679 358 202 552 750 767 272 96 224 254 253 944 447 493 156 398 
163 444 501 293 538 307 407 118 657 766 144 217 432 636 654 96 378 643 126 541 59 719 323 553 771 431 340 660 395 328 566 999 0 223 697 385 796 608 979 466 470 378 336 297 551 853 766 386 530 764 917 866 259 753 985 458 588 987 394 296 
105 198 314 950 547 904 955 364 872 639 272 7 245 773 660 55 634 544 291 472 282 333 435 167 522 558 540 689 339 894 801 124 223 0 935 671 123 307 485 342 875 528 287 655 221 96 861 811 653 197 925 689 575 814 646 832 167 771 28 240 
823 292 478 128 283 639 564 508 522 126 603 643 650 396 786 828 409 301 490 123 526 698 381 808 540 265 494 607 398 637 5 665 697 935 0 177 762 868 714 637 170 346 457 295 596 318 836 593 411 585 889 537 660 549 756 351 854 32 432 267 
184 343 601 370 827 437 730 114 737 711 726 157 950 737 894 410 843 529 552 863 311 359 801 487 875 911 477 445 609 181 778 524 385 671 177 0 202 580 464 620 507 410 737 244 848 779 524 212 417 408 600 162 659 776 187 524 557 397 551 219 
561 599 598 269 708 383 665 470 729 198 121 451 945 590 584 195 913 781 174 316 890 516 63 668 237 297 283 177 700 664 512 100 796 123 762 202 0 665 4 29 382 320 457 14 669 711 628 193 113 54 934 621 742 477 793 834 614 976 211 442 
84 623 450 469 969 117 377 466 893 89 632 294 377 668 336 238 236 504 631 787 389 393 624 608 474 473 609 722 883 662 714 87 608 307 868 580 665 0 961 767 47 664 580 694 389 853 820 805 251 352 828 424 747 581 130 309 237 121 551 406 
370 214 437 459 633 119 927 349 333 643 368 425 499 493 560 460 908 444 904 406 635 697 267 741 510 842 41 610 213 388 125 334 979 485 714 464 4 961 0 63 927 353 988 417 417 774 422 206 281 864 997 636 558 810 704 415 747 566 387 438 
604 527 773 610 628 808 280 903 362 706 65 299 819 602 826 69 173 634 296 182 482 702 512 563 291 694 998 400 955 236 269 715 466 342 637 620 29 767 63 0 370 793 799 457 913 843 978 353 784 805 74 248 615 582 228 501 76 73 625 578 
13 807 89 764 203 962 396 608 529 227 272 199 118 227 561 839 908 867 910 30 603 46 795 845 304 610 263 12 728 152 912 936 470 875 170 507 382 47 927 370 0 807 261 780 514 759 812 647 545 203 977 309 918 994 721 810 125 223 634 613 
629 124 652 87 501 409 365 370 994 541 881 356 677 334 433 480 153 466 707 92 873 440 72 857 457 506 626 235 532 898 549 110 378 528 346 410 320 664 353 793 807 0 391 474 925 492 154 308 70 735 337 967 480 63 764 830 806 479 972 725 
683 365 877 141 815 745 107 233 358 677 36 775 102 528 498 234 866 562 224 579 509 546 794 65 718 2 818 963 602 708 836 2 336 287 457 737 457 580 988 799 261 391 0 403 300 614 655 591 386 521 624 283 113 302 24 337 482 853 946 677 
996 592 486 87 517 717 188 707 110 634 879 842 74 866 882 646 240 722 684 764 742 611 210 61 625 659 134 436 799 870 950 332 297 655 295 244 14 694 417 457 780 474 403 0 53 545 696 487 229 421 938 323 88 730 520 229 951 452 899 484 
922 996 139 978 160 373 183 583 733 890 682 49 139 454 95 925 639 628 690 55 735 722 296 316 145 717 548 41 208 779 724 679 551 221 596 848 669 389 417 913 514 925 300 53 0 663 72 980 999 896 24 575 113 318 673 294 466 680 928 451 
917 648 619 939 566 133 358 967 991 925 693 817 454 914 220 67 926 3 222 639 151 486 237 509 493 746 38 137 502 642 402 358 853 96 318 779 711 853 774 843 759 492 614 545 663 0 377 855 140 434 562 232 959 699 402 799 38 185 469 457 
898 833 353 221 795 514 420 771 714 561 670 630 412 677 888 655 592 211 540 519 369 887 690 215 241 610 332 567 85 554 639 202 766 861 836 524 628 820 422 978 812 154 655 696 72 377 0 831 269 896 106 332 39 78 33 596 338 667 250 333 
737 871 800 515 576 180 528 205 667 232 754 31 429 238 489 771 238 794 523 323 358 82 595 260 997 862 827 782 784 396 110 552 386 811 593 212 193 805 206 353 647 308 591 487 980 855 831 0 800 946 676 84 112 351 677 232 763 1 70 936 
933 220 172 533 890 499 689 599 607 739 703 71 337 769 53 419 556 153 252 596 707 540 366 102 294 736 10 456 149 328 425 750 530 653 411 417 113 251 281 784 545 70 386 229 999 140 269 800 0 332 388 453 268 497 336 669 627 195 530 329 
295 380 967 469 297 755 511 838 774 348 500 712 746 971 764 230 555 894 842 998 382 982 603 238 159 525 251 145 906 897 947 767 764 197 585 408 54 352 864 805 203 735 521 421 896 434 896 946 332 0 441 715 859 768 549 61 74 15 788 71 
625 654 360 477 930 365 981 25 542 563 641 813 869 995 669 933 189 882 466 812 248 963 637 540 709 477 234 160 504 726 695 272 917 925 889 600 934 828 997 74 977 337 624 938 24 562 106 676 388 441 0 546 87 229 604 409 2 57 895 221 
257 99 726 277 326 98 512 308 129 877 211 245 520 390 610 364 106 781 89 262 313 1000 427 233 743 36 25 926 161 657 531 96 866 689 537 162 621 424 636 248 309 967 283 323 575 232 332 84 453 715 546 0 789 697 433 73 14 48 492 588 
399 988 699 598 584 816 521 987 809 838 822 763 248 815 543 489 954 962 898 996 993 498 592 44 548 869 168 47 558 189 848 224 259 575 660 659 742 747 558 615 918 480 113 88 113 959 39 112 268 859 87 789 0 237 394 446 555 492 44 526 
107 255 625 592 225 412 536 176 593 137 179 70 694 864 66 983 409 136 520 331 217 395 794 771 378 380 695 285 359 807 444 254 753 814 549 776 477 581 810 582 994 63 302 730 318 699 78 351 497 768 229 697 237 0 673 938 676 269 283 606 
372 958 18 528 317 89 295 895 786 309 64 929 689 727 349 197 532 468 131 141 384 690 131 341 398 794 696 332 147 493 934 253 985 646 756 187 793 130 704 228 721 764 24 520 673 402 33 677 336 549 604 433 394 673 0 161 983 305 927 499 
588 971 471 646 944 491 947 717 304 43 885 278 138 870 457 871 466 837 84 197 787 472 984 188 185 799 531 773 987 642 753 944 458 832 351 524 834 309 415 501 810 830 337 229 294 799 596 232 669 61 409 73 446 938 161 0 981 739 510 428 
737 378 774 607 709 932 608 194 170 683 486 747 79 17 696 362 188 672 345 664 851 866 21 793 656 517 396 188 963 529 831 447 588 167 854 557 614 237 747 76 125 806 482 951 466 38 338 763 627 74 2 14 555 676 983 981 0 547 476 233 
123 670 608 349 927 617 654 535 315 154 476 342 816 331 320 422 813 665 150 497 696 141 577 704 334 937 514 968 952 825 261 493 987 771 32 397 976 121 566 73 223 479 853 452 680 185 667 1 195 15 57 48 492 269 305 739 547 0 541 888 
478 483 614 114 933 454 432 578 620 855 58 514 553 670 282 476 172 236 708 529 623 656 975 362 734 26 985 339 704 326 502 156 394 28 432 551 211 551 387 625 634 972 946 899 928 469 250 70 530 788 895 492 44 283 927 510 476 541 0 958 
109 944 363 485 740 545 153 778 400 571 735 224 368 797 630 156 925 541 186 194 731 487 278 247 298 243 756 28 249 991 526 398 296 240 267 219 442 406 438 578 613 725 677 484 451 457 333 936 329 71 221 588 526 606 499 428 233 888 958 0 
0 451 20 226 510 322 565 702 790 542 518 483 696 851 392 688 973 526 392 284 477 924 945 6 282 224 349 336 81 891 534 131 376 206 977 252 627 156 908 769 68 759 276 674 994 994 868 470 904 244 541 268 895 361 492 744 443 189 72 262 
451 0 90 815 781 506 336 601 718 371 706 744 321 346 835 444 178 181 611 895 528 867 1 337 253 972 12 686 721 976 354 700 121 179 272 504 301 745 601 929 888 372 314 290 574 643 584 931 309 885 859 415 785 614 541 956 740 709 589 820 
20 90 0 21 516 227 992 383 728 374 518 130 235 690 711 631 417 335 797 511 299 683 16 264 345 297 594 93 102 600 127 852 716 423 346 177 509 294 539 48 61 926 841 950 436 667 610 556 175 389 678 986 889 951 180 354 788 822 1000 587 
226 815 21 0 322 482 69 392 348 629 771 893 44 402 388 459 916 320 127 469 582 70 688 66 568 144 544 458 804 532 786 798 545 948 604 885 154 521 581 622 431 65 350 340 475 658 913 902 390 553 178 660 726 850 690 49 805 760 286 878 
510 781 516 322 0 589 737 150 445 799 806 982 304 787 405 226 968 268 684 870 525 391 708 22 304 629 540 708 924 551 231 337 786 693 375 538 979 472 745 928 558 221 875 463 706 424 626 404 631 674 273 608 192 462 54 635 898 564 499 821 
322 506 227 482 589 0 125 192 808 497 950 947 793 334 878 247 92 292 104 371 712 325 745 372 773 426 320 471 608 459 585 583 765 797 458 948 623 629 169 421 676 871 643 757 915 228 658 403 818 657 550 430 60 848 19 185 52 18 562 334 
565 336 992 69 737 125 0 377 227 557 934 996 618 639 480 407 762 871 652 63 771 846 423 804 817 607 569 843 172 744 189 594 151 727 902 479 341 37 606 469 502 944 40 808 565 704 461 127 713 387 822 941 623 460 628 724 355 450 165 417 
702 601 383 392 150 192 377 0 467 811 281 390 414 49 76 236 333 809 422 875 67 198 476 324 57 746 165 333 219 263 555 388 286 699 473 9 804 181 266 578 238 77 294 897 744 264 426 177 771 876 250 371 858 18 733 537 262 175 404 899 
790 718 728 348 445 808 227 467 0 288 768 814 391 417 415 348 498 235 302 144 65 176 106 193 81 925 340 432 556 855 875 354 691 941 625 832 969 547 648 320 847 667 495 711 510 431 534 391 509 738 14 67 648 584 484 534 813 133 702 503 
542 371 374 629 799 497 557 811 288 0 967 634 596 500 447 420 104 733 796 950 803 794 595 607 442 850 432 319 145 593 796 564 305 772 123 563 440 413 559 666 540 772 283 923 397 883 486 625 808 154 990 669 856 277 922 939 608 555 1000 995 
518 706 518 771 806 950 934 281 768 967 0 749 165 722 621 366 322 782 809 143 224 36 793 67 921 994 44 52 200 482 739 256 510 101 299 610 198 684 152 240 309 659 467 277 250 144 899 658 583 761 637 321 264 316 206 126 229 781 651 584 
483 744 130 893 982 947 996 390 814 634 749 0 652 964 770 786 878 836 779 559 689 246 397 253 315 571 552 870 920 814 304 688 588 198 558 713 335 708 829 217 530 561 500 240 285 495 97 641 950 1000 533 205 498 244 413 390 398 776 739 822 
696 321 235 44 304 793 618 414 391 596 165 652 0 615 180 132 466 345 514 130 323 22 917 884 598 434 708 561 90 254 72 780 19 197 485 973 753 631 551 260 327 619 693 663 627 89 569 780 345 905 920 405 675 56 336 301 723 788 406 286 
851 346 690 402 787 334 639 49 417 500 722 964 615 0 540 924 626 803 101 391 813 386 390 267 395 629 577 485 289 476 754 919 497 313 382 974 585 553 401 772 233 792 149 484 735 571 829 624 293 494 775 821 815 817 510 785 589 602 820 844 
392 835 711 388 405 878 480 76 415 447 621 770 180 540 0 586 206 4 851 522 853 312 438 468 322 181 240 128 28 376 326 348 823 447 728 728 123 239 710 629 218 842 687 692 777 668 644 594 679 609 988 174 447 94 551 880 957 291 716 650 
688 444 631 459 226 247 407 236 348 420 366 786 132 924 586 0 167 221 7 253 631 448 895 93 747 545 484 566 144 487 331 370 624 424 767 414 917 3 854 250 675 635 34 75 577 283 654 593 740 391 816 83 662 239 293 909 745 150 24 438 
973 178 417 916 968 92 762 333 498 104 322 878 466 626 206 167 0 390 184 851 425 715 454 651 749 280 311 636 144 519 141 661 189 357 747 421 316 46 347 833 294 805 654 976 999 373 321 503 686 939 733 143 823 157 405 310 425 445 29 824 
526 181 335 320 268 292 871 809 235 733 782 836 345 803 4 221 390 0 505 462 101 172 695 366 474 944 189 953 69 937 154 800 899 779 181 814 852 388 480 276 973 889 765 603 911 116 196 446 350 501 594 671 98 759 488 387 955 660 86 496 
392 611 797 127 684 104 652 422 302 796 809 779 514 101 851 7 184 505 0 515 155 520 321 503 634 96 447 248 447 291 771 690 208 391 641 452 66 547 650 528 874 189 556 863 971 935 584 368 816 650 802 143 421 434 941 366 13 269 747 703 
284 895 511 469 870 371 63 875 144 950 143 559 130 391 522 253 851 462 515 0 725 585 703 103 56 123 477 592 465 656 553 988 213 448 648 903 930 566 42 301 54 326 329 919 658 926 186 659 444 678 612 297 568 600 91 276 611 601 318 62 
477 528 299 582 525 712 771 67 65 803 224 689 323 813 853 631 425 101 155 725 0 594 684 225 159 96 850 135 950 611 400 247 616 239 620 930 429 494 310 881 599 663 304 519 58 51 636 252 359 372 724 365 940 367 794 224 794 743 537 349 
924 867 683 70 391 325 846 198 176 794 36 246 22 386 312 448 715 172 520 585 594 0 952 429 245 635 705 947 551 448 708 695 910 971 565 115 184 15 864 37 868 167 866 54 577 475 699 419 631 488 140 912 975 172 793 26 452 238 765 459 
945 1 16 688 708 745 423 476 106 595 793 397 917 390 438 895 454 695 321 703 684 952 0 497 675 343 830 764 450 106 744 155 280 398 547 454 306 524 236 308 46 561 334 264 442 287 389 765 285 970 333 19 37 576 704 158 366 389 558 587 
6 337 264 66 22 372 804 324 193 607 67 253 884 267 468 93 651 366 503 103 225 429 497 0 662 370 854 861 287 170 523 630 644 378 808 367 707 915 779 359 348 510 617 43 189 748 552 538 375 660 400 177 864 323 691 81 915 253 728 60 
282 253 345 568 304 773 817 57 81 442 921 315 598 395 322 747 749 474 634 56 159 245 675 662 0 489 216 668 124 514 418 213 511 655 249 503 114 391 174 159 40 731 588 246 40 402 568 958 86 691 470 711 225 998 20 375 807 639 438 335 
224 972 297 144 629 426 607 746 925 850 994 571 434 629 181 545 280 944 96 123 96 635 343 370 489 0 461 800 218 649 249 789 477 719 452 155 269 841 701 248 697 529 247 48 251 367 482 275 152 558 906 163 574 13 471 671 367 914 794 233 
349 12 594 544 540 320 569 165 340 432 44 552 708 577 240 484 311 189 447 477 850 705 830 854 216 461 0 615 393 454 894 221 254 426 904 360 626 676 284 326 425 447 515 344 218 62 670 778 94 357 781 356 425 338 169 487 519 305 565 621 
336 686 93 458 708 471 843 333 432 319 52 870 561 485 128 566 636 953 248 592 135 947 764 861 668 800 615 0 306 267 755 946 322 480 578 282 244 102 561 200 284 512 888 716 172 163 274 661 148 861 773 522 680 444 828 814 222 331 138 623 
81 721 102 804 924 608 172 219 556 145 200 920 90 289 28 144 144 69 447 465 950 551 450 287 124 218 393 306 0 34 992 645 52 439 341 946 360 355 725 41 559 564 808 475 959 662 172 326 77 377 128 62 107 621 271 859 83 526 55 149 
891 976 600 532 551 459 744 263 855 593 482 814 254 476 376 487 519 937 291 656 611 448 106 170 514 649 454 267 34 0 208 499 4 358 895 84 834 428 645 500 582 235 525 611 305 415 171 640 529 779 766 449 57 302 99 877 718 723 508 535 
534 354 127 786 231 585 189 555 875 796 739 304 72 754 326 331 141 154 771 553 400 708 744 523 418 249 894 755 992 208 0 13 764 487 172 878 423 138 68 325 253 717 9 768 557 352 77 554 914 248 864 407 297 21 513 19 869 151 781 908 
131 700 852 798 337 583 594 388 354 564 256 688 780 919 348 370 661 800 690 988 247 695 155 630 213 789 221 946 645 499 13 0 919 854 873 603 168 194 177 578 930 607 709 363 110 129 522 494 569 470 285 590 311 303 647 649 344 651 99 505 
376 121 716 545 786 765 151 286 691 305 510 588 19 497 823 624 189 899 208 213 616 910 280 644 511 477 254 322 52 4 764 919 0 996 524 316 72 16 626 569 466 770 157 13 52 850 623 356 88 394 236 849 401 585 515 555 439 726 494 24 
206 179 423 948 693 797 727 699 941 772 101 198 197 313 447 424 357 779 391 448 239 971 398 378 655 719 426 480 439 358 487 854 996 0 924 935 421 711 488 327 965 505 772 918 223 513 922 624 70 221 648 40 467 821 632 758 374 540 708 269 
977 272 346 604 375 458 902 473 625 123 299 558 485 382 728 767 747 181 641 648 620 565 547 808 249 452 904 578 341 895 172 873 524 924 0 55 701 682 909 908 450 648 766 453 55 445 917 753 474 738 883 643 251 833 189 324 924 434 594 721 
252 504 177 885 538 948 479 9 832 563 610 713 973 974 728 414 421 814 452 903 930 115 454 367 503 155 360 282 946 84 878 603 316 935 55 0 467 585 145 295 1 864 974 247 762 890 968 232 916 584 397 524 820 352 931 830 913 12 587 108 
627 301 509 154 979 623 341 804 969 440 198 335 753 585 123 917 316 852 66 930 429 184 306 707 114 269 626 244 360 834 423 168 72 421 701 467 0 486 426 548 18 253 996 208 486 554 723 478 173 229 458 704 807 278 517 495 701 858 929 926 
156 745 294 521 472 629 37 181 547 413 684 708 631 553 239 3 46 388 547 566 494 15 524 915 391 841 676 102 355 428 138 194 16 711 682 585 486 0 395 345 306 454 357 692 377 657 191 682 222 889 606 576 696 409 193 252 194 496 692 80 
908 601 539 581 745 169 606 266 648 559 152 829 551 401 710 854 347 480 650 42 310 864 236 779 174 701 284 561 725 645 68 177 626 488 909 145 426 395 0 414 559 525 578 321 423 643 633 206 12 232 798 816 217 863 916 191 918 275 17 648 
769 929 48 622 928 421 469 578 320 666 240 217 260 772 629 250 833 276 528 301 881 37 308 359 159 248 326 200 41 500 325 578 569 327 908 295 548 345 414 0 208 577 724 102 414 454 146 410 759 554 84 562 577 252 707 915 130 848 488 850 
68 888 61 431 558 676 502 238 847 540 309 530 327 233 218 675 294 973 874 54 599 868 46 348 40 697 425 284 559 582 253 930 466 965 450 1 18 306 559 208 0 474 408 443 373 825 394 709 412 487 871 750 804 577 250 367 487 28 613 408 
759 372 926 65 221 871 944 77 667 772 659 561 619 792 842 635 805 889 189 326 663 167 561 510 731 529 447 512 564 235 717 607 770 505 648 864 253 454 525 577 474 0 718 704 300 473 682 810 231 789 979 204 270 777 706 310 460 380 766 708 
276 314 841 350 875 643 40 294 495 283 467 500 693 149 687 34 654 765 556 329 304 866 334 617 588 247 515 888 808 525 9 709 157 772 766 974 996 357 578 724 408 718 0 771 522 15 109 59 841 999 935 757 93 675 186 413 69 136 510 338 
674 290 950 340 463 757 808 897 711 923 277 240 663 484 692 75 976 603 863 919 519 54 264 43 246 48 344 716 475 611 768 363 13 918 453 247 208 692 321 102 443 704 771 0 256 241 417 599 316 952 597 765 934 537 591 389 902 164 180 876 
994 574 436 475 706 915 565 744 510 397 250 285 627 735 777 577 999 911 971 658 58 577 442 189 40 251 218 172 959 305 557 110 52 223 55 762 486 377 423 414 373 300 522 256 0 752 162 629 431 276 950 366 168 309 590 30 837 822 406 191 
994 643 667 658 424 228 704 264 431 883 144 495 89 571 668 283 373 116 935 926 51 475 287 748 402 367 62 163 662 415 352 129 850 513 445 890 554 657 643 454 825 473 15 241 752 0 933 403 645 791 360 200 276 357 806 23 631 342 576 993 
868 584 610 913 626 658 461 426 534 486 899 97 569 829 644 654 321 196 584 186 636 699 389 552 568 482 670 274 172 171 77 522 623 922 917 968 723 191 633 146 394 682 109 417 162 933 0 858 246 734 918 92 323 646 132 613 218 177 54 485 
470 931 556 902 404 403 127 177 391 625 658 641 780 624 594 593 503 446 368 659 252 419 765 538 958 275 778 661 326 640 554 494 356 624 753 232 478 682 206 410 709 810 59 599 629 403 858 0 623 219 98 692 356 489 432 201 160 592 536 927 
904 309 175 390 631 818 713 771 509 808 583 950 345 293 679 740 686 350 816 444 359 631 285 375 86 152 94 148 77 529 914 569 88 70 474 916 173 222 12 759 412 231 841 316 431 645 246 623 0 939 325 833 366 656 864 872 910 759 931 597 
244 885 389 553 674 657 387 876 738 154 761 1000 905 494 609 391 939 501 650 678 372 488 970 660 691 558 357 861 377 779 248 470 394 221 738 584 229 889 232 554 487 789 999 952 276 791 734 219 939 0 27 956 724 859 173 240 206 568 476 825 
541 859 678 178 273 550 822 250 14 990 637 533 920 775 988 816 733 594 802 612 724 140 333 400 470 906 781 773 128 766 864 285 236 648 883 397 458 606 798 84 871 979 935 597 950 360 918 98 325 27 0 641 52 52 788 439 43 381 762 105 
268 415 986 660 608 430 941 371 67 669 321 205 405 821 174 83 143 671 143 297 365 912 19 177 711 163 356 522 62 449 407 590 849 40 643 524 704 576 816 562 750 204 757 765 366 200 92 692 833 956 641 0 766 588 663 426 764 568 838 519 
895 785 889 726 192 60 623 858 648 856 264 498 675 815 447 662 823 98 421 568 940 975 37 864 225 574 425 680 107 57 297 311 401 467 251 820 807 696 217 577 804 270 93 934 168 276 323 356 366 724 52 766 0 501 876 241 576 346 399 166 
361 614 951 850 462 848 460 18 584 277 316 244 56 817 94 239 157 759 434 600 367 172 576 323 998 13 338 444 621 302 21 303 585 821 833 352 278 409 863 252 577 777 675 537 309 357 646 489 656 859 52 588 501 0 651 753 246 177 467 474 
492 541 180 690 54 19 628 733 484 922 206 413 336 510 551 293 405 488 941 91 794 793 704 691 20 471 169 828 271 99 513 647 515 632 189 931 517 193 916 707 250 706 186 591 590 806 132 432 864 173 788 663 876 651 0 410 504 801 875 452 
744 956 354 49 635 185 724 537 534 939 126 390 301 785 880 909 310 387 366 276 224 26 158 81 375 671 487 814 859 877 19 649 555 758 324 830 495 252 191 915 367 310 413 389 30 23 613 201 872 240 439 426 241 753 410 0 296 377 357 619 
443 740 788 805 898 52 355 262 813 608 229 398 723 589 957 745 425 955 13 611 794 452 366 915 807 367 519 222 83 718 869 344 439 374 924 913 701 194 918 130 487 460 69 902 837 631 218 160 910 206 43 764 576 246 504 296 0 997 56 890 
189 709 822 760 564 18 450 175 133 555 781 776 788 602 291 150 445 660 269 601 743 238 389 253 639 914 305 331 526 723 151 651 726 540 434 12 858 496 275 848 28 380 136 164 822 342 177 592 759 568 381 568 346 177 801 377 997 0 246 52 
72 589 1000 286 499 562 165 404 702 1000 651 739 406 820 716 24 29 86 747 318 537 765 558 728 438 794 565 138 55 508 781 99 494 708 594 587 929 692 17 488 613 766 510 180 406 576 54 536 931 476 762 838 399 467 875 357 56 246 0 283 
262 820 587 878 821 334 417 899 503 995 584 822 286 844 650 438 824 496 703 62 349 459 587 60 335 233 621 623 149 535 908 505 24 269 721 108 926 80 648 850 408 708 338 876 191 993 485 927 597 825 105 519 166 474 452 619 890 52 283 0 
