60 2
0 14 99 112 80 226 826 829 692 877 168 840 462 329 72 860 146 888 763 76 791 822 523 818 392 659 553 634 690 582 118 487 627 877 992 15 580 264 164 366 913 949 160 147 962 650 310 927 702 197 912 23 997 15 986 836 535 715 260 582 
14 0 151 312 761 993 472 164 90 499 61 74 202 854 937 113 933 820 105 132 321 513 752 703 215 223 73 475 513 70 340 287 593 862 882 823 759 689 248 850 171 935 141 261 168 573 361 33 624 610 427 559 30 507 717 124 333 496 861 699 
99 151 0 212 583 175 857 949 482 926 482 353 431 81 190 257 289 638 669 43 360 418 173 548 999 288 992 381 603 823 12 11 697 224 101 53 630 990 286 592 635 629 70 831 512 449 138 852 598 380 986 478 81 208 168 825 792 377 325 1 
112 312 212 0 674 334 674 555 996 312 550 19 976 521 448 189 767 58 308 969 894 209 902 428 505 166 858 801 735 471 685 994 851 17 368 42 142 640 909 499 852 813 901 904 583 402 849 594 868 105 187 916 135 802 15 503 978 124 436 799 
80 761 583 674 0 994 399 932 512 109 893 64 121 509 161 659 108 812 819 488 7 27 124 589 759 568 913 484 871 613 966 52 219 154 662 490 458 170 383 534 147 750 68 270 356 972 558 325 112 548 475 662 132 187 74 140 770 318 953 99 
226 993 175 334 994 0 758 207 308 496 637 211 485 445 899 587 461 806 213 514 257 795 765 545 498 319 59 75 164 651 927 492 589 112 80 32 442 484 457 212 523 444 655 119 754 230 383 221 707 16 555 585 555 511 219 701 533 83 886 111 
826 472 857 674 399 758 0 733 661 783 949 938 857 553 376 252 686 266 3 935 531 921 115 159 103 458 350 181 530 840 114 263 438 630 335 809 532 134 426 613 423 977 436 447 509 936 891 169 620 375 162 169 459 116 26 999 524 357 527 146 
829 164 949 555 932 207 733 0 375 138 553 648 593 109 601 579 639 56 809 401 465 699 762 265 379 14 894 858 179 781 372 963 722 518 875 810 571 152 239 232 851 316 23 26 864 133 919 8 981 644 452 455 315 156 773 656 362 253 336 23 
692 90 482 996 512 308 661 375 0 298 927 406 668 726 285 642 90 970 41 211 68 354 94 795 857 529 189 58 194 113 554 615 993 994 700 252 72 196 627 606 836 411 35 942 849 431 405 158 736 697 394 558 363 699 81 21 899 850 820 536 
877 499 926 312 109 496 783 138 298 0 86 173 687 349 648 513 649 539 265 757 536 32 493 719 464 858 601 410 577 141 501 152 162 112 66 581 607 23 920 744 467 962 855 882 677 863 679 391 566 957 750 805 875 262 665 373 501 8 118 930 
168 61 482 550 893 637 949 553 927 86 0 310 93 948 927 713 77 302 907 776 806 393 627 731 426 855 366 398 149 913 692 126 669 150 829 610 556 459 432 660 270 28 469 719 786 270 955 70 555 679 192 868 436 358 614 778 517 29 697 496 
840 74 353 19 64 211 938 648 406 173 310 0 717 768 299 308 170 832 476 671 833 220 972 222 954 226 398 398 380 336 312 712 707 502 63 545 840 676 72 605 27 401 9 755 689 315 168 823 659 598 409 262 356 586 548 456 189 46 644 990 
462 202 431 976 121 485 857 593 668 687 93 717 0 428 243 632 371 331 380 534 671 969 343 168 824 647 498 914 711 878 261 371 752 312 776 39 901 409 906 156 333 269 724 745 284 125 935 417 555 240 712 315 269 933 124 184 984 299 539 633 
329 854 81 521 509 445 553 109 726 349 948 768 428 0 907 409 457 710 774 200 436 439 699 402 591 44 809 808 234 925 800 312 557 676 496 945 677 281 112 19 497 220 341 737 424 226 612 636 964 465 970 527 339 624 278 316 9 297 764 476 
72 937 190 448 161 899 376 601 285 648 927 299 243 907 0 838 737 76 205 705 827 853 138 811 517 819 818 855 339 21 575 156 19 509 593 958 377 913 825 902 883 795 824 545 842 499 99 220 573 962 543 996 598 754 308 60 728 533 983 153 
860 113 257 189 659 587 252 579 642 513 713 308 632 409 838 0 495 862 904 715 416 847 576 716 922 427 475 714 650 946 164 633 195 58 114 617 987 293 556 67 435 45 272 534 951 507 142 629 9 913 59 648 650 738 180 77 313 954 978 176 
146 933 289 767 108 461 686 639 90 649 77 170 371 457 737 495 0 302 863 230 376 185 303 359 427 180 835 329 820 655 535 813 255 805 802 571 146 103 69 335 333 662 320 871 402 393 426 761 531 160 811 409 595 794 399 108 335 180 564 804 
888 820 638 58 812 806 266 56 970 539 302 832 331 710 76 862 302 0 136 468 885 695 727 473 108 730 24 749 753 902 718 422 523 635 986 55 325 662 539 846 77 422 274 958 639 696 67 113 201 929 66 907 32 986 687 241 320 170 950 320 
763 105 669 308 819 213 3 809 41 265 907 476 380 774 205 904 863 136 0 666 690 110 621 908 99 495 88 711 148 87 355 516 137 534 841 440 793 988 554 513 306 382 250 819 338 868 293 38 207 317 30 516 482 31 779 83 812 358 826 949 
76 132 43 969 488 514 935 401 211 757 776 671 534 200 705 715 230 468 666 0 18 828 151 786 699 823 477 847 929 32 428 178 932 250 651 874 425 850 473 225 684 590 467 265 675 626 113 890 466 82 621 665 781 494 218 996 213 191 370 560 
791 321 360 894 7 257 531 465 68 536 806 833 671 436 827 416 376 885 690 18 0 800 206 170 629 799 69 693 497 943 544 34 945 947 226 441 386 848 970 541 252 515 89 935 711 302 112 444 298 509 307 488 874 344 294 947 600 106 880 468 
822 513 418 209 27 795 921 699 354 32 393 220 969 439 853 847 185 695 110 828 800 0 817 959 918 221 663 215 224 437 852 515 475 922 605 802 984 574 636 572 347 639 149 17 127 828 652 713 145 289 531 983 823 731 855 711 861 802 680 266 
523 752 173 902 124 765 115 762 94 493 627 972 343 699 138 576 303 727 621 151 206 817 0 140 97 656 817 885 804 25 39 531 57 31 400 521 902 598 721 564 295 279 837 388 897 697 204 538 358 506 182 692 930 462 299 107 444 675 618 423 
818 703 548 428 589 545 159 265 795 719 731 222 168 402 811 716 359 473 908 786 170 959 140 0 382 260 408 410 752 677 94 741 954 144 311 62 481 314 82 988 840 37 523 488 345 237 673 881 634 893 736 96 805 412 467 639 871 246 614 810 
392 215 999 505 759 498 103 379 857 464 426 954 824 591 517 922 427 108 99 699 629 918 97 382 0 763 646 221 764 946 146 840 233 369 853 970 344 286 334 517 838 226 445 547 263 352 337 817 851 924 934 116 902 472 29 802 721 834 602 654 
659 223 288 166 568 319 458 14 529 858 855 226 647 44 819 427 180 730 495 823 799 221 656 260 763 0 552 934 225 648 233 697 72 919 616 462 924 762 68 683 3 103 220 614 220 521 461 991 343 982 583 233 765 986 874 858 72 577 584 672 
553 73 992 858 913 59 350 894 189 601 366 398 498 809 818 475 835 24 88 477 69 663 817 408 646 552 0 971 42 713 470 833 498 304 142 446 891 558 51 702 309 812 521 100 999 400 544 12 233 343 963 745 263 916 392 585 559 495 496 431 
634 475 381 801 484 75 181 858 58 410 398 398 914 808 855 714 329 749 711 847 693 215 885 410 221 934 971 0 545 348 921 306 486 453 214 500 888 904 559 271 307 236 75 77 32 957 100 14 172 864 786 661 320 927 811 44 243 945 291 179 
690 513 603 735 871 164 530 179 194 577 149 380 711 234 339 650 820 753 148 929 497 224 804 752 764 225 42 545 0 253 1 337 28 937 13 110 604 738 584 94 141 87 795 827 230 996 80 520 994 286 647 311 3 676 443 286 854 459 532 15 
582 70 823 471 613 651 840 781 113 141 913 336 878 925 21 946 655 902 87 32 943 437 25 677 946 648 713 348 253 0 592 762 453 191 760 813 442 620 95 49 922 342 457 586 899 358 534 214 250 862 929 115 961 732 429 648 46 825 178 90 
118 340 12 685 966 927 114 372 554 501 692 312 261 800 575 164 535 718 355 428 544 852 39 94 146 233 470 921 1 592 0 72 884 864 499 401 937 797 929 128 263 809 399 489 710 145 535 345 239 177 753 457 761 125 387 430 644 641 394 314 
487 287 11 994 52 492 263 963 615 152 126 712 371 312 156 633 813 422 516 178 34 515 531 741 840 697 833 306 337 762 72 0 790 438 364 106 234 240 206 253 889 813 8 330 985 755 539 647 893 579 843 930 924 181 182 144 521 65 44 499 
627 593 697 851 219 589 438 722 993 162 669 707 752 557 19 195 255 523 137 932 945 475 57 954 233 72 498 486 28 453 884 790 0 31 313 921 899 254 611 442 237 498 27 976 551 936 989 576 723 851 307 377 365 453 910 68 582 636 787 477 
877 862 224 17 154 112 630 518 994 112 150 502 312 676 509 58 805 635 534 250 947 922 31 144 369 919 304 453 937 191 864 438 31 0 821 495 638 978 668 228 122 935 507 239 149 351 48 403 73 613 361 699 953 70 485 254 900 907 269 734 
992 882 101 368 662 80 335 875 700 66 829 63 776 496 593 114 802 986 841 651 226 605 400 311 853 616 142 214 13 760 499 364 313 821 0 267 839 605 982 876 524 244 398 786 232 817 593 431 135 120 23 327 207 337 909 159 888 28 878 483 
15 823 53 42 490 32 809 810 252 581 610 545 39 945 958 617 571 55 440 874 441 802 521 62 970 462 446 500 110 813 401 106 921 495 267 0 474 398 137 428 204 307 834 936 38 836 831 919 325 408 772 166 486 493 396 438 611 588 475 696 
580 759 630 142 458 442 532 571 72 607 556 840 901 677 377 987 146 325 793 425 386 984 902 481 344 924 891 888 604 442 937 234 899 638 839 474 0 910 854 940 194 1 290 412 663 841 755 848 704 459 824 547 143 142 375 371 932 871 279 660 
264 689 990 640 170 484 134 152 196 23 459 676 409 281 913 293 103 662 988 850 848 574 598 314 286 762 558 904 738 620 797 240 254 978 605 398 910 0 386 320 861 703 147 569 415 382 732 501 91 367 441 332 158 596 7 251 154 524 101 908 
164 248 286 909 383 457 426 239 627 920 432 72 906 112 825 556 69 539 554 473 970 636 721 82 334 68 51 559 584 95 929 206 611 668 982 137 854 386 0 160 84 81 158 37 517 695 82 75 78 752 904 862 983 236 653 502 579 480 843 694 
366 850 592 499 534 212 613 232 606 744 660 605 156 19 902 67 335 846 513 225 541 572 564 988 517 683 702 271 94 49 128 253 442 228 876 428 940 320 160 0 315 922 95 210 960 433 476 213 950 462 186 383 552 476 235 846 566 336 742 324 
913 171 635 852 147 523 423 851 836 467 270 27 333 497 883 435 333 77 306 684 252 347 295 840 838 3 309 307 141 922 263 889 237 122 524 204 194 861 84 315 0 142 207 866 498 173 38 713 328 677 839 733 249 529 667 478 216 79 48 211 
949 935 629 813 750 444 977 316 411 962 28 401 269 220 795 45 662 422 382 590 515 639 279 37 226 103 812 236 87 342 809 813 498 935 244 307 1 703 81 922 142 0 299 638 287 475 328 800 669 405 817 739 955 924 774 419 594 337 971 413 
160 141 70 901 68 655 436 23 35 855 469 9 724 341 824 272 320 274 250 467 89 149 837 523 445 220 521 75 795 457 399 8 27 507 398 834 290 147 158 95 207 299 0 354 607 27 649 879 775 568 800 264 395 704 512 860 888 718 768 91 
147 261 831 904 270 119 447 26 942 882 719 755 745 737 545 534 871 958 819 265 935 17 388 488 547 614 100 77 827 586 489 330 976 239 786 936 412 569 37 210 866 638 354 0 34 30 571 567 598 848 471 18 413 696 530 782 215 502 336 555 
962 168 512 583 356 754 509 864 849 677 786 689 284 424 842 951 402 639 338 675 711 127 897 345 263 220 999 32 230 899 710 985 551 149 232 38 663 415 517 960 498 287 607 34 0 408 182 951 185 99 745 470 726 697 424 292 800 778 891 191 
650 573 449 402 972 230 936 133 431 863 270 315 125 226 499 507 393 696 868 626 302 828 697 237 352 521 400 957 996 358 145 755 936 351 817 836 841 382 695 433 173 475 27 30 408 0 670 266 296 310 562 755 5 235 169 420 753 273 771 619 
310 361 138 849 558 383 891 919 405 679 955 168 935 612 99 142 426 67 293 113 112 652 204 673 337 461 544 100 80 534 535 539 989 48 593 831 755 732 82 476 38 328 649 571 182 670 0 749 4 453 586 804 780 945 602 771 773 644 6 654 
927 33 852 594 325 221 169 8 158 391 70 823 417 636 220 629 761 113 38 890 444 713 538 881 817 991 12 14 520 214 345 647 576 403 431 919 848 501 75 213 713 800 879 567 951 266 749 0 188 544 590 480 306 935 320 80 145 125 715 923 
702 624 598 868 112 707 620 981 736 566 555 659 555 964 573 9 531 201 207 466 298 145 358 634 851 343 233 172 994 250 239 893 723 73 135 325 704 91 78 950 328 669 775 598 185 296 4 188 0 574 454 968 153 555 454 533 241 39 127 924 
197 610 380 105 548 16 375 644 697 957 679 598 240 465 962 913 160 929 317 82 509 289 506 893 924 982 343 864 286 862 177 579 851 613 120 408 459 367 752 462 677 405 568 848 99 310 453 544 574 0 683 437 727 156 199 589 440 662 318 459 
912 427 986 187 475 555 162 452 394 750 192 409 712 970 543 59 811 66 30 621 307 531 182 736 934 583 963 786 647 929 753 843 307 361 23 772 824 441 904 186 839 817 800 471 745 562 586 590 454 683 0 777 386 488 389 311 404 764 848 253 
23 559 478 916 662 585 169 455 558 805 868 262 315 527 996 648 409 907 516 665 488 983 692 96 116 233 745 661 311 115 457 930 377 699 327 166 547 332 862 383 733 739 264 18 470 755 804 480 968 437 777 0 198 523 308 70 866 801 455 878 
997 30 81 135 132 555 459 315 363 875 436 356 269 339 598 650 595 32 482 781 874 823 930 805 902 765 263 320 3 961 761 924 365 953 207 486 143 158 983 552 249 955 395 413 726 5 780 306 153 727 386 198 0 909 138 156 480 921 754 282 
15 507 208 802 187 511 116 156 699 262 358 586 933 624 754 738 794 986 31 494 344 731 462 412 472 986 916 927 676 732 125 181 453 70 337 493 142 596 236 476 529 924 704 696 697 235 945 935 555 156 488 523 909 0 793 944 102 569 760 188 
986 717 168 15 74 219 26 773 81 665 614 548 124 278 308 180 399 687 779 218 294 855 299 467 29 874 392 811 443 429 387 182 910 485 909 396 375 7 653 235 667 774 512 530 424 169 602 320 454 199 389 308 138 793 0 280 293 402 862 190 
836 124 825 503 140 701 999 656 21 373 778 456 184 316 60 77 108 241 83 996 947 711 107 639 802 858 585 44 286 648 430 144 68 254 159 438 371 251 502 846 478 419 860 782 292 420 771 80 533 589 311 70 156 944 280 0 788 949 108 54 
535 333 792 978 770 533 524 362 899 501 517 189 984 9 728 313 335 320 812 213 600 861 444 871 721 72 559 243 854 46 644 521 582 900 888 611 932 154 579 566 216 594 888 215 800 753 773 145 241 440 404 866 480 102 293 788 0 143 42 460 
715 496 377 124 318 83 357 253 850 8 29 46 299 297 533 954 180 170 358 191 106 802 675 246 834 577 495 945 459 825 641 65 636 907 28 588 871 524 480 336 79 337 718 502 778 273 644 125 39 662 764 801 921 569 402 949 143 0 340 562 
260 861 325 436 953 886 527 336 820 118 697 644 539 764 983 978 564 950 826 370 880 680 618 614 602 584 496 291 532 178 394 44 787 269 878 475 279 101 843 742 48 971 768 336 891 771 6 715 127 318 848 455 754 760 862 108 42 340 0 342 
582 699 1 799 99 111 146 23 536 930 496 990 633 476 153 176 804 320 949 560 468 266 423 810 654 672 431 179 15 90 314 499 477 734 483 696 660 908 694 324 211 413 91 555 191 619 654 923 924 459 253 878 282 188 190 54 460 562 342 0 
0 711 594 509 815 206 473 801 496 621 356 246 669 315 706 900 734 464 928 190 165 653 219 656 83 206 506 352 872 73 310 164 789 583 397 403 614 156 17 855 78 643 331 765 673 355 305 472 38 211 552 612 760 723 934 943 82 684 979 956 
711 0 469 929 354 582 421 718 632 204 482 859 3 992 456 165 233 806 760 833 849 606 367 372 967 958 95 343 73 213 142 594 394 66 566 465 77 861 58 166 10 400 686 819 851 11 719 849 383 487 946 113 845 248 869 353 700 563 329 647 
594 469 0 516 140 925 908 904 395 979 464 758 255 174 945 124 61 417 137 785 805 631 989 34 205 697 967 882 88 567 641 763 976 620 415 714 173 802 214 705 771 932 20 539 691 64 400 741 241 799 419 383 74 939 422 819 381 673 277 47 
509 929 516 0 219 416 393 736 653 966 280 291 589 95 675 241 783 138 560 764 976 357 529 380 328 553 519 871 605 68 523 811 830 376 611 199 753 918 844 857 778 640 555 300 713 548 88 737 998 34 562 625 34 591 487 14 827 120 152 299 
815 354 140 219 0 166 476 395 746 546 455 962 983 383 512 959 213 61 290 164 438 672 361 134 674 215 911 906 154 939 41 698 355 701 544 629 129 403 118 423 783 987 973 997 271 269 962 511 221 459 509 340 749 380 927 197 88 113 264 767 
206 582 925 416 166 0 218 499 541 220 525 645 415 514 178 630 257 290 160 991 162 36 120 365 164 618 108 248 41 343 867 392 876 633 428 944 740 264 26 427 480 641 277 815 813 198 712 34 287 590 375 880 982 714 895 562 599 357 455 598 
473 421 908 393 476 218 0 637 566 919 73 417 34 252 638 489 565 378 689 796 176 752 959 244 379 927 63 639 665 257 452 230 956 888 152 347 646 471 86 414 509 934 887 826 24 523 134 358 526 784 355 636 405 121 5 252 54 161 942 540 
801 718 904 736 395 499 637 0 894 386 190 554 477 182 1 474 585 515 760 359 54 730 932 381 162 910 949 122 618 529 249 64 714 844 458 908 494 931 550 590 828 508 584 704 54 38 686 131 710 495 384 535 27 405 153 482 243 573 436 159 
496 632 395 653 746 541 566 894 0 597 479 462 624 574 4 385 835 615 962 212 568 692 176 662 787 177 550 409 483 178 834 826 358 79 878 139 522 351 94 867 764 656 118 822 176 324 721 111 280 559 992 998 927 857 464 593 607 823 974 412 
621 204 979 966 546 220 919 386 597 0 290 866 625 215 530 887 203 969 169 357 45 860 353 546 926 111 120 876 564 255 869 754 514 275 889 265 869 960 274 365 488 363 448 891 545 149 956 955 606 354 683 372 590 124 113 229 741 950 134 732 
356 482 464 280 455 525 73 190 479 290 0 546 280 51 97 231 297 73 141 629 241 829 304 216 235 259 590 485 658 213 887 232 144 222 72 144 900 208 974 477 138 641 896 15 978 440 763 742 629 423 889 436 663 793 231 641 669 53 786 916 
246 859 758 291 962 645 417 554 462 866 546 0 228 937 922 789 641 24 471 91 427 579 720 46 237 348 323 371 649 142 740 940 528 784 610 215 558 171 634 529 411 501 39 18 32 359 246 779 686 536 141 158 629 637 461 553 540 91 823 293 
669 3 255 589 983 415 34 477 624 625 280 228 0 775 668 122 79 433 472 296 384 695 916 159 658 448 130 135 747 824 391 481 743 90 508 543 244 49 252 139 541 343 58 147 586 688 593 885 958 700 200 440 549 593 319 717 448 604 777 311 
315 992 174 95 383 514 252 182 574 215 51 937 775 0 134 712 197 623 785 622 824 390 506 219 156 902 825 509 260 845 465 69 111 553 113 50 950 806 843 391 747 647 515 392 411 497 487 745 653 131 910 400 752 658 553 150 987 134 592 121 
706 456 945 675 512 178 638 1 4 530 97 922 668 134 0 113 312 397 143 956 16 519 466 18 44 307 857 998 574 348 309 311 411 738 488 608 921 506 188 100 736 813 746 711 876 182 842 492 408 710 587 442 444 790 56 248 657 188 510 573 
900 165 124 241 959 630 489 474 385 887 231 789 122 712 113 0 125 781 407 142 833 214 645 354 264 141 891 433 640 849 48 750 351 635 336 180 785 340 986 352 545 779 802 639 818 197 459 406 770 302 63 827 172 840 626 643 184 467 709 143 
734 233 61 783 213 257 565 585 835 203 297 641 79 197 312 125 0 438 425 882 131 944 680 497 227 248 256 379 470 727 458 250 787 208 504 956 862 479 662 117 704 49 504 819 992 426 503 856 369 955 558 519 851 483 89 155 336 843 168 684 
464 806 417 138 61 290 378 515 615 969 73 24 433 623 397 781 438 0 266 368 343 621 936 727 828 580 559 256 812 872 95 646 498 482 912 962 671 87 720 613 256 445 120 998 782 387 310 373 327 427 26 93 658 213 606 593 708 61 461 654 
928 760 137 560 290 160 689 760 962 169 141 471 472 785 143 407 425 266 0 416 927 357 49 907 840 41 735 904 780 131 913 172 834 973 447 573 908 778 108 507 604 643 619 166 100 418 25 804 100 177 895 922 69 760 575 359 887 640 118 983 
190 833 785 764 164 991 796 359 212 357 629 91 296 622 956 142 882 368 416 0 438 9 913 636 848 187 62 634 206 178 32 766 649 529 832 500 845 709 832 245 676 321 489 846 390 261 951 581 757 568 546 591 98 485 418 167 744 548 679 422 
165 849 805 976 438 162 176 54 568 45 241 427 384 824 16 833 131 343 927 438 0 603 361 907 167 914 65 709 89 656 325 739 100 265 849 858 26 89 284 742 350 887 83 894 391 757 86 1000 214 286 923 249 367 956 874 406 888 108 693 514 
653 606 631 357 672 36 752 730 692 860 829 579 695 390 519 214 944 621 357 9 603 0 415 392 892 840 520 459 653 608 541 166 989 993 310 381 825 675 438 818 909 232 694 333 121 101 719 952 45 197 806 13 685 336 251 875 233 241 628 154 
219 367 989 529 361 120 959 932 176 353 304 720 916 506 466 645 680 936 49 913 361 415 0 889 602 753 772 61 561 495 858 470 149 509 654 397 646 760 712 639 484 152 43 42 697 481 904 750 512 470 289 748 202 497 48 804 789 353 183 814 
656 372 34 380 134 365 244 381 662 546 216 46 159 219 18 354 497 727 907 636 907 392 889 0 515 69 401 470 277 626 222 514 992 641 612 972 819 411 715 52 57 382 856 886 494 430 348 408 156 108 404 165 609 838 348 421 398 819 646 637 
83 967 205 328 674 164 379 162 787 926 235 237 658 156 44 264 227 828 840 848 167 892 602 515 0 52 302 168 427 486 983 94 672 648 265 256 966 875 979 895 798 211 906 769 871 625 245 719 562 261 898 86 784 750 842 504 86 22 124 176 
206 958 697 553 215 618 927 910 177 111 259 348 448 902 307 141 248 580 41 187 914 840 753 69 52 0 952 231 948 690 525 814 842 194 382 748 661 812 914 575 395 36 566 690 867 727 81 98 814 223 910 838 682 295 424 409 506 112 158 348 
506 95 967 519 911 108 63 949 550 120 590 323 130 825 857 891 256 559 735 62 65 520 772 401 302 952 0 712 897 638 708 676 922 573 536 872 349 324 453 933 455 171 599 462 880 89 125 917 58 8 196 517 145 975 257 866 230 759 521 144 
352 343 882 871 906 248 639 122 409 876 485 371 135 509 998 433 379 256 904 634 709 459 61 470 168 231 712 0 832 228 762 441 179 933 744 674 694 67 931 426 284 384 190 587 438 520 252 500 32 967 976 11 401 140 312 417 660 767 222 457 
872 73 88 605 154 41 665 618 483 564 658 649 747 260 574 640 470 812 780 206 89 653 561 277 427 948 897 832 0 458 469 71 427 426 122 871 194 217 973 400 249 310 458 769 769 890 622 297 160 490 141 345 621 841 646 52 232 955 310 15 
73 213 567 68 939 343 257 529 178 255 213 142 824 845 348 849 727 872 131 178 656 608 495 626 486 690 638 228 458 0 113 680 677 827 381 853 386 655 538 962 141 766 340 411 688 833 490 235 835 236 156 905 863 275 466 964 425 389 775 90 
310 142 641 523 41 867 452 249 834 869 887 740 391 465 309 48 458 95 913 32 325 541 858 222 983 525 708 762 469 113 0 150 891 312 527 25 289 946 210 922 838 535 703 196 743 828 861 547 408 826 652 783 384 174 491 432 234 492 120 975 
164 594 763 811 698 392 230 64 826 754 232 940 481 69 311 750 250 646 172 766 739 166 470 514 94 814 676 441 71 680 150 0 983 611 170 786 885 616 408 559 288 157 632 845 92 579 439 254 128 266 212 433 636 31 199 988 924 99 502 708 
789 394 976 830 355 876 956 714 358 514 144 528 743 111 411 351 787 498 834 649 100 989 149 992 672 842 922 179 427 677 891 983 0 839 482 283 895 122 15 442 786 286 970 914 576 55 331 940 812 554 1 866 664 564 965 412 155 5 491 254 
583 66 620 376 701 633 888 844 79 275 222 784 90 553 738 635 208 482 973 529 265 993 509 641 648 194 573 933 426 827 312 611 839 0 142 409 685 147 604 977 804 282 505 400 311 206 220 787 266 229 899 999 89 29 504 322 584 128 821 657 
397 566 415 611 544 428 152 458 878 889 72 610 508 113 488 336 504 912 447 832 849 310 654 612 265 382 536 744 122 381 527 170 482 142 0 384 65 702 462 861 519 150 577 544 945 380 765 277 760 396 922 18 69 104 239 114 445 491 952 380 
403 465 714 199 629 944 347 908 139 265 144 215 543 50 608 180 956 962 573 500 858 381 397 972 256 748 872 674 871 853 25 786 283 409 384 0 505 72 760 120 877 642 745 299 193 972 633 133 897 117 831 162 317 976 338 658 949 540 916 785 
614 77 173 753 129 740 646 494 522 869 900 558 244 950 921 785 862 671 908 845 26 825 646 819 966 661 349 694 194 386 289 885 895 685 65 505 0 547 490 807 652 610 380 95 381 452 319 400 73 896 568 629 248 928 109 675 957 102 321 402 
156 861 802 918 403 264 471 931 351 960 208 171 49 806 506 340 479 87 778 709 89 675 760 411 875 812 324 67 217 655 946 616 122 147 702 72 547 0 28 706 42 387 241 756 220 796 927 450 398 115 728 383 222 385 516 420 674 592 727 954 
17 58 214 844 118 26 86 550 94 274 974 634 252 843 188 986 662 720 108 832 284 438 712 715 979 914 453 931 973 538 210 408 15 604 462 760 490 28 0 920 294 339 796 782 487 317 43 79 496 415 346 129 770 423 929 135 589 141 397 520 
855 166 705 857 423 427 414 590 867 365 477 529 139 391 100 352 117 613 507 245 742 818 639 52 895 575 933 426 400 962 922 559 442 977 861 120 807 706 920 0 12 859 462 590 537 575 815 121 607 362 521 633 903 983 639 82 8 190 639 164 
78 10 771 778 783 480 509 828 764 488 138 411 541 747 736 545 704 256 604 676 350 909 484 57 798 395 455 284 249 141 838 288 786 804 519 877 652 42 294 12 0 643 340 988 951 371 177 67 642 517 784 172 838 747 235 274 811 60 347 884 
643 400 932 640 987 641 934 508 656 363 641 501 343 647 813 779 49 445 643 321 887 232 152 382 211 36 171 384 310 766 535 157 286 282 150 642 610 387 339 859 643 0 816 96 295 850 91 946 134 211 543 235 810 786 563 901 586 205 391 248 
331 686 20 555 973 277 887 584 118 448 896 39 58 515 746 802 504 120 619 489 83 694 43 856 906 566 599 190 458 340 703 632 970 505 577 745 380 241 796 462 340 816 0 948 292 657 301 345 28 245 396 198 197 659 861 219 386 365 458 478 
765 819 539 300 997 815 826 704 822 891 15 18 147 392 711 639 819 998 166 846 894 333 42 886 769 690 462 587 769 411 196 845 914 400 544 299 95 756 782 590 988 96 948 0 201 267 665 644 914 782 846 855 583 215 424 825 620 48 594 483 
673 851 691 713 271 813 24 54 176 545 978 32 586 411 876 818 992 782 100 390 391 121 697 494 871 867 880 438 769 688 743 92 576 311 945 193 381 220 487 537 951 295 292 201 0 964 868 914 53 677 740 89 485 407 395 662 849 366 174 95 
355 11 64 548 269 198 523 38 324 149 440 359 688 497 182 197 426 387 418 261 757 101 481 430 625 727 89 520 890 833 828 579 55 206 380 972 452 796 317 575 371 850 657 267 964 0 996 415 924 338 217 234 611 159 820 976 664 603 741 213 
305 719 400 88 962 712 134 686 721 956 763 246 593 487 842 459 503 310 25 951 86 719 904 348 245 81 125 252 622 490 861 439 331 220 765 633 319 927 43 815 177 91 301 665 868 996 0 270 981 97 200 253 826 761 76 797 244 901 13 536 
472 849 741 737 511 34 358 131 111 955 742 779 885 745 492 406 856 373 804 581 1000 952 750 408 719 98 917 500 297 235 547 254 940 787 277 133 400 450 79 121 67 946 345 644 914 415 270 0 757 198 297 218 884 536 178 785 177 978 17 552 
38 383 241 998 221 287 526 710 280 606 629 686 958 653 408 770 369 327 100 757 214 45 512 156 562 814 58 32 160 835 408 128 812 266 760 897 73 398 496 607 642 134 28 914 53 924 981 757 0 635 60 170 766 126 671 636 215 501 160 91 
211 487 799 34 459 590 784 495 559 354 423 536 700 131 710 302 955 427 177 568 286 197 470 108 261 223 8 967 490 236 826 266 554 229 396 117 896 115 415 362 517 211 245 782 677 338 97 198 635 0 107 94 644 994 318 168 250 380 438 797 
552 946 419 562 509 375 355 384 992 683 889 141 200 910 587 63 558 26 895 546 923 806 289 404 898 910 196 976 141 156 652 212 1 899 922 831 568 728 346 521 784 543 396 846 740 217 200 297 60 107 0 662 63 250 797 234 45 315 322 284 
612 113 383 625 340 880 636 535 998 372 436 158 440 400 442 827 519 93 922 591 249 13 748 165 86 838 517 11 345 905 783 433 866 999 18 162 629 383 129 633 172 235 198 855 89 234 253 218 170 94 662 0 259 863 694 559 180 755 130 871 
760 845 74 34 749 982 405 27 927 590 663 629 549 752 444 172 851 658 69 98 367 685 202 609 784 682 145 401 621 863 384 636 664 89 69 317 248 222 770 903 838 810 197 583 485 611 826 884 766 644 63 259 0 721 39 373 374 590 773 160 
723 248 939 591 380 714 121 405 857 124 793 637 593 658 790 840 483 213 760 485 956 336 497 838 750 295 975 140 841 275 174 31 564 29 104 976 928 385 423 983 747 786 659 215 407 159 761 536 126 994 250 863 721 0 837 172 538 257 661 382 
934 869 422 487 927 895 5 153 464 113 231 461 319 553 56 626 89 606 575 418 874 251 48 348 842 424 257 312 646 466 491 199 965 504 239 338 109 516 929 639 235 563 861 424 395 820 76 178 671 318 797 694 39 837 0 683 256 617 335 656 
943 353 819 14 197 562 252 482 593 229 641 553 717 150 248 643 155 593 359 167 406 875 804 421 504 409 866 417 52 964 432 988 412 322 114 658 675 420 135 82 274 901 219 825 662 976 797 785 636 168 234 559 373 172 683 0 377 685 96 958 
82 700 381 827 88 599 54 243 607 741 669 540 448 987 657 184 336 708 887 744 888 233 789 398 86 506 230 660 232 425 234 924 155 584 445 949 957 674 589 8 811 586 386 620 849 664 244 177 215 250 45 180 374 538 256 377 0 111 98 980 
684 563 673 120 113 357 161 573 823 950 53 91 604 134 188 467 843 61 640 548 108 241 353 819 22 112 759 767 955 389 492 99 5 128 491 540 102 592 141 190 60 205 365 48 366 603 901 978 501 380 315 755 590 257 617 685 111 0 505 951 
979 329 277 152 264 455 942 436 974 134 786 823 777 592 510 709 168 461 118 679 693 628 183 646 124 158 521 222 310 775 120 502 491 821 952 916 321 727 397 639 347 391 458 594 174 741 13 17 160 438 322 130 773 661 335 96 98 505 0 241 
956 647 47 299 767 598 540 159 412 732 916 293 311 121 573 143 684 654 983 422 514 154 814 637 176 348 144 457 15 90 975 708 254 657 380 785 402 954 520 164 884 248 478 483 95 213 536 552 91 797 284 871 160 382 656 958 980 951 241 0 
0 290 407 492 186 795 528 200 505 380 645 755 332 686 295 101 267 537 73 811 836 348 782 345 918 795 495 649 129 928 691 837 212 418 604 598 387 845 984 146 923 358 670 236 328 646 696 529 963 790 449 389 241 278 67 58 919 317 22 45 
290 0 532 72 647 419 580 283 369 797 519 142 998 9 545 836 768 195 241 168 152 395 634 629 34 43 906 658 928 788 859 407 607 935 435 536 924 140 943 835 991 601 315 182 150 990 282 152 618 514 55 888 156 753 132 648 301 438 672 354 
407 532 0 485 861 76 93 97 606 22 537 243 746 827 56 877 940 584 864 216 196 370 12 967 796 304 34 119 913 434 360 238 25 381 586 287 828 199 787 296 230 69 981 462 310 937 601 260 760 202 582 618 927 62 579 182 620 328 724 954 
492 72 485 0 782 585 608 265 348 35 721 710 412 906 326 760 218 863 441 237 25 644 472 621 673 448 482 130 396 933 478 190 171 625 390 802 248 83 157 144 223 361 446 701 288 453 913 264 3 967 439 376 967 410 514 987 174 881 849 702 
186 647 861 782 0 835 525 606 255 455 546 39 18 618 489 42 788 940 711 837 563 329 640 867 327 786 90 95 847 62 960 303 646 300 457 372 872 598 883 578 218 14 28 4 730 732 39 490 780 542 492 661 252 621 74 804 913 888 737 234 
795 419 76 585 835 0 783 502 460 781 476 356 586 487 823 371 744 711 841 10 839 965 881 636 837 383 893 753 960 658 134 609 125 368 573 57 261 737 975 574 521 360 724 186 188 803 289 967 714 411 626 121 19 287 106 439 402 644 546 403 
528 580 93 608 525 783 0 364 435 82 928 584 967 749 363 512 436 623 312 205 825 249 42 757 622 74 938 362 336 744 549 771 45 113 849 654 355 530 915 587 492 67 114 175 977 478 867 643 475 217 646 365 596 880 996 749 947 840 59 461 
200 283 97 265 606 502 364 0 107 615 811 447 524 819 1000 527 416 486 241 642 947 271 69 620 839 91 52 879 383 472 752 937 287 157 543 93 507 70 451 411 173 493 417 297 947 963 315 870 291 506 617 466 974 596 848 519 758 428 565 842 
505 369 606 348 255 460 435 107 0 404 522 539 377 427 997 616 166 386 39 789 433 309 825 339 214 824 451 592 518 823 167 175 643 922 123 862 479 650 907 134 237 345 883 179 825 677 280 890 721 442 9 3 74 144 537 408 394 178 27 589 
380 797 22 35 455 781 82 615 404 0 711 135 376 786 471 114 798 32 832 644 956 141 648 455 75 890 881 125 437 746 132 247 487 726 112 736 132 41 727 636 513 638 553 110 456 852 45 46 395 647 318 629 411 877 888 772 260 51 867 269 
645 519 537 721 546 476 928 811 522 711 0 455 721 950 904 770 704 928 860 372 760 172 697 785 766 742 411 516 343 788 114 769 857 779 929 857 101 793 27 524 863 360 105 986 23 561 238 259 372 578 112 565 338 208 770 360 332 948 215 85 
755 142 243 710 39 356 584 447 539 135 455 0 773 64 79 212 360 977 530 910 574 422 281 955 764 653 678 630 352 859 261 61 473 217 391 786 443 830 367 472 590 500 962 983 969 642 755 222 315 465 860 843 372 364 540 448 461 910 178 708 
332 998 746 412 18 586 967 524 377 376 721 773 0 226 333 879 922 568 529 705 617 306 85 842 343 553 871 866 254 177 610 520 258 911 493 458 757 952 749 862 460 658 943 854 415 313 408 116 43 301 801 561 452 408 682 284 553 397 224 690 
686 9 827 906 618 487 749 819 427 786 950 64 226 0 867 289 804 378 216 379 177 611 495 782 845 99 176 492 741 156 536 932 890 448 888 951 51 195 158 610 254 354 486 609 590 504 514 256 348 870 91 601 249 343 448 851 14 867 409 880 
295 545 56 326 489 823 363 1000 997 471 904 79 333 867 0 888 689 604 858 45 985 482 535 983 957 694 144 3 427 653 692 690 590 263 513 393 80 495 813 901 265 188 255 290 125 819 159 509 593 291 414 559 557 211 945 753 344 813 491 428 
101 836 877 760 42 371 512 527 616 114 770 212 879 289 888 0 876 220 594 859 168 787 356 647 737 860 110 568 361 152 953 251 650 366 665 821 216 661 15 649 456 222 199 362 183 804 542 595 231 699 938 174 829 161 375 358 817 534 292 858 
267 768 940 218 788 744 436 416 166 798 704 360 922 804 689 876 0 563 576 119 870 57 321 504 774 753 745 622 531 274 543 751 214 793 497 45 139 522 339 884 297 952 497 182 9 575 498 145 632 46 443 482 150 518 912 846 665 158 833 317 
537 195 584 863 940 711 623 486 386 32 928 977 568 378 604 220 563 0 735 633 658 380 65 274 173 421 442 745 189 129 906 355 503 519 89 39 330 914 281 388 745 556 881 3 219 614 691 628 674 574 975 908 343 788 395 408 293 940 540 347 
73 241 864 441 711 841 312 241 39 832 860 530 529 216 858 594 576 735 0 585 74 644 952 94 161 960 266 97 221 870 88 829 167 28 554 428 93 223 893 494 397 358 382 835 901 583 976 197 901 824 106 79 932 241 426 642 114 361 883 18 
811 168 216 237 837 10 205 642 789 644 372 910 705 379 45 859 119 633 585 0 563 992 88 365 153 814 939 367 795 823 969 235 352 472 169 501 156 292 169 756 325 680 512 155 611 740 50 420 244 433 455 410 903 516 583 834 257 453 322 579 
836 152 196 25 563 839 825 947 433 956 760 574 617 177 985 168 870 658 74 563 0 398 640 94 834 87 936 292 912 345 676 262 901 736 152 143 975 912 717 259 651 114 918 107 610 244 915 1 787 715 78 752 634 45 127 595 113 893 308 487 
348 395 370 644 329 965 249 271 309 141 172 422 306 611 482 787 57 380 644 992 398 0 586 609 109 161 481 542 348 393 460 835 12 8 691 620 176 326 563 183 92 769 307 668 880 900 282 49 956 804 195 988 316 665 750 126 768 760 373 847 
782 634 12 472 640 881 42 69 825 648 697 281 85 495 535 356 321 65 952 88 640 586 0 112 399 248 229 940 440 506 143 531 852 492 347 604 355 241 289 362 517 849 958 959 304 520 97 251 489 531 712 253 799 504 953 197 212 648 818 187 
345 629 967 621 867 636 757 620 339 455 785 955 842 782 983 647 504 274 94 365 94 609 112 0 486 932 600 531 724 375 779 487 9 360 389 29 182 590 286 949 944 619 145 115 507 571 653 593 845 893 597 836 392 163 653 580 603 182 355 364 
918 34 796 673 327 837 622 839 214 75 766 764 343 845 957 737 774 173 161 153 834 109 399 486 0 949 699 833 574 515 18 907 329 353 736 745 35 126 22 106 203 790 95 232 130 376 756 282 439 740 103 915 217 251 159 497 915 979 877 825 
795 43 304 448 786 383 74 91 824 890 742 653 553 99 694 860 753 421 960 814 87 161 248 932 949 0 49 770 53 311 476 187 159 807 619 253 340 189 87 426 606 965 435 311 134 274 920 903 187 778 91 163 319 706 577 592 495 889 843 653 
495 906 34 482 90 893 938 52 451 881 411 678 871 176 144 110 745 442 266 939 936 481 229 600 699 49 0 289 104 363 293 325 79 428 465 129 652 677 548 68 546 830 402 539 121 912 876 84 943 993 805 484 856 26 744 135 771 242 480 857 
649 658 119 130 95 753 362 879 592 125 516 630 866 492 3 568 622 745 97 367 292 542 940 531 833 770 289 0 169 773 239 560 822 68 257 327 307 934 70 575 717 617 811 414 563 481 749 501 969 34 25 990 600 861 689 584 341 234 779 544 
129 928 913 396 847 960 336 383 518 437 343 352 254 741 427 361 531 189 221 795 912 348 440 724 574 53 104 169 0 543 532 930 574 575 879 130 807 784 28 601 752 691 543 232 232 111 379 704 841 511 860 656 380 160 355 949 769 46 691 986 
928 788 434 933 62 658 744 472 823 746 788 859 177 156 653 152 274 129 870 823 345 393 506 375 515 311 363 773 543 0 888 321 324 174 620 148 615 346 463 39 860 235 661 590 313 168 511 766 166 765 845 96 138 726 535 37 576 612 226 911 
691 859 360 478 960 134 549 752 167 132 114 261 610 536 692 953 543 906 88 969 676 460 143 779 18 476 293 239 532 888 0 851 110 689 474 976 712 55 791 79 163 466 298 805 258 173 140 454 593 175 349 218 617 827 510 569 767 509 881 26 
837 407 238 190 303 609 771 937 175 247 769 61 520 932 690 251 751 355 829 235 262 835 531 487 907 187 325 560 930 321 851 0 18 390 831 215 116 385 593 442 713 844 369 156 909 422 562 747 873 735 789 568 365 970 802 13 77 902 499 293 
212 607 25 171 646 125 45 287 643 487 857 473 258 890 590 650 214 503 167 352 901 12 852 9 329 159 79 822 574 324 110 18 0 162 519 718 106 879 986 559 215 715 31 87 425 946 670 61 189 447 1000 135 337 437 36 589 846 996 510 747 
418 935 381 625 300 368 113 157 922 726 779 217 911 448 263 366 793 519 28 472 736 8 492 360 353 807 428 68 575 174 689 390 162 0 859 592 316 854 397 24 197 719 496 601 690 795 781 214 735 772 102 2 912 972 497 679 417 873 180 344 
604 435 586 390 457 573 849 543 123 112 929 391 493 888 513 665 497 89 554 169 152 691 347 389 736 619 465 257 879 620 474 831 519 859 0 617 936 299 539 140 482 851 424 457 56 621 236 724 241 605 79 983 932 897 762 887 556 510 49 621 
598 536 287 802 372 57 654 93 862 736 857 786 458 951 393 821 45 39 428 501 143 620 604 29 745 253 129 327 130 148 976 215 718 592 617 0 496 929 241 881 124 359 256 702 808 29 368 868 104 884 170 839 684 25 663 343 52 461 85 216 
387 924 828 248 872 261 355 507 479 132 101 443 757 51 80 216 139 330 93 156 975 176 355 182 35 340 652 307 807 615 712 116 106 316 936 496 0 454 511 194 349 391 621 906 620 549 682 601 928 105 433 372 753 73 892 326 44 899 680 599 
845 140 199 83 598 737 530 70 650 41 793 830 952 195 495 661 522 914 223 292 912 326 241 590 126 189 677 934 784 346 55 385 879 854 299 929 454 0 973 295 959 614 760 245 781 205 74 551 603 886 273 618 779 616 485 581 327 409 274 47 
984 943 787 157 883 975 915 451 907 727 27 367 749 158 813 15 339 281 893 169 717 563 289 286 22 87 548 70 28 463 791 593 986 397 539 241 511 973 0 81 707 662 205 219 514 684 958 922 505 586 655 872 231 578 72 866 412 860 604 481 
146 835 296 144 578 574 587 411 134 636 524 472 862 610 901 649 884 388 494 756 259 183 362 949 106 426 68 575 601 39 79 442 559 24 140 881 194 295 81 0 989 142 539 411 464 426 186 880 394 639 480 368 98 18 362 919 993 811 362 837 
923 991 230 223 218 521 492 173 237 513 863 590 460 254 265 456 297 745 397 325 651 92 517 944 203 606 546 717 752 860 163 713 215 197 482 124 349 959 707 989 0 358 661 13 50 630 824 934 359 484 217 829 163 254 766 727 190 941 654 117 
358 601 69 361 14 360 67 493 345 638 360 500 658 354 188 222 952 556 358 680 114 769 849 619 790 965 830 617 691 235 466 844 715 719 851 359 391 614 662 142 358 0 185 905 706 151 910 55 867 790 458 766 191 215 438 100 415 796 610 753 
670 315 981 446 28 724 114 417 883 553 105 962 943 486 255 199 497 881 382 512 918 307 958 145 95 435 402 811 543 661 298 369 31 496 424 256 621 760 205 539 661 185 0 53 709 344 700 656 973 756 605 803 804 342 140 782 615 636 543 523 
236 182 462 701 4 186 175 297 179 110 986 983 854 609 290 362 182 3 835 155 107 668 959 115 232 311 539 414 232 590 805 156 87 601 457 702 906 245 219 411 13 905 53 0 800 734 336 357 87 219 155 146 418 786 577 176 381 953 407 518 
328 150 310 288 730 188 977 947 825 456 23 969 415 590 125 183 9 219 901 611 610 880 304 507 130 134 121 563 232 313 258 909 425 690 56 808 620 781 514 464 50 706 709 800 0 37 133 87 948 324 261 912 516 594 606 339 152 635 827 906 
646 990 937 453 732 803 478 963 677 852 561 642 313 504 819 804 575 614 583 740 244 900 520 571 376 274 912 481 111 168 173 422 946 795 621 29 549 205 684 426 630 151 344 734 37 0 5 586 77 663 784 767 390 842 181 25 337 398 260 788 
696 282 601 913 39 289 867 315 280 45 238 755 408 514 159 542 498 691 976 50 915 282 97 653 756 920 876 749 379 511 140 562 670 781 236 368 682 74 958 186 824 910 700 336 133 5 0 731 20 904 801 748 175 240 925 204 757 100 988 465 
529 152 260 264 490 967 643 870 890 46 259 222 116 256 509 595 145 628 197 420 1 49 251 593 282 903 84 501 704 766 454 747 61 214 724 868 601 551 922 880 934 55 656 357 87 586 731 0 244 803 704 783 117 465 823 216 824 23 984 449 
963 618 760 3 780 714 475 291 721 395 372 315 43 348 593 231 632 674 901 244 787 956 489 845 439 187 943 969 841 166 593 873 189 735 241 104 928 603 505 394 359 867 973 87 948 77 20 244 0 366 941 831 235 875 330 365 786 500 841 910 
790 514 202 967 542 411 217 506 442 647 578 465 301 870 291 699 46 574 824 433 715 804 531 893 740 778 993 34 511 765 175 735 447 772 605 884 105 886 586 639 484 790 756 219 324 663 904 803 366 0 894 907 357 7 683 833 751 621 563 204 
449 55 582 439 492 626 646 617 9 318 112 860 801 91 414 938 443 975 106 455 78 195 712 597 103 91 805 25 860 845 349 789 1000 102 79 170 433 273 655 480 217 458 605 155 261 784 801 704 941 894 0 339 938 751 204 767 956 686 679 717 
389 888 618 376 661 121 365 466 3 629 565 843 561 601 559 174 482 908 79 410 752 988 253 836 915 163 484 990 656 96 218 568 135 2 983 839 372 618 872 368 829 766 803 146 912 767 748 783 831 907 339 0 742 138 307 442 821 246 871 130 
241 156 927 967 252 19 596 974 74 411 338 372 452 249 557 829 150 343 932 903 634 316 799 392 217 319 856 600 380 138 617 365 337 912 932 684 753 779 231 98 163 191 804 418 516 390 175 117 235 357 938 742 0 280 962 628 627 411 228 841 
278 753 62 410 621 287 880 596 144 877 208 364 408 343 211 161 518 788 241 516 45 665 504 163 251 706 26 861 160 726 827 970 437 972 897 25 73 616 578 18 254 215 342 786 594 842 240 465 875 7 751 138 280 0 164 829 463 744 340 619 
67 132 579 514 74 106 996 848 537 888 770 540 682 448 945 375 912 395 426 583 127 750 953 653 159 577 744 689 355 535 510 802 36 497 762 663 892 485 72 362 766 438 140 577 606 181 925 823 330 683 204 307 962 164 0 318 745 384 666 345 
58 648 182 987 804 439 749 519 408 772 360 448 284 851 753 358 846 408 642 834 595 126 197 580 497 592 135 584 949 37 569 13 589 679 887 343 326 581 866 919 727 100 782 176 339 25 204 216 365 833 767 442 628 829 318 0 624 316 905 43 
919 301 620 174 913 402 947 758 394 260 332 461 553 14 344 817 665 293 114 257 113 768 212 603 915 495 771 341 769 576 767 77 846 417 556 52 44 327 412 993 190 415 615 381 152 337 757 824 786 751 956 821 627 463 745 624 0 890 903 21 
317 438 328 881 888 644 840 428 178 51 948 910 397 867 813 534 158 940 361 453 893 760 648 182 979 889 242 234 46 612 509 902 996 873 510 461 899 409 860 811 941 796 636 953 635 398 100 23 500 621 686 246 411 744 384 316 890 0 496 50 
22 672 724 849 737 546 59 565 27 867 215 178 224 409 491 292 833 540 883 322 308 373 818 355 877 843 480 779 691 226 881 499 510 180 49 85 680 274 604 362 654 610 543 407 827 260 988 984 841 563 679 871 228 340 666 905 903 496 0 760 
45 354 954 702 234 403 461 842 589 269 85 708 690 880 428 858 317 347 18 579 487 847 187 364 825 653 857 544 986 911 26 293 747 344 621 216 599 47 481 837 117 753 523 518 906 788 465 449 910 204 717 130 841 619 345 43 21 50 760 0 
