80 3
0 508 724 292 602 22 447 515 586 690 410 849 484 994 278 536 617 348 996 328 246 626 456 344 823 475 144 767 743 485 977 767 901 245 849 571 444 992 402 834 179 33 653 398 412 279 946 543 433 182 406 846 685 442 223 229 753 916 904 758 220 633 425 231 556 112 814 71 181 853 990 147 956 338 3 520 240 935 199 874 
508 0 491 948 276 551 751 507 692 757 518 91 879 522 341 433 716 154 134 401 587 624 86 814 603 335 208 293 702 864 371 116 305 1000 201 656 646 449 928 169 684 842 152 785 96 459 143 695 42 284 50 161 700 485 150 44 209 933 567 895 515 16 340 1000 811 24 938 638 977 7 102 285 931 263 468 964 968 825 898 926 
724 491 0 981 682 565 49 536 840 413 528 884 983 791 630 706 695 957 952 964 556 189 460 94 905 942 627 474 794 638 39 630 950 451 578 886 164 925 114 19 249 598 211 369 549 750 925 371 373 666 114 842 712 119 689 323 95 195 179 925 186 420 474 914 628 684 655 940 811 455 182 771 959 871 752 257 21 67 25 950 
292 948 981 0 456 156 116 961 24 340 71 51 107 637 691 47 55 793 926 908 165 701 188 954 737 776 493 740 322 624 378 404 291 498 418 76 63 14 802 965 337 375 70 90 948 458 932 747 689 274 911 756 790 895 232 579 464 547 682 226 246 975 768 790 41 414 470 59 308 291 412 372 733 911 608 851 70 407 64 155 
602 276 682 456 0 581 303 443 548 488 127 567 621 824 571 444 175 737 213 67 690 686 316 692 463 99 570 463 434 67 56 462 478 393 202 399 454 627 245 678 195 628 544 27 914 372 409 840 426 329 60 619 260 437 28 922 864 352 249 861 673 482 847 421 294 674 596 27 314 886 653 985 103 696 91 22 427 265 112 64 
22 551 565 156 581 0 366 856 620 731 74 833 594 947 848 670 564 300 638 145 936 730 535 437 490 89 537 837 755 666 871 512 346 949 56 520 114 242 523 821 705 94 75 139 980 180 47 243 691 756 837 113 82 216 702 458 993 804 605 155 767 477 711 269 976 702 444 669 267 278 694 965 333 876 594 882 290 319 40 527 
447 751 49 116 303 366 0 780 430 37 24 778 396 955 271 450 654 663 469 938 966 347 353 454 23 874 805 525 619 315 56 988 510 111 689 840 684 885 994 839 339 469 961 899 458 502 846 158 500 742 481 952 112 367 535 956 503 14 825 754 66 577 232 392 912 579 991 5 371 172 46 850 80 642 918 113 656 109 418 626 
515 507 536 961 443 856 780 0 972 937 857 972 947 113 230 144 359 649 741 966 858 826 382 361 249 466 35 907 281 263 299 63 741 833 616 616 880 934 911 947 100 113 718 921 793 76 612 411 403 574 205 537 643 387 760 992 130 743 577 304 943 20 462 348 819 160 193 674 736 143 604 634 41 274 53 263 287 875 453 785 
586 692 840 24 548 620 430 972 0 328 147 769 837 600 290 419 400 555 391 681 219 422 883 88 636 390 798 461 268 50 931 612 479 411 132 218 744 404 586 620 450 62 706 686 902 426 99 858 531 594 60 283 733 737 782 653 69 240 172 594 818 782 916 517 820 419 215 888 978 347 58 485 382 377 393 386 382 79 348 842 
690 757 413 340 488 731 37 937 328 0 545 514 233 506 243 218 500 516 404 245 69 264 195 296 686 131 248 276 754 447 185 253 841 571 185 912 169 745 618 830 983 348 955 3 564 908 646 930 595 152 518 123 632 328 490 537 518 618 171 775 378 678 384 596 630 112 94 499 827 285 419 145 643 622 179 6 905 598 667 792 
410 518 528 71 127 74 24 857 147 545 0 776 894 410 187 26 161 601 555 705 400 642 275 166 58 674 511 815 571 238 641 844 138 239 926 160 621 882 641 677 777 735 317 369 575 607 407 659 74 708 727 701 217 462 838 168 17 705 243 509 925 237 462 433 820 776 810 306 516 315 630 175 666 857 359 432 735 284 21 330 
849 91 884 51 567 833 778 972 769 514 776 0 25 164 820 878 495 321 971 352 836 635 299 788 225 236 451 563 221 774 349 909 752 804 93 893 69 556 965 991 224 896 554 414 879 176 5 28 187 982 920 577 979 135 529 432 116 732 307 146 144 943 973 917 42 335 819 261 481 88 428 694 93 224 392 516 324 306 385 481 
484 879 983 107 621 594 396 947 837 233 894 25 0 231 229 816 126 706 908 825 697 386 180 293 154 390 314 710 106 616 101 300 227 227 474 842 982 934 499 902 560 730 292 387 240 923 692 828 787 434 36 600 288 263 742 885 336 834 185 789 755 105 158 497 341 262 28 485 566 82 795 564 151 857 23 484 395 286 535 870 
994 522 791 637 824 947 955 113 600 506 410 164 231 0 505 194 476 582 228 540 798 113 137 717 177 287 541 219 339 416 112 584 365 209 562 355 742 810 527 483 344 12 622 588 504 987 61 227 915 116 539 968 821 440 742 186 17 956 944 231 808 338 4 735 332 255 437 62 908 490 928 374 274 520 154 306 128 356 278 863 
278 341 630 691 571 848 271 230 290 243 187 820 229 505 0 332 244 988 980 981 431 766 3 395 408 528 623 90 592 495 441 618 712 220 297 38 142 857 766 349 628 862 349 146 680 665 332 882 305 837 508 673 311 623 100 723 781 232 49 966 578 733 10 581 164 49 948 932 45 864 367 840 123 456 690 26 596 682 367 422 
536 433 706 47 444 670 450 144 419 218 26 878 816 194 332 0 300 272 133 946 314 599 330 658 680 757 377 993 805 811 654 349 540 791 914 918 190 480 69 840 160 444 775 672 97 732 948 359 514 984 734 659 725 225 200 2 22 40 807 664 201 487 131 654 66 606 942 589 55 934 868 714 599 600 214 309 766 356 861 146 
617 716 695 55 175 564 654 359 400 500 161 495 126 476 244 300 0 658 466 505 948 401 413 49 971 427 264 811 891 88 734 945 873 519 824 420 238 414 980 643 493 69 594 1000 452 126 661 847 665 994 363 949 737 347 238 459 531 186 32 459 19 128 290 488 904 724 560 146 129 843 410 536 570 104 827 548 859 28 764 817 
348 154 957 793 737 300 663 649 555 516 601 321 706 582 988 272 658 0 266 966 901 895 497 519 922 112 995 144 550 533 711 541 232 616 405 119 421 51 197 201 339 750 361 144 632 707 927 297 569 63 782 35 150 712 726 127 334 391 411 908 319 715 731 705 667 312 279 141 867 755 29 23 161 458 915 47 108 663 964 957 
996 134 952 926 213 638 469 741 391 404 555 971 908 228 980 133 466 266 0 37 919 232 212 261 624 998 436 190 325 348 421 422 675 689 106 719 807 619 684 639 142 680 519 838 177 3 82 43 34 703 35 593 487 261 437 6 75 228 544 580 860 290 137 373 961 406 886 503 909 608 638 528 574 858 202 954 554 380 857 417 
328 401 964 908 67 145 938 966 681 245 705 352 825 540 981 946 505 966 37 0 736 889 311 553 640 175 57 481 444 946 160 351 534 87 145 454 987 965 741 836 885 990 58 172 362 924 926 208 944 863 901 520 211 722 118 106 945 606 699 352 681 315 426 276 608 243 236 545 964 404 710 557 908 581 597 114 187 482 12 887 
246 587 556 165 690 936 966 858 219 69 400 836 697 798 431 314 948 901 919 736 0 388 206 425 874 192 438 175 416 343 587 939 873 300 255 925 644 152 769 703 925 988 227 780 482 492 803 633 521 187 646 203 55 706 861 836 905 513 815 26 520 943 771 101 514 598 753 133 474 723 620 428 809 193 945 939 354 752 467 157 
626 624 189 701 686 730 347 826 422 264 642 635 386 113 766 599 401 895 232 889 388 0 9 774 477 182 338 589 760 511 979 178 419 331 422 541 543 40 559 754 725 844 533 931 464 867 620 202 189 680 407 270 519 126 259 766 802 429 454 591 184 256 279 821 519 887 11 251 227 11 348 63 78 199 964 768 477 596 676 679 
456 86 460 188 316 535 353 382 883 195 275 299 180 137 3 330 413 497 212 311 206 9 0 94 995 785 147 443 420 62 749 164 297 349 298 743 313 474 836 544 48 882 402 25 923 709 248 216 627 245 588 815 385 896 718 69 222 495 750 602 793 736 775 45 539 685 789 305 573 941 434 541 136 391 824 25 727 562 930 41 
344 814 94 954 692 437 454 361 88 296 166 788 293 717 395 658 49 519 261 553 425 774 94 0 679 289 769 336 915 327 816 178 510 916 337 834 274 836 841 630 148 7 861 961 2 890 36 6 924 353 180 984 269 928 798 738 745 357 357 91 811 784 273 424 963 247 521 718 796 469 390 587 511 266 318 300 134 624 547 136 
823 603 905 737 463 490 23 249 636 686 58 225 154 177 408 680 971 922 624 640 874 477 995 679 0 161 322 271 512 593 551 959 663 557 787 686 958 78 354 867 770 485 512 324 367 933 990 73 887 526 438 839 703 836 455 440 404 776 695 379 315 494 231 27 900 452 926 660 408 653 448 538 563 838 807 783 516 517 328 638 
475 335 942 776 99 89 874 466 390 131 674 236 390 287 528 757 427 112 998 175 192 182 785 289 161 0 267 720 406 452 983 15 36 880 23 129 694 151 742 546 602 739 745 707 902 314 190 195 165 862 899 339 609 629 777 92 747 173 989 870 717 912 295 944 297 35 119 304 171 908 417 38 26 451 961 932 361 881 849 433 
144 208 627 493 570 537 805 35 798 248 511 451 314 541 623 377 264 995 436 57 438 338 147 769 322 267 0 942 243 662 670 586 951 84 804 509 836 87 742 768 549 396 151 479 357 419 690 711 375 845 695 415 719 851 510 653 621 60 766 936 220 380 342 701 291 801 140 737 152 96 929 430 25 168 97 985 212 933 568 800 
767 293 474 740 463 837 525 907 461 276 815 563 710 219 90 993 811 144 190 481 175 589 443 336 271 720 942 0 844 185 459 426 518 350 866 899 529 213 409 521 779 710 581 369 596 622 949 182 832 89 2 224 604 287 499 580 419 337 881 695 750 965 539 138 384 644 123 173 835 599 358 9 160 892 796 128 493 891 385 445 
743 702 794 322 434 755 619 281 268 754 571 221 106 339 592 805 891 550 325 444 416 760 420 915 512 406 243 844 0 168 500 146 639 87 675 90 707 261 80 869 130 347 428 251 15 430 699 75 875 940 843 152 198 842 581 220 767 164 804 323 540 397 722 108 167 765 146 481 918 628 909 887 298 671 14 341 28 976 396 293 
485 864 638 624 67 666 315 263 50 447 238 774 616 416 495 811 88 533 348 946 343 511 62 327 593 452 662 185 168 0 834 538 531 385 962 573 199 334 520 960 138 600 829 125 249 444 587 520 959 572 88 497 952 124 244 694 433 980 687 572 530 599 589 302 702 628 721 215 128 824 495 621 900 451 119 848 855 942 498 10 
977 371 39 378 56 871 56 299 931 185 641 349 101 112 441 654 734 711 421 160 587 979 749 816 551 983 670 459 500 834 0 887 227 806 478 443 135 250 10 345 640 452 333 695 822 403 424 294 76 664 146 351 436 824 144 556 677 648 210 929 572 479 698 784 576 910 38 361 875 759 322 898 449 654 867 726 780 561 706 988 
767 116 630 404 462 512 988 63 612 253 844 909 300 584 618 349 945 541 422 351 939 178 164 178 959 15 586 426 146 538 887 0 12 843 882 604 677 943 410 667 948 520 341 857 515 1000 116 514 875 653 940 853 220 579 477 487 116 429 321 342 347 305 536 202 852 463 83 486 62 2 943 745 445 990 708 664 305 604 274 212 
901 305 950 291 478 346 510 741 479 841 138 752 227 365 712 540 873 232 675 534 873 419 297 510 663 36 951 518 639 531 227 12 0 307 295 926 135 102 361 141 760 407 468 869 193 57 749 608 594 2 560 939 269 104 94 337 998 483 763 895 441 576 415 728 361 144 757 888 810 420 623 590 800 429 341 565 963 305 949 703 
245 1000 451 498 393 949 111 833 411 571 239 804 227 209 220 791 519 616 689 87 300 331 349 916 557 880 84 350 87 385 806 843 307 0 577 684 264 439 259 102 389 685 27 858 750 730 854 580 69 1 555 578 845 138 524 53 153 393 716 578 752 734 975 699 662 243 831 15 436 982 800 305 711 184 461 243 46 321 568 387 
849 201 578 418 202 56 689 616 132 185 926 93 474 562 297 914 824 405 106 145 255 422 298 337 787 23 804 866 675 962 478 882 295 577 0 753 336 581 325 517 740 990 975 206 937 341 36 961 667 3 329 864 143 542 951 389 890 149 964 138 741 345 104 727 992 851 944 509 453 977 953 519 849 534 883 981 603 943 795 471 
571 656 886 76 399 520 840 616 218 912 160 893 842 355 38 918 420 119 719 454 925 541 743 834 686 129 509 899 90 573 443 604 926 684 753 0 501 593 39 626 203 262 326 473 992 925 132 595 299 48 526 188 308 678 894 942 234 64 338 224 687 931 973 85 707 414 377 189 46 523 211 641 710 991 350 980 256 783 609 243 
444 646 164 63 454 114 684 880 744 169 621 69 982 742 142 190 238 421 807 987 644 543 313 274 958 694 836 529 707 199 135 677 135 264 336 501 0 785 570 674 179 817 97 288 781 691 799 377 167 271 681 41 846 478 544 491 917 155 319 31 76 637 957 576 374 395 913 626 413 495 390 673 76 572 481 255 94 562 175 843 
992 449 925 14 627 242 885 934 404 745 882 556 934 810 857 480 414 51 619 965 152 40 474 836 78 151 87 213 261 334 250 943 102 439 581 593 785 0 979 26 778 323 34 804 971 270 602 509 236 135 236 84 567 167 242 696 269 883 786 739 670 500 298 837 645 88 752 962 390 67 598 165 356 408 173 59 429 995 877 400 
402 928 114 802 245 523 994 911 586 618 641 965 499 527 766 69 980 197 684 741 769 559 836 841 354 742 742 409 80 520 10 410 361 259 325 39 570 979 0 746 319 114 149 448 340 507 247 1 280 932 983 273 465 267 941 802 521 501 931 452 103 721 866 327 818 226 165 325 20 816 754 827 238 546 52 155 53 907 596 556 
834 169 19 965 678 821 839 947 620 830 677 991 902 483 349 840 643 201 639 836 703 754 544 630 867 546 768 521 869 960 345 667 141 102 517 626 674 26 746 0 839 978 825 708 35 850 49 752 430 292 538 787 42 918 624 17 179 448 619 153 993 40 123 314 585 514 89 794 437 309 331 665 849 679 33 716 129 930 549 841 
179 684 249 337 195 705 339 100 450 983 777 224 560 344 628 160 493 339 142 885 925 725 48 148 770 602 549 779 130 138 640 948 760 389 740 203 179 778 319 839 0 680 332 97 683 27 31 571 350 257 346 78 860 621 83 894 58 601 911 471 233 816 623 152 820 529 216 680 545 679 439 105 292 696 794 669 330 663 998 720 
33 842 598 375 628 94 469 113 62 348 735 896 730 12 862 444 69 750 680 990 988 844 882 7 485 739 396 710 347 600 452 520 407 685 990 262 817 323 114 978 680 0 632 264 831 954 685 797 810 560 772 192 558 566 749 98 737 275 225 579 547 995 830 933 28 303 748 54 608 915 71 838 995 930 886 427 672 180 247 333 
653 152 211 70 544 75 961 718 706 955 317 554 292 622 349 775 594 361 519 58 227 533 402 861 512 745 151 581 428 829 333 341 468 27 975 326 97 34 149 825 332 632 0 855 947 57 816 330 373 149 713 608 506 926 283 633 364 566 316 270 326 440 455 364 542 896 104 345 14 261 421 515 711 597 261 784 633 801 807 221 
398 785 369 90 27 139 899 921 686 3 369 414 387 588 146 672 1000 144 838 172 780 931 25 961 324 707 479 369 251 125 695 857 869 858 206 473 288 804 448 708 97 264 855 0 346 285 743 923 730 692 378 333 853 686 89 284 76 592 281 989 601 290 289 657 747 270 12 987 194 511 380 644 398 459 683 714 307 750 817 533 
412 96 549 948 914 980 458 793 902 564 575 879 240 504 680 97 452 632 177 362 482 464 923 2 367 902 357 596 15 249 822 515 193 750 937 992 781 971 340 35 683 831 947 346 0 241 427 954 998 397 272 996 224 37 280 870 666 612 557 299 895 410 553 50 899 695 639 183 706 378 266 609 653 340 198 279 856 647 736 444 
279 459 750 458 372 180 502 76 426 908 607 176 923 987 665 732 126 707 3 924 492 867 709 890 933 314 419 622 430 444 403 1000 57 730 341 925 691 270 507 850 27 954 57 285 241 0 425 170 128 911 164 88 246 363 592 826 99 853 722 879 41 222 778 738 697 564 649 277 483 545 146 222 912 807 917 533 104 161 585 293 
946 143 925 932 409 47 846 612 99 646 407 5 692 61 332 948 661 927 82 926 803 620 248 36 990 190 690 949 699 587 424 116 749 854 36 132 799 602 247 49 31 685 816 743 427 425 0 715 491 846 949 285 864 756 217 680 428 684 311 133 995 937 893 508 605 505 812 8 819 346 488 752 448 260 930 120 600 507 242 199 
543 695 371 747 840 243 158 411 858 930 659 28 828 227 882 359 847 297 43 208 633 202 216 6 73 195 711 182 75 520 294 514 608 580 961 595 377 509 1 752 571 797 330 923 954 170 715 0 573 648 530 862 501 19 468 366 332 206 300 856 273 717 335 78 817 982 915 924 569 806 207 552 739 809 171 85 522 606 774 263 
433 42 373 689 426 691 500 403 531 595 74 187 787 915 305 514 665 569 34 944 521 189 627 924 887 165 375 832 875 959 76 875 594 69 667 299 167 236 280 430 350 810 373 730 998 128 491 573 0 4 758 922 148 919 427 427 758 424 392 941 974 865 519 439 160 122 202 367 912 805 624 946 871 833 314 259 284 148 663 105 
182 284 666 274 329 756 742 574 594 152 708 982 434 116 837 984 994 63 703 863 187 680 245 353 526 862 845 89 940 572 664 653 2 1 3 48 271 135 932 292 257 560 149 692 397 911 846 648 4 0 8 321 985 724 819 896 134 682 560 215 365 27 794 31 818 760 825 389 435 287 110 609 72 455 304 799 513 329 84 72 
406 50 114 911 60 837 481 205 60 518 727 920 36 539 508 734 363 782 35 901 646 407 588 180 438 899 695 2 843 88 146 940 560 555 329 526 681 236 983 538 346 772 713 378 272 164 949 530 758 8 0 191 806 478 65 116 941 507 984 599 144 916 928 452 101 236 387 391 376 207 193 853 243 646 972 864 539 937 967 403 
846 161 842 756 619 113 952 537 283 123 701 577 600 968 673 659 949 35 593 520 203 270 815 984 839 339 415 224 152 497 351 853 939 578 864 188 41 84 273 787 78 192 608 333 996 88 285 862 922 321 191 0 428 322 685 355 495 254 931 921 57 862 605 662 585 924 45 213 908 312 841 108 827 274 153 226 32 92 802 182 
685 700 712 790 260 82 112 643 733 632 217 979 288 821 311 725 737 150 487 211 55 519 385 269 703 609 719 604 198 952 436 220 269 845 143 308 846 567 465 42 860 558 506 853 224 246 864 501 148 985 806 428 0 987 402 769 335 182 415 989 399 195 646 916 894 348 991 901 565 55 672 974 867 742 844 64 118 761 611 850 
442 485 119 895 437 216 367 387 737 328 462 135 263 440 623 225 347 712 261 722 706 126 896 928 836 629 851 287 842 124 824 579 104 138 542 678 478 167 267 918 621 566 926 686 37 363 756 19 919 724 478 322 987 0 733 733 749 647 537 824 892 831 969 777 84 20 225 649 90 510 975 115 734 387 364 607 423 162 149 604 
223 150 689 232 28 702 535 760 782 490 838 529 742 742 100 200 238 726 437 118 861 259 718 798 455 777 510 499 581 244 144 477 94 524 951 894 544 242 941 624 83 749 283 89 280 592 217 468 427 819 65 685 402 733 0 249 506 907 793 175 82 191 35 365 340 524 306 737 441 188 865 935 968 919 113 845 634 704 456 731 
229 44 323 579 922 458 956 992 653 537 168 432 885 186 723 2 459 127 6 106 836 766 69 738 440 92 653 580 220 694 556 487 337 53 389 942 491 696 802 17 894 98 633 284 870 826 680 366 427 896 116 355 769 733 249 0 809 868 179 456 461 694 629 559 459 153 67 278 20 511 313 331 5 168 115 149 214 367 840 60 
753 209 95 464 864 993 503 130 69 518 17 116 336 17 781 22 531 334 75 945 905 802 222 745 404 747 621 419 767 433 677 116 998 153 890 234 917 269 521 179 58 737 364 76 666 99 428 332 758 134 941 495 335 749 506 809 0 640 244 763 677 687 133 133 36 437 25 826 763 9 192 786 2 347 211 134 229 393 563 972 
916 933 195 547 352 804 14 743 240 618 705 732 834 956 232 40 186 391 228 606 513 429 495 357 776 173 60 337 164 980 648 429 483 393 149 64 155 883 501 448 601 275 566 592 612 853 684 206 424 682 507 254 182 647 907 868 640 0 320 282 329 648 833 569 468 965 736 748 843 489 901 534 60 270 859 50 813 518 414 873 
904 567 179 682 249 605 825 577 172 171 243 307 185 944 49 807 32 411 544 699 815 454 750 357 695 989 766 881 804 687 210 321 763 716 964 338 319 786 931 619 911 225 316 281 557 722 311 300 392 560 984 931 415 537 793 179 244 320 0 16 44 599 485 820 358 116 297 117 442 407 645 976 546 177 461 154 327 722 154 660 
758 895 925 226 861 155 754 304 594 775 509 146 789 231 966 664 459 908 580 352 26 591 602 91 379 870 936 695 323 572 929 342 895 578 138 224 31 739 452 153 471 579 270 989 299 879 133 856 941 215 599 921 989 824 175 456 763 282 16 0 251 980 738 56 710 713 938 450 624 595 977 444 101 347 557 514 465 844 759 378 
220 515 186 246 673 767 66 943 818 378 925 144 755 808 578 201 19 319 860 681 520 184 793 811 315 717 220 750 540 530 572 347 441 752 741 687 76 670 103 993 233 547 326 601 895 41 995 273 974 365 144 57 399 892 82 461 677 329 44 251 0 514 7 726 958 633 542 771 856 998 961 475 104 175 516 228 379 876 566 820 
633 16 420 975 482 477 577 20 782 678 237 943 105 338 733 487 128 715 290 315 943 256 736 784 494 912 380 965 397 599 479 305 576 734 345 931 637 500 721 40 816 995 440 290 410 222 937 717 865 27 916 862 195 831 191 694 687 648 599 980 514 0 509 691 632 926 74 943 933 798 438 246 455 152 322 13 975 994 895 606 
425 340 474 768 847 711 232 462 916 384 462 973 158 4 10 131 290 731 137 426 771 279 775 273 231 295 342 539 722 589 698 536 415 975 104 973 957 298 866 123 623 830 455 289 553 778 893 335 519 794 928 605 646 969 35 629 133 833 485 738 7 509 0 376 412 940 905 611 13 930 905 804 450 368 390 28 693 584 911 173 
231 1000 914 790 421 269 392 348 517 596 433 917 497 735 581 654 488 705 373 276 101 821 45 424 27 944 701 138 108 302 784 202 728 699 727 85 576 837 327 314 152 933 364 657 50 738 508 78 439 31 452 662 916 777 365 559 133 569 820 56 726 691 376 0 944 745 983 991 540 764 464 855 468 505 305 815 824 212 383 476 
556 811 628 41 294 976 912 819 820 630 820 42 341 332 164 66 904 667 961 608 514 519 539 963 900 297 291 384 167 702 576 852 361 662 992 707 374 645 818 585 820 28 542 747 899 697 605 817 160 818 101 585 894 84 340 459 36 468 358 710 958 632 412 944 0 790 385 55 673 452 891 293 329 674 429 763 97 121 244 266 
112 24 684 414 674 702 579 160 419 112 776 335 262 255 49 606 724 312 406 243 598 887 685 247 452 35 801 644 765 628 910 463 144 243 851 414 395 88 226 514 529 303 896 270 695 564 505 982 122 760 236 924 348 20 524 153 437 965 116 713 633 926 940 745 790 0 998 220 514 834 347 386 374 617 912 781 305 365 178 772 
814 938 655 470 596 444 991 193 215 94 810 819 28 437 948 942 560 279 886 236 753 11 789 521 926 119 140 123 146 721 38 83 757 831 944 377 913 752 165 89 216 748 104 12 639 649 812 915 202 825 387 45 991 225 306 67 25 736 297 938 542 74 905 983 385 998 0 697 554 283 405 716 385 805 925 217 101 518 688 16 
71 638 940 59 27 669 5 674 888 499 306 261 485 62 932 589 146 141 503 545 133 251 305 718 660 304 737 173 481 215 361 486 888 15 509 189 626 962 325 794 680 54 345 987 183 277 8 924 367 389 391 213 901 649 737 278 826 748 117 450 771 943 611 991 55 220 697 0 668 129 204 86 52 593 545 1 780 666 578 310 
181 977 811 308 314 267 371 736 978 827 516 481 566 908 45 55 129 867 909 964 474 227 573 796 408 171 152 835 918 128 875 62 810 436 453 46 413 390 20 437 545 608 14 194 706 483 819 569 912 435 376 908 565 90 441 20 763 843 442 624 856 933 13 540 673 514 554 668 0 459 979 166 24 352 437 523 744 373 708 844 
853 7 455 291 886 278 172 143 347 285 315 88 82 490 864 934 843 755 608 404 723 11 941 469 653 908 96 599 628 824 759 2 420 982 977 523 495 67 816 309 679 915 261 511 378 545 346 806 805 287 207 312 55 510 188 511 9 489 407 595 998 798 930 764 452 834 283 129 459 0 731 3 293 692 110 208 20 626 129 849 
990 102 182 412 653 694 46 604 58 419 630 428 795 928 367 868 410 29 638 710 620 348 434 390 448 417 929 358 909 495 322 943 623 800 953 211 390 598 754 331 439 71 421 380 266 146 488 207 624 110 193 841 672 975 865 313 192 901 645 977 961 438 905 464 891 347 405 204 979 731 0 497 669 598 605 459 988 113 374 893 
147 285 771 372 985 965 850 634 485 145 175 694 564 374 840 714 536 23 528 557 428 63 541 587 538 38 430 9 887 621 898 745 590 305 519 641 673 165 827 665 105 838 515 644 609 222 752 552 946 609 853 108 974 115 935 331 786 534 976 444 475 246 804 855 293 386 716 86 166 3 497 0 159 61 428 92 547 784 295 943 
956 931 959 733 103 333 80 41 382 643 666 93 151 274 123 599 570 161 574 908 809 78 136 511 563 26 25 160 298 900 449 445 800 711 849 710 76 356 238 849 292 995 711 398 653 912 448 739 871 72 243 827 867 734 968 5 2 60 546 101 104 455 450 468 329 374 385 52 24 293 669 159 0 964 389 171 928 261 882 608 
338 263 871 911 696 876 642 274 377 622 857 224 857 520 456 600 104 458 858 581 193 199 391 266 838 451 168 892 671 451 654 990 429 184 534 991 572 408 546 679 696 930 597 459 340 807 260 809 833 455 646 274 742 387 919 168 347 270 177 347 175 152 368 505 674 617 805 593 352 692 598 61 964 0 215 505 589 932 435 723 
3 468 752 608 91 594 918 53 393 179 359 392 23 154 690 214 827 915 202 597 945 964 824 318 807 961 97 796 14 119 867 708 341 461 883 350 481 173 52 33 794 886 261 683 198 917 930 171 314 304 972 153 844 364 113 115 211 859 461 557 516 322 390 305 429 912 925 545 437 110 605 428 389 215 0 495 12 104 582 15 
520 964 257 851 22 882 113 263 386 6 432 516 484 306 26 309 548 47 954 114 939 768 25 300 783 932 985 128 341 848 726 664 565 243 981 980 255 59 155 716 669 427 784 714 279 533 120 85 259 799 864 226 64 607 845 149 134 50 154 514 228 13 28 815 763 781 217 1 523 208 459 92 171 505 495 0 445 995 359 499 
240 968 21 70 427 290 656 287 382 905 735 324 395 128 596 766 859 108 554 187 354 477 727 134 516 361 212 493 28 855 780 305 963 46 603 256 94 429 53 129 330 672 633 307 856 104 600 522 284 513 539 32 118 423 634 214 229 813 327 465 379 975 693 824 97 305 101 780 744 20 988 547 928 589 12 445 0 578 743 9 
935 825 67 407 265 319 109 875 79 598 284 306 286 356 682 356 28 663 380 482 752 596 562 624 517 881 933 891 976 942 561 604 305 321 943 783 562 995 907 930 663 180 801 750 647 161 507 606 148 329 937 92 761 162 704 367 393 518 722 844 876 994 584 212 121 365 518 666 373 626 113 784 261 932 104 995 578 0 114 81 
199 898 25 64 112 40 418 453 348 667 21 385 535 278 367 861 764 964 857 12 467 676 930 547 328 849 568 385 396 498 706 274 949 568 795 609 175 877 596 549 998 247 807 817 736 585 242 774 663 84 967 802 611 149 456 840 563 414 154 759 566 895 911 383 244 178 688 578 708 129 374 295 882 435 582 359 743 114 0 591 
874 926 950 155 64 527 626 785 842 792 330 481 870 863 422 146 817 957 417 887 157 679 41 136 638 433 800 445 293 10 988 212 703 387 471 243 843 400 556 841 720 333 221 533 444 293 199 263 105 72 403 182 850 604 731 60 972 873 660 378 820 606 173 476 266 772 16 310 844 849 893 943 608 723 15 499 9 81 591 0 
0 569 312 973 933 271 823 858 810 747 503 997 122 367 322 360 122 399 327 148 630 509 688 406 353 315 422 507 728 730 219 973 743 567 71 958 964 435 623 682 99 727 371 461 393 325 509 698 109 964 966 875 574 385 124 585 120 104 137 265 942 171 4 916 604 17 327 284 690 115 18 378 887 257 552 994 429 490 402 374 
569 0 710 376 685 105 643 420 493 324 566 680 968 711 430 807 863 803 463 720 611 750 674 221 967 863 810 936 36 488 525 639 856 409 460 977 593 849 664 419 829 774 177 950 96 608 111 960 795 924 652 160 518 578 537 910 214 921 701 336 636 890 757 74 249 992 430 691 71 497 861 107 709 190 800 933 375 653 952 847 
312 710 0 564 764 856 555 569 386 621 497 838 923 776 48 446 222 465 404 683 850 30 661 918 513 908 711 947 398 577 948 964 53 736 8 788 318 456 479 822 450 446 377 191 923 651 749 848 377 133 527 25 420 942 217 800 209 981 441 9 238 539 285 639 404 34 658 401 422 346 365 662 238 614 325 447 688 512 367 756 
973 376 564 0 613 161 688 120 904 402 245 505 259 730 898 487 614 261 819 143 61 254 296 620 512 832 331 937 126 132 252 967 821 382 894 159 916 421 654 834 97 44 346 929 301 948 116 924 728 954 85 936 460 466 407 831 292 666 57 108 313 670 816 30 941 545 93 409 104 496 163 88 222 577 563 374 442 319 617 967 
933 685 764 613 0 338 241 449 103 77 460 135 168 119 891 124 165 665 746 330 841 804 45 864 742 299 53 589 923 133 43 140 565 967 727 304 933 444 36 862 339 287 830 641 251 744 397 207 626 974 11 57 817 9 281 384 526 301 699 418 143 158 694 300 938 26 800 866 531 795 631 487 590 727 236 837 631 585 993 283 
271 105 856 161 338 0 592 20 326 358 861 441 645 813 893 507 22 959 603 354 991 580 725 28 984 832 555 790 769 636 220 58 202 406 183 669 164 605 353 862 627 101 382 733 261 33 158 759 597 750 875 78 140 879 743 317 958 530 627 200 250 254 187 143 511 399 427 336 739 929 585 685 218 455 436 290 893 945 219 898 
823 643 555 688 241 592 0 600 506 523 1 749 490 349 796 931 945 344 649 332 273 851 450 421 565 118 181 535 318 141 321 854 749 689 270 688 694 430 999 253 924 251 169 553 690 566 596 328 362 764 548 779 917 641 187 392 784 483 148 678 626 82 589 390 532 804 739 745 806 988 769 260 120 770 584 844 963 590 475 776 
858 420 569 120 449 20 600 0 382 52 119 240 272 125 69 902 776 988 933 538 638 919 193 791 624 318 595 429 536 722 732 799 260 49 69 81 607 219 347 415 840 35 449 441 493 370 234 644 501 464 531 971 138 344 248 406 822 136 503 408 926 468 566 869 486 720 165 35 42 329 653 1 553 447 877 671 722 818 769 554 
810 493 386 904 103 326 506 382 0 107 492 441 201 286 23 714 824 934 310 560 619 857 206 427 122 314 242 603 738 292 837 348 806 186 238 593 779 58 124 848 1 860 584 477 9 443 911 648 58 456 135 242 133 290 49 583 914 245 179 72 816 804 81 817 813 948 592 500 500 112 235 600 193 139 56 6 476 428 690 248 
747 324 621 402 77 358 523 52 107 0 156 720 141 827 721 866 501 802 316 505 929 141 175 866 377 94 39 893 604 185 496 336 620 400 149 548 368 581 478 648 206 435 757 615 827 813 190 899 131 159 490 348 50 720 801 505 960 197 308 554 917 242 854 290 119 110 149 245 935 275 215 802 832 10 302 267 317 202 46 629 
503 566 497 245 460 861 1 119 492 156 0 742 288 899 857 631 669 107 787 660 216 937 450 512 569 86 840 686 41 779 304 137 36 429 80 834 730 666 628 415 618 468 544 804 244 335 186 606 727 296 237 607 63 861 39 922 33 191 486 327 11 131 915 496 962 334 486 172 70 310 920 777 827 861 20 804 706 537 818 807 
997 680 838 505 135 441 749 240 441 720 742 0 411 431 177 795 888 697 98 864 564 985 200 913 254 844 593 162 73 128 54 135 639 489 53 775 650 432 636 551 820 261 210 233 853 822 158 775 579 259 479 975 356 924 65 848 526 264 656 951 735 863 752 649 915 846 959 398 807 948 379 219 67 728 191 621 326 723 582 777 
122 968 923 259 168 645 490 272 201 141 288 411 0 629 764 695 778 112 905 808 246 635 545 360 858 856 242 664 512 839 430 265 268 439 905 830 467 428 466 555 15 566 483 699 960 398 572 861 76 910 735 88 366 778 391 250 809 919 940 703 785 67 994 234 539 481 126 30 953 172 221 21 440 462 38 98 865 697 665 220 
367 711 776 730 119 813 349 125 286 827 899 431 629 0 658 572 32 49 474 792 648 751 759 841 220 75 382 782 53 319 483 755 639 672 479 308 629 79 298 360 799 10 593 102 302 466 402 428 423 409 78 486 392 576 596 779 856 437 179 559 937 108 374 400 110 869 110 717 962 286 237 49 486 799 834 245 839 141 105 247 
322 430 48 898 891 893 796 69 23 721 857 177 764 658 0 419 444 779 731 198 288 423 780 269 198 621 968 249 219 199 276 637 542 873 844 38 750 719 596 28 469 732 829 852 599 383 808 744 125 165 665 189 380 209 812 800 725 587 499 714 340 157 971 630 183 368 547 52 959 532 313 692 278 277 327 609 509 606 886 299 
360 807 446 487 124 507 931 902 714 866 631 795 695 572 419 0 104 384 832 474 410 150 467 334 808 282 544 80 922 52 442 935 627 808 502 303 689 446 888 591 297 206 25 247 828 241 752 605 356 520 635 385 920 134 209 346 959 821 994 205 371 223 853 120 961 540 657 259 615 264 929 697 324 633 734 391 702 439 710 515 
122 863 222 614 165 22 945 776 824 501 669 888 778 32 444 104 0 864 853 676 181 823 415 454 876 347 947 10 185 341 380 914 477 881 656 561 600 284 917 245 994 300 879 498 621 139 658 314 251 492 349 829 727 813 633 484 896 278 142 250 648 406 187 394 57 416 975 176 923 862 368 191 307 593 300 857 841 628 500 363 
399 803 465 261 665 959 344 988 934 802 107 697 112 49 779 384 864 0 173 253 219 992 798 101 876 697 172 15 9 656 981 767 745 433 586 68 571 599 947 358 62 771 1 296 387 87 600 476 679 900 973 514 627 816 858 382 994 525 238 118 401 613 486 392 951 98 540 112 734 492 165 493 875 499 42 38 187 586 430 561 
327 463 404 819 746 603 649 933 310 316 787 98 905 474 731 832 853 173 0 855 586 432 323 477 904 560 371 109 256 865 983 885 289 859 180 654 85 315 450 790 901 500 143 378 554 401 810 254 87 768 317 236 858 998 905 419 559 436 778 492 160 34 382 329 611 936 862 924 2 665 421 104 168 68 219 78 224 575 195 916 
148 720 683 143 330 354 332 538 560 505 660 864 808 792 198 474 676 253 855 0 928 115 117 889 472 828 38 947 441 685 184 500 26 375 52 1 267 910 841 748 726 416 469 563 915 983 503 918 688 485 306 691 513 402 588 787 992 197 347 251 338 597 69 377 964 198 121 626 335 123 927 16 100 21 495 193 607 760 21 325 
630 611 850 61 841 991 273 638 619 929 216 564 246 648 288 410 181 219 586 928 0 446 680 37 580 6 115 676 997 359 389 603 1000 224 123 983 228 213 29 246 593 651 465 20 428 491 614 325 883 205 70 833 916 316 487 332 5 466 567 166 661 107 888 782 231 939 79 603 138 569 31 806 35 295 840 254 262 219 753 554 
509 750 30 254 804 580 851 919 857 141 937 985 635 751 423 150 823 992 432 115 446 0 123 14 196 351 246 415 850 554 867 268 966 648 878 801 985 750 695 704 8 171 162 834 593 970 846 82 261 871 237 563 638 106 307 188 322 212 569 107 757 454 262 895 548 285 228 235 576 751 9 491 746 285 116 221 488 379 708 149 
688 674 661 296 45 725 450 193 206 175 450 200 545 759 780 467 415 798 323 117 680 123 0 88 102 871 548 72 394 915 415 895 618 936 44 615 569 104 286 408 964 5 841 676 268 310 479 401 427 25 658 379 380 855 558 249 98 866 598 160 438 668 504 628 855 733 511 277 92 7 124 920 344 902 671 456 425 275 754 304 
406 221 918 620 864 28 421 791 427 866 512 913 360 841 269 334 454 101 477 889 37 14 88 0 750 510 801 475 936 65 578 638 543 459 745 918 444 906 286 647 538 614 707 965 353 361 835 453 310 193 171 387 196 137 714 457 797 288 921 397 870 748 824 184 818 594 138 993 635 779 558 960 217 730 757 947 856 838 866 70 
353 967 513 512 742 984 565 624 122 377 569 254 858 220 198 808 876 876 904 472 580 196 102 750 0 139 554 482 269 966 6 163 61 57 94 520 791 219 190 254 828 342 521 464 558 155 592 869 988 400 669 672 581 72 126 485 673 365 904 413 85 80 973 376 526 542 906 966 410 777 622 893 329 329 472 545 57 299 287 633 
315 863 908 832 299 832 118 318 314 94 86 844 856 75 621 282 347 697 560 828 6 351 871 510 139 0 188 515 825 250 365 955 32 203 732 521 872 290 735 386 805 724 854 722 28 827 577 8 354 569 23 774 585 288 907 421 982 219 547 57 542 151 55 206 458 234 102 418 535 156 551 733 877 571 335 711 97 596 798 509 
422 810 711 331 53 555 181 595 242 39 840 593 242 382 968 544 947 172 371 38 115 246 548 801 554 188 0 281 137 559 110 643 461 881 436 826 702 220 529 451 211 871 48 278 757 258 579 881 769 500 301 715 130 17 682 768 144 23 836 878 664 866 93 424 536 321 558 667 736 90 876 545 654 725 235 397 450 372 469 637 
507 936 947 937 589 790 535 429 603 893 686 162 664 782 249 80 10 15 109 947 676 415 72 475 482 515 281 0 656 106 261 807 409 829 564 870 977 578 497 11 491 312 380 127 135 765 810 571 910 843 494 18 932 725 314 821 291 742 130 831 1000 256 167 848 376 833 402 132 553 284 354 80 63 632 181 44 120 246 561 978 
728 36 398 126 923 769 318 536 738 604 41 73 512 53 219 922 185 9 256 441 997 850 394 936 269 825 137 656 0 773 418 209 526 230 145 818 782 867 187 828 21 387 66 323 319 938 937 692 498 985 894 868 83 372 328 922 243 574 613 116 840 866 267 531 888 584 775 414 199 187 726 5 725 478 270 574 944 102 474 66 
730 488 577 132 133 636 141 722 292 185 779 128 839 319 199 52 341 656 865 685 359 554 915 65 966 250 559 106 773 0 163 386 410 564 32 688 756 765 922 397 519 769 808 545 412 906 439 767 178 149 17 962 757 922 57 111 904 367 49 794 414 933 363 77 601 462 988 916 347 940 279 451 351 42 223 902 356 236 242 167 
219 525 948 252 43 220 321 732 837 496 304 54 430 483 276 442 380 981 983 184 389 867 415 578 6 365 110 261 418 163 0 497 259 325 406 172 495 774 228 464 577 360 735 262 446 53 546 127 479 58 35 75 335 776 107 795 118 104 591 102 772 998 677 194 792 907 188 132 373 12 363 897 964 461 631 498 606 253 498 364 
973 639 964 967 140 58 854 799 348 336 137 135 265 755 637 935 914 767 885 500 603 268 895 638 163 955 643 807 209 386 497 0 948 676 993 662 755 486 881 150 339 3 711 826 177 144 503 189 625 609 223 656 153 157 169 649 958 89 354 173 968 150 532 331 550 429 352 277 326 279 794 212 841 673 116 522 740 580 410 433 
743 856 53 821 565 202 749 260 806 620 36 639 268 639 542 627 477 745 289 26 1000 966 618 543 61 32 461 409 526 410 259 948 0 448 49 668 31 282 118 9 61 915 696 26 937 100 511 810 71 612 886 650 961 315 362 503 656 559 937 889 785 517 701 748 235 830 160 451 197 72 79 916 564 680 981 544 90 567 64 166 
567 409 736 382 967 406 689 49 186 400 429 489 439 672 873 808 881 433 859 375 224 648 936 459 57 203 881 829 230 564 325 676 448 0 500 321 20 11 378 528 13 835 30 510 80 857 819 742 172 983 603 880 48 648 659 586 647 806 999 915 718 434 705 675 984 460 258 274 267 367 984 821 135 802 857 712 390 21 362 891 
71 460 8 894 727 183 270 69 238 149 80 53 905 479 844 502 656 586 180 52 123 878 44 745 94 732 436 564 145 32 406 993 49 500 0 894 140 637 479 592 459 931 368 27 618 981 484 553 786 767 424 557 34 457 423 462 197 523 613 930 351 387 117 650 810 1 210 97 788 556 331 309 291 864 588 975 315 598 246 361 
958 977 788 159 304 669 688 81 593 548 834 775 830 308 38 303 561 68 654 1 983 801 615 918 520 521 826 870 818 688 172 662 668 321 894 0 375 866 764 569 204 347 240 343 614 690 593 263 556 498 195 873 105 800 747 233 793 113 536 122 500 683 506 282 538 681 794 847 845 960 124 764 439 926 626 226 934 409 764 904 
964 593 318 916 933 164 694 607 779 368 730 650 467 629 750 689 600 571 85 267 228 985 569 444 791 872 702 977 782 756 495 755 31 20 140 375 0 832 612 632 227 550 253 63 736 40 972 255 197 762 785 757 219 377 66 157 876 270 624 335 877 267 408 1000 753 931 709 681 259 161 705 269 233 107 492 864 417 799 684 706 
435 849 456 421 444 605 430 219 58 581 666 432 428 79 719 446 284 599 315 910 213 750 104 906 219 290 220 578 867 765 774 486 282 11 637 866 832 0 277 941 609 823 688 88 867 566 374 389 218 448 625 416 847 925 494 937 530 670 695 99 76 126 605 11 307 229 989 179 273 835 13 740 807 828 159 303 689 94 697 693 
623 664 479 654 36 353 999 347 124 478 628 636 466 298 596 888 917 947 450 841 29 695 286 286 190 735 529 497 187 922 228 881 118 378 479 764 612 277 0 211 325 685 721 982 387 284 157 232 417 706 517 292 955 316 610 761 118 318 811 906 905 279 838 745 384 136 676 112 981 76 466 458 904 349 690 418 725 194 612 309 
682 419 822 834 862 862 253 415 848 648 415 551 555 360 28 591 245 358 790 748 246 704 408 647 254 386 451 11 828 397 464 150 9 528 592 569 632 941 211 0 78 244 459 399 631 323 755 160 873 996 208 464 684 61 90 626 636 34 64 131 392 76 215 167 697 765 653 781 180 864 891 560 713 517 144 783 516 142 239 930 
99 829 450 97 339 627 924 840 1 206 618 820 15 799 469 297 994 62 901 726 593 8 964 538 828 805 211 491 21 519 577 339 61 13 459 204 227 609 325 78 0 297 366 522 175 921 975 852 159 639 680 768 763 813 54 528 739 449 59 703 432 465 928 479 619 360 847 834 405 615 259 85 455 469 21 468 286 858 862 955 
727 774 446 44 287 101 251 35 860 435 468 261 566 10 732 206 300 771 500 416 651 171 5 614 342 724 871 312 387 769 360 3 915 835 931 347 550 823 685 244 297 0 736 61 716 627 765 919 855 871 770 667 906 460 996 446 549 150 937 271 510 241 483 786 570 837 624 694 447 67 487 98 182 740 348 375 760 699 95 740 
371 177 377 346 830 382 169 449 584 757 544 210 483 593 829 25 879 1 143 469 465 162 841 707 521 854 48 380 66 808 735 711 696 30 368 240 253 688 721 459 366 736 0 260 700 772 853 419 602 813 592 786 341 647 614 369 649 480 26 439 94 323 53 933 747 324 142 918 546 766 893 26 415 336 584 785 15 735 783 797 
461 950 191 929 641 733 553 441 477 615 804 233 699 102 852 247 498 296 378 563 20 834 676 965 464 722 278 127 323 545 262 826 26 510 27 343 63 88 982 399 522 61 260 0 964 629 434 3 61 388 908 294 770 99 806 263 287 764 636 629 62 355 135 108 425 493 199 724 292 881 178 136 774 953 762 227 991 46 361 543 
393 96 923 301 251 261 690 493 9 827 244 853 960 302 599 828 621 387 554 915 428 593 268 353 558 28 757 135 319 412 446 177 937 80 618 614 736 867 387 631 175 716 700 964 0 449 282 997 351 694 708 895 436 984 732 366 928 302 274 827 331 707 4 726 735 31 548 880 41 533 759 515 497 599 886 180 686 572 848 96 
325 608 651 948 744 33 566 370 443 813 335 822 398 466 383 241 139 87 401 983 491 970 310 361 155 827 258 765 938 906 53 144 100 857 981 690 40 566 284 323 921 627 772 629 449 0 399 222 202 655 112 584 696 216 296 675 152 477 359 514 578 28 330 897 134 236 526 806 493 109 239 905 403 6 453 199 319 554 3 49 
509 111 749 116 397 158 596 234 911 190 186 158 572 402 808 752 658 600 810 503 614 846 479 835 592 577 579 810 937 439 546 503 511 819 484 593 972 374 157 755 975 765 853 434 282 399 0 202 13 315 420 279 161 399 578 44 130 858 979 482 982 962 308 229 680 330 683 717 13 63 658 169 413 418 210 32 944 975 968 886 
698 960 848 924 207 759 328 644 648 899 606 775 861 428 744 605 314 476 254 918 325 82 401 453 869 8 881 571 692 767 127 189 810 742 553 263 255 389 232 160 852 919 419 3 997 222 202 0 258 561 769 870 372 395 875 595 864 730 933 873 4 519 182 625 188 121 411 162 808 730 879 306 379 462 957 600 970 244 520 424 
109 795 377 728 626 597 362 501 58 131 727 579 76 423 125 356 251 679 87 688 883 261 427 310 988 354 769 910 498 178 479 625 71 172 786 556 197 218 417 873 159 855 602 61 351 202 13 258 0 714 329 547 669 222 38 361 279 417 282 554 24 809 596 228 82 675 156 927 770 241 883 695 239 69 314 720 834 767 795 5 
964 924 133 954 974 750 764 464 456 159 296 259 910 409 165 520 492 900 768 485 205 871 25 193 400 569 500 843 985 149 58 609 612 983 767 498 762 448 706 996 639 871 813 388 694 655 315 561 714 0 100 193 871 604 33 345 28 113 707 494 435 625 334 218 986 134 899 565 161 612 644 774 127 159 495 159 774 482 659 92 
966 652 527 85 11 875 548 531 135 490 237 479 735 78 665 635 349 973 317 306 70 237 658 171 669 23 301 494 894 17 35 223 886 603 424 195 785 625 517 208 680 770 592 908 708 112 420 769 329 100 0 580 831 334 709 250 686 958 553 12 432 950 43 747 614 761 633 903 908 643 261 345 650 358 295 533 818 85 239 797 
875 160 25 936 57 78 779 971 242 348 607 975 88 486 189 385 829 514 236 691 833 563 379 387 672 774 715 18 868 962 75 656 650 880 557 873 757 416 292 464 768 667 786 294 895 584 279 870 547 193 580 0 836 741 345 918 146 776 503 801 348 872 500 528 59 869 62 682 799 628 265 856 206 100 144 572 952 591 198 107 
574 518 420 460 817 140 917 138 133 50 63 356 366 392 380 920 727 627 858 513 916 638 380 196 581 585 130 932 83 757 335 153 961 48 34 105 219 847 955 684 763 906 341 770 436 696 161 372 669 871 831 836 0 913 661 131 991 510 754 709 365 778 839 268 800 807 80 383 802 243 229 853 598 656 164 230 599 160 407 294 
385 578 942 466 9 879 641 344 290 720 861 924 778 576 209 134 813 816 998 402 316 106 855 137 72 288 17 725 372 922 776 157 315 648 457 800 377 925 316 61 813 460 647 99 984 216 399 395 222 604 334 741 913 0 988 892 597 104 740 641 19 620 771 946 907 21 227 643 543 532 741 186 64 830 970 545 951 722 777 117 
124 537 217 407 281 743 187 248 49 801 39 65 391 596 812 209 633 858 905 588 487 307 558 714 126 907 682 314 328 57 107 169 362 659 423 747 66 494 610 90 54 996 614 806 732 296 578 875 38 33 709 345 661 988 0 632 783 538 784 329 883 309 619 724 109 446 697 44 968 752 431 556 85 917 976 356 958 959 374 900 
585 910 800 831 384 317 392 406 583 505 922 848 250 779 800 346 484 382 419 787 332 188 249 457 485 421 768 821 922 111 795 649 503 586 462 233 157 937 761 626 528 446 369 263 366 675 44 595 361 345 250 918 131 892 632 0 896 148 386 875 534 273 944 732 376 230 132 498 674 61 918 711 938 723 92 723 519 230 155 752 
120 214 209 292 526 958 784 822 914 960 33 526 809 856 725 959 896 994 559 992 5 322 98 797 673 982 144 291 243 904 118 958 656 647 197 793 876 530 118 636 739 549 649 287 928 152 130 864 279 28 686 146 991 597 783 896 0 968 648 245 51 690 869 103 522 920 593 787 290 19 144 658 781 872 973 760 236 91 41 872 
104 921 981 666 301 530 483 136 245 197 191 264 919 437 587 821 278 525 436 197 466 212 866 288 365 219 23 742 574 367 104 89 559 806 523 113 270 670 318 34 449 150 480 764 302 477 858 730 417 113 958 776 510 104 538 148 968 0 585 738 88 812 937 762 968 895 793 932 719 53 990 113 609 363 893 268 953 510 22 324 
137 701 441 57 699 627 148 503 179 308 486 656 940 179 499 994 142 238 778 347 567 569 598 921 904 547 836 130 613 49 591 354 937 999 613 536 624 695 811 64 59 937 26 636 274 359 979 933 282 707 553 503 754 740 784 386 648 585 0 802 382 871 619 477 291 196 200 32 459 318 779 343 447 989 962 336 571 50 242 786 
265 336 9 108 418 200 678 408 72 554 327 951 703 559 714 205 250 118 492 251 166 107 160 397 413 57 878 831 116 794 102 173 889 915 930 122 335 99 906 131 703 271 439 629 827 514 482 873 554 494 12 801 709 641 329 875 245 738 802 0 760 529 659 269 296 522 632 428 513 298 910 586 878 582 659 378 896 403 242 396 
942 636 238 313 143 250 626 926 816 917 11 735 785 937 340 371 648 401 160 338 661 757 438 870 85 542 664 1000 840 414 772 968 785 718 351 500 877 76 905 392 432 510 94 62 331 578 982 4 24 435 432 348 365 19 883 534 51 88 382 760 0 671 197 347 742 333 2 7 161 354 296 190 942 877 478 397 829 818 554 413 
171 890 539 670 158 254 82 468 804 242 131 863 67 108 157 223 406 613 34 597 107 454 668 748 80 151 866 256 866 933 998 150 517 434 387 683 267 126 279 76 465 241 323 355 707 28 962 519 809 625 950 872 778 620 309 273 690 812 871 529 671 0 279 417 881 550 972 325 665 903 44 42 236 899 352 971 729 560 61 992 
4 757 285 816 694 187 589 566 81 854 915 752 994 374 971 853 187 486 382 69 888 262 504 824 973 55 93 167 267 363 677 532 701 705 117 506 408 605 838 215 928 483 53 135 4 330 308 182 596 334 43 500 839 771 619 944 869 937 619 659 197 279 0 583 699 480 386 425 399 644 128 966 504 781 934 279 138 577 807 217 
916 74 639 30 300 143 390 869 817 290 496 649 234 400 630 120 394 392 329 377 782 895 628 184 376 206 424 848 531 77 194 331 748 675 650 282 1000 11 745 167 479 786 933 108 726 897 229 625 228 218 747 528 268 946 724 732 103 762 477 269 347 417 583 0 885 592 56 263 187 101 377 124 576 351 539 704 557 293 158 827 
604 249 404 941 938 511 532 486 813 119 962 915 539 110 183 961 57 951 611 964 231 548 855 818 526 458 536 376 888 601 792 550 235 984 810 538 753 307 384 697 619 570 747 425 735 134 680 188 82 986 614 59 800 907 109 376 522 968 291 296 742 881 699 885 0 45 736 80 714 521 630 961 527 97 186 708 276 456 225 107 
17 992 34 545 26 399 804 720 948 110 334 846 481 869 368 540 416 98 936 198 939 285 733 594 542 234 321 833 584 462 907 429 830 460 1 681 931 229 136 765 360 837 324 493 31 236 330 121 675 134 761 869 807 21 446 230 920 895 196 522 333 550 480 592 45 0 839 651 741 29 841 379 390 553 548 539 824 997 328 504 
327 430 658 93 800 427 739 165 592 149 486 959 126 110 547 657 975 540 862 121 79 228 511 138 906 102 558 402 775 988 188 352 160 258 210 794 709 989 676 653 847 624 142 199 548 526 683 411 156 899 633 62 80 227 697 132 593 793 200 632 2 972 386 56 736 839 0 40 860 859 362 365 920 980 753 440 527 395 995 345 
284 691 401 409 866 336 745 35 500 245 172 398 30 717 52 259 176 112 924 626 603 235 277 993 966 418 667 132 414 916 132 277 451 274 97 847 681 179 112 781 834 694 918 724 880 806 717 162 927 565 903 682 383 643 44 498 787 932 32 428 7 325 425 263 80 651 40 0 30 563 784 914 634 836 726 252 867 165 204 897 
690 71 422 104 531 739 806 42 500 935 70 807 953 962 959 615 923 734 2 335 138 576 92 635 410 535 736 553 199 347 373 326 197 267 788 845 259 273 981 180 405 447 546 292 41 493 13 808 770 161 908 799 802 543 968 674 290 719 459 513 161 665 399 187 714 741 860 30 0 220 808 424 317 104 880 100 43 871 967 581 
115 497 346 496 795 929 988 329 112 275 310 948 172 286 532 264 862 492 665 123 569 751 7 779 777 156 90 284 187 940 12 279 72 367 556 960 161 835 76 864 615 67 766 881 533 109 63 730 241 612 643 628 243 532 752 61 19 53 318 298 354 903 644 101 521 29 859 563 220 0 48 512 105 609 988 299 257 395 137 719 
18 861 365 163 631 585 769 653 235 215 920 379 221 237 313 929 368 165 421 927 31 9 124 558 622 551 876 354 726 279 363 794 79 984 331 124 705 13 466 891 259 487 893 178 759 239 658 879 883 644 261 265 229 741 431 918 144 990 779 910 296 44 128 377 630 841 362 784 808 48 0 499 84 729 171 678 295 471 84 542 
378 107 662 88 487 685 260 1 600 802 777 219 21 49 692 697 191 493 104 16 806 491 920 960 893 733 545 80 5 451 897 212 916 821 309 764 269 740 458 560 85 98 26 136 515 905 169 306 695 774 345 856 853 186 556 711 658 113 343 586 190 42 966 124 961 379 365 914 424 512 499 0 557 406 623 614 545 376 423 597 
887 709 238 222 590 218 120 553 193 832 827 67 440 486 278 324 307 875 168 100 35 746 344 217 329 877 654 63 725 351 964 841 564 135 291 439 233 807 904 713 455 182 415 774 497 403 413 379 239 127 650 206 598 64 85 938 781 609 447 878 942 236 504 576 527 390 920 634 317 105 84 557 0 304 761 409 157 819 702 842 
257 190 614 577 727 455 770 447 139 10 861 728 462 799 277 633 593 499 68 21 295 285 902 730 329 571 725 632 478 42 461 673 680 802 864 926 107 828 349 517 469 740 336 953 599 6 418 462 69 159 358 100 656 830 917 723 872 363 989 582 877 899 781 351 97 553 980 836 104 609 729 406 304 0 889 801 867 949 377 526 
552 800 325 563 236 436 584 877 56 302 20 191 38 834 327 734 300 42 219 495 840 116 671 757 472 335 235 181 270 223 631 116 981 857 588 626 492 159 690 144 21 348 584 762 886 453 210 957 314 495 295 144 164 970 976 92 973 893 962 659 478 352 934 539 186 548 753 726 880 988 171 623 761 889 0 508 301 844 887 919 
994 933 447 374 837 290 844 671 6 267 804 621 98 245 609 391 857 38 78 193 254 221 456 947 545 711 397 44 574 902 498 522 544 712 975 226 864 303 418 783 468 375 785 227 180 199 32 600 720 159 533 572 230 545 356 723 760 268 336 378 397 971 279 704 708 539 440 252 100 299 678 614 409 801 508 0 472 276 979 287 
429 375 688 442 631 893 963 722 476 317 706 326 865 839 509 702 841 187 224 607 262 488 425 856 57 97 450 120 944 356 606 740 90 390 315 934 417 689 725 516 286 760 15 991 686 319 944 970 834 774 818 952 599 951 958 519 236 953 571 896 829 729 138 557 276 824 527 867 43 257 295 545 157 867 301 472 0 510 285 265 
490 653 512 319 585 945 590 818 428 202 537 723 697 141 606 439 628 586 575 760 219 379 275 838 299 596 372 246 102 236 253 580 567 21 598 409 799 94 194 142 858 699 735 46 572 554 975 244 767 482 85 591 160 722 959 230 91 510 50 403 818 560 577 293 456 997 395 165 871 395 471 376 819 949 844 276 510 0 655 686 
402 952 367 617 993 219 475 769 690 46 818 582 665 105 886 710 500 430 195 21 753 708 754 866 287 798 469 561 474 242 498 410 64 362 246 764 684 697 612 239 862 95 783 361 848 3 968 520 795 659 239 198 407 777 374 155 41 22 242 242 554 61 807 158 225 328 995 204 967 137 84 423 702 377 887 979 285 655 0 839 
374 847 756 967 283 898 776 554 248 629 807 777 220 247 299 515 363 561 916 325 554 149 304 70 633 509 637 978 66 167 364 433 166 891 361 904 706 693 309 930 955 740 797 543 96 49 886 424 5 92 797 107 294 117 900 752 872 324 786 396 413 992 217 827 107 504 345 897 581 719 542 597 842 526 919 287 265 686 839 0 
0 478 331 865 953 212 856 681 832 526 426 956 220 422 448 540 81 489 273 245 642 579 743 369 355 118 505 676 678 849 302 993 573 414 83 1000 920 434 401 668 130 565 492 425 182 170 629 866 146 918 940 985 440 165 149 649 186 115 147 292 987 179 131 990 614 32 342 155 764 134 23 393 789 228 526 992 185 482 253 328 
478 0 692 421 738 107 797 421 488 413 541 714 757 649 374 784 835 711 354 665 722 674 738 214 855 593 824 923 40 416 434 921 771 436 508 933 587 944 636 427 797 790 72 712 47 736 124 973 801 952 569 154 373 597 347 808 67 960 857 315 681 870 875 24 364 963 469 737 58 547 683 48 781 19 693 879 464 740 781 805 
331 692 0 538 837 909 553 353 215 570 472 943 971 835 242 570 218 333 393 857 935 38 629 957 480 898 710 896 344 616 879 878 249 753 18 841 517 539 336 786 323 560 410 390 924 775 878 993 527 125 477 67 347 897 184 854 22 977 482 203 187 467 171 744 335 60 569 504 448 287 261 662 351 532 450 349 726 603 321 790 
865 421 538 0 731 221 677 236 938 290 148 469 236 454 898 460 466 256 771 125 133 229 408 707 752 949 264 774 229 116 348 925 799 241 845 122 838 376 645 811 186 13 273 777 233 839 108 864 654 883 195 783 390 475 260 835 181 583 114 180 209 586 804 182 929 430 110 354 170 461 164 6 208 812 588 407 328 415 588 966 
953 738 837 731 0 436 305 433 130 107 415 47 256 204 808 93 104 648 604 209 918 890 59 935 641 363 194 540 902 213 141 148 677 863 690 226 955 574 273 789 420 398 881 549 257 830 320 147 583 863 36 224 871 169 334 399 565 102 604 487 189 139 748 155 922 91 846 711 635 644 607 427 420 718 328 902 635 489 875 143 
212 107 909 221 436 0 542 144 213 619 754 542 331 913 869 425 111 939 626 303 891 430 593 50 875 961 781 848 832 729 186 17 271 614 57 631 93 516 487 873 704 18 347 997 294 11 176 940 598 693 788 210 249 773 630 433 783 654 680 81 248 422 405 280 521 525 464 398 552 899 486 557 101 267 560 350 679 958 282 997 
856 797 553 677 305 542 0 450 557 655 102 805 505 271 745 954 922 538 717 306 237 780 476 504 749 262 177 547 84 87 161 882 743 621 197 706 675 517 961 247 927 109 225 247 756 564 590 343 426 694 705 825 741 562 174 416 650 485 232 574 517 131 773 361 468 672 808 677 919 891 779 342 16 524 592 844 875 514 347 564 
681 421 353 236 433 144 450 0 286 179 229 208 311 274 177 886 724 928 841 607 618 971 119 906 595 360 596 327 437 588 654 609 405 136 25 184 652 240 286 363 673 114 347 236 539 250 323 707 542 355 765 970 196 193 230 367 915 90 436 416 813 400 603 747 459 659 105 43 127 231 671 52 473 456 917 746 686 831 861 432 
832 488 215 938 130 213 557 286 0 175 438 409 224 435 189 925 982 867 395 661 537 833 173 254 226 392 316 933 716 233 926 347 927 75 157 375 830 70 279 756 136 866 553 486 5 378 909 879 40 404 190 218 25 247 51 519 928 198 353 289 778 794 140 738 944 906 532 478 638 207 318 665 129 219 237 109 507 535 675 138 
526 413 570 290 107 619 655 179 175 0 194 844 476 863 553 700 544 896 453 416 868 91 268 939 273 52 122 950 744 300 402 355 659 554 171 660 191 545 415 549 257 227 529 540 981 825 338 797 165 69 349 293 197 572 683 466 978 69 353 664 843 297 817 325 50 111 321 270 866 283 66 896 938 213 366 288 296 197 135 545 
426 541 472 148 415 754 102 229 438 194 0 700 250 949 838 546 488 109 648 475 208 899 638 612 745 136 848 578 198 936 253 2 135 371 89 689 786 645 744 449 694 677 461 766 145 496 121 700 764 288 160 642 95 776 38 931 102 186 661 233 193 203 779 707 862 338 580 246 362 403 810 749 749 785 59 854 575 577 834 736 
956 714 943 469 47 542 805 208 409 844 700 0 364 465 221 818 780 655 200 991 779 1000 296 824 94 847 409 139 104 64 116 286 541 546 73 768 699 428 716 672 741 132 217 335 847 698 85 830 599 175 295 931 374 791 57 950 460 259 740 876 963 989 773 716 919 762 957 637 886 889 263 414 51 845 146 600 326 596 664 950 
220 757 971 236 256 331 505 311 224 476 250 364 0 575 580 715 813 67 688 664 452 588 599 321 902 906 245 715 489 846 248 288 429 344 834 808 764 505 428 624 122 680 670 677 810 350 721 845 55 913 676 30 429 769 429 259 780 796 872 749 909 136 972 212 405 514 214 90 909 252 279 94 470 380 126 227 965 715 919 209 
422 649 835 454 204 913 271 274 435 863 949 465 575 0 695 601 13 89 553 606 578 825 794 827 379 89 446 669 143 395 233 599 730 475 470 211 744 146 358 355 749 204 687 159 314 307 485 361 323 401 3 461 481 659 744 838 751 443 256 665 939 37 515 426 72 916 141 821 824 323 168 35 394 653 920 262 888 331 2 275 
448 374 242 898 808 869 745 177 189 553 838 221 580 695 0 342 316 863 869 71 345 614 742 233 264 606 753 234 289 228 412 878 716 811 880 133 656 775 640 64 471 793 805 913 420 397 699 849 111 202 719 183 346 117 688 882 682 732 602 718 479 197 920 467 230 306 575 89 900 314 531 633 357 204 348 610 608 582 765 502 
540 784 570 460 93 425 954 886 925 700 546 818 715 601 342 0 32 435 703 654 578 123 635 326 788 219 425 304 842 206 742 824 732 931 532 376 754 417 869 640 408 155 130 349 793 250 839 607 489 523 629 340 785 163 157 192 884 955 850 355 248 221 851 52 989 379 743 281 393 270 952 708 480 713 774 343 644 507 608 546 
81 835 218 466 104 111 922 724 982 544 488 780 813 13 316 32 0 975 953 648 239 884 395 451 815 238 896 172 22 510 468 869 577 684 674 492 498 354 970 336 949 172 933 633 499 221 804 452 225 410 429 903 887 868 610 459 895 467 267 429 892 390 277 508 90 412 856 131 947 902 299 159 132 551 272 964 856 756 574 231 
489 711 333 256 648 939 538 928 867 896 109 655 67 89 863 435 975 0 143 149 320 955 758 71 954 653 306 86 79 716 983 843 615 210 612 189 738 566 848 200 41 737 241 441 425 209 441 512 589 906 938 544 600 748 815 356 888 390 41 249 531 423 417 336 716 83 466 63 751 429 243 625 823 716 137 34 116 618 332 739 
273 354 393 771 604 626 717 841 395 453 648 200 688 553 869 703 953 143 0 981 692 566 286 644 708 555 341 80 287 840 878 856 421 806 118 469 56 418 594 696 998 503 123 411 500 260 705 293 82 633 211 316 859 873 950 517 313 472 682 440 19 158 262 240 700 848 592 848 199 874 498 51 275 19 229 271 209 505 50 865 
245 665 857 125 209 303 306 607 661 416 475 991 664 606 71 654 648 149 981 0 975 119 205 803 484 690 170 965 424 692 129 365 63 472 325 168 240 802 779 922 534 384 355 498 881 979 465 828 858 435 361 631 466 297 501 788 922 236 329 160 218 691 296 397 998 166 60 810 354 230 862 134 157 59 373 219 696 740 86 295 
642 722 935 133 918 891 237 618 537 868 208 779 452 578 345 578 239 320 692 975 0 361 423 25 651 64 229 770 970 420 378 613 819 244 183 931 63 105 181 367 672 741 481 130 427 593 470 186 859 216 232 881 933 237 672 168 113 555 507 261 603 82 822 648 108 816 125 677 134 564 60 873 225 294 743 210 376 283 929 660 
579 674 38 229 890 430 780 971 833 91 899 1000 588 825 614 123 884 955 566 119 361 0 187 89 355 413 273 438 848 628 862 284 917 613 895 815 942 972 786 811 280 198 309 694 488 842 735 121 386 830 214 453 460 126 75 370 313 233 378 178 838 465 276 931 543 193 260 252 588 767 60 514 828 344 300 341 451 333 644 147 
743 738 629 408 59 593 476 119 173 268 638 296 599 794 742 635 395 758 286 205 423 187 0 71 79 809 588 250 322 942 412 899 789 952 180 563 663 61 174 628 979 161 973 679 204 300 454 403 296 221 681 337 288 644 671 360 24 953 839 163 261 690 557 624 570 647 479 350 20 179 210 905 395 765 792 284 483 340 609 175 
369 214 957 707 935 50 504 906 254 939 612 824 321 827 233 326 451 71 644 803 25 89 71 0 801 624 760 565 965 28 681 769 627 543 681 797 390 756 49 701 691 802 637 993 412 376 628 474 589 159 105 401 132 98 849 460 884 311 823 598 903 831 685 89 846 498 269 931 673 767 492 853 25 687 649 851 726 781 920 73 
355 855 480 752 641 875 749 595 226 273 745 94 902 379 264 788 815 954 708 484 651 355 79 801 0 95 745 325 260 981 94 115 57 26 140 467 827 79 83 455 950 472 454 426 632 34 697 914 979 268 577 633 431 19 42 407 511 270 797 287 35 164 961 392 622 535 863 813 338 759 568 796 233 327 369 488 96 274 346 730 
118 593 898 949 363 961 262 360 392 52 136 847 906 89 606 219 238 653 555 690 64 413 809 624 95 0 125 545 792 284 326 994 137 164 566 686 844 256 804 370 758 886 852 838 33 809 725 114 258 334 11 727 612 314 923 482 938 269 389 101 479 435 51 58 429 221 128 556 526 487 652 721 935 684 279 628 2 709 671 531 
505 824 710 264 194 781 177 596 316 122 848 409 245 446 753 425 896 306 341 170 229 273 588 760 745 125 0 156 246 712 50 586 489 971 317 545 631 123 463 472 135 961 84 393 697 162 650 817 855 482 334 929 157 46 580 879 128 64 829 810 763 911 151 267 836 221 604 665 608 118 839 639 507 653 202 447 522 325 567 577 
676 923 896 774 540 848 547 327 933 950 578 139 715 669 234 304 172 86 80 965 770 438 250 565 325 545 156 0 588 76 432 843 493 783 554 911 815 350 420 22 570 358 476 166 221 803 684 717 951 800 556 63 978 671 314 881 428 690 187 814 982 126 198 652 337 768 494 125 752 264 268 28 80 559 205 106 40 423 691 890 
678 40 344 229 902 832 84 437 716 744 198 104 489 143 289 842 22 79 287 424 970 848 322 965 260 792 246 588 0 885 337 205 527 133 234 856 685 885 155 712 35 376 65 577 325 864 899 631 422 981 916 939 30 275 412 865 223 856 450 65 885 930 243 516 907 496 718 461 209 357 727 147 707 532 376 681 979 125 502 105 
849 416 616 116 213 729 87 588 233 300 936 64 846 395 228 206 510 716 840 692 420 628 942 28 981 284 712 76 885 0 191 493 429 539 325 803 611 753 840 392 472 560 920 259 282 851 445 604 125 89 21 888 793 984 52 264 947 393 28 905 294 875 395 79 414 392 685 975 294 959 360 339 144 91 93 989 360 331 202 179 
302 434 879 348 141 186 161 654 926 402 253 116 248 233 412 742 468 983 878 129 378 862 412 681 94 326 50 432 337 191 0 489 378 268 500 102 602 893 110 875 797 430 682 170 593 165 664 17 603 213 114 128 295 800 113 932 118 11 675 70 746 951 625 193 630 986 171 328 329 66 152 959 820 467 576 532 520 199 409 264 
993 921 878 925 148 17 882 609 347 355 2 286 288 599 878 824 869 843 856 365 613 284 899 769 115 994 586 843 205 493 489 0 977 769 842 770 767 584 996 109 194 69 833 738 193 36 482 205 496 639 206 637 75 157 235 540 934 77 245 219 908 66 458 309 734 364 360 303 367 417 676 154 844 677 160 602 852 502 228 483 
573 771 249 799 677 271 743 405 927 659 135 541 429 730 716 732 577 615 421 63 819 917 789 627 57 137 489 493 527 429 378 977 0 552 113 821 241 244 157 30 57 840 799 87 914 99 575 868 272 723 756 651 939 384 327 464 654 527 903 925 732 666 554 677 39 698 148 442 70 22 199 989 581 801 972 556 200 644 162 155 
414 436 753 241 863 614 621 136 75 554 371 546 344 475 811 931 684 210 806 472 244 613 952 543 26 164 971 783 133 539 268 769 552 0 268 363 125 73 501 510 218 833 101 639 69 852 699 586 48 916 535 871 98 648 612 747 554 993 960 766 849 163 547 683 973 436 183 222 318 417 957 742 162 782 813 588 408 145 427 797 
83 508 18 845 690 57 197 25 157 171 89 73 834 470 880 532 674 612 118 325 183 895 180 681 140 566 317 554 234 325 500 842 113 268 0 746 156 672 532 632 339 956 496 25 548 779 387 679 767 687 383 403 48 779 496 329 159 476 512 941 225 361 240 812 834 35 219 197 704 532 348 420 318 719 475 851 296 782 436 394 
1000 933 841 122 226 631 706 184 375 660 689 768 808 211 133 376 492 189 469 168 931 815 563 797 467 686 545 911 856 803 102 770 821 363 746 0 412 663 700 607 182 367 314 316 654 564 608 227 361 484 131 656 93 803 711 371 559 38 614 223 341 656 566 501 686 627 756 838 759 858 167 953 465 874 559 261 702 326 808 919 
920 587 517 838 955 93 675 652 830 191 786 699 764 744 656 754 498 738 56 240 63 942 663 390 827 844 631 815 685 611 602 767 241 125 156 412 0 766 478 757 140 676 282 91 781 125 806 419 273 773 635 856 242 330 204 180 812 164 701 266 964 513 448 973 827 766 655 632 246 233 600 38 255 122 655 873 163 671 815 759 
434 944 539 376 574 516 517 240 70 545 645 428 505 146 775 417 354 566 418 802 105 972 61 756 79 256 123 350 885 753 893 584 244 73 672 663 766 0 412 828 693 704 789 147 801 554 253 510 194 397 608 442 859 871 573 995 788 563 711 186 59 188 774 162 534 89 982 289 231 911 168 818 877 765 225 166 835 3 641 593 
401 636 336 645 273 487 961 286 279 415 744 716 428 358 640 869 970 848 594 779 181 786 174 49 83 804 463 420 155 840 110 996 157 501 532 700 478 412 0 204 368 698 789 995 358 114 130 335 367 729 510 311 975 435 695 603 76 249 505 947 870 219 767 521 532 306 835 102 933 136 485 481 815 435 742 394 769 293 532 239 
668 427 786 811 789 873 247 363 756 549 449 672 624 355 64 640 336 200 696 922 367 811 628 701 455 370 472 22 712 392 875 109 30 510 632 607 757 828 204 0 53 73 405 335 441 335 767 222 811 913 242 600 811 73 32 529 838 20 77 185 381 210 224 77 755 680 771 854 209 948 877 689 676 660 104 730 582 102 219 925 
130 797 323 186 420 704 927 673 136 257 694 741 122 749 471 408 949 41 998 534 672 280 979 691 950 758 135 570 35 472 797 194 57 218 339 182 140 693 368 53 0 331 490 388 119 943 956 757 184 724 710 693 957 945 419 412 809 358 29 694 378 500 895 611 652 399 883 894 422 593 288 87 555 356 103 332 306 952 835 722 
565 790 560 13 398 18 109 114 866 227 677 132 680 204 793 155 172 737 503 384 741 198 161 802 472 886 961 358 376 560 430 69 840 833 956 367 676 704 698 73 331 0 889 93 561 597 801 697 752 831 865 600 779 333 855 602 562 149 951 334 586 198 420 882 478 825 519 524 505 87 558 6 283 792 307 269 568 639 140 714 
492 72 410 273 881 347 225 347 553 529 461 217 670 687 805 130 933 241 123 355 481 309 973 637 454 852 84 476 65 920 682 833 799 101 496 314 282 789 789 405 490 889 0 302 901 511 970 536 522 811 658 645 295 710 560 453 611 417 47 354 115 349 310 853 716 103 217 876 442 777 984 168 583 388 639 904 121 772 702 966 
425 712 390 777 549 997 247 236 486 540 766 335 677 159 913 349 633 441 411 498 130 694 679 993 426 838 393 166 577 259 170 738 87 639 25 316 91 147 995 335 388 93 302 0 920 496 433 20 130 309 928 238 979 45 546 293 351 591 725 688 7 397 63 100 505 440 99 749 325 588 253 245 859 966 911 57 883 145 256 539 
182 47 924 233 257 294 756 539 5 981 145 847 810 314 420 793 499 425 500 881 427 488 204 412 632 33 697 221 325 282 593 193 914 69 548 654 781 801 358 441 119 561 901 920 0 570 466 886 328 589 542 896 431 925 628 331 957 116 204 522 86 677 85 602 712 3 696 903 121 651 674 560 480 530 873 391 832 671 852 149 
170 736 775 839 830 11 564 250 378 825 496 698 350 307 397 250 221 209 260 979 593 842 300 376 34 809 162 803 864 851 165 36 99 852 779 564 125 554 114 335 943 597 511 496 570 0 251 181 177 512 133 465 569 278 369 684 348 312 344 410 659 13 522 961 48 247 479 795 324 45 429 967 403 244 469 390 379 516 7 48 
629 124 878 108 320 176 590 323 909 338 121 85 721 485 699 839 804 441 705 465 470 735 454 628 697 725 650 684 899 445 664 482 575 699 387 608 806 253 130 767 956 801 970 433 466 251 0 158 107 292 480 411 32 136 470 101 3 856 884 395 986 962 190 310 638 324 565 943 157 184 637 165 184 709 169 63 846 996 940 752 
866 973 993 864 147 940 343 707 879 797 700 830 845 361 849 607 452 512 293 828 186 121 403 474 914 114 817 717 631 604 17 205 868 586 679 227 419 510 335 222 757 697 536 20 886 181 158 0 311 328 723 979 225 380 891 583 991 832 807 958 68 643 285 516 172 294 319 337 911 724 790 437 242 592 878 619 964 49 375 383 
146 801 527 654 583 598 426 542 40 165 764 599 55 323 111 489 225 589 82 858 859 386 296 589 979 258 855 951 422 125 603 496 272 48 767 361 273 194 367 811 184 752 522 130 328 177 107 311 0 601 372 435 777 185 32 439 397 279 236 472 207 898 684 137 148 590 208 918 765 384 855 695 304 86 358 745 918 633 933 27 
918 952 125 883 863 693 694 355 404 69 288 175 913 401 202 523 410 906 633 435 216 830 221 159 268 334 482 800 981 89 213 639 723 916 687 484 773 397 729 913 724 831 811 309 589 512 292 328 601 0 163 208 915 595 69 397 114 110 541 364 598 630 310 295 898 195 886 429 150 606 596 933 62 194 427 309 857 478 604 111 
940 569 477 195 36 788 705 765 190 349 160 295 676 3 719 629 429 938 211 361 232 214 681 105 577 11 334 556 916 21 114 206 756 535 383 131 635 608 510 242 710 865 658 928 542 133 480 723 372 163 0 695 892 213 924 505 519 949 619 182 309 812 237 711 567 650 661 673 768 614 270 319 599 332 113 656 659 173 247 759 
985 154 67 783 224 210 825 970 218 293 642 931 30 461 183 340 903 544 316 631 881 453 337 401 633 727 929 63 939 888 128 637 651 871 403 656 856 442 311 600 693 600 645 238 896 465 411 979 435 208 695 0 788 630 339 945 18 875 391 890 226 906 517 613 20 935 206 593 830 536 416 938 153 149 166 504 891 574 284 113 
440 373 347 390 871 249 741 196 25 197 95 374 429 481 346 785 887 600 859 466 933 460 288 132 431 612 157 978 30 793 295 75 939 98 48 93 242 859 975 811 957 779 295 979 431 569 32 225 777 915 892 788 0 858 675 213 927 522 850 598 335 806 884 364 727 861 114 497 687 267 305 917 666 646 96 158 677 296 273 304 
165 597 897 475 169 773 562 193 247 572 776 791 769 659 117 163 868 748 873 297 237 126 644 98 19 314 46 671 275 984 800 157 384 648 779 803 330 871 435 73 945 333 710 45 925 278 136 380 185 595 213 630 858 0 1000 871 563 213 860 714 59 629 801 981 942 66 247 521 390 576 841 185 133 758 967 517 879 671 849 104 
149 347 184 260 334 630 174 230 51 683 38 57 429 744 688 157 610 815 950 501 672 75 671 849 42 923 580 314 412 52 113 235 327 612 496 711 204 573 695 32 419 855 560 546 628 369 470 891 32 69 924 339 675 1000 0 605 807 508 850 166 850 406 627 782 56 575 793 54 918 775 416 725 180 841 996 346 949 967 216 939 
649 808 854 835 399 433 416 367 519 466 931 950 259 838 882 192 459 356 517 788 168 370 360 460 407 482 879 881 865 264 932 540 464 747 329 371 180 995 603 529 412 602 453 293 331 684 101 583 439 397 505 945 213 871 605 0 864 107 211 958 407 397 941 631 365 268 115 563 507 141 775 859 887 793 53 720 597 240 83 828 
186 67 22 181 565 783 650 915 928 978 102 460 780 751 682 884 895 888 313 922 113 313 24 884 511 938 128 428 223 947 118 934 654 554 159 559 812 788 76 838 809 562 611 351 957 348 3 991 397 114 519 18 927 563 807 864 0 967 789 182 164 840 905 104 647 956 517 966 593 274 41 709 847 908 991 735 274 292 223 976 
115 960 977 583 102 654 485 90 198 69 186 259 796 443 732 955 467 390 472 236 555 233 953 311 270 269 64 690 856 393 11 77 527 993 476 38 164 563 249 20 358 149 417 591 116 312 856 832 279 110 949 875 522 213 508 107 967 0 485 960 38 776 731 691 841 831 955 750 806 213 911 209 520 257 758 323 833 461 31 523 
147 857 482 114 604 680 232 436 353 353 661 740 872 256 602 850 267 41 682 329 507 378 839 823 797 389 829 187 450 28 675 245 903 960 512 614 701 711 505 77 29 951 47 725 204 344 884 807 236 541 619 391 850 860 850 211 789 485 0 775 729 825 675 678 503 205 371 164 512 523 563 475 506 907 903 529 444 97 179 913 
292 315 203 180 487 81 574 416 289 664 233 876 749 665 718 355 429 249 440 160 261 178 163 598 287 101 810 814 65 905 70 219 925 766 941 223 266 186 947 185 694 334 354 688 522 410 395 958 472 364 182 890 598 714 166 958 182 960 775 0 791 620 739 497 324 416 799 498 590 219 907 558 876 639 713 259 948 437 281 239 
987 681 187 209 189 248 517 813 778 843 193 963 909 939 479 248 892 531 19 218 603 838 261 903 35 479 763 982 885 294 746 908 732 849 225 341 964 59 870 381 378 586 115 7 86 659 986 68 207 598 309 226 335 59 850 407 164 38 729 791 0 507 67 230 824 360 38 146 95 444 370 212 907 870 491 510 671 831 504 525 
179 870 467 586 139 422 131 400 794 297 203 989 136 37 197 221 390 423 158 691 82 465 690 831 164 435 911 126 930 875 951 66 666 163 361 656 513 188 219 210 500 198 349 397 677 13 962 643 898 630 812 906 806 629 406 397 840 776 825 620 507 0 187 376 967 340 803 400 710 994 104 66 209 780 422 979 757 652 121 737 
131 875 171 804 748 405 773 603 140 817 779 773 972 515 920 851 277 417 262 296 822 276 557 685 961 51 151 198 243 395 625 458 554 547 240 566 448 774 767 224 895 420 310 63 85 522 190 285 684 310 237 517 884 801 627 941 905 731 675 739 67 187 0 601 582 594 360 398 521 705 151 981 629 727 979 300 388 636 704 222 
990 24 744 182 155 280 361 747 738 325 707 716 212 426 467 52 508 336 240 397 648 931 624 89 392 58 267 652 516 79 193 309 677 683 812 501 973 162 521 77 611 882 853 100 602 961 310 516 137 295 711 613 364 981 782 631 104 691 678 497 230 376 601 0 888 679 23 324 161 174 360 311 443 314 630 730 772 329 107 691 
614 364 335 929 922 521 468 459 944 50 862 919 405 72 230 989 90 716 700 998 108 543 570 846 622 429 836 337 907 414 630 734 39 973 834 686 827 534 532 755 652 478 716 505 712 48 638 172 148 898 567 20 727 942 56 365 647 841 503 324 824 967 582 888 0 223 680 20 725 560 586 920 492 213 308 894 402 535 205 27 
32 963 60 430 91 525 672 659 906 111 338 762 514 916 306 379 412 83 848 166 816 193 647 498 535 221 221 768 496 392 986 364 698 436 35 627 766 89 306 680 399 825 103 440 3 247 324 294 590 195 650 935 861 66 575 268 956 831 205 416 360 340 594 679 223 0 847 695 677 58 973 407 224 572 643 628 895 832 137 561 
342 469 569 110 846 464 808 105 532 321 580 957 214 141 575 743 856 466 592 60 125 260 479 269 863 128 604 494 718 685 171 360 148 183 219 756 655 982 835 771 883 519 217 99 696 479 565 319 208 886 661 206 114 247 793 115 517 955 371 799 38 803 360 23 680 847 0 144 880 826 520 350 926 822 763 605 460 338 910 784 
155 737 504 354 711 398 677 43 478 270 246 637 90 821 89 281 131 63 848 810 677 252 350 931 813 556 665 125 461 975 328 303 442 222 197 838 632 289 102 854 894 524 876 749 903 795 943 337 918 429 673 593 497 521 54 563 966 750 164 498 146 400 398 324 20 695 144 0 12 461 967 887 515 986 697 305 825 110 344 881 
764 58 448 170 635 552 919 127 638 866 362 886 909 824 900 393 947 751 199 354 134 588 20 673 338 526 608 752 209 294 329 367 70 318 704 759 246 231 933 209 422 505 442 325 121 324 157 911 765 150 768 830 687 390 918 507 593 806 512 590 95 710 521 161 725 677 880 12 0 371 826 341 226 246 721 13 124 782 901 666 
134 547 287 461 644 899 891 231 207 283 403 889 252 323 314 270 902 429 874 230 564 767 179 767 759 487 118 264 357 959 66 417 22 417 532 858 233 911 136 948 593 87 777 588 651 45 184 724 384 606 614 536 267 576 775 141 274 213 523 219 444 994 705 174 560 58 826 461 371 0 69 677 113 597 909 274 204 325 106 699 
23 683 261 164 607 486 779 671 318 66 810 263 279 168 531 952 299 243 498 862 60 60 210 492 568 652 839 268 727 360 152 676 199 957 348 167 600 168 485 877 288 558 984 253 674 429 637 790 855 596 270 416 305 841 416 775 41 911 563 907 370 104 151 360 586 973 520 967 826 69 0 463 80 641 159 799 368 439 67 842 
393 48 662 6 427 557 342 52 665 896 749 414 94 35 633 708 159 625 51 134 873 514 905 853 796 721 639 28 147 339 959 154 989 742 420 953 38 818 481 689 87 6 168 245 560 967 165 437 695 933 319 938 917 185 725 859 709 209 475 558 212 66 981 311 920 407 350 887 341 677 463 0 666 318 425 688 530 339 682 406 
789 781 351 208 420 101 16 473 129 938 749 51 470 394 357 480 132 823 275 157 225 828 395 25 233 935 507 80 707 144 820 844 581 162 318 465 255 877 815 676 555 283 583 859 480 403 184 242 304 62 599 153 666 133 180 887 847 520 506 876 907 209 629 443 492 224 926 515 226 113 80 666 0 235 694 538 36 831 539 662 
228 19 532 812 718 267 524 456 219 213 785 845 380 653 204 713 551 716 19 59 294 344 765 687 327 684 653 559 532 91 467 677 801 782 719 874 122 765 435 660 356 792 388 966 530 244 709 592 86 194 332 149 646 758 841 793 908 257 907 639 870 780 727 314 213 572 822 986 246 597 641 318 235 0 947 610 905 801 437 619 
526 693 450 588 328 560 592 917 237 366 59 146 126 920 348 774 272 137 229 373 743 300 792 649 369 279 202 205 376 93 576 160 972 813 475 559 655 225 742 104 103 307 639 911 873 469 169 878 358 427 113 166 96 967 996 53 991 758 903 713 491 422 979 630 308 643 763 697 721 909 159 425 694 947 0 606 440 802 877 880 
992 879 349 407 902 350 844 746 109 288 854 600 227 262 610 343 964 34 271 219 210 341 284 851 488 628 447 106 681 989 532 602 556 588 851 261 873 166 394 730 332 269 904 57 391 390 63 619 745 309 656 504 158 517 346 720 735 323 529 259 510 979 300 730 894 628 605 305 13 274 799 688 538 610 606 0 513 502 788 604 
185 464 726 328 635 679 875 686 507 296 575 326 965 888 608 644 856 116 209 696 376 451 483 726 96 2 522 40 979 360 520 852 200 408 296 702 163 835 769 582 306 568 121 883 832 379 846 964 918 857 659 891 677 879 949 597 274 833 444 948 671 757 388 772 402 895 460 825 124 204 368 530 36 905 440 513 0 483 211 353 
482 740 603 415 489 958 514 831 535 197 577 596 715 331 582 507 756 618 505 740 283 333 340 781 274 709 325 423 125 331 199 502 644 145 782 326 671 3 293 102 952 639 772 145 671 516 996 49 633 478 173 574 296 671 967 240 292 461 97 437 831 652 636 329 535 832 338 110 782 325 439 339 831 801 802 502 483 0 705 705 
253 781 321 588 875 282 347 861 675 135 834 664 919 2 765 608 574 332 50 86 929 644 609 920 346 671 567 691 502 202 409 228 162 427 436 808 815 641 532 219 835 140 702 256 852 7 940 375 933 604 247 284 273 849 216 83 223 31 179 281 504 121 704 107 205 137 910 344 901 106 67 682 539 437 877 788 211 705 0 923 
328 805 790 966 143 997 564 432 138 545 736 950 209 275 502 546 231 739 865 295 660 147 175 73 730 531 577 890 105 179 264 483 155 797 394 919 759 593 239 925 722 714 966 539 149 48 752 383 27 111 759 113 304 104 939 828 976 523 913 239 525 737 222 691 27 561 784 881 666 699 842 406 662 619 880 604 353 705 923 0 
0 547 286 876 866 234 835 850 869 725 559 989 239 514 136 426 143 442 383 224 473 402 851 435 327 247 304 457 637 751 213 893 685 517 104 932 928 418 601 845 59 708 182 561 459 365 598 871 160 779 749 922 694 413 179 745 25 40 206 298 913 127 42 997 652 163 272 398 617 229 257 308 703 154 533 866 437 399 529 481 
547 0 646 278 645 209 878 257 455 493 490 591 974 948 499 894 1000 855 454 822 690 746 643 271 847 994 853 913 141 639 591 564 774 358 383 986 526 856 880 222 604 996 188 982 250 353 203 807 825 837 678 146 602 591 603 821 135 713 492 132 553 901 786 80 418 802 532 484 94 534 855 157 680 167 892 911 215 699 946 977 
286 646 0 792 982 943 385 452 516 616 583 747 890 701 89 417 359 306 330 747 894 62 960 815 544 791 583 943 487 462 831 983 81 746 32 591 279 478 432 928 412 473 433 378 911 794 900 790 193 201 646 161 375 703 253 766 269 838 459 66 239 432 107 606 326 127 657 506 344 451 146 484 353 629 464 487 802 477 293 687 
876 278 792 0 612 183 854 125 950 450 364 491 132 705 804 469 558 427 807 148 85 213 323 485 605 730 139 813 225 5 266 844 933 276 821 153 999 353 537 902 145 13 488 829 275 886 19 883 619 859 33 903 372 432 388 739 392 747 16 256 267 563 844 14 972 434 110 497 41 596 254 52 202 494 513 335 488 558 551 852 
866 645 982 612 0 461 441 506 11 192 434 228 25 108 953 64 280 805 689 510 927 858 144 666 578 206 119 529 937 42 43 18 490 882 858 216 880 611 63 938 402 249 700 533 345 678 550 206 672 873 40 105 793 118 438 470 477 149 665 346 164 132 682 355 853 40 593 848 492 793 622 606 573 602 403 830 633 633 993 327 
234 209 943 183 461 0 543 145 238 560 908 301 761 837 952 587 69 764 556 320 928 552 753 72 955 889 594 861 825 803 195 49 104 469 149 711 229 699 370 851 494 145 608 711 217 103 355 619 608 743 918 34 96 799 844 107 894 487 646 232 97 299 115 208 652 413 471 329 722 835 603 617 288 330 359 214 744 786 218 847 
835 878 385 854 441 543 0 687 451 607 69 733 543 273 557 893 839 292 733 452 297 822 420 351 623 10 174 354 98 1 239 946 773 661 177 812 533 371 896 444 972 228 355 438 702 670 600 219 238 623 567 794 872 579 191 159 864 446 216 669 733 197 543 479 562 841 627 901 919 964 577 327 277 574 734 720 674 631 267 649 
850 257 452 125 506 145 687 0 567 119 214 374 288 265 15 727 772 998 866 559 788 856 287 946 778 291 613 550 604 854 601 855 412 66 89 165 636 281 466 520 669 7 581 448 589 223 268 661 346 635 532 968 204 289 201 341 913 145 505 495 955 568 667 790 613 652 176 160 66 433 836 26 576 483 906 739 781 830 724 397 
869 455 516 950 11 238 451 567 0 58 403 480 126 378 116 680 764 784 223 365 518 738 353 366 224 418 232 499 822 364 866 475 666 199 216 612 764 246 150 959 44 872 761 444 65 294 830 405 117 497 123 86 224 240 167 741 937 203 373 116 888 719 116 771 735 800 685 636 410 99 140 674 14 111 113 81 354 340 673 156 
725 493 616 450 192 560 607 119 58 0 168 838 118 610 661 840 603 767 346 346 692 45 203 966 192 237 103 741 713 381 485 495 606 361 230 617 395 588 423 498 228 398 774 739 848 743 69 978 126 219 284 220 211 771 888 522 878 172 207 508 875 326 866 217 72 6 16 365 880 254 173 818 846 48 473 487 246 245 101 605 
559 490 583 364 434 908 69 214 403 168 0 766 212 907 749 850 671 49 728 581 417 900 591 330 521 314 789 695 69 841 430 385 38 409 43 763 564 754 731 434 726 457 624 784 350 341 43 660 607 431 78 648 213 827 134 689 157 277 426 260 134 109 671 578 946 230 508 241 92 444 958 820 697 904 69 887 568 447 982 886 
989 591 747 491 228 301 733 374 480 838 766 0 433 378 217 890 999 521 27 888 674 843 89 996 311 873 439 155 65 148 144 183 656 449 2 962 697 378 625 572 890 41 296 303 771 854 71 903 538 214 667 984 253 592 208 881 475 172 573 984 734 696 693 552 852 936 777 353 869 975 393 371 70 828 145 542 352 575 527 820 
239 974 890 132 25 761 543 288 126 118 212 433 0 751 723 813 671 29 972 744 226 694 591 286 789 875 168 651 599 851 422 243 174 450 859 840 597 203 479 510 79 749 406 469 924 232 719 856 49 819 861 139 421 716 399 465 843 958 984 716 957 69 985 209 466 351 321 161 780 236 96 11 595 585 24 26 921 633 874 334 
514 948 701 705 108 837 273 265 378 610 907 378 751 0 636 384 35 41 479 793 630 719 722 887 260 111 241 763 16 137 428 716 750 619 548 341 694 108 95 414 731 16 632 35 457 435 469 519 360 360 321 380 357 574 474 428 839 362 105 748 806 81 342 211 147 957 294 682 918 303 175 221 544 727 808 253 689 190 160 219 
136 499 89 804 953 952 557 15 116 661 749 217 723 636 0 422 454 764 772 238 101 328 831 510 366 705 911 161 203 337 366 496 634 873 841 97 886 730 622 139 284 682 786 936 612 284 633 580 35 175 806 36 250 89 767 979 799 449 489 618 517 173 952 457 44 192 488 88 746 419 221 678 353 331 322 458 667 742 911 128 
426 894 417 469 64 587 893 727 680 840 850 890 813 384 422 0 154 386 892 333 568 5 404 181 675 226 683 43 911 171 380 933 688 977 429 440 763 231 809 611 460 149 88 132 625 13 761 731 460 490 541 334 825 229 176 389 718 867 882 67 285 299 797 144 824 721 714 255 531 271 990 575 292 617 762 449 687 247 681 590 
143 1000 359 558 280 69 839 772 764 603 671 999 671 35 454 154 0 872 806 810 289 741 413 509 986 446 985 29 185 171 470 930 329 850 641 509 758 472 912 203 849 341 946 436 763 209 650 166 285 473 474 877 772 776 682 614 918 274 248 275 665 351 285 472 9 324 976 355 917 982 151 358 525 485 266 779 744 682 536 345 
442 855 306 427 805 764 292 998 784 767 49 521 29 41 764 386 872 0 11 200 245 966 781 170 823 528 210 41 43 681 985 711 528 427 462 144 641 602 896 432 50 728 143 283 520 232 867 585 525 790 972 718 703 887 813 495 853 496 285 281 382 754 502 389 872 122 628 142 524 470 23 542 845 460 53 37 325 736 578 386 
383 454 330 807 689 556 733 866 223 346 728 27 972 479 772 892 806 11 0 983 572 506 417 489 962 549 521 183 226 835 810 792 301 811 106 753 159 175 486 795 955 510 43 459 692 313 921 217 212 788 203 271 929 897 773 347 602 508 913 472 232 35 421 312 610 913 877 645 111 672 382 228 191 136 126 18 111 634 95 980 
224 822 747 148 510 320 452 559 365 346 581 888 744 793 238 333 810 200 983 0 844 88 166 881 374 958 282 975 309 462 110 519 120 324 29 3 342 768 775 670 658 368 289 556 981 929 505 838 776 461 352 572 501 502 571 855 882 179 441 473 385 620 5 134 890 249 25 545 255 87 993 205 72 131 445 148 616 699 271 435 
473 690 894 85 927 928 297 788 518 692 417 674 226 630 101 568 289 245 572 844 0 431 832 19 571 85 79 847 937 263 768 707 881 330 190 976 377 213 12 254 664 706 528 223 418 337 615 270 835 235 6 645 781 270 512 404 105 357 600 243 861 69 909 713 57 971 13 641 80 645 153 978 125 441 742 189 388 158 861 698 
402 746 62 213 858 552 822 856 738 45 900 843 694 719 328 5 741 966 506 88 431 0 182 3 78 514 358 374 826 568 717 172 926 632 831 722 923 817 505 705 13 124 57 629 561 862 818 86 191 875 322 441 566 28 238 128 191 152 538 66 782 473 291 819 739 292 280 352 753 601 54 299 817 373 172 208 471 567 527 249 
851 643 960 323 144 753 420 287 353 203 591 89 591 722 831 404 413 781 417 166 832 182 0 75 44 957 696 104 305 1000 248 927 593 931 97 399 673 117 279 357 993 65 854 567 251 328 421 363 458 54 588 310 357 651 424 237 227 872 663 106 384 743 603 686 851 538 608 161 276 206 284 851 273 954 703 374 413 245 787 290 
435 271 815 485 666 72 351 946 366 966 330 996 286 887 510 181 509 170 489 881 19 3 75 0 900 672 653 154 922 72 627 618 547 580 639 842 539 949 186 684 547 538 590 907 397 272 948 511 170 223 24 111 208 97 596 428 852 314 891 454 952 627 637 78 724 908 185 915 605 860 753 997 371 848 835 763 793 907 926 109 
327 847 544 605 578 955 623 778 224 192 521 311 789 260 366 675 986 823 962 374 571 78 44 900 0 125 602 508 191 911 76 164 146 113 49 313 839 263 250 290 786 392 670 461 483 386 757 1000 961 332 868 731 329 8 193 495 694 363 892 285 66 13 999 485 394 491 898 814 488 629 764 942 230 341 498 437 246 266 504 621 
247 994 791 730 206 889 10 291 418 237 314 873 875 111 705 226 446 528 549 958 85 514 957 672 125 0 34 502 827 359 501 933 124 122 757 662 879 119 537 431 750 562 744 966 1 948 563 192 340 272 27 956 558 473 938 327 984 78 549 82 454 17 133 375 466 352 176 357 489 159 539 840 896 721 412 720 126 695 689 514 
304 853 583 139 119 594 174 613 232 103 789 439 168 241 911 683 985 210 521 282 79 358 696 653 602 34 0 370 148 650 300 581 566 865 468 860 826 260 436 478 258 864 157 118 570 169 497 802 766 528 402 710 134 72 780 729 145 124 796 909 779 780 251 488 390 325 437 802 614 190 705 595 734 863 136 450 441 204 486 502 
457 913 943 813 529 861 354 550 499 741 695 155 651 763 161 43 29 41 183 975 847 374 104 154 508 502 370 0 582 196 190 801 374 566 569 865 832 646 442 28 690 244 410 383 35 750 874 640 815 896 497 67 839 844 153 921 164 649 86 767 935 143 58 855 395 633 253 167 566 342 526 154 67 772 194 19 130 264 435 969 
637 141 487 225 937 825 98 604 822 713 69 65 599 16 203 911 185 43 226 309 937 826 305 922 191 827 148 582 0 952 371 206 465 59 201 830 701 835 256 691 147 395 249 536 294 875 965 668 375 988 994 862 165 526 323 797 347 508 758 123 936 839 363 575 743 721 843 546 255 306 699 149 719 468 99 543 982 61 288 32 
751 639 462 5 42 803 1 854 364 381 841 148 851 137 337 171 171 681 835 462 263 568 1000 72 911 359 650 196 952 0 58 316 493 562 135 622 611 704 945 323 475 825 653 711 493 856 480 675 208 152 148 1000 590 847 231 231 962 390 84 915 291 867 281 6 738 504 971 799 351 963 219 386 220 63 331 981 356 291 118 117 
213 591 831 266 43 195 239 601 866 485 430 144 422 428 366 380 470 985 810 110 768 717 248 627 76 501 300 190 371 58 0 351 145 181 361 33 552 808 286 573 600 382 608 31 571 169 694 195 414 100 118 38 382 829 141 559 48 36 371 139 775 926 510 245 905 950 325 151 412 171 324 782 781 346 567 660 653 180 529 266 
893 564 983 844 18 49 946 855 475 495 385 183 243 716 496 933 930 711 792 519 707 172 927 618 164 933 581 801 206 316 351 0 864 509 849 640 667 398 893 250 400 139 670 661 88 167 565 169 708 600 218 605 256 119 237 615 822 218 330 142 886 121 531 237 480 515 521 347 190 286 752 254 762 720 106 543 849 532 454 503 
685 774 81 933 490 104 773 412 666 606 38 656 174 750 634 688 329 528 301 120 881 926 593 547 146 124 566 374 465 493 145 864 0 555 138 771 55 335 178 155 20 851 583 13 992 113 501 862 49 624 886 609 922 106 390 587 674 640 750 855 830 564 712 693 396 730 229 240 78 35 69 688 669 760 999 519 16 496 128 273 
517 358 746 276 882 469 661 66 199 361 409 449 450 619 873 977 850 427 811 324 330 632 931 580 113 122 865 566 59 562 181 509 555 0 501 223 56 249 272 419 43 873 138 722 127 910 730 798 207 932 388 848 159 745 718 673 562 836 954 834 514 657 625 647 956 394 156 395 188 350 912 800 198 785 792 733 507 337 277 940 
104 383 32 821 858 149 177 89 216 230 43 2 859 548 841 429 641 462 106 29 190 831 97 639 49 757 468 569 201 135 361 849 138 501 0 946 20 625 519 590 572 842 449 310 796 892 416 774 881 668 448 606 141 494 690 444 233 441 763 829 390 389 106 554 768 126 338 139 818 386 413 347 260 775 601 716 369 474 211 384 
932 986 591 153 216 711 812 165 612 617 763 962 840 341 97 440 509 144 753 3 976 722 399 842 313 662 860 865 830 622 33 640 771 223 946 0 365 821 686 646 84 423 280 324 820 744 749 412 408 545 291 846 191 912 720 121 896 306 514 187 506 478 426 311 497 447 634 686 806 902 97 759 536 827 763 127 915 282 642 934 
928 526 279 999 880 229 533 636 764 395 564 697 597 694 886 763 758 641 159 342 377 923 673 539 839 879 826 832 701 611 552 667 55 56 20 365 0 815 680 605 352 484 78 77 778 130 924 215 325 662 713 735 296 259 92 250 786 190 677 304 842 372 249 898 715 927 737 950 364 149 713 405 324 118 435 884 242 761 638 626 
418 856 478 353 611 699 371 281 246 588 754 378 203 108 730 231 472 602 175 768 213 817 117 949 263 119 260 646 835 704 808 398 335 249 625 821 815 0 124 815 475 848 647 46 905 406 381 466 244 403 691 353 909 971 426 819 472 798 662 178 122 31 726 64 372 339 920 170 343 841 126 749 797 792 167 222 830 15 740 557 
601 880 432 537 63 370 896 466 150 423 731 625 479 95 622 809 912 896 486 775 12 505 279 186 250 537 436 442 256 945 286 893 178 272 519 686 680 124 0 343 547 692 545 969 384 206 260 337 363 654 394 230 912 251 477 589 183 231 761 938 928 352 987 701 404 5 776 356 930 198 398 501 837 433 661 415 635 232 634 434 
845 222 928 902 938 851 444 520 959 498 434 572 510 414 139 611 203 432 795 670 254 705 357 684 290 431 478 28 691 323 573 250 155 419 590 646 605 815 343 0 330 400 640 485 841 281 546 149 868 849 192 402 665 226 100 638 606 113 37 44 434 168 159 350 514 932 642 720 86 902 743 644 793 546 171 703 540 88 328 809 
59 604 412 145 402 494 972 669 44 228 726 890 79 731 284 460 849 50 955 658 664 13 993 547 786 750 258 690 147 475 600 400 20 43 572 84 352 475 547 330 0 370 363 453 324 864 869 762 287 575 751 892 824 796 36 462 601 453 98 576 365 435 882 522 781 291 934 675 384 619 392 31 447 418 160 450 351 944 671 904 
708 996 473 13 249 145 228 7 872 398 457 41 749 16 682 149 341 728 510 368 706 124 65 538 392 562 864 244 395 825 382 139 851 873 842 423 484 848 692 400 370 0 807 61 728 668 845 828 854 901 876 534 898 504 902 268 591 83 996 285 342 280 197 557 492 920 748 605 386 57 744 91 84 642 463 446 864 752 159 711 
182 188 433 488 700 608 355 581 761 774 624 296 406 632 786 88 946 143 43 289 528 57 854 590 670 744 157 410 249 653 608 670 583 138 449 280 78 647 545 640 363 807 0 228 650 623 771 524 616 764 634 791 305 637 452 321 740 576 34 282 308 489 131 984 644 325 75 854 830 559 930 48 496 432 450 751 17 578 642 779 
561 982 378 829 533 711 438 448 444 739 784 303 469 35 936 132 436 283 459 556 223 629 567 907 461 966 118 383 536 711 31 661 13 722 310 324 77 46 969 485 453 61 228 0 911 626 542 71 197 231 812 446 749 108 809 219 210 685 687 559 79 370 180 147 447 340 291 700 376 757 61 202 588 937 847 239 829 128 303 339 
459 250 911 275 345 217 702 589 65 848 350 771 924 457 612 625 763 520 692 981 418 561 251 397 483 1 570 35 294 493 571 88 992 127 796 820 778 905 384 841 324 728 650 911 0 590 185 935 394 640 888 810 447 914 841 101 873 306 240 794 155 734 64 497 791 96 499 828 147 526 724 415 610 775 785 284 729 559 788 210 
365 353 794 886 678 103 670 223 294 743 341 854 232 435 284 13 209 232 313 929 337 862 328 272 386 948 169 750 875 856 169 167 113 910 892 744 130 406 206 281 864 668 623 626 590 0 409 86 268 803 21 538 614 153 180 668 132 602 276 520 597 190 457 890 79 387 641 901 515 12 369 866 339 113 343 347 288 487 55 138 
598 203 900 19 550 355 600 268 830 69 43 71 719 469 633 761 650 867 921 505 615 818 421 948 757 563 497 874 965 480 694 565 501 730 416 749 924 381 260 546 869 845 771 542 185 409 0 208 1 414 389 342 95 496 556 70 213 900 977 561 967 912 464 50 705 523 619 798 85 129 644 175 507 365 229 116 899 864 837 910 
871 807 790 883 206 619 219 661 405 978 660 903 856 519 580 731 166 585 217 838 270 86 363 511 1000 192 802 640 668 675 195 169 862 798 774 412 215 466 337 149 762 828 524 71 935 86 208 0 260 680 719 818 212 488 780 441 763 734 848 869 183 505 63 466 133 2 438 156 746 849 987 78 408 588 830 426 949 86 452 337 
160 825 193 619 672 608 238 346 117 126 607 538 49 360 35 460 285 525 212 776 835 191 458 170 961 340 766 815 375 208 414 708 49 207 881 408 325 244 363 868 287 854 616 197 394 268 1 260 0 715 465 601 562 110 127 134 311 434 334 393 116 886 606 119 181 641 171 857 597 378 890 717 213 94 328 689 919 822 741 131 
779 837 201 859 873 743 623 635 497 219 431 214 819 360 175 490 473 790 788 461 235 875 54 223 332 272 528 896 988 152 100 600 624 932 668 545 662 403 654 849 575 901 764 231 640 803 414 680 715 0 84 168 801 563 66 552 22 120 583 240 261 693 343 245 982 214 899 529 69 671 614 839 98 154 565 213 907 509 694 18 
749 678 646 33 40 918 567 532 123 284 78 667 861 321 806 541 474 972 203 352 6 322 588 24 868 27 402 497 994 148 118 218 886 388 448 291 713 691 394 192 751 876 634 812 888 21 389 719 465 84 0 668 860 422 747 138 643 934 621 82 496 770 163 623 683 685 598 971 937 701 202 355 674 481 249 599 730 149 350 735 
922 146 161 903 105 34 794 968 86 220 648 984 139 380 36 334 877 718 271 572 645 441 310 111 731 956 710 67 862 1000 38 605 609 848 606 846 735 353 230 402 892 534 791 446 810 538 342 818 601 168 668 0 909 953 559 835 157 695 536 687 370 810 568 530 80 833 334 844 781 667 296 774 25 61 335 566 991 485 120 101 
694 602 375 372 793 96 872 204 224 211 213 253 421 357 250 825 772 703 929 501 781 566 357 208 329 558 134 839 165 590 382 256 922 159 141 191 296 909 912 665 824 898 305 749 447 614 95 212 562 801 860 909 0 735 542 49 718 657 636 771 511 798 789 444 834 676 58 369 665 339 212 810 462 674 22 191 398 98 377 138 
413 591 703 432 118 799 579 289 240 771 827 592 716 574 89 229 776 887 897 502 270 28 651 97 8 473 72 844 526 847 829 119 106 745 494 912 259 971 251 226 796 504 637 108 914 153 496 488 110 563 422 953 735 0 998 976 636 8 656 721 85 492 892 960 765 3 186 919 500 679 741 233 131 929 923 460 925 825 718 112 
179 603 253 388 438 844 191 201 167 888 134 208 399 474 767 176 682 813 773 571 512 238 424 596 193 938 780 153 323 231 141 237 390 718 690 720 92 426 477 100 36 902 452 809 841 180 556 780 127 66 747 559 542 998 0 827 954 520 919 390 705 352 488 543 206 333 728 72 925 639 499 516 109 863 843 358 938 934 391 888 
745 821 766 739 470 107 159 341 741 522 689 881 465 428 979 389 614 495 347 855 404 128 237 428 495 327 729 921 797 231 559 615 587 673 444 121 250 819 589 638 462 268 321 219 101 668 70 441 134 552 138 835 49 976 827 0 844 204 439 901 641 239 902 666 497 267 290 649 821 134 912 649 887 888 56 620 547 340 127 752 
25 135 269 392 477 894 864 913 937 878 157 475 843 839 799 718 918 853 602 882 105 191 227 852 694 984 145 164 347 962 48 822 674 562 233 896 786 472 183 606 601 591 740 210 873 132 213 763 311 22 643 157 718 636 954 844 0 844 409 308 192 682 765 119 476 964 686 893 250 23 171 576 819 887 906 519 237 175 103 657 
40 713 838 747 149 487 446 145 203 172 277 172 958 362 449 867 274 496 508 179 357 152 872 314 363 78 124 649 508 390 36 218 640 836 441 306 190 798 231 113 453 83 576 685 306 602 900 734 434 120 934 695 657 8 520 204 844 0 500 780 101 549 780 728 977 874 744 831 633 145 971 83 797 278 874 315 930 343 114 441 
206 492 459 16 665 646 216 505 373 207 426 573 984 105 489 882 248 285 913 441 600 538 663 891 892 549 796 86 758 84 371 330 750 954 763 514 677 662 761 37 98 996 34 687 240 276 977 848 334 583 621 536 636 656 919 439 409 500 0 639 358 907 631 557 288 118 113 26 596 342 881 427 320 848 899 290 622 92 176 823 
298 132 66 256 346 232 669 495 116 508 260 984 716 748 618 67 275 281 472 473 243 66 106 454 285 82 909 767 123 915 139 142 855 834 829 187 304 178 938 44 576 285 282 559 794 520 561 869 393 240 82 687 771 721 390 901 308 780 639 0 547 598 564 350 399 709 896 442 471 354 957 702 745 501 686 502 946 366 481 456 
913 553 239 267 164 97 733 955 888 875 134 734 957 806 517 285 665 382 232 385 861 782 384 952 66 454 779 935 936 291 775 886 830 514 390 506 842 122 928 434 365 342 308 79 155 597 967 183 116 261 496 370 511 85 705 641 192 101 358 547 0 748 231 314 747 402 9 5 350 197 315 122 880 972 449 641 748 996 634 602 
127 901 432 563 132 299 197 568 719 326 109 696 69 81 173 299 351 754 35 620 69 473 743 627 13 17 780 143 839 867 926 121 564 657 389 478 372 31 352 168 435 280 489 370 734 190 912 505 886 693 770 810 798 492 352 239 682 549 907 598 748 0 314 368 936 364 826 351 746 970 117 177 342 769 258 890 920 572 100 912 
42 786 107 844 682 115 543 667 116 866 671 693 985 342 952 797 285 502 421 5 909 291 603 637 999 133 251 58 363 281 510 531 712 625 106 426 249 726 987 159 882 197 131 180 64 457 464 63 606 343 163 568 789 892 488 902 765 780 631 564 231 314 0 558 674 333 286 528 320 582 36 923 490 821 954 329 327 743 953 271 
997 80 606 14 355 208 479 790 771 217 578 552 209 211 457 144 472 389 312 134 713 819 686 78 485 375 488 855 575 6 245 237 693 647 554 311 898 64 701 350 522 557 984 147 497 890 50 466 119 245 623 530 444 960 543 666 119 728 557 350 314 368 558 0 741 267 172 151 32 19 417 110 600 215 690 678 496 368 180 842 
652 418 326 972 853 652 562 613 735 72 946 852 466 147 44 824 9 872 610 890 57 739 851 724 394 466 390 395 743 738 905 480 396 956 768 497 715 372 404 514 781 492 644 447 791 79 705 133 181 982 683 80 834 765 206 497 476 977 288 399 747 936 674 741 0 42 565 162 605 476 538 780 505 42 98 923 299 464 295 84 
163 802 127 434 40 413 841 652 800 6 230 936 351 957 192 721 324 122 913 249 971 292 538 908 491 352 325 633 721 504 950 515 730 394 126 447 927 339 5 932 291 920 325 340 96 387 523 2 641 214 685 833 676 3 333 267 964 874 118 709 402 364 333 267 42 0 894 793 831 195 745 403 377 595 391 504 742 999 411 599 
272 532 657 110 593 471 627 176 685 16 508 777 321 294 488 714 976 628 877 25 13 280 608 185 898 176 437 253 843 971 325 521 229 156 338 634 737 920 776 642 934 748 75 291 499 641 619 438 171 899 598 334 58 186 728 290 686 744 113 896 9 826 286 172 565 894 0 87 756 703 327 328 800 991 631 469 479 475 944 470 
398 484 506 497 848 329 901 160 636 365 241 353 161 682 88 255 355 142 645 545 641 352 161 915 814 357 802 167 546 799 151 347 240 395 139 686 950 170 356 720 675 605 854 700 828 901 798 156 857 529 971 844 369 919 72 649 893 831 26 442 5 351 528 151 162 793 87 0 27 698 799 859 656 512 725 185 982 91 208 920 
617 94 344 41 492 722 919 66 410 880 92 869 780 918 746 531 917 524 111 255 80 753 276 605 488 489 614 566 255 351 412 190 78 188 818 806 364 343 930 86 384 386 830 376 147 515 85 746 597 69 937 781 665 500 925 821 250 633 596 471 350 746 320 32 605 831 756 27 0 260 849 60 352 139 903 206 124 806 877 682 
229 534 451 596 793 835 964 433 99 254 444 975 236 303 419 271 982 470 672 87 645 601 206 860 629 159 190 342 306 963 171 286 35 350 386 902 149 841 198 902 619 57 559 757 526 12 129 849 378 671 701 667 339 679 639 134 23 145 342 354 197 970 582 19 476 195 703 698 260 0 218 326 152 687 968 285 250 397 80 957 
257 855 146 254 622 603 577 836 140 173 958 393 96 175 221 990 151 23 382 993 153 54 284 753 764 539 705 526 699 219 324 752 69 912 413 97 713 126 398 743 392 744 930 61 724 369 644 987 890 614 202 296 212 741 499 912 171 971 881 957 315 117 36 417 538 745 327 799 849 218 0 450 22 745 299 794 445 420 156 546 
308 157 484 52 606 617 327 26 674 818 820 371 11 221 678 575 358 542 228 205 978 299 851 997 942 840 595 154 149 386 782 254 688 800 347 759 405 749 501 644 31 91 48 202 415 866 175 78 717 839 355 774 810 233 516 649 576 83 427 702 122 177 923 110 780 403 328 859 60 326 450 0 578 228 578 817 480 443 450 610 
703 680 353 202 573 288 277 576 14 846 697 70 595 544 353 292 525 845 191 72 125 817 273 371 230 896 734 67 719 220 781 762 669 198 260 536 324 797 837 793 447 84 496 588 610 339 507 408 213 98 674 25 462 131 109 887 819 797 320 745 880 342 490 600 505 377 800 656 352 152 22 578 0 243 770 316 75 813 864 798 
154 167 629 494 602 330 574 483 111 48 904 828 585 727 331 617 485 460 136 131 441 373 954 848 341 721 863 772 468 63 346 720 760 785 775 827 118 792 433 546 418 642 432 937 775 113 365 588 94 154 481 61 674 929 863 888 887 278 848 501 972 769 821 215 42 595 991 512 139 687 745 228 243 0 967 766 954 838 608 579 
533 892 464 513 403 359 734 906 113 473 69 145 24 808 322 762 266 53 126 445 742 172 703 835 498 412 136 194 99 331 567 106 999 792 601 763 435 167 661 171 160 463 450 847 785 343 229 830 328 565 249 335 22 923 843 56 906 874 899 686 449 258 954 690 98 391 631 725 903 968 299 578 770 967 0 478 357 919 762 985 
866 911 487 335 830 214 720 739 81 487 887 542 26 253 458 449 779 37 18 148 189 208 374 763 437 720 450 19 543 981 660 543 519 733 716 127 884 222 415 703 450 446 751 239 284 347 116 426 689 213 599 566 191 460 358 620 519 315 290 502 641 890 329 678 923 504 469 185 206 285 794 817 316 766 478 0 420 210 970 368 
437 215 802 488 633 744 674 781 354 246 568 352 921 689 667 687 744 325 111 616 388 471 413 793 246 126 441 130 982 356 653 849 16 507 369 915 242 830 635 540 351 864 17 829 729 288 899 949 919 907 730 991 398 925 938 547 237 930 622 946 748 920 327 496 299 742 479 982 124 250 445 480 75 954 357 420 0 530 484 425 
399 699 477 558 633 786 631 830 340 245 447 575 633 190 742 247 682 736 634 699 158 567 245 907 266 695 204 264 61 291 180 532 496 337 474 282 761 15 232 88 944 752 578 128 559 487 864 86 822 509 149 485 98 825 934 340 175 343 92 366 996 572 743 368 464 999 475 91 806 397 420 443 813 838 919 210 530 0 590 676 
529 946 293 551 993 218 267 724 673 101 982 527 874 160 911 681 536 578 95 271 861 527 787 926 504 689 486 435 288 118 529 454 128 277 211 642 638 740 634 328 671 159 642 303 788 55 837 452 741 694 350 120 377 718 391 127 103 114 176 481 634 100 953 180 295 411 944 208 877 80 156 450 864 608 762 970 484 590 0 882 
481 977 687 852 327 847 649 397 156 605 886 820 334 219 128 590 345 386 980 435 698 249 290 109 621 514 502 969 32 117 266 503 273 940 384 934 626 557 434 809 904 711 779 339 210 138 910 337 131 18 735 101 138 112 888 752 657 441 823 456 602 912 271 842 84 599 470 920 682 957 546 610 798 579 985 368 425 676 882 0 
