40 2
0 517 195 327 715 90 387 78 644 92 45 374 501 272 763 488 956 842 729 133 711 836 449 431 608 986 500 648 132 132 188 553 515 94 958 120 302 941 279 182 
517 0 917 814 781 989 132 624 487 235 241 164 635 858 97 269 571 515 782 562 457 757 417 787 327 53 446 193 867 579 839 778 279 694 426 404 284 617 837 529 
195 917 0 282 156 229 295 947 269 695 342 580 344 133 751 424 777 70 442 251 790 620 799 195 919 333 710 598 48 732 196 526 302 470 504 295 808 223 43 839 
327 814 282 0 125 124 207 379 633 813 969 168 433 498 955 53 915 586 909 924 807 329 803 522 164 297 752 138 543 315 411 498 332 261 560 93 875 321 612 179 
715 781 156 125 0 835 898 23 878 622 282 749 698 251 654 678 804 179 918 242 77 517 990 640 230 250 491 522 886 497 873 773 540 543 297 700 718 443 847 648 
90 989 229 124 835 0 189 937 545 527 25 148 266 963 872 232 701 860 436 651 346 137 432 842 925 294 756 155 874 413 267 216 153 188 13 377 19 157 292 557 
387 132 295 207 898 189 0 45 474 18 941 990 81 349 339 408 657 358 193 663 66 987 275 661 650 670 582 287 254 249 330 736 688 795 141 871 384 253 371 232 
78 624 947 379 23 937 45 0 3 941 188 730 428 832 12 774 585 63 234 781 653 169 836 833 389 752 375 732 499 216 165 447 98 321 871 191 40 950 974 680 
644 487 269 633 878 545 474 3 0 281 111 723 594 917 804 60 333 984 482 338 747 612 837 909 986 73 305 515 644 780 661 215 522 306 284 470 277 432 611 498 
92 235 695 813 622 527 18 941 281 0 926 834 995 611 984 718 899 643 498 404 717 753 200 31 226 684 448 588 862 400 155 731 80 165 616 466 98 44 635 100 
45 241 342 969 282 25 941 188 111 926 0 342 36 478 828 472 524 656 442 763 760 261 126 432 470 391 640 607 306 949 164 260 642 602 253 457 494 343 263 70 
374 164 580 168 749 148 990 730 723 834 342 0 211 88 869 676 811 149 520 560 270 40 838 25 125 333 262 325 774 8 454 903 598 52 720 484 489 267 657 717 
501 635 344 433 698 266 81 428 594 995 36 211 0 905 165 882 619 602 102 218 550 668 84 235 42 765 733 813 572 544 622 594 911 70 332 297 80 565 749 793 
272 858 133 498 251 963 349 832 917 611 478 88 905 0 796 730 774 159 701 245 598 11 188 97 51 312 756 345 136 638 20 76 622 31 604 434 136 585 208 990 
763 97 751 955 654 872 339 12 804 984 828 869 165 796 0 718 603 116 51 273 474 497 59 831 55 295 321 332 467 696 210 668 786 40 972 199 165 100 252 316 
488 269 424 53 678 232 408 774 60 718 472 676 882 730 718 0 959 224 239 7 408 164 967 408 102 715 698 906 389 380 7 22 215 523 272 447 509 884 824 274 
956 571 777 915 804 701 657 585 333 899 524 811 619 774 603 959 0 491 690 71 442 134 521 676 718 2 736 478 698 536 602 295 566 152 547 44 935 824 825 407 
842 515 70 586 179 860 358 63 984 643 656 149 602 159 116 224 491 0 328 68 634 40 691 768 594 656 298 318 182 130 924 642 432 962 353 477 676 195 749 795 
729 782 442 909 918 436 193 234 482 498 442 520 102 701 51 239 690 328 0 203 235 677 198 836 483 493 989 652 971 410 31 279 238 818 472 691 301 96 700 911 
133 562 251 924 242 651 663 781 338 404 763 560 218 245 273 7 71 68 203 0 849 625 142 193 221 160 504 299 960 294 771 594 371 551 774 393 47 781 315 20 
711 457 790 807 77 346 66 653 747 717 760 270 550 598 474 408 442 634 235 849 0 594 139 562 815 940 522 307 316 376 4 550 919 258 853 468 531 613 709 452 
836 757 620 329 517 137 987 169 612 753 261 40 668 11 497 164 134 40 677 625 594 0 893 589 53 874 515 623 477 310 517 818 335 919 585 340 982 71 831 947 
449 417 799 803 990 432 275 836 837 200 126 838 84 188 59 967 521 691 198 142 139 893 0 64 485 446 724 897 757 214 752 247 218 934 455 278 749 393 113 503 
431 787 195 522 640 842 661 833 909 31 432 25 235 97 831 408 676 768 836 193 562 589 64 0 360 443 100 933 811 223 290 923 408 343 521 360 421 408 671 219 
608 327 919 164 230 925 650 389 986 226 470 125 42 51 55 102 718 594 483 221 815 53 485 360 0 315 855 553 401 253 980 150 101 698 130 425 145 76 648 158 
986 53 333 297 250 294 670 752 73 684 391 333 765 312 295 715 2 656 493 160 940 874 446 443 315 0 487 64 637 413 536 138 940 880 7 675 684 488 303 731 
500 446 710 752 491 756 582 375 305 448 640 262 733 756 321 698 736 298 989 504 522 515 724 100 855 487 0 985 503 288 185 887 925 926 211 510 387 986 441 807 
648 193 598 138 522 155 287 732 515 588 607 325 813 345 332 906 478 318 652 299 307 623 897 933 553 64 985 0 125 8 829 314 97 100 345 105 367 550 646 79 
132 867 48 543 886 874 254 499 644 862 306 774 572 136 467 389 698 182 971 960 316 477 757 811 401 637 503 125 0 255 736 210 368 926 342 197 575 299 149 850 
132 579 732 315 497 413 249 216 780 400 949 8 544 638 696 380 536 130 410 294 376 310 214 223 253 413 288 8 255 0 78 162 263 222 818 751 760 518 481 134 
188 839 196 411 873 267 330 165 661 155 164 454 622 20 210 7 602 924 31 771 4 517 752 290 980 536 185 829 736 78 0 29 177 694 887 267 41 531 975 770 
553 778 526 498 773 216 736 447 215 731 260 903 594 76 668 22 295 642 279 594 550 818 247 923 150 138 887 314 210 162 29 0 199 458 548 129 581 187 304 79 
515 279 302 332 540 153 688 98 522 80 642 598 911 622 786 215 566 432 238 371 919 335 218 408 101 940 925 97 368 263 177 199 0 19 77 846 290 367 995 243 
94 694 470 261 543 188 795 321 306 165 602 52 70 31 40 523 152 962 818 551 258 919 934 343 698 880 926 100 926 222 694 458 19 0 914 108 122 629 334 497 
958 426 504 560 297 13 141 871 284 616 253 720 332 604 972 272 547 353 472 774 853 585 455 521 130 7 211 345 342 818 887 548 77 914 0 219 267 814 223 305 
120 404 295 93 700 377 871 191 470 466 457 484 297 434 199 447 44 477 691 393 468 340 278 360 425 675 510 105 197 751 267 129 846 108 219 0 398 692 940 280 
302 284 808 875 718 19 384 40 277 98 494 489 80 136 165 509 935 676 301 47 531 982 749 421 145 684 387 367 575 760 41 581 290 122 267 398 0 660 385 511 
941 617 223 321 443 157 253 950 432 44 343 267 565 585 100 884 824 195 96 781 613 71 393 408 76 488 986 550 299 518 531 187 367 629 814 692 660 0 947 828 
279 837 43 612 847 292 371 974 611 635 263 657 749 208 252 824 825 749 700 315 709 831 113 671 648 303 441 646 149 481 975 304 995 334 223 940 385 947 0 415 
182 529 839 179 648 557 232 680 498 100 70 717 793 990 316 274 407 795 911 20 452 947 503 219 158 731 807 79 850 134 770 79 243 497 305 280 511 828 415 0 
0 159 30 470 161 616 171 821 770 524 641 47 571 350 952 168 743 355 428 67 636 210 712 629 519 174 563 640 706 276 72 732 322 54 123 330 412 591 470 680 
159 0 323 231 554 696 573 239 129 993 181 201 946 179 414 250 230 934 495 319 613 233 366 521 4 295 501 901 960 851 805 633 232 777 410 135 804 567 767 140 
30 323 0 860 108 420 422 463 98 389 522 360 82 704 795 293 484 739 630 934 186 900 402 583 959 699 100 876 19 142 823 236 193 444 688 117 503 572 374 194 
470 231 860 0 470 133 904 220 451 560 26 263 161 900 421 669 943 916 92 352 511 201 479 397 738 69 219 707 414 693 23 469 284 483 148 469 420 404 321 497 
161 554 108 470 0 638 349 343 721 263 334 587 326 376 749 202 856 846 509 354 556 311 872 688 773 374 957 233 477 369 486 471 459 90 387 43 891 732 336 135 
616 696 420 133 638 0 453 5 929 910 122 757 562 952 74 656 859 659 871 694 496 862 51 766 751 381 92 203 558 293 992 182 452 537 742 337 444 134 873 756 
171 573 422 904 349 453 0 660 582 930 299 117 529 768 63 780 331 973 658 690 879 669 740 5 314 51 560 10 960 695 833 449 151 662 628 961 503 581 658 673 
821 239 463 220 343 5 660 0 298 189 616 920 756 871 822 136 965 68 436 752 584 6 97 302 974 487 520 644 653 207 483 791 626 202 146 762 633 685 3 115 
770 129 98 451 721 929 582 298 0 275 183 936 603 344 123 281 44 329 481 588 836 331 746 560 539 614 289 227 694 26 275 708 684 974 601 846 776 108 880 10 
524 993 389 560 263 910 930 189 275 0 415 120 327 899 642 939 978 780 417 441 915 197 128 610 973 340 693 772 869 492 213 109 864 771 65 853 237 79 303 605 
641 181 522 26 334 122 299 616 183 415 0 957 1 616 903 220 871 455 541 422 683 841 95 305 509 725 642 92 640 143 7 658 754 884 208 252 512 531 633 663 
47 201 360 263 587 757 117 920 936 120 957 0 10 940 918 937 279 338 550 490 629 73 460 895 283 192 283 271 701 652 595 183 620 230 163 43 413 617 87 237 
571 946 82 161 326 562 529 756 603 327 1 10 0 435 53 26 419 460 5 147 887 543 615 536 702 721 656 399 310 230 45 315 319 742 825 601 995 496 613 308 
350 179 704 900 376 952 768 871 344 899 616 940 435 0 673 160 184 674 280 147 21 826 322 709 43 926 156 448 3 228 171 532 480 164 492 174 630 55 488 459 
952 414 795 421 749 74 63 822 123 642 903 918 53 673 0 793 532 757 622 667 879 886 97 325 503 921 378 172 816 929 544 88 923 981 95 777 884 115 303 385 
168 250 293 669 202 656 780 136 281 939 220 937 26 160 793 0 812 582 743 737 819 440 756 182 607 175 725 412 406 339 659 515 820 333 330 612 178 742 279 941 
743 230 484 943 856 859 331 965 44 978 871 279 419 184 532 812 0 991 362 297 443 293 171 599 364 549 218 826 712 290 571 839 62 736 65 298 932 391 589 432 
355 934 739 916 846 659 973 68 329 780 455 338 460 674 757 582 991 0 643 32 330 802 526 689 493 868 779 560 748 24 407 513 191 666 936 30 492 372 242 976 
428 495 630 92 509 871 658 436 481 417 541 550 5 280 622 743 362 643 0 955 434 450 186 924 770 166 194 880 182 84 291 829 894 73 372 479 369 794 984 623 
67 319 934 352 354 694 690 752 588 441 422 490 147 147 667 737 297 32 955 0 756 379 989 503 257 914 323 879 935 990 736 410 358 728 618 682 199 751 987 702 
636 613 186 511 556 496 879 584 836 915 683 629 887 21 879 819 443 330 434 756 0 40 159 650 641 469 40 764 345 959 356 92 156 279 802 439 797 681 627 498 
210 233 900 201 311 862 669 6 331 197 841 73 543 826 886 440 293 802 450 379 40 0 346 687 34 10 598 462 896 978 793 735 215 934 430 132 902 197 778 408 
712 366 402 479 872 51 740 97 746 128 95 460 615 322 97 756 171 526 186 989 159 346 0 642 827 865 910 986 258 390 114 548 395 819 886 1 90 290 358 295 
629 521 583 397 688 766 5 302 560 610 305 895 536 709 325 182 599 689 924 503 650 687 642 0 618 472 558 12 901 121 695 437 438 213 919 843 458 22 901 467 
519 4 959 738 773 751 314 974 539 973 509 283 702 43 503 607 364 493 770 257 641 34 827 618 0 536 627 800 710 994 291 588 962 373 583 893 393 480 668 141 
174 295 699 69 374 381 51 487 614 340 725 192 721 926 921 175 549 868 166 914 469 10 865 472 536 0 599 437 591 468 535 473 399 691 13 291 451 525 607 788 
563 501 100 219 957 92 560 520 289 693 642 283 656 156 378 725 218 779 194 323 40 598 910 558 627 599 0 912 727 741 11 842 883 170 35 893 479 84 161 581 
640 901 876 707 233 203 10 644 227 772 92 271 399 448 172 412 826 560 880 879 764 462 986 12 800 437 912 0 835 420 659 819 775 948 807 445 714 131 528 520 
706 960 19 414 477 558 960 653 694 869 640 701 310 3 816 406 712 748 182 935 345 896 258 901 710 591 727 835 0 945 289 430 175 283 728 894 904 830 870 230 
276 851 142 693 369 293 695 207 26 492 143 652 230 228 929 339 290 24 84 990 959 978 390 121 994 468 741 420 945 0 59 635 310 614 857 180 928 373 645 85 
72 805 823 23 486 992 833 483 275 213 7 595 45 171 544 659 571 407 291 736 356 793 114 695 291 535 11 659 289 59 0 362 373 300 695 573 237 232 844 655 
732 633 236 469 471 182 449 791 708 109 658 183 315 532 88 515 839 513 829 410 92 735 548 437 588 473 842 819 430 635 362 0 171 222 25 216 136 840 991 174 
322 232 193 284 459 452 151 626 684 864 754 620 319 480 923 820 62 191 894 358 156 215 395 438 962 399 883 775 175 310 373 171 0 761 564 733 807 143 914 239 
54 777 444 483 90 537 662 202 974 771 884 230 742 164 981 333 736 666 73 728 279 934 819 213 373 691 170 948 283 614 300 222 761 0 170 485 83 302 561 714 
123 410 688 148 387 742 628 146 601 65 208 163 825 492 95 330 65 936 372 618 802 430 886 919 583 13 35 807 728 857 695 25 564 170 0 671 998 374 528 647 
330 135 117 469 43 337 961 762 846 853 252 43 601 174 777 612 298 30 479 682 439 132 1 843 893 291 893 445 894 180 573 216 733 485 671 0 559 65 118 421 
412 804 503 420 891 444 503 633 776 237 512 413 995 630 884 178 932 492 369 199 797 902 90 458 393 451 479 714 904 928 237 136 807 83 998 559 0 839 593 149 
591 567 572 404 732 134 581 685 108 79 531 617 496 55 115 742 391 372 794 751 681 197 290 22 480 525 84 131 830 373 232 840 143 302 374 65 839 0 622 332 
470 767 374 321 336 873 658 3 880 303 633 87 613 488 303 279 589 242 984 987 627 778 358 901 668 607 161 528 870 645 844 991 914 561 528 118 593 622 0 972 
680 140 194 497 135 756 673 115 10 605 663 237 308 459 385 941 432 976 623 702 498 408 295 467 141 788 581 520 230 85 655 174 239 714 647 421 149 332 972 0 
0 895 51 556 6 825 271 440 496 640 149 105 218 676 733 111 897 569 180 62 772 65 790 882 520 540 389 93 253 149 352 189 695 299 230 728 480 629 489 709 
895 0 746 682 586 201 427 71 144 497 685 576 899 829 368 117 776 479 571 341 668 445 718 793 537 224 405 735 672 925 200 469 575 265 502 577 276 485 682 322 
51 746 0 946 656 641 897 174 163 196 670 800 297 374 760 418 800 498 872 929 263 515 414 571 794 691 381 485 98 52 594 60 259 729 613 293 761 890 835 602 
556 682 946 0 756 739 715 998 131 723 50 114 206 730 528 335 764 803 453 322 686 482 337 464 945 280 122 981 463 692 74 620 413 524 554 261 182 355 26 830 
6 586 656 756 0 536 434 491 930 450 531 871 117 662 170 726 877 358 381 481 718 254 852 295 425 289 522 306 588 124 526 321 282 344 297 484 803 304 485 746 
825 201 641 739 536 0 578 582 624 872 605 720 520 920 380 597 348 854 622 738 492 461 284 794 642 651 677 583 272 29 831 443 297 92 554 211 370 202 988 804 
271 427 897 715 434 578 0 624 821 773 404 79 148 779 338 404 217 683 763 517 748 255 485 10 300 221 475 176 928 858 760 646 390 319 986 787 849 197 395 751 
440 71 174 998 491 582 624 0 151 57 400 420 262 886 515 389 354 352 428 730 648 262 310 513 549 243 990 624 405 531 370 779 382 699 213 716 510 724 77 343 
496 144 163 131 930 624 821 151 0 403 591 937 456 248 315 52 432 96 244 781 553 279 928 276 756 393 377 452 35 19 64 981 607 835 856 752 964 348 934 227 
640 497 196 723 450 872 773 57 403 0 671 20 786 205 436 806 784 676 313 698 264 402 128 723 430 619 351 895 327 215 725 367 881 861 278 828 892 419 478 880 
149 685 670 50 531 605 404 400 591 671 0 364 127 320 143 413 772 181 695 663 613 506 333 266 565 672 689 78 664 15 139 633 955 484 559 406 349 608 807 375 
105 576 800 114 871 720 79 420 937 20 364 0 3 404 663 733 27 153 72 595 471 295 342 626 547 36 579 409 303 378 985 201 233 72 721 327 337 914 417 318 
218 899 297 206 117 520 148 262 456 786 127 3 0 462 352 406 174 224 81 120 492 321 626 493 87 957 853 579 223 674 99 583 822 436 701 846 851 472 266 565 
676 829 374 730 662 920 779 886 248 205 320 404 462 0 845 182 503 769 148 226 139 681 652 511 186 969 241 864 438 529 313 113 148 17 681 332 219 480 811 225 
733 368 760 528 170 380 338 515 315 436 143 663 352 845 0 788 949 654 270 573 467 967 301 198 130 687 313 280 755 943 692 495 777 896 654 640 115 414 414 641 
111 117 418 335 726 597 404 389 52 806 413 733 406 182 788 0 881 641 568 315 976 333 163 477 442 574 694 191 67 888 626 445 291 800 372 422 140 759 66 580 
897 776 800 764 877 348 217 354 432 784 772 27 174 503 949 881 0 745 43 510 135 554 417 402 423 392 217 835 150 181 511 644 745 46 162 295 456 276 220 375 
569 479 498 803 358 854 683 352 96 676 181 153 224 769 654 641 745 0 199 91 2 729 488 667 914 426 981 830 671 105 288 309 497 754 677 461 678 425 598 957 
180 571 872 453 381 622 763 428 244 313 695 72 81 148 270 568 43 199 0 745 450 370 752 966 750 125 262 928 354 340 559 253 651 75 479 170 730 626 812 12 
62 341 929 322 481 738 517 730 781 698 663 595 120 226 573 315 510 91 745 0 224 221 291 188 448 544 238 702 985 707 618 99 531 478 551 514 706 758 920 948 
772 668 263 686 718 492 748 648 553 264 613 471 492 139 467 976 135 2 450 224 0 373 362 432 645 875 39 795 530 184 126 369 313 168 621 309 707 226 961 337 
65 445 515 482 254 461 255 262 279 402 506 295 321 681 967 333 554 729 370 221 373 0 617 476 114 21 460 271 953 572 890 867 295 865 295 609 934 387 785 157 
790 718 414 337 852 284 485 310 928 128 333 342 626 652 301 163 417 488 752 291 362 617 0 853 723 392 826 646 398 98 265 511 294 677 818 255 166 400 343 133 
882 793 571 464 295 794 10 513 276 723 266 626 493 511 198 477 402 667 966 188 432 476 853 0 586 413 292 38 875 429 662 550 254 112 752 870 895 201 933 569 
520 537 794 945 425 642 300 549 756 430 565 547 87 186 130 442 423 914 750 448 645 114 723 586 0 636 666 483 768 827 130 435 808 414 258 910 393 167 675 336 
540 224 691 280 289 651 221 243 393 619 672 36 957 969 687 574 392 426 125 544 875 21 392 413 636 0 511 945 533 864 759 702 536 725 372 281 362 199 743 819 
389 405 381 122 522 677 475 990 377 351 689 579 853 241 313 694 217 981 262 238 39 460 826 292 666 511 0 536 818 740 311 631 679 245 169 812 36 396 786 449 
93 735 485 981 306 583 176 624 452 895 78 409 579 864 280 191 835 830 928 702 795 271 646 38 483 945 536 0 907 595 480 938 585 680 880 990 665 372 523 940 
253 672 98 463 588 272 928 405 35 327 664 303 223 438 755 67 150 671 354 985 530 953 398 875 768 533 818 907 0 708 496 305 198 668 235 557 635 486 898 932 
149 925 52 692 124 29 858 531 19 215 15 378 674 529 943 888 181 105 340 707 184 572 98 429 827 864 740 595 708 0 165 651 209 682 950 158 527 89 420 812 
352 200 594 74 526 831 760 370 64 725 139 985 99 313 692 626 511 288 559 618 126 890 265 662 130 759 311 480 496 165 0 400 89 299 173 195 436 556 352 845 
189 469 60 620 321 443 646 779 981 367 633 201 583 113 495 445 644 309 253 99 369 867 511 550 435 702 631 938 305 651 400 0 354 215 445 645 627 938 834 70 
695 575 259 413 282 297 390 382 607 881 955 233 822 148 777 291 745 497 651 531 313 295 294 254 808 536 679 585 198 209 89 354 0 934 754 720 133 200 795 97 
299 265 729 524 344 92 319 699 835 861 484 72 436 17 896 800 46 754 75 478 168 865 677 112 414 725 245 680 668 682 299 215 934 0 913 674 207 28 468 784 
230 502 613 554 297 554 986 213 856 278 559 721 701 681 654 372 162 677 479 551 621 295 818 752 258 372 169 880 235 950 173 445 754 913 0 991 855 57 29 677 
728 577 293 261 484 211 787 716 752 828 406 327 846 332 640 422 295 461 170 514 309 609 255 870 910 281 812 990 557 158 195 645 720 674 991 0 911 323 338 560 
480 276 761 182 803 370 849 510 964 892 349 337 851 219 115 140 456 678 730 706 707 934 166 895 393 362 36 665 635 527 436 627 133 207 855 911 0 804 389 602 
629 485 890 355 304 202 197 724 348 419 608 914 472 480 414 759 276 425 626 758 226 387 400 201 167 199 396 372 486 89 556 938 200 28 57 323 804 0 796 201 
489 682 835 26 485 988 395 77 934 478 807 417 266 811 414 66 220 598 812 920 961 785 343 933 675 743 786 523 898 420 352 834 795 468 29 338 389 796 0 973 
709 322 602 830 746 804 751 343 227 880 375 318 565 225 641 580 375 957 12 948 337 157 133 569 336 819 449 940 932 812 845 70 97 784 677 560 602 201 973 0 
