80 3
0 147 534 761 735 506 482 77 902 976 452 875 108 696 934 257 750 798 103 981 938 179 348 729 993 937 256 607 620 480 270 809 727 689 755 563 555 851 635 339 70 793 728 28 862 872 640 970 512 456 150 300 265 575 646 64 491 62 237 448 123 322 719 882 994 301 922 834 34 148 710 303 472 908 771 477 470 752 506 902 
147 0 322 583 383 875 996 198 496 121 210 250 461 577 316 531 964 978 379 400 366 194 253 68 162 191 103 556 797 374 27 813 374 284 936 220 964 613 701 598 337 737 313 588 108 606 405 201 211 658 609 670 160 740 307 633 570 393 933 227 892 330 702 228 618 932 733 324 272 79 554 947 120 212 975 824 933 469 783 767 
534 322 0 674 989 644 512 621 537 485 735 990 686 418 699 465 45 159 857 476 894 577 671 28 669 864 748 840 240 898 333 498 287 424 351 831 573 120 63 650 493 153 335 871 42 646 115 548 97 828 79 756 703 564 578 367 538 678 846 79 413 597 787 122 292 655 668 121 225 616 854 801 785 162 952 296 471 907 466 832 
761 583 674 0 143 721 308 288 844 857 700 929 639 293 432 68 969 928 464 950 431 149 18 473 707 438 198 901 254 100 497 935 96 842 817 100 9 408 60 595 142 778 320 524 340 46 803 215 492 446 228 419 458 201 339 958 299 971 877 972 230 666 977 46 644 314 145 746 171 197 924 370 374 962 857 16 14 653 492 225 
735 383 989 143 0 710 661 414 769 593 555 770 90 121 849 536 989 971 426 349 280 380 212 841 752 31 515 677 978 486 883 244 602 951 836 184 531 459 143 32 596 88 812 480 109 609 639 264 378 147 940 63 780 61 111 725 767 859 223 179 346 146 438 633 741 149 134 401 52 762 606 931 143 129 948 784 816 998 645 238 
506 875 644 721 710 0 375 763 907 668 507 182 649 897 795 806 868 199 954 268 975 711 227 60 557 821 610 377 605 988 435 307 385 402 841 809 201 367 279 482 236 322 213 336 582 306 672 806 992 150 563 299 248 678 843 43 289 537 346 595 561 711 839 623 60 982 950 561 929 312 371 292 504 856 242 833 932 74 582 735 
482 996 512 308 661 375 0 556 292 687 671 116 77 607 891 833 839 481 824 662 109 234 666 525 19 603 467 987 398 946 333 1 563 639 382 993 207 752 943 781 476 836 600 79 699 352 199 382 824 76 639 252 986 393 573 128 93 684 151 343 436 869 109 79 259 780 187 629 199 109 623 86 407 693 139 755 390 16 680 392 
77 198 621 288 414 763 556 0 811 93 463 758 170 530 704 671 891 510 591 839 262 339 850 632 195 634 759 146 910 403 77 703 47 338 695 902 466 462 23 874 529 124 861 337 1 363 340 526 676 306 515 524 1 394 496 279 883 794 577 196 995 42 949 481 527 145 942 140 280 125 991 992 531 180 629 131 304 635 779 354 
902 496 537 844 769 907 292 811 0 717 663 557 371 921 544 436 873 663 517 608 279 650 458 567 255 521 69 325 619 236 306 81 53 675 433 927 298 677 559 823 924 825 444 718 799 982 153 956 960 799 227 637 194 428 586 949 19 317 604 121 661 265 438 178 958 754 104 871 228 845 482 311 425 867 107 479 789 334 936 453 
976 121 485 857 593 668 687 93 717 0 817 706 457 691 377 827 41 186 922 814 363 820 704 782 523 912 1000 793 407 424 684 922 147 711 173 33 145 405 478 930 704 503 871 502 99 684 727 873 126 849 174 42 279 263 13 163 814 126 235 691 640 487 956 941 231 134 641 529 26 230 452 166 159 977 281 343 23 971 771 278 
452 210 735 700 555 507 671 463 663 817 0 525 737 409 368 416 939 174 427 403 555 753 563 987 137 129 438 425 464 366 252 142 261 127 475 852 358 568 916 805 696 140 721 778 111 967 787 286 475 374 819 632 18 46 259 796 898 815 986 196 910 776 783 174 316 703 583 324 818 186 407 698 266 612 672 422 286 379 49 92 
875 250 990 929 770 182 116 758 557 706 525 0 495 368 708 376 960 731 108 431 349 148 71 329 932 284 15 386 94 850 347 126 831 897 27 594 634 848 662 902 697 701 72 273 146 61 581 943 421 875 186 592 430 987 934 591 887 340 968 332 214 564 489 878 230 946 655 548 623 507 60 664 841 104 375 927 312 575 232 780 
108 461 686 639 90 649 77 170 371 457 737 495 0 917 397 885 910 394 99 813 895 929 158 487 945 777 823 984 576 592 295 594 904 345 30 325 851 99 585 765 235 999 559 644 23 330 471 753 457 514 711 658 714 725 381 551 205 667 791 528 182 522 226 313 517 540 562 639 561 930 905 198 615 36 484 743 985 129 913 723 
696 577 418 293 121 897 607 530 921 691 409 368 917 0 859 690 574 318 699 707 634 497 120 287 475 41 53 902 966 499 840 880 270 263 408 221 343 310 169 263 945 656 243 125 536 612 363 362 901 305 405 282 983 432 525 107 537 731 915 147 986 586 712 865 969 345 60 636 572 690 897 400 115 836 711 438 139 249 358 656 
934 316 699 432 849 795 891 704 544 377 368 708 397 859 0 18 898 818 629 81 475 224 560 11 57 904 42 481 764 534 838 961 119 220 822 169 233 453 455 320 935 21 854 39 930 60 976 189 271 18 433 56 406 723 46 685 313 899 658 554 232 170 113 666 801 956 717 706 442 292 500 528 464 566 862 271 653 589 361 100 
257 531 465 68 536 806 833 671 436 827 416 376 885 690 18 0 790 703 918 783 381 804 469 994 954 86 490 344 384 212 3 256 447 999 933 8 172 544 558 3 555 373 46 662 496 486 895 959 92 768 274 969 321 248 411 12 230 853 488 338 355 485 91 629 861 51 792 197 821 742 934 958 202 190 636 613 762 445 949 372 
750 964 45 969 989 868 839 891 873 41 939 960 910 574 898 790 0 548 97 281 801 752 795 52 233 410 32 924 567 613 309 995 26 32 796 158 994 574 805 961 156 778 644 764 990 741 528 42 889 658 690 20 331 316 476 360 921 412 277 663 845 681 203 545 51 914 684 9 949 882 464 135 929 93 179 919 606 347 415 898 
798 978 159 928 971 199 481 510 663 186 174 731 394 318 818 703 548 0 382 59 484 764 547 492 72 822 809 891 163 232 307 945 942 230 997 391 250 595 868 761 488 456 521 801 633 241 582 12 688 636 594 479 309 35 910 384 65 917 335 130 253 896 13 857 523 461 482 900 918 365 969 103 430 833 805 139 273 304 549 34 
103 379 857 464 426 954 824 591 517 922 427 108 99 699 629 918 97 382 0 946 75 225 806 263 498 470 810 888 197 606 141 203 882 899 738 70 239 786 262 924 523 184 582 921 476 509 139 568 733 65 20 364 152 898 652 947 387 751 171 467 303 216 625 469 315 871 116 561 782 515 806 737 403 950 554 172 631 617 163 62 
981 400 476 950 349 268 662 839 608 814 403 431 813 707 81 783 281 59 946 0 181 42 319 963 486 420 252 604 134 744 922 496 719 710 146 823 893 276 315 365 909 316 900 569 153 249 975 56 18 973 454 986 240 489 720 581 788 657 378 636 540 246 645 927 973 761 609 165 753 79 660 506 910 785 573 608 858 390 373 380 
938 366 894 431 280 975 109 262 279 363 555 349 895 634 475 381 801 484 75 181 0 545 405 615 28 278 581 442 749 660 263 520 755 985 918 417 723 126 527 953 577 60 888 402 176 411 814 778 447 292 250 981 713 217 376 486 637 608 621 717 309 1 232 385 992 654 683 246 2 51 417 853 834 27 213 288 357 612 257 345 
179 194 577 149 380 711 234 339 650 820 753 148 929 497 224 804 752 764 225 42 545 0 422 152 453 596 610 937 850 605 889 844 745 551 930 636 73 430 996 207 537 77 611 949 804 536 730 20 394 435 408 638 151 542 295 801 961 952 776 462 379 859 357 518 373 686 714 124 41 717 780 216 14 764 189 725 887 667 144 134 
348 253 671 18 212 227 666 850 458 704 563 71 158 120 560 469 795 547 806 319 405 422 0 126 884 511 545 234 890 156 237 554 737 149 259 220 135 764 648 486 973 108 932 143 320 260 441 547 522 159 426 951 206 345 836 399 26 627 204 144 368 758 970 644 174 522 451 568 718 885 138 284 740 639 543 310 672 846 960 254 
729 68 28 473 841 60 525 632 567 782 987 329 487 287 11 994 52 492 263 963 615 152 126 0 790 737 39 899 274 19 122 183 545 232 425 629 325 170 409 143 220 241 154 143 949 215 724 752 588 509 641 508 970 187 12 718 719 270 746 715 406 758 388 520 975 668 780 241 658 14 357 988 701 164 777 310 263 788 556 365 
993 162 669 707 752 557 19 195 255 523 137 932 945 475 57 954 233 72 498 486 28 453 884 790 0 237 945 638 421 902 524 185 534 38 1000 761 704 76 907 158 818 83 579 17 560 137 711 411 333 768 73 728 582 13 326 363 516 144 979 746 984 196 496 714 95 729 490 970 421 189 61 702 513 675 740 26 36 312 286 781 
937 191 864 438 31 821 603 634 521 912 129 284 777 41 904 86 410 822 470 420 278 596 511 737 237 0 958 839 972 67 204 496 871 663 499 113 91 532 516 983 237 996 566 260 468 257 539 385 823 929 990 121 933 246 741 904 121 964 966 358 721 291 78 892 973 379 229 959 327 825 978 253 892 991 810 147 503 461 898 244 
256 103 748 198 515 610 467 759 69 1000 438 15 823 53 42 490 32 809 810 252 581 610 545 39 945 958 0 474 582 335 194 231 958 415 939 38 78 887 665 552 986 947 216 861 266 348 954 473 12 311 712 997 925 738 281 59 802 447 966 612 798 231 308 837 383 365 598 894 432 69 290 546 386 428 283 595 752 535 690 413 
607 556 840 901 677 377 987 146 325 793 425 386 984 902 481 344 924 891 888 604 442 937 234 899 638 839 474 0 478 846 861 120 819 517 206 890 950 912 488 249 717 711 594 325 423 75 874 809 751 516 551 587 16 210 453 736 684 799 507 201 153 962 955 131 481 812 388 630 147 121 873 212 358 796 513 2 793 468 713 381 
620 797 240 254 978 605 398 910 619 407 464 94 576 966 764 384 567 163 197 134 749 850 890 274 421 972 582 478 0 513 84 913 265 960 310 444 328 427 983 955 168 107 888 436 810 337 227 549 186 479 560 367 416 173 147 94 590 585 546 376 956 848 813 402 514 496 503 292 824 953 378 514 384 565 839 806 730 513 811 746 
480 374 898 100 486 988 946 403 236 424 366 850 592 499 534 212 613 232 606 744 660 605 156 19 902 67 335 846 513 0 315 160 935 498 361 713 669 986 692 395 15 639 215 953 654 219 754 906 981 967 860 475 67 439 372 395 508 156 462 225 671 645 319 512 797 587 83 489 362 953 145 374 528 359 512 711 135 863 404 662 
270 27 333 497 883 435 333 77 306 684 252 347 295 840 838 3 309 307 141 922 263 889 237 122 524 204 194 861 84 315 0 141 17 287 138 538 775 187 96 413 74 802 800 886 672 134 609 493 263 1000 145 217 166 193 560 712 971 505 220 321 317 837 92 469 252 668 11 536 602 581 515 243 193 696 493 189 692 346 845 523 
809 813 498 935 244 307 1 703 81 922 142 126 594 880 961 256 995 945 203 496 520 844 554 183 185 496 231 120 913 160 141 0 388 607 849 881 598 475 116 726 219 858 753 527 431 527 714 798 869 37 235 707 167 511 427 499 733 278 118 574 320 417 752 255 103 818 116 474 947 328 246 61 802 212 450 312 179 993 891 546 
727 374 287 96 602 385 563 47 53 147 261 831 904 270 119 447 26 942 882 719 755 745 737 545 534 871 958 819 265 935 17 388 0 34 558 817 185 555 233 5 26 585 773 336 179 132 217 820 317 751 519 466 965 287 920 927 519 347 919 859 968 246 889 100 182 894 302 959 315 183 615 228 452 293 290 476 860 956 110 755 
689 284 424 842 951 402 639 338 675 711 127 897 345 263 220 999 32 230 899 710 985 551 149 232 38 663 415 517 960 498 287 607 34 0 383 991 296 162 745 780 773 44 145 820 15 175 343 262 380 675 360 162 95 323 173 637 706 768 19 820 514 554 692 800 707 341 517 385 984 196 788 368 301 357 766 168 623 63 689 216 
755 936 351 817 836 841 382 695 433 173 475 27 30 408 822 933 796 997 738 146 918 930 259 425 1000 499 939 206 310 361 138 849 558 383 0 12 4 452 661 306 81 286 241 118 90 976 534 84 952 29 387 576 323 562 468 442 103 673 386 83 432 384 855 597 574 672 171 846 487 459 969 692 556 307 929 669 829 324 112 984 
563 220 831 100 184 809 993 902 927 33 852 594 325 221 169 8 158 391 70 823 417 636 220 629 761 113 38 890 444 713 538 881 817 991 12 0 188 394 311 153 665 648 440 697 314 277 448 693 731 810 460 896 602 967 782 549 311 252 164 725 943 462 343 846 274 446 882 887 442 570 453 74 69 629 877 323 332 672 300 46 
555 964 573 9 531 201 207 466 298 145 358 634 851 343 233 172 994 250 239 893 723 73 135 325 704 91 78 950 328 669 775 598 185 296 4 188 0 750 115 727 614 430 404 644 499 755 547 641 25 465 988 664 692 530 294 689 474 613 597 580 130 745 7 30 215 929 46 671 990 658 73 267 733 560 81 893 579 613 774 936 
851 613 120 408 459 367 752 462 677 405 568 848 99 310 453 544 574 595 786 276 126 430 764 170 76 532 887 912 427 986 187 475 555 162 452 394 750 0 457 386 548 144 866 539 477 717 193 336 104 596 39 967 644 377 257 401 278 619 700 294 750 866 434 560 705 97 128 231 186 63 873 658 164 91 914 814 192 681 468 159 
635 701 63 60 143 279 943 23 559 478 916 662 585 169 455 558 805 868 262 315 527 996 648 409 907 516 665 488 983 692 96 116 233 745 661 311 115 457 0 198 124 68 480 764 734 43 250 990 339 654 254 801 405 452 457 799 296 879 253 152 656 383 911 479 51 688 837 13 543 933 24 176 207 337 569 63 695 916 939 97 
339 598 650 595 32 482 781 874 823 930 805 902 765 263 320 3 961 761 924 365 953 207 486 143 158 983 552 249 955 395 413 726 5 780 306 153 727 386 198 0 278 254 102 983 483 708 393 686 594 449 577 817 68 863 647 720 706 512 310 584 305 546 428 602 312 46 123 789 600 592 813 236 228 296 452 667 581 793 25 219 
70 337 493 142 596 236 476 529 924 704 696 697 235 945 935 555 156 488 523 909 577 537 973 220 818 237 986 717 168 15 74 219 26 773 81 665 614 548 124 278 0 159 293 978 696 324 171 803 382 715 234 904 36 152 843 764 760 275 65 451 101 967 160 866 937 823 419 339 399 398 433 290 263 449 108 450 390 478 543 769 
793 737 153 778 88 322 836 124 825 503 140 701 999 656 21 373 778 456 184 316 60 77 108 241 83 996 947 711 107 639 802 858 585 44 286 648 430 144 68 254 159 0 788 564 660 380 18 800 844 633 668 302 111 281 34 542 527 989 799 871 311 830 352 698 890 616 527 122 100 762 352 699 936 622 215 314 8 295 70 18 
728 313 335 320 812 213 600 861 444 871 721 72 559 243 854 46 644 521 582 900 888 611 932 154 579 566 216 594 888 215 800 753 773 145 241 440 404 866 480 102 293 788 0 950 908 520 378 110 693 970 627 433 266 859 572 990 625 434 911 377 187 526 207 220 775 929 535 181 410 740 623 60 149 386 471 484 519 241 647 670 
28 588 871 524 480 336 79 337 718 502 778 273 644 125 39 662 764 801 921 569 402 949 143 143 17 260 861 325 436 953 886 527 336 820 118 697 644 539 764 983 978 564 950 0 694 807 950 843 182 883 4 883 634 879 383 588 189 980 36 722 728 111 106 517 614 898 576 712 782 145 827 767 843 956 616 598 492 341 71 354 
862 108 42 340 109 582 699 1 799 99 111 146 23 536 930 496 990 633 476 153 176 804 320 949 560 468 266 423 810 654 672 431 179 15 90 314 499 477 734 483 696 660 908 694 0 645 360 703 479 616 529 289 346 19 792 469 595 970 184 466 292 62 563 167 167 137 1 655 838 975 397 68 29 806 880 675 214 538 983 521 
872 606 646 46 609 306 352 363 982 684 967 61 330 612 60 486 741 241 509 249 411 536 260 215 137 257 348 75 337 219 134 527 132 175 976 277 755 717 43 708 324 380 520 807 645 0 53 18 558 569 512 944 719 553 126 732 105 296 885 241 541 894 874 70 921 481 861 113 299 137 124 283 673 142 218 920 430 132 412 497 
640 405 115 803 639 672 199 340 153 727 787 581 471 363 976 895 528 582 139 975 814 730 441 724 711 539 954 874 227 754 609 714 217 343 534 448 547 193 250 393 171 18 378 950 360 53 0 364 751 925 244 859 627 867 470 850 470 79 15 822 892 601 594 448 844 622 937 875 411 560 781 789 348 295 581 44 944 221 981 590 
970 201 548 215 264 806 382 526 956 873 286 943 753 362 189 959 42 12 568 56 778 20 547 752 411 385 473 809 549 906 493 798 820 262 84 693 641 336 990 686 803 800 110 843 703 18 364 0 767 89 464 804 641 355 415 697 964 21 650 753 74 897 851 581 622 107 666 307 286 358 99 611 70 882 511 145 742 666 711 727 
512 211 97 492 378 992 824 676 960 126 475 421 457 901 271 92 889 688 733 18 447 394 522 588 333 823 12 751 186 981 263 869 317 380 952 731 25 104 339 594 382 844 693 182 479 558 751 767 0 158 500 527 200 979 758 742 974 602 743 866 584 756 88 744 622 770 470 287 505 275 438 672 953 499 884 697 621 822 601 593 
456 658 828 446 147 150 76 306 799 849 374 875 514 305 18 768 658 636 65 973 292 435 159 509 768 929 311 516 479 967 1000 37 751 675 29 810 465 596 654 449 715 633 970 883 616 569 925 89 158 0 329 656 549 139 698 669 907 347 154 15 188 142 716 467 754 61 937 392 527 590 15 520 702 368 891 856 176 784 772 907 
150 609 79 228 940 563 639 515 227 174 819 186 711 405 433 274 690 594 20 454 250 408 426 641 73 990 712 551 560 860 145 235 519 360 387 460 988 39 254 577 234 668 627 4 529 512 244 464 500 329 0 459 996 726 63 92 570 841 939 254 624 689 862 173 947 297 580 480 954 782 693 923 368 397 279 298 357 857 675 695 
300 670 756 419 63 299 252 524 637 42 632 592 658 282 56 969 20 479 364 986 981 638 951 508 728 121 997 587 367 475 217 707 466 162 576 896 664 967 801 817 904 302 433 883 289 944 859 804 527 656 459 0 448 840 462 381 890 797 892 355 463 420 911 461 263 55 988 751 570 4 143 956 61 416 178 291 924 169 224 636 
265 160 703 458 780 248 986 1 194 279 18 430 714 983 406 321 331 309 152 240 713 151 206 970 582 933 925 16 416 67 166 167 965 95 323 602 692 644 405 68 36 111 266 634 346 719 627 641 200 549 996 448 0 445 666 131 707 697 377 32 495 584 84 553 44 662 766 420 296 385 314 92 567 789 948 986 9 545 690 806 
575 740 564 201 61 678 393 394 428 263 46 987 725 432 723 248 316 35 898 489 217 542 345 187 13 246 738 210 173 439 193 511 287 323 562 967 530 377 452 863 152 281 859 879 19 553 867 355 979 139 726 840 445 0 723 483 899 76 451 881 952 249 8 742 467 281 884 864 705 521 622 173 214 706 507 272 527 219 405 907 
646 307 578 339 111 843 573 496 586 13 259 934 381 525 46 411 476 910 652 720 376 295 836 12 326 741 281 453 147 372 560 427 920 173 468 782 294 257 457 647 843 34 572 383 792 126 470 415 758 698 63 462 666 723 0 710 650 694 127 986 933 906 610 99 678 547 346 294 985 362 573 679 576 934 165 292 603 174 16 218 
64 633 367 958 725 43 128 279 949 163 796 591 551 107 685 12 360 384 947 581 486 801 399 718 363 904 59 736 94 395 712 499 927 637 442 549 689 401 799 720 764 542 990 588 469 732 850 697 742 669 92 381 131 483 710 0 913 364 541 774 321 142 334 192 672 406 689 205 512 360 113 928 890 344 1000 68 413 367 272 392 
491 570 538 299 767 289 93 883 19 814 898 887 205 537 313 230 921 65 387 788 637 961 26 719 516 121 802 684 590 508 971 733 519 706 103 311 474 278 296 706 760 527 625 189 595 105 470 964 974 907 570 890 707 899 650 913 0 692 69 854 584 670 778 748 393 536 834 241 734 590 494 125 632 390 849 910 820 586 165 887 
62 393 678 971 859 537 684 794 317 126 815 340 667 731 899 853 412 917 751 657 608 952 627 270 144 964 447 799 585 156 505 278 347 768 673 252 613 619 879 512 275 989 434 980 970 296 79 21 602 347 841 797 697 76 694 364 692 0 473 832 238 907 774 830 3 706 98 733 17 665 54 760 921 491 657 284 531 989 244 889 
237 933 846 877 223 346 151 577 604 235 986 968 791 915 658 488 277 335 171 378 621 776 204 746 979 966 966 507 546 462 220 118 919 19 386 164 597 700 253 310 65 799 911 36 184 885 15 650 743 154 939 892 377 451 127 541 69 473 0 365 91 20 669 614 187 519 427 412 233 576 687 551 189 565 805 491 284 671 300 161 
448 227 79 972 179 595 343 196 121 691 196 332 528 147 554 338 663 130 467 636 717 462 144 715 746 358 612 201 376 225 321 574 859 820 83 725 580 294 152 584 451 871 377 722 466 241 822 753 866 15 254 355 32 881 986 774 854 832 365 0 333 822 445 724 84 456 541 677 212 939 908 137 241 674 296 787 943 529 879 780 
123 892 413 230 346 561 436 995 661 640 910 214 182 986 232 355 845 253 303 540 309 379 368 406 984 721 798 153 956 671 317 320 968 514 432 943 130 750 656 305 101 311 187 728 292 541 892 74 584 188 624 463 495 952 933 321 584 238 91 333 0 28 3 43 545 732 23 327 61 978 208 662 819 301 976 25 690 119 474 677 
322 330 597 666 146 711 869 42 265 487 776 564 522 586 170 485 681 896 216 246 1 859 758 758 196 291 231 962 848 645 837 417 246 554 384 462 745 866 383 546 967 830 526 111 62 894 601 897 756 142 689 420 584 249 906 142 670 907 20 822 28 0 831 87 645 945 843 534 941 217 697 560 757 742 697 852 157 361 942 799 
719 702 787 977 438 839 109 949 438 956 783 489 226 712 113 91 203 13 625 645 232 357 970 388 496 78 308 955 813 319 92 752 889 692 855 343 7 434 911 428 160 352 207 106 563 874 594 851 88 716 862 911 84 8 610 334 778 774 669 445 3 831 0 825 365 948 275 658 783 328 416 611 436 128 438 814 915 787 536 120 
882 228 122 46 633 623 79 481 178 941 174 878 313 865 666 629 545 857 469 927 385 518 644 520 714 892 837 131 402 512 469 255 100 800 597 846 30 560 479 602 866 698 220 517 167 70 448 581 744 467 173 461 553 742 99 192 748 830 614 724 43 87 825 0 923 675 10 685 651 441 862 290 200 275 967 140 61 120 499 808 
994 618 292 644 741 60 259 527 958 231 316 230 517 969 801 861 51 523 315 973 992 373 174 975 95 973 383 481 514 797 252 103 182 707 574 274 215 705 51 312 937 890 775 614 167 921 844 622 622 754 947 263 44 467 678 672 393 3 187 84 545 645 365 923 0 309 113 534 213 26 480 560 482 672 162 972 721 77 567 652 
301 932 655 314 149 982 780 145 754 134 703 946 540 345 956 51 914 461 871 761 654 686 522 668 729 379 365 812 496 587 668 818 894 341 672 446 929 97 688 46 823 616 929 898 137 481 622 107 770 61 297 55 662 281 547 406 536 706 519 456 732 945 948 675 309 0 782 858 385 924 399 160 147 991 169 941 866 959 512 649 
922 733 668 145 134 950 187 942 104 641 583 655 562 60 717 792 684 482 116 609 683 714 451 780 490 229 598 388 503 83 11 116 302 517 171 882 46 128 837 123 419 527 535 576 1 861 937 666 470 937 580 988 766 884 346 689 834 98 427 541 23 843 275 10 113 782 0 664 257 307 575 683 601 799 176 311 384 530 293 542 
834 324 121 746 401 561 629 140 871 529 324 548 639 636 706 197 9 900 561 165 246 124 568 241 970 959 894 630 292 489 536 474 959 385 846 887 671 231 13 789 339 122 181 712 655 113 875 307 287 392 480 751 420 864 294 205 241 733 412 677 327 534 658 685 534 858 664 0 301 860 434 689 123 519 77 906 246 932 143 404 
34 272 225 171 52 929 199 280 228 26 818 623 561 572 442 821 949 918 782 753 2 41 718 658 421 327 432 147 824 362 602 947 315 984 487 442 990 186 543 600 399 100 410 782 838 299 411 286 505 527 954 570 296 705 985 512 734 17 233 212 61 941 783 651 213 385 257 301 0 212 844 140 576 587 54 441 67 373 596 970 
148 79 616 197 762 312 109 125 845 230 186 507 930 690 292 742 882 365 515 79 51 717 885 14 189 825 69 121 953 953 581 328 183 196 459 570 658 63 933 592 398 762 740 145 975 137 560 358 275 590 782 4 385 521 362 360 590 665 576 939 978 217 328 441 26 924 307 860 212 0 91 760 69 349 412 300 365 176 518 332 
710 554 854 924 606 371 623 991 482 452 407 60 905 897 500 934 464 969 806 660 417 780 138 357 61 978 290 873 378 145 515 246 615 788 969 453 73 873 24 813 433 352 623 827 397 124 781 99 438 15 693 143 314 622 573 113 494 54 687 908 208 697 416 862 480 399 575 434 844 91 0 816 601 768 568 131 923 124 45 749 
303 947 801 370 931 292 86 992 311 166 698 664 198 400 528 958 135 103 737 506 853 216 284 988 702 253 546 212 514 374 243 61 228 368 692 74 267 658 176 236 290 699 60 767 68 283 789 611 672 520 923 956 92 173 679 928 125 760 551 137 662 560 611 290 560 160 683 689 140 760 816 0 188 367 485 510 880 353 500 289 
472 120 785 374 143 504 407 531 425 159 266 841 615 115 464 202 929 430 403 910 834 14 740 701 513 892 386 358 384 528 193 802 452 301 556 69 733 164 207 228 263 936 149 843 29 673 348 70 953 702 368 61 567 214 576 890 632 921 189 241 819 757 436 200 482 147 601 123 576 69 601 188 0 214 45 544 399 283 5 570 
908 212 162 962 129 856 693 180 867 977 612 104 36 836 566 190 93 833 950 785 27 764 639 164 675 991 428 796 565 359 696 212 293 357 307 629 560 91 337 296 449 622 386 956 806 142 295 882 499 368 397 416 789 706 934 344 390 491 565 674 301 742 128 275 672 991 799 519 587 349 768 367 214 0 972 110 500 304 373 925 
771 975 952 857 948 242 139 629 107 281 672 375 484 711 862 636 179 805 554 573 213 189 543 777 740 810 283 513 839 512 493 450 290 766 929 877 81 914 569 452 108 215 471 616 880 218 581 511 884 891 279 178 948 507 165 1000 849 657 805 296 976 697 438 967 162 169 176 77 54 412 568 485 45 972 0 704 311 419 233 820 
477 824 296 16 784 833 755 131 479 343 422 927 743 438 271 613 919 139 172 608 288 725 310 310 26 147 595 2 806 711 189 312 476 168 669 323 893 814 63 667 450 314 484 598 675 920 44 145 697 856 298 291 986 272 292 68 910 284 491 787 25 852 814 140 972 941 311 906 441 300 131 510 544 110 704 0 158 720 808 409 
470 933 471 14 816 932 390 304 789 23 286 312 985 139 653 762 606 273 631 858 357 887 672 263 36 503 752 793 730 135 692 179 860 623 829 332 579 192 695 581 390 8 519 492 214 430 944 742 621 176 357 924 9 527 603 413 820 531 284 943 690 157 915 61 721 866 384 246 67 365 923 880 399 500 311 158 0 233 89 641 
752 469 907 653 998 74 16 635 334 971 379 575 129 249 589 445 347 304 617 390 612 667 846 788 312 461 535 468 513 863 346 993 956 63 324 672 613 681 916 793 478 295 241 341 538 132 221 666 822 784 857 169 545 219 174 367 586 989 671 529 119 361 787 120 77 959 530 932 373 176 124 353 283 304 419 720 233 0 353 702 
506 783 466 492 645 582 680 779 936 771 49 232 913 358 361 949 415 549 163 373 257 144 960 556 286 898 690 713 811 404 845 891 110 689 112 300 774 468 939 25 543 70 647 71 983 412 981 711 601 772 675 224 690 405 16 272 165 244 300 879 474 942 536 499 567 512 293 143 596 518 45 500 5 373 233 808 89 353 0 487 
902 767 832 225 238 735 392 354 453 278 92 780 723 656 100 372 898 34 62 380 345 134 254 365 781 244 413 381 746 662 523 546 755 216 984 46 936 159 97 219 769 18 670 354 521 497 590 727 593 907 695 636 806 907 218 392 887 889 161 780 677 799 120 808 652 649 542 404 970 332 749 289 570 925 820 409 641 702 487 0 
0 960 63 199 317 926 683 323 220 996 807 458 815 468 298 397 963 994 578 145 472 968 606 207 375 693 731 751 454 953 645 421 538 186 210 690 283 690 210 822 506 61 21 800 560 792 568 225 650 149 917 845 207 872 532 13 842 712 740 121 120 149 210 101 444 31 462 722 170 310 462 280 219 371 281 500 757 745 643 167 
960 0 884 815 609 154 961 556 95 193 52 889 433 213 491 188 643 291 937 941 790 327 185 400 931 943 728 965 544 841 471 781 748 427 491 840 365 649 60 332 689 291 8 553 83 463 567 428 235 675 854 309 123 553 666 595 736 745 73 830 765 198 41 564 118 869 88 257 968 281 399 330 826 627 559 602 286 660 416 58 
63 884 0 90 633 919 369 544 164 661 495 571 34 538 1000 982 858 994 872 298 798 216 156 879 720 971 429 409 495 480 235 677 869 255 138 704 566 813 59 468 132 290 126 238 351 938 790 348 153 120 708 561 213 238 519 629 548 496 816 973 633 986 192 629 368 23 541 522 30 925 57 751 712 979 727 786 547 873 971 944 
199 815 90 0 591 1 53 11 596 516 125 716 972 559 475 191 151 888 70 975 244 801 240 541 835 517 531 101 489 964 197 111 671 595 989 73 967 624 964 338 139 38 653 533 617 267 781 95 810 540 460 628 635 733 397 909 856 939 910 116 302 926 710 197 308 485 455 511 568 743 249 384 855 450 877 717 24 176 541 833 
317 609 633 591 0 972 529 912 313 149 296 563 327 232 254 879 910 827 75 792 879 76 47 630 460 974 69 668 730 56 91 594 969 997 721 183 728 853 748 386 218 328 510 420 654 84 248 921 580 148 917 503 232 789 62 270 455 280 141 179 848 68 357 292 851 730 865 626 288 298 403 399 852 561 770 831 569 377 656 828 
926 154 919 1 972 0 810 770 170 539 146 861 540 348 921 384 824 906 947 101 417 532 638 576 687 763 983 219 696 212 225 616 264 244 570 435 335 736 943 177 736 253 405 409 169 327 31 545 194 384 115 457 434 223 999 231 61 509 918 617 611 80 33 479 287 755 502 206 957 285 715 321 187 529 572 41 831 595 592 245 
683 961 369 53 529 810 0 609 214 506 585 262 668 659 122 366 913 25 364 945 838 654 712 58 229 509 970 420 72 762 164 450 157 35 40 418 383 878 737 229 884 707 878 866 792 770 844 327 811 810 25 51 819 121 833 775 242 578 521 677 719 76 180 630 972 665 593 504 334 936 308 919 878 306 220 534 611 463 55 512 
323 556 544 11 912 770 609 0 320 609 2 638 595 589 212 712 771 454 842 29 359 606 137 502 263 702 144 949 136 211 875 666 82 280 528 469 488 554 817 28 21 584 243 28 262 236 144 983 832 262 455 267 667 541 350 318 693 334 174 773 998 181 863 334 789 499 512 753 570 615 98 993 127 169 990 38 338 225 381 823 
220 95 164 596 313 170 214 320 0 273 272 738 160 187 270 842 871 693 358 704 83 780 891 950 767 228 349 697 374 86 532 623 647 332 889 687 853 670 766 183 378 547 835 546 807 340 332 931 630 160 994 893 17 951 942 178 753 484 173 759 452 102 694 774 21 814 56 161 386 710 273 985 912 444 451 775 853 616 360 427 
996 193 661 516 149 539 506 609 273 0 826 570 26 763 753 758 751 781 195 262 858 971 810 852 934 350 114 67 949 706 140 305 779 496 141 242 50 575 524 377 479 945 773 796 97 341 92 330 186 93 718 441 616 512 179 747 228 321 749 208 515 15 295 460 991 320 556 718 628 849 333 776 545 433 811 161 72 743 200 959 
807 52 495 125 296 146 585 2 272 826 0 200 495 2 785 945 695 288 291 223 904 920 741 237 238 790 608 580 412 67 783 510 328 143 352 339 62 561 32 836 384 934 483 123 175 441 97 244 232 268 278 888 869 287 723 100 246 963 798 340 898 631 432 988 998 941 612 611 541 325 799 269 633 86 484 603 495 2 419 570 
458 889 571 716 563 861 262 638 738 570 200 0 274 626 394 550 424 599 237 106 189 833 30 647 200 903 123 824 30 69 281 790 97 869 650 848 611 394 242 543 632 122 300 617 748 691 500 432 2 946 771 87 574 530 991 523 868 769 295 117 14 195 600 150 553 185 213 75 663 174 223 619 983 340 426 449 33 359 961 491 
815 433 34 972 327 540 668 595 160 26 495 274 0 488 735 802 622 308 157 800 382 984 657 909 472 186 745 794 315 316 572 78 902 688 160 805 359 130 391 453 916 368 44 256 224 227 988 191 621 106 868 24 744 673 57 81 601 106 415 262 749 966 462 63 468 664 62 112 840 23 14 29 799 826 224 509 701 877 50 913 
468 213 538 559 232 348 659 589 187 763 2 626 488 0 579 116 521 753 747 845 815 654 945 646 299 266 279 20 149 412 56 935 41 330 799 271 686 164 521 984 243 70 269 50 281 793 817 969 156 931 591 644 265 491 682 660 806 670 671 683 161 827 29 922 425 197 865 770 363 482 34 963 699 404 46 272 729 529 887 94 
298 491 1000 475 254 921 122 212 270 753 785 394 735 579 0 102 863 779 929 677 335 64 443 780 294 862 180 798 627 240 222 312 684 958 460 106 698 915 517 66 995 185 151 372 805 821 895 738 910 766 372 359 604 611 780 825 352 288 745 247 56 165 747 299 175 146 511 319 330 400 429 902 285 643 651 127 757 199 143 27 
397 188 982 191 879 384 366 712 842 758 945 550 802 116 102 0 260 420 596 174 431 516 718 872 706 757 714 496 166 684 900 864 186 848 393 891 911 443 674 924 627 798 154 479 44 303 467 678 158 804 901 973 601 944 805 181 720 614 959 698 578 350 738 488 16 256 404 781 726 673 493 559 204 149 783 26 586 604 639 764 
963 643 858 151 910 824 913 771 871 751 695 424 622 521 863 260 0 735 955 322 754 591 255 23 2 244 793 286 687 165 566 359 748 519 880 583 36 745 372 325 485 899 962 745 597 895 631 255 933 663 268 290 588 374 487 44 121 998 257 871 639 978 951 1 445 614 826 79 90 277 817 651 632 820 30 758 486 3 43 184 
994 291 994 888 827 906 25 454 693 781 288 599 308 753 779 420 735 0 72 411 573 330 713 592 899 921 523 889 77 760 757 499 65 735 473 918 499 814 1000 789 520 242 109 49 33 498 763 85 849 763 405 86 59 630 92 308 100 658 870 799 129 218 929 534 297 285 998 810 913 772 320 559 491 800 284 922 226 154 197 239 
578 937 872 70 75 947 364 842 358 195 291 237 157 747 929 596 955 72 0 854 596 656 179 635 26 218 367 171 207 346 945 650 197 287 84 267 243 531 257 91 353 50 451 304 485 74 262 654 379 75 369 877 205 503 64 83 998 410 385 894 393 298 99 652 752 97 33 591 934 393 487 134 302 928 33 801 244 132 534 676 
145 941 298 975 792 101 945 29 704 262 223 106 800 845 677 174 322 411 854 0 213 893 320 365 31 602 999 765 511 112 448 643 981 34 121 357 258 378 351 503 900 495 676 871 47 33 761 677 721 488 119 779 9 47 969 438 688 66 260 528 257 95 550 625 353 762 488 173 588 595 317 945 221 580 307 897 799 935 90 438 
472 790 798 244 879 417 838 359 83 858 904 189 382 815 335 431 754 573 596 213 0 992 628 126 71 738 517 288 14 665 427 910 655 299 990 411 193 40 647 970 920 341 657 381 568 556 113 779 707 627 756 177 585 749 352 912 860 13 959 700 714 665 895 276 579 148 371 415 644 152 637 733 710 809 239 403 862 476 627 951 
968 327 216 801 76 532 654 606 780 971 920 833 984 654 64 516 591 330 656 893 992 0 561 998 767 162 681 177 499 360 343 153 426 352 250 604 245 357 13 55 862 726 310 825 247 516 589 563 627 607 622 769 14 436 254 931 455 346 658 577 654 798 502 545 143 937 113 298 189 156 377 334 518 826 231 389 860 566 623 148 
606 185 156 240 47 638 712 137 891 810 741 30 657 945 443 718 255 713 179 320 628 561 0 891 138 245 825 395 770 797 771 719 418 429 871 801 366 330 341 197 973 883 936 446 315 754 664 924 491 724 642 957 738 659 927 819 820 382 964 225 13 227 116 554 913 747 926 241 520 317 883 226 34 628 499 691 323 443 324 813 
207 400 879 541 630 576 58 502 950 852 237 647 909 646 780 872 23 592 635 365 126 998 891 0 63 77 409 157 111 130 83 776 286 881 212 170 377 694 577 28 192 489 381 944 43 847 637 949 13 591 888 337 108 325 161 305 302 92 444 812 404 63 714 267 139 702 362 230 745 336 363 136 650 660 949 776 99 658 946 566 
375 931 720 835 460 687 229 263 767 934 238 200 472 299 294 706 2 899 26 31 71 767 138 63 0 546 600 572 41 224 227 385 700 217 671 282 275 164 276 411 459 107 697 876 503 71 84 3 461 314 726 582 371 17 397 491 213 531 658 272 935 87 936 305 196 801 414 405 345 223 80 464 272 696 178 453 703 929 85 889 
693 943 971 517 974 763 509 702 228 350 790 903 186 266 862 757 244 921 218 602 738 162 245 77 546 0 595 662 330 859 440 722 809 894 686 657 746 999 456 559 678 820 391 609 419 878 710 71 655 504 390 371 36 695 462 195 201 514 751 389 453 970 238 265 573 702 737 647 303 557 84 440 188 782 831 418 254 912 735 769 
731 728 429 531 69 983 970 144 349 114 608 123 745 279 180 714 793 523 367 999 517 681 825 409 600 595 0 457 87 261 723 59 621 863 7 303 313 660 106 670 103 425 755 904 774 392 375 373 700 900 662 783 149 127 770 386 749 267 802 668 239 880 180 658 145 931 698 400 454 903 424 42 513 431 84 258 110 688 984 298 
751 965 409 101 668 219 420 949 697 67 580 824 794 20 798 496 286 889 171 765 288 177 395 157 572 662 457 0 710 682 255 758 44 253 780 209 711 539 687 822 838 418 437 798 674 985 1000 16 750 742 74 226 390 406 424 60 296 318 329 651 957 867 588 303 255 732 39 26 326 641 632 136 435 634 765 266 994 287 242 368 
454 544 495 489 730 696 72 136 374 949 412 30 315 149 627 166 687 77 207 511 14 499 770 111 41 330 87 710 0 942 339 281 179 720 21 801 1 586 700 496 541 704 920 118 888 41 187 80 154 762 849 171 214 553 897 233 22 337 146 928 986 660 121 791 541 123 417 438 641 367 920 739 290 171 927 189 176 689 452 727 
953 841 480 964 56 212 762 211 86 706 67 69 316 412 240 684 165 760 346 112 665 360 797 130 224 859 261 682 942 0 953 940 34 443 592 683 626 758 478 464 1 413 799 25 140 94 31 901 262 814 256 452 63 973 29 535 16 259 324 810 558 379 963 387 209 933 936 606 189 381 202 285 870 604 332 272 123 801 762 869 
645 471 235 197 91 225 164 875 532 140 783 281 572 56 222 900 566 757 945 448 427 343 771 83 227 440 723 255 339 953 0 841 314 973 1 29 142 354 601 201 1 422 811 595 466 444 102 616 809 246 868 24 360 537 189 845 168 142 80 956 408 905 203 668 678 678 88 920 705 806 945 898 538 531 207 239 179 138 70 212 
421 781 677 111 594 616 450 666 623 305 510 790 78 935 312 864 359 499 650 643 910 153 719 776 385 722 59 758 281 940 841 0 282 370 935 860 444 748 669 712 261 228 139 260 850 157 243 393 769 190 375 812 650 603 946 433 808 63 336 175 18 185 582 781 592 798 487 873 969 216 68 503 462 462 997 346 851 492 553 299 
538 748 869 671 969 264 157 82 647 779 328 97 902 41 684 186 748 65 197 981 655 426 418 286 700 809 621 44 179 34 314 282 0 565 783 352 588 10 901 914 501 510 942 934 829 797 592 596 694 114 912 133 938 575 562 636 546 455 742 628 683 482 164 678 475 101 125 111 187 444 996 778 305 251 877 949 161 323 295 766 
186 427 255 595 997 244 35 280 332 496 143 869 688 330 958 848 519 735 287 34 299 352 429 881 217 894 863 253 720 443 973 370 565 0 114 406 64 27 273 834 309 762 558 373 984 140 888 187 107 325 970 327 736 808 802 437 488 600 864 468 183 54 438 184 338 278 317 738 994 926 244 624 625 122 682 512 422 15 974 394 
210 491 138 989 721 570 40 528 889 141 352 650 160 799 460 393 880 473 84 121 990 250 871 212 671 686 7 780 21 592 1 935 783 114 0 16 801 45 452 825 83 63 751 923 151 762 430 326 802 543 120 160 693 257 611 119 338 737 462 320 561 966 114 329 397 880 712 678 640 176 851 398 187 297 973 549 253 649 279 205 
690 840 704 73 183 435 418 469 687 242 339 848 805 271 106 891 583 918 267 357 411 604 801 170 282 657 303 209 801 683 29 860 352 406 16 0 277 220 748 228 153 336 628 959 492 395 829 638 74 860 958 932 692 672 313 237 371 217 828 947 262 165 637 469 772 955 501 39 423 955 178 436 967 915 395 190 111 138 241 599 
283 365 566 967 728 335 383 488 853 50 62 611 359 686 698 911 36 499 243 258 193 245 366 377 275 746 313 711 1 626 142 444 588 64 801 277 0 657 924 582 6 248 669 790 218 119 840 195 596 995 963 114 327 325 183 433 870 579 310 236 77 69 845 882 219 961 224 270 691 335 552 959 494 569 470 493 685 971 408 651 
690 649 813 624 853 736 878 554 670 575 561 394 130 164 915 443 745 814 531 378 40 357 330 694 164 999 660 539 586 758 354 748 10 27 45 220 657 0 144 868 14 845 28 235 981 740 446 756 238 957 221 891 51 71 401 565 779 724 562 110 225 409 737 559 853 747 171 516 313 182 758 523 924 532 734 702 942 368 369 29 
210 60 59 964 748 943 737 817 766 524 32 242 391 521 517 674 372 1000 257 351 647 13 341 577 276 456 106 687 700 478 601 669 901 273 452 748 924 144 0 146 111 739 675 330 984 453 173 86 599 820 490 506 886 16 486 132 449 120 546 480 262 797 495 919 174 855 80 714 550 804 371 87 156 884 364 184 529 855 211 57 
822 332 468 338 386 177 229 28 183 377 836 543 453 984 66 924 325 789 91 503 970 55 197 28 411 559 670 822 496 464 201 712 914 834 825 228 582 868 146 0 110 645 726 704 437 696 538 138 16 813 837 163 663 364 945 308 920 867 786 551 246 255 243 829 428 40 599 833 479 23 264 923 782 492 331 591 54 237 944 915 
506 689 132 139 218 736 884 21 378 479 384 632 916 243 995 627 485 520 353 900 920 862 973 192 459 678 103 838 541 1 1 261 501 309 83 153 6 14 111 110 0 763 840 386 831 37 987 877 161 460 576 743 942 476 820 526 671 417 196 673 27 112 417 286 276 256 294 622 548 554 838 703 55 925 59 864 785 196 758 332 
61 291 290 38 328 253 707 584 547 945 934 122 368 70 185 798 899 242 50 495 341 726 883 489 107 820 425 418 704 413 422 228 510 762 63 336 248 845 739 645 763 0 813 436 545 863 412 472 31 726 276 650 333 189 215 172 188 905 118 479 373 92 885 936 946 965 962 452 28 309 152 939 996 29 896 853 717 751 424 72 
21 8 126 653 510 405 878 243 835 773 483 300 44 269 151 154 962 109 451 676 657 310 936 381 697 391 755 437 920 799 811 139 942 558 751 628 669 28 675 726 840 813 0 61 894 242 68 38 438 416 24 819 968 8 279 935 527 386 798 422 629 16 947 913 725 346 162 811 926 559 800 777 975 571 647 260 198 493 574 736 
800 553 238 533 420 409 866 28 546 796 123 617 256 50 372 479 745 49 304 871 381 825 446 944 876 609 904 798 118 25 595 260 934 373 923 959 790 235 330 704 386 436 61 0 539 130 260 150 772 343 875 761 135 387 936 371 401 597 435 710 536 371 419 759 31 157 153 683 958 21 693 124 248 439 246 440 513 582 917 806 
560 83 351 617 654 169 792 262 807 97 175 748 224 281 805 44 597 33 485 47 568 247 315 43 503 419 774 674 888 140 466 850 829 984 151 492 218 981 984 437 831 545 894 539 0 406 354 329 678 818 262 268 123 987 836 736 456 651 40 150 26 489 661 576 230 88 907 918 127 456 294 690 723 357 963 453 548 629 116 889 
792 463 938 267 84 327 770 236 340 341 441 691 227 793 821 303 895 498 74 33 556 516 754 847 71 878 392 985 41 94 444 157 797 140 762 395 119 740 453 696 37 863 242 130 406 0 847 768 602 499 963 841 114 991 348 217 549 713 47 807 771 248 655 92 175 782 602 485 552 489 986 727 159 455 479 903 331 718 627 243 
568 567 790 781 248 31 844 144 332 92 97 500 988 817 895 467 631 763 262 761 113 589 664 637 84 710 375 1000 187 31 102 243 592 888 430 829 840 446 173 538 987 412 68 260 354 847 0 1 982 871 290 816 376 537 226 315 295 259 790 717 106 628 939 658 12 304 310 693 340 827 157 125 94 107 533 945 777 258 212 546 
225 428 348 95 921 545 327 983 931 330 244 432 191 969 738 678 255 85 654 677 779 563 924 949 3 71 373 16 80 901 616 393 596 187 326 638 195 756 86 138 877 472 38 150 329 768 1 0 812 456 76 503 135 400 854 773 686 873 711 520 540 9 741 267 764 178 594 233 615 520 611 760 292 823 554 67 634 712 587 554 
650 235 153 810 580 194 811 832 630 186 232 2 621 156 910 158 933 849 379 721 707 627 491 13 461 655 700 750 154 262 809 769 694 107 802 74 596 238 599 16 161 31 438 772 678 602 982 812 0 156 433 170 500 490 255 882 517 209 818 671 647 62 1 618 528 922 863 919 774 977 413 532 980 636 884 799 415 738 238 70 
149 675 120 540 148 384 810 262 160 93 268 946 106 931 766 804 663 763 75 488 627 607 724 591 314 504 900 742 762 814 246 190 114 325 543 860 995 957 820 813 460 726 416 343 818 499 871 456 156 0 50 939 34 129 634 652 816 845 866 394 448 754 698 873 268 686 656 607 643 16 144 83 744 765 817 226 484 519 41 665 
917 854 708 460 917 115 25 455 994 718 278 771 868 591 372 901 268 405 369 119 756 622 642 888 726 390 662 74 849 256 868 375 912 970 120 958 963 221 490 837 576 276 24 875 262 963 290 76 433 50 0 420 122 754 248 678 170 694 656 59 899 184 587 69 824 296 53 917 198 781 388 987 622 753 577 243 253 714 869 485 
845 309 561 628 503 457 51 267 893 441 888 87 24 644 359 973 290 86 877 779 177 769 957 337 582 371 783 226 171 452 24 812 133 327 160 932 114 891 506 163 743 650 819 761 268 841 816 503 170 939 420 0 328 759 727 492 418 782 170 781 360 135 330 618 481 248 663 806 559 774 323 718 496 391 175 803 414 363 882 241 
207 123 213 635 232 434 819 667 17 616 869 574 744 265 604 601 588 59 205 9 585 14 738 108 371 36 149 390 214 63 360 650 938 736 693 692 327 51 886 663 942 333 968 135 123 114 376 135 500 34 122 328 0 412 468 960 385 419 592 175 659 761 71 844 139 174 409 105 638 952 236 551 499 194 925 463 733 235 344 940 
872 553 238 733 789 223 121 541 951 512 287 530 673 491 611 944 374 630 503 47 749 436 659 325 17 695 127 406 553 973 537 603 575 808 257 672 325 71 16 364 476 189 8 387 987 991 537 400 490 129 754 759 412 0 420 47 494 892 936 908 357 484 94 939 813 300 926 312 769 781 977 851 475 832 462 102 332 722 155 797 
532 666 519 397 62 999 833 350 942 179 723 991 57 682 780 805 487 92 64 969 352 254 927 161 397 462 770 424 897 29 189 946 562 802 611 313 183 401 486 945 820 215 279 936 836 348 226 854 255 634 248 727 468 420 0 38 642 732 50 13 438 753 889 808 761 230 77 991 35 684 330 612 306 788 469 724 649 493 852 821 
13 595 629 909 270 231 775 318 178 747 100 523 81 660 825 181 44 308 83 438 912 931 819 305 491 195 386 60 233 535 845 433 636 437 119 237 433 565 132 308 526 172 935 371 736 217 315 773 882 652 678 492 960 47 38 0 994 983 375 752 458 173 984 486 879 69 918 317 220 468 347 871 26 161 999 555 807 312 186 436 
842 736 548 856 455 61 242 693 753 228 246 868 601 806 352 720 121 100 998 688 860 455 820 302 213 201 749 296 22 16 168 808 546 488 338 371 870 779 449 920 671 188 527 401 456 549 295 686 517 816 170 418 385 494 642 994 0 590 287 179 544 601 729 838 146 1 247 841 542 100 965 433 150 624 886 68 296 709 124 491 
712 745 496 939 280 509 578 334 484 321 963 769 106 670 288 614 998 658 410 66 13 346 382 92 531 514 267 318 337 259 142 63 455 600 737 217 579 724 120 867 417 905 386 597 651 713 259 873 209 845 694 782 419 892 732 983 590 0 284 581 136 225 739 109 331 168 831 291 746 658 382 558 18 773 659 578 60 770 704 613 
740 73 816 910 141 918 521 174 173 749 798 295 415 671 745 959 257 870 385 260 959 658 964 444 658 751 802 329 146 324 80 336 742 864 462 828 310 562 546 786 196 118 798 435 40 47 790 711 818 866 656 170 592 936 50 375 287 284 0 375 151 122 626 12 827 612 535 440 711 263 824 693 376 671 782 101 761 221 919 637 
121 830 973 116 179 617 677 773 759 208 340 117 262 683 247 698 871 799 894 528 700 577 225 812 272 389 668 651 928 810 956 175 628 468 320 947 236 110 480 551 673 479 422 710 150 807 717 520 671 394 59 781 175 908 13 752 179 581 375 0 38 826 48 479 151 620 94 458 881 604 948 87 449 430 87 483 709 599 608 809 
120 765 633 302 848 611 719 998 452 515 898 14 749 161 56 578 639 129 393 257 714 654 13 404 935 453 239 957 986 558 408 18 683 183 561 262 77 225 262 246 27 373 629 536 26 771 106 540 647 448 899 360 659 357 438 458 544 136 151 38 0 867 152 501 793 678 534 445 491 166 474 525 238 469 792 14 581 75 348 610 
149 198 986 926 68 80 76 181 102 15 631 195 966 827 165 350 978 218 298 95 665 798 227 63 87 970 880 867 660 379 905 185 482 54 966 165 69 409 797 255 112 92 16 371 489 248 628 9 62 754 184 135 761 484 753 173 601 225 122 826 867 0 446 109 954 8 542 142 774 973 321 268 834 99 650 118 299 368 209 166 
210 41 192 710 357 33 180 863 694 295 432 600 462 29 747 738 951 929 99 550 895 502 116 714 936 238 180 588 121 963 203 582 164 438 114 637 845 737 495 243 417 885 947 419 661 655 939 741 1 698 587 330 71 94 889 984 729 739 626 48 152 446 0 540 285 747 427 245 742 466 913 707 279 51 991 178 632 214 799 896 
101 564 629 197 292 479 630 334 774 460 988 150 63 922 299 488 1 534 652 625 276 545 554 267 305 265 658 303 791 387 668 781 678 184 329 469 882 559 919 829 286 936 913 759 576 92 658 267 618 873 69 618 844 939 808 486 838 109 12 479 501 109 540 0 167 776 736 16 196 487 861 355 17 207 391 546 455 421 740 792 
444 118 368 308 851 287 972 789 21 991 998 553 468 425 175 16 445 297 752 353 579 143 913 139 196 573 145 255 541 209 678 592 475 338 397 772 219 853 174 428 276 946 725 31 230 175 12 764 528 268 824 481 139 813 761 879 146 331 827 151 793 954 285 167 0 6 360 541 913 872 992 810 105 455 321 362 701 48 820 763 
31 869 23 485 730 755 665 499 814 320 941 185 664 197 146 256 614 285 97 762 148 937 747 702 801 702 931 732 123 933 678 798 101 278 880 955 961 747 855 40 256 965 346 157 88 782 304 178 922 686 296 248 174 300 230 69 1 168 612 620 678 8 747 776 6 0 158 265 299 826 642 746 931 925 876 861 152 757 279 303 
462 88 541 455 865 502 593 512 56 556 612 213 62 865 511 404 826 998 33 488 371 113 926 362 414 737 698 39 417 936 88 487 125 317 712 501 224 171 80 599 294 962 162 153 907 602 310 594 863 656 53 663 409 926 77 918 247 831 535 94 534 542 427 736 360 158 0 511 561 307 214 431 452 345 513 475 775 199 115 949 
722 257 522 511 626 206 504 753 161 718 611 75 112 770 319 781 79 810 591 173 415 298 241 230 405 647 400 26 438 606 920 873 111 738 678 39 270 516 714 833 622 452 811 683 918 485 693 233 919 607 917 806 105 312 991 317 841 291 440 458 445 142 245 16 541 265 511 0 842 60 663 777 466 563 616 959 302 593 465 829 
170 968 30 568 288 957 334 570 386 628 541 663 840 363 330 726 90 913 934 588 644 189 520 745 345 303 454 326 641 189 705 969 187 994 640 423 691 313 550 479 548 28 926 958 127 552 340 615 774 643 198 559 638 769 35 220 542 746 711 881 491 774 742 196 913 299 561 842 0 947 961 526 309 561 404 706 269 426 824 678 
310 281 925 743 298 285 936 615 710 849 325 174 23 482 400 673 277 772 393 595 152 156 317 336 223 557 903 641 367 381 806 216 444 926 176 955 335 182 804 23 554 309 559 21 456 489 827 520 977 16 781 774 952 781 684 468 100 658 263 604 166 973 466 487 872 826 307 60 947 0 113 54 928 129 362 209 351 499 735 29 
462 399 57 249 403 715 308 98 273 333 799 223 14 34 429 493 817 320 487 317 637 377 883 363 80 84 424 632 920 202 945 68 996 244 851 178 552 758 371 264 838 152 800 693 294 986 157 611 413 144 388 323 236 977 330 347 965 382 824 948 474 321 913 861 992 642 214 663 961 113 0 619 132 614 298 990 40 285 82 228 
280 330 751 384 399 321 919 993 985 776 269 619 29 963 902 559 651 559 134 945 733 334 226 136 464 440 42 136 739 285 898 503 778 624 398 436 959 523 87 923 703 939 777 124 690 727 125 760 532 83 987 718 551 851 612 871 433 558 693 87 525 268 707 355 810 746 431 777 526 54 619 0 480 912 44 429 601 25 816 646 
219 826 712 855 852 187 878 127 912 545 633 983 799 699 285 204 632 491 302 221 710 518 34 650 272 188 513 435 290 870 538 462 305 625 187 967 494 924 156 782 55 996 975 248 723 159 94 292 980 744 622 496 499 475 306 26 150 18 376 449 238 834 279 17 105 931 452 466 309 928 132 480 0 231 707 611 40 16 569 703 
371 627 979 450 561 529 306 169 444 433 86 340 826 404 643 149 820 800 928 580 809 826 628 660 696 782 431 634 171 604 531 462 251 122 297 915 569 532 884 492 925 29 571 439 357 455 107 823 636 765 753 391 194 832 788 161 624 773 671 430 469 99 51 207 455 925 345 563 561 129 614 912 231 0 294 46 733 66 336 497 
281 559 727 877 770 572 220 990 451 811 484 426 224 46 651 783 30 284 33 307 239 231 499 949 178 831 84 765 927 332 207 997 877 682 973 395 470 734 364 331 59 896 647 246 963 479 533 554 884 817 577 175 925 462 469 999 886 659 782 87 792 650 991 391 321 876 513 616 404 362 298 44 707 294 0 228 988 727 879 47 
500 602 786 717 831 41 534 38 775 161 603 449 509 272 127 26 758 922 801 897 403 389 691 776 453 418 258 266 189 272 239 346 949 512 549 190 493 702 184 591 864 853 260 440 453 903 945 67 799 226 243 803 463 102 724 555 68 578 101 483 14 118 178 546 362 861 475 959 706 209 990 429 611 46 228 0 630 820 115 511 
757 286 547 24 569 831 611 338 853 72 495 33 701 729 757 586 486 226 244 799 862 860 323 99 703 254 110 994 176 123 179 851 161 422 253 111 685 942 529 54 785 717 198 513 548 331 777 634 415 484 253 414 733 332 649 807 296 60 761 709 581 299 632 455 701 152 775 302 269 351 40 601 40 733 988 630 0 440 135 779 
745 660 873 176 377 595 463 225 616 743 2 359 877 529 199 604 3 154 132 935 476 566 443 658 929 912 688 287 689 801 138 492 323 15 649 138 971 368 855 237 196 751 493 582 629 718 258 712 738 519 714 363 235 722 493 312 709 770 221 599 75 368 214 421 48 757 199 593 426 499 285 25 16 66 727 820 440 0 651 610 
643 416 971 541 656 592 55 381 360 200 419 961 50 887 143 639 43 197 534 90 627 623 324 946 85 735 984 242 452 762 70 553 295 974 279 241 408 369 211 944 758 424 574 917 116 627 212 587 238 41 869 882 344 155 852 186 124 704 919 608 348 209 799 740 820 279 115 465 824 735 82 816 569 336 879 115 135 651 0 323 
167 58 944 833 828 245 512 823 427 959 570 491 913 94 27 764 184 239 676 438 951 148 813 566 889 769 298 368 727 869 212 299 766 394 205 599 651 29 57 915 332 72 736 806 889 243 546 554 70 665 485 241 940 797 821 436 491 613 637 809 610 166 896 792 763 303 949 829 678 29 228 646 703 497 47 511 779 610 323 0 
0 962 26 483 307 879 682 312 184 982 846 473 788 562 353 371 925 838 417 175 560 917 466 121 430 737 813 580 604 927 525 606 643 443 400 710 259 647 325 779 510 43 196 822 490 869 495 262 675 104 855 870 4 897 469 25 698 669 673 120 154 39 284 145 365 77 562 729 62 327 472 294 341 463 319 404 935 667 768 46 
962 0 884 961 491 227 742 571 7 223 7 837 367 240 382 149 792 272 832 934 753 509 416 317 816 807 848 995 473 816 527 714 690 364 580 796 265 520 99 246 490 387 9 439 158 642 551 330 308 403 915 256 137 537 762 625 610 817 81 675 790 189 105 503 196 909 21 214 866 126 279 280 815 401 452 614 376 718 379 183 
26 884 0 96 534 902 364 395 60 664 359 538 27 603 993 858 661 860 838 194 740 170 55 885 725 927 501 259 573 538 162 772 765 213 222 785 434 855 91 719 135 463 150 263 281 857 684 305 283 14 799 551 172 182 428 661 489 522 830 985 521 837 193 469 470 69 572 557 92 935 39 947 776 951 683 749 620 857 924 922 
483 961 96 0 653 138 5 34 700 474 127 600 868 491 472 128 18 769 38 797 268 827 228 639 816 434 493 224 525 897 460 46 626 433 885 153 847 615 840 384 140 173 597 783 575 383 835 80 599 639 392 658 620 809 443 905 641 855 863 87 459 871 818 399 289 413 523 502 403 873 237 556 910 504 912 847 64 292 516 721 
307 491 534 653 0 982 584 983 426 152 222 630 300 343 216 943 750 990 174 589 963 4 57 497 327 933 36 546 716 284 196 414 755 844 720 57 846 728 808 338 182 151 593 369 570 216 295 804 568 184 785 485 100 709 48 345 589 406 68 394 944 11 244 262 823 813 987 638 357 260 336 317 811 679 822 783 705 362 766 840 
879 227 902 138 982 0 725 904 228 616 199 679 649 535 829 464 836 812 965 143 512 665 800 639 878 719 999 322 709 204 312 616 227 367 622 383 435 936 999 80 599 255 415 351 83 280 4 614 180 288 91 368 491 378 930 189 125 502 951 758 439 141 235 443 244 497 724 104 982 349 703 358 261 579 426 298 602 630 597 393 
682 742 364 5 584 725 0 575 216 413 414 70 595 409 92 458 954 223 481 919 920 534 814 245 171 338 768 353 63 997 85 523 264 56 85 433 295 844 686 368 952 729 984 866 847 708 892 416 783 828 14 113 793 257 937 714 393 573 347 710 676 1 270 669 958 452 621 573 474 847 250 969 733 396 147 657 562 536 120 651 
312 571 395 34 983 904 575 0 303 493 78 628 391 763 354 779 687 355 918 125 362 686 118 563 172 596 166 941 330 239 845 662 2 251 436 439 514 494 861 20 57 461 114 217 178 275 177 941 670 334 541 260 696 549 433 427 827 318 219 696 978 255 988 429 944 467 532 912 699 906 142 920 123 153 989 232 181 303 258 674 
184 7 60 700 426 228 216 303 0 179 518 668 277 36 319 821 932 935 375 604 94 753 966 901 810 149 300 777 494 72 579 507 785 262 930 716 756 748 859 13 471 709 939 562 849 326 284 999 569 362 921 966 49 881 811 370 748 321 344 753 477 344 630 852 108 740 177 123 428 694 586 869 784 461 455 587 806 580 174 423 
982 223 664 474 152 616 413 493 179 0 943 675 155 652 689 849 706 616 149 323 689 928 582 894 798 283 199 78 937 597 94 184 752 472 138 425 50 594 524 257 577 920 738 786 84 472 184 369 154 53 648 452 623 573 193 528 168 330 882 101 392 118 294 639 903 505 393 809 515 808 325 770 671 449 775 207 30 779 255 936 
846 7 359 127 222 199 414 78 518 943 0 175 590 5 783 913 786 362 206 166 757 885 890 379 249 648 636 747 368 124 843 453 239 225 398 295 35 611 71 712 280 930 415 211 256 422 75 269 431 263 414 987 784 261 821 49 108 985 590 496 894 848 379 895 947 971 645 709 361 420 810 301 711 106 505 510 509 5 415 763 
473 837 538 600 630 679 70 628 668 675 175 0 183 575 633 537 411 571 65 138 65 637 1 894 224 750 105 856 93 148 360 721 243 884 701 840 547 348 183 650 826 182 247 597 654 864 591 584 91 896 814 220 566 426 965 584 964 755 259 165 180 293 582 251 663 82 383 168 535 93 329 568 993 304 471 434 253 268 827 388 
788 367 27 868 300 649 595 391 277 155 590 183 0 138 844 812 680 294 176 776 454 958 644 800 486 426 622 657 356 300 546 269 863 548 358 737 425 241 465 387 794 125 82 320 70 173 821 232 595 143 837 133 763 489 107 157 449 61 430 348 792 999 535 117 506 684 83 92 828 106 121 107 801 805 286 602 863 876 193 859 
562 240 603 491 343 535 409 763 36 652 5 575 138 0 708 103 565 661 793 859 730 672 992 612 268 160 189 123 53 266 49 860 249 257 698 277 643 176 569 982 223 25 239 70 262 829 820 900 162 800 444 700 95 424 635 667 772 553 764 642 108 997 66 839 298 219 801 627 453 482 20 845 748 427 166 275 769 452 912 230 
353 382 993 472 216 829 92 354 319 689 783 633 844 708 0 228 940 907 989 649 250 175 467 798 292 666 58 594 666 178 236 142 476 995 412 138 745 899 644 70 990 85 112 573 679 851 823 800 930 801 393 332 559 804 780 840 474 209 595 263 97 191 668 216 392 244 624 376 97 399 590 981 446 667 652 142 532 191 51 144 
371 149 858 128 943 464 458 779 821 849 913 537 812 103 228 0 439 108 650 21 419 527 742 865 611 624 963 471 273 575 939 775 74 887 297 653 778 266 780 917 657 930 201 643 73 355 488 679 213 832 742 983 697 939 916 46 783 735 977 568 549 362 791 608 67 174 319 926 881 675 458 402 198 34 794 137 654 536 568 645 
925 792 661 18 750 836 954 687 932 706 786 411 680 565 940 439 0 705 830 313 872 512 247 42 31 91 681 382 779 334 770 448 774 531 788 547 14 767 289 396 395 901 923 802 652 879 522 309 920 772 171 317 660 252 645 4 66 809 225 891 626 977 804 15 444 633 763 135 236 103 697 562 703 763 54 817 497 57 42 197 
838 272 860 769 990 812 223 355 935 616 362 571 294 661 907 108 705 0 89 235 585 310 560 433 985 912 404 874 67 729 727 479 117 594 533 932 578 594 974 757 340 220 82 111 33 584 853 66 638 684 336 290 119 690 208 231 2 444 916 911 84 377 795 570 200 179 986 908 882 913 279 585 420 894 189 955 363 184 62 259 
417 832 838 38 174 965 481 918 375 149 206 65 176 793 989 650 830 89 0 814 620 712 163 540 38 174 358 185 206 254 907 765 158 413 219 263 360 480 307 1 231 18 330 187 563 261 181 566 393 18 342 926 160 558 22 15 976 375 398 981 385 327 149 769 731 141 218 782 956 205 586 148 59 952 121 694 275 125 443 779 
175 934 194 797 589 143 919 125 604 323 166 138 776 859 649 21 313 235 814 0 255 789 276 236 75 538 819 909 451 230 329 587 967 143 250 294 114 321 512 314 808 509 676 736 48 177 645 525 641 615 208 842 79 47 964 418 617 94 143 455 193 116 585 759 595 673 526 107 797 594 344 956 157 416 521 740 870 899 116 523 
560 753 740 268 963 512 920 362 94 689 757 65 454 730 250 419 872 585 620 255 0 926 560 1 182 789 383 174 7 779 259 832 898 271 806 204 235 22 698 899 953 338 590 302 643 587 229 854 477 957 915 237 500 644 382 881 872 72 903 685 638 575 965 178 568 146 331 639 637 89 604 976 775 880 377 296 889 296 423 861 
917 509 170 827 4 665 534 686 753 928 885 637 958 672 175 527 512 310 712 789 926 0 565 872 784 208 622 257 533 461 418 65 469 307 309 566 297 225 22 44 821 693 499 824 237 631 641 528 617 493 789 920 118 350 294 924 452 211 621 570 452 681 468 680 180 973 33 310 242 159 346 408 613 810 399 237 925 678 881 211 
466 416 55 228 57 800 814 118 966 582 890 1 644 992 467 742 247 560 163 276 560 565 0 965 292 308 737 407 657 595 795 934 456 609 872 548 338 328 435 336 799 824 992 612 213 827 714 913 491 803 708 894 717 760 887 739 711 543 964 360 32 131 198 482 863 966 987 134 554 378 853 244 237 381 597 656 619 591 407 982 
121 317 885 639 497 639 245 563 901 894 379 894 800 612 798 865 42 433 540 236 1 872 965 0 63 219 341 46 77 19 101 775 262 720 288 222 353 881 499 177 170 323 431 837 360 967 602 799 18 505 760 249 178 312 91 117 538 167 357 742 421 3 640 222 33 820 184 265 713 267 425 184 486 692 903 784 280 752 983 659 
430 816 725 816 327 878 171 172 810 798 249 224 486 268 292 611 31 985 38 75 182 784 292 63 0 713 656 599 44 68 335 518 962 383 729 255 179 275 240 322 470 63 724 954 719 82 59 225 718 379 578 614 506 107 267 492 224 770 784 223 813 8 880 289 91 994 600 451 232 302 190 385 324 505 184 597 579 822 104 844 
737 807 927 434 933 719 338 596 149 283 648 750 426 160 666 624 91 912 174 538 789 208 308 219 713 0 793 568 462 939 495 768 905 994 631 760 772 840 418 542 790 990 405 523 474 901 773 163 819 492 499 305 80 766 604 228 217 341 694 126 450 907 371 398 513 773 791 701 353 573 62 481 240 804 650 447 419 901 807 809 
813 848 501 493 36 999 768 166 300 199 636 105 622 189 58 963 681 404 358 819 383 622 737 341 656 793 0 335 66 272 598 69 644 912 142 228 304 786 158 477 185 475 630 772 902 511 382 441 769 818 889 982 173 157 864 468 668 360 844 526 246 865 183 833 291 823 659 433 382 862 461 175 382 503 57 210 113 647 960 450 
580 995 259 224 546 322 353 941 777 78 747 856 657 123 594 471 382 874 185 909 174 257 407 46 599 568 335 0 530 729 265 926 233 289 746 373 766 608 803 742 980 392 502 946 668 951 952 1 725 638 61 268 349 376 574 221 275 321 308 677 882 953 595 429 153 660 114 84 160 537 531 59 240 662 645 153 990 310 355 364 
604 473 573 525 716 709 63 330 494 937 368 93 356 53 666 273 779 67 206 451 7 533 657 77 44 462 66 530 0 926 348 188 325 713 9 766 73 614 614 414 743 709 623 241 803 50 219 72 88 543 767 295 247 543 916 150 128 441 51 867 891 720 92 683 642 217 443 372 616 400 941 661 169 50 885 6 315 783 305 838 
927 816 538 897 284 204 997 239 72 597 124 148 300 266 178 575 334 729 254 230 779 461 595 19 68 939 272 729 926 0 814 802 157 625 463 709 480 872 418 512 20 408 897 31 141 84 92 845 277 583 179 294 1 916 112 492 28 423 308 753 630 545 872 469 360 783 946 689 162 522 304 259 856 587 296 436 199 668 936 820 
525 527 162 460 196 312 85 845 579 94 843 360 546 49 236 939 770 727 907 329 259 418 795 101 335 495 598 265 348 814 0 798 282 959 157 67 178 391 616 314 84 407 866 474 455 535 32 754 764 300 914 74 537 582 146 724 95 75 283 997 311 891 200 611 799 798 159 782 630 888 913 827 617 461 203 374 58 68 71 309 
606 714 772 46 414 616 523 662 507 184 453 721 269 860 142 775 448 479 765 587 832 65 934 775 518 768 69 926 188 802 798 0 197 486 952 943 428 840 835 753 365 284 135 378 843 205 257 520 649 249 393 727 634 453 971 550 848 80 206 358 63 142 452 820 459 487 529 886 990 212 100 613 480 446 937 493 892 558 589 344 
643 690 765 626 755 227 264 2 785 752 239 243 863 249 476 74 774 117 158 967 898 469 456 262 962 905 644 233 325 157 282 197 0 739 964 462 596 63 849 743 448 505 899 722 973 719 594 413 766 121 830 72 843 500 564 606 635 264 673 518 619 632 123 522 620 108 120 75 218 503 942 853 340 144 818 903 41 149 274 723 
443 364 213 433 844 367 56 251 262 472 225 884 548 257 995 887 531 594 413 143 271 307 609 720 383 994 912 289 713 625 959 486 739 0 78 279 257 103 230 854 132 642 564 187 755 211 874 94 135 434 930 270 818 845 812 554 483 586 801 451 174 36 457 253 524 174 411 958 806 946 152 688 498 75 559 653 579 13 939 351 
400 580 222 885 720 622 85 436 930 138 398 701 358 698 412 297 788 533 219 250 806 309 872 288 729 631 142 746 9 463 157 952 964 78 0 298 931 111 417 908 64 89 907 904 96 715 468 357 789 539 178 180 540 467 808 221 160 704 390 490 622 822 136 268 595 806 721 671 679 27 830 442 247 218 999 688 332 555 455 124 
710 796 785 153 57 383 433 439 716 425 295 840 737 277 138 653 547 932 263 294 204 566 548 222 255 760 228 373 766 709 67 943 462 279 298 0 448 226 823 456 131 235 723 931 349 267 827 527 14 713 842 881 915 670 384 185 284 52 710 952 211 100 618 529 629 854 529 71 508 907 73 391 990 1000 393 102 135 121 235 493 
259 265 434 847 846 435 295 514 756 50 35 547 425 643 745 778 14 578 360 114 235 297 338 353 179 772 304 766 73 480 178 428 596 257 931 448 0 702 982 672 129 262 606 657 194 145 829 104 684 942 944 252 167 106 218 413 684 651 42 162 171 229 872 850 284 886 152 154 735 364 484 996 364 677 459 505 867 913 398 508 
647 520 855 615 728 936 844 494 748 594 611 348 241 176 899 266 767 594 480 321 22 225 328 881 275 840 786 608 614 872 391 840 63 103 111 226 702 0 110 896 49 997 82 249 792 662 542 796 126 859 232 887 46 203 543 628 846 653 632 162 127 388 885 650 949 575 36 464 168 232 971 588 823 232 620 580 911 404 258 32 
325 99 91 840 808 999 686 861 859 524 71 183 465 569 644 780 289 974 307 512 698 22 435 499 240 418 158 803 614 418 616 835 849 230 417 823 982 110 0 286 61 568 751 144 890 606 208 32 545 868 542 592 803 228 548 156 654 6 576 560 159 738 522 892 188 905 204 738 653 584 494 197 54 903 454 297 466 982 353 157 
779 246 719 384 338 80 368 20 13 257 712 650 387 982 70 917 396 757 1 314 899 44 336 177 322 542 477 742 414 512 314 753 743 854 908 456 672 896 286 0 144 548 644 740 410 550 535 152 47 943 754 55 538 276 986 452 830 766 712 796 283 351 223 697 420 151 378 808 475 52 224 901 768 442 277 741 36 61 937 878 
510 490 135 140 182 599 952 57 471 577 280 826 794 223 990 657 395 340 231 808 953 821 799 170 470 790 185 980 743 20 84 365 448 132 64 131 129 49 61 144 0 705 563 117 830 160 712 662 215 359 686 807 787 610 762 487 687 549 225 777 195 208 493 397 169 286 314 618 550 654 833 719 142 605 58 894 875 442 824 387 
43 387 463 173 151 255 729 461 709 920 930 182 125 25 85 930 901 220 18 509 338 693 824 323 63 990 475 392 709 408 407 284 505 642 89 235 262 997 568 548 705 0 810 328 520 700 215 409 32 620 127 662 526 301 219 82 154 883 84 452 447 135 1000 931 904 932 878 506 43 414 143 768 855 15 804 773 685 798 340 74 
196 9 150 597 593 415 984 114 939 738 415 247 82 239 112 201 923 82 330 676 590 499 992 431 724 405 630 502 623 897 866 135 899 564 907 723 606 82 751 644 563 810 0 350 955 67 202 224 373 317 203 798 863 283 312 880 489 235 895 319 733 210 998 760 591 362 148 772 903 586 921 751 907 646 671 262 64 609 474 782 
822 439 263 783 369 351 866 217 562 786 211 597 320 70 573 643 802 111 187 736 302 824 612 837 954 523 772 946 241 31 474 378 722 187 904 931 657 249 144 740 117 328 350 0 631 250 334 329 767 400 817 605 66 333 862 504 500 501 405 727 685 433 371 836 128 188 157 727 911 70 520 232 363 418 62 589 590 349 968 845 
490 158 281 575 570 83 847 178 849 84 256 654 70 262 679 73 652 33 563 48 643 237 213 360 719 474 902 668 803 141 455 843 973 755 96 349 194 792 890 410 830 520 955 631 0 410 420 191 634 829 324 452 180 862 823 722 500 634 105 125 143 447 639 408 267 159 876 992 86 516 298 668 646 248 944 475 711 687 168 997 
869 642 857 383 216 280 708 275 326 472 422 864 173 829 851 355 879 584 261 177 587 631 827 967 82 901 511 951 50 84 535 205 719 211 715 267 145 662 606 550 160 700 67 250 410 0 721 865 567 585 667 805 258 985 547 146 568 918 165 874 808 228 633 200 387 623 577 572 283 646 918 518 2 496 646 847 287 638 749 282 
495 551 684 835 295 4 892 177 284 184 75 591 821 820 823 488 522 853 181 645 229 641 714 602 59 773 382 952 219 92 32 257 594 874 468 827 829 542 208 535 712 215 202 334 420 721 0 107 983 828 413 950 564 325 395 76 476 140 544 821 298 686 909 611 20 481 181 709 356 871 51 90 139 197 334 854 708 393 233 542 
262 330 305 80 804 614 416 941 999 369 269 584 232 900 800 679 309 66 566 525 854 528 913 799 225 163 441 1 72 845 754 520 413 94 357 527 104 796 32 152 662 409 224 329 191 865 107 0 890 383 182 578 7 520 941 737 751 785 778 563 433 67 843 163 824 140 813 320 768 512 449 800 346 791 549 59 545 697 556 562 
675 308 283 599 568 180 783 670 569 154 431 91 595 162 930 213 920 638 393 641 477 617 491 18 718 819 769 725 88 277 764 649 766 135 789 14 684 126 545 47 215 32 373 767 634 567 983 890 0 21 407 258 748 491 288 854 628 328 824 730 500 131 21 770 507 844 923 994 696 931 264 463 832 701 826 759 514 635 195 41 
104 403 14 639 184 288 828 334 362 53 263 896 143 800 801 832 772 684 18 615 957 493 803 505 379 492 818 638 543 583 300 249 121 434 539 713 942 859 868 943 359 620 317 400 829 585 828 383 21 0 261 932 11 108 616 463 614 965 746 583 444 554 624 965 107 657 704 622 807 144 167 58 873 856 643 286 364 260 47 864 
855 915 799 392 785 91 14 541 921 648 414 814 837 444 393 742 171 336 342 208 915 789 708 760 578 499 889 61 767 179 914 393 830 930 178 842 944 232 542 754 686 127 203 817 324 667 413 182 407 261 0 402 117 532 480 743 244 832 775 35 834 207 722 255 744 236 105 963 119 811 369 900 879 776 403 364 294 869 773 366 
870 256 551 658 485 368 113 260 966 452 987 220 133 700 332 983 317 290 926 842 237 920 894 249 614 305 982 268 295 294 74 727 72 270 180 881 252 887 592 55 807 662 798 605 452 805 950 578 258 932 402 0 213 681 676 421 405 981 277 882 423 71 200 677 317 218 404 823 355 747 392 792 284 306 179 919 498 427 906 282 
4 137 172 620 100 491 793 696 49 623 784 566 763 95 559 697 660 119 160 79 500 118 717 178 506 80 173 349 247 1 537 634 843 818 540 915 167 46 803 538 787 526 863 66 180 258 564 7 748 11 117 213 0 438 367 969 298 312 605 193 840 790 67 799 106 231 440 119 687 765 155 807 461 275 882 494 766 219 137 935 
897 537 182 809 709 378 257 549 881 573 261 426 489 424 804 939 252 690 558 47 644 350 760 312 107 766 157 376 543 916 582 453 500 845 467 670 106 203 228 276 610 301 283 333 862 985 325 520 491 108 532 681 438 0 429 59 525 753 824 852 410 574 67 907 960 356 752 394 821 756 983 792 576 906 318 111 332 734 85 691 
469 762 428 443 48 930 937 433 811 193 821 965 107 635 780 916 645 208 22 964 382 294 887 91 267 604 864 574 916 112 146 971 564 812 808 384 218 543 548 986 762 219 312 862 823 547 395 941 288 616 480 676 367 429 0 167 593 665 175 58 483 740 790 749 698 419 72 929 56 660 471 738 421 801 547 820 748 762 917 750 
25 625 661 905 345 189 714 427 370 528 49 584 157 667 840 46 4 231 15 418 881 924 739 117 492 228 468 221 150 492 724 550 606 554 221 185 413 628 156 452 487 82 880 504 722 146 76 737 854 463 743 421 969 59 167 0 958 959 227 610 296 210 956 555 866 32 909 221 188 304 187 536 82 203 898 581 844 218 28 390 
698 610 489 641 589 125 393 827 748 168 108 964 449 772 474 783 66 2 976 617 872 452 711 538 224 217 668 275 128 28 95 848 635 483 160 284 684 846 654 830 687 154 489 500 500 568 476 751 628 614 244 405 298 525 593 958 0 792 377 195 501 675 528 889 25 4 241 800 580 203 972 394 97 543 760 43 513 918 191 460 
669 817 522 855 406 502 573 318 321 330 985 755 61 553 209 735 809 444 375 94 72 211 543 167 770 341 360 321 441 423 75 80 264 586 704 52 651 653 6 766 549 883 235 501 634 918 140 785 328 965 832 981 312 753 665 959 792 0 108 403 147 124 617 261 373 353 739 328 767 923 435 518 171 728 663 598 113 692 826 611 
673 81 830 863 68 951 347 219 344 882 590 259 430 764 595 977 225 916 398 143 903 621 964 357 784 694 844 308 51 308 283 206 673 801 390 710 42 632 576 712 225 84 895 405 105 165 544 778 824 746 775 277 605 824 175 227 377 108 0 393 222 90 503 29 875 688 543 568 701 134 751 755 326 718 790 156 725 125 875 523 
120 675 985 87 394 758 710 696 753 101 496 165 348 642 263 568 891 911 981 455 685 570 360 742 223 126 526 677 867 753 997 358 518 451 490 952 162 162 560 796 777 452 319 727 125 874 821 563 730 583 35 882 193 852 58 610 195 403 393 0 49 980 53 480 270 648 65 342 845 645 762 186 668 356 388 342 884 700 578 978 
154 790 521 459 944 439 676 978 477 392 894 180 792 108 97 549 626 84 385 193 638 452 32 421 813 450 246 882 891 630 311 63 619 174 622 211 171 127 159 283 195 447 733 685 143 808 298 433 500 444 834 423 840 410 483 296 501 147 222 49 0 816 130 522 799 671 360 520 487 195 422 493 179 564 859 370 467 113 250 701 
39 189 837 871 11 141 1 255 344 118 848 293 999 997 191 362 977 377 327 116 575 681 131 3 8 907 865 953 720 545 891 142 632 36 822 100 229 388 738 351 208 135 210 433 447 228 686 67 131 554 207 71 790 574 740 210 675 124 90 980 816 0 363 120 817 138 429 259 691 888 286 465 766 168 495 110 245 445 189 381 
284 105 193 818 244 235 270 988 630 294 379 582 535 66 668 791 804 795 149 585 965 468 198 640 880 371 183 595 92 872 200 452 123 457 136 618 872 885 522 223 493 1000 998 371 639 633 909 843 21 624 722 200 67 67 790 956 528 617 503 53 130 363 0 463 165 776 582 179 801 519 924 871 254 150 963 195 807 191 845 944 
145 503 469 399 262 443 669 429 852 639 895 251 117 839 216 608 15 570 769 759 178 680 482 222 289 398 833 429 683 469 611 820 522 253 268 529 850 650 892 697 397 931 760 836 408 200 611 163 770 965 255 677 799 907 749 555 889 261 29 480 522 120 463 0 268 941 643 307 163 661 949 333 86 251 510 444 525 436 805 504 
365 196 470 289 823 244 958 944 108 903 947 663 506 298 392 67 444 200 731 595 568 180 863 33 91 513 291 153 642 360 799 459 620 524 595 629 284 949 188 420 169 904 591 128 267 387 20 824 507 107 744 317 106 960 698 866 25 373 875 270 799 817 165 268 0 13 250 603 885 822 863 907 45 611 138 355 793 116 684 862 
77 909 69 413 813 497 452 467 740 505 971 82 684 219 244 174 633 179 141 673 146 973 966 820 994 773 823 660 217 783 798 487 108 174 806 854 886 575 905 151 286 932 362 188 159 623 481 140 844 657 236 218 231 356 419 32 4 353 688 648 671 138 776 941 13 0 169 230 414 771 735 673 858 928 738 865 105 683 402 443 
562 21 572 523 987 724 621 532 177 393 645 383 83 801 624 319 763 986 218 526 331 33 987 184 600 791 659 114 443 946 159 529 120 411 721 529 152 36 204 378 314 878 148 157 876 577 181 813 923 704 105 404 440 752 72 909 241 739 543 65 360 429 582 643 250 169 0 597 586 237 227 304 519 429 654 349 833 326 75 959 
729 214 557 502 638 104 573 912 123 809 709 168 92 627 376 926 135 908 782 107 639 310 134 265 451 701 433 84 372 689 782 886 75 958 671 71 154 464 738 808 618 506 772 727 992 572 709 320 994 622 963 823 119 394 929 221 800 328 568 342 520 259 179 307 603 230 597 0 848 271 321 844 389 634 763 746 482 527 582 862 
62 866 92 403 357 982 474 699 428 515 361 535 828 453 97 881 236 882 956 797 637 242 554 713 232 353 382 160 616 162 630 990 218 806 679 508 735 168 653 475 550 43 903 911 86 283 356 768 696 807 119 355 687 821 56 188 580 767 701 845 487 691 801 163 885 414 586 848 0 856 980 500 217 471 456 572 374 341 936 877 
327 126 935 873 260 349 847 906 694 808 420 93 106 482 399 675 103 913 205 594 89 159 378 267 302 573 862 537 400 522 888 212 503 946 27 907 364 232 584 52 654 414 586 70 516 646 871 512 931 144 811 747 765 756 660 304 203 923 134 645 195 888 519 661 822 771 237 271 856 0 177 31 829 118 468 168 457 328 588 95 
472 279 39 237 336 703 250 142 586 325 810 329 121 20 590 458 697 279 586 344 604 346 853 425 190 62 461 531 941 304 913 100 942 152 830 73 484 971 494 224 833 143 921 520 298 918 51 449 264 167 369 392 155 983 471 187 972 435 751 762 422 286 924 949 863 735 227 321 980 177 0 555 274 735 388 934 17 22 99 212 
294 280 947 556 317 358 969 920 869 770 301 568 107 845 981 402 562 585 148 956 976 408 244 184 385 481 175 59 661 259 827 613 853 688 442 391 996 588 197 901 719 768 751 232 668 518 90 800 463 58 900 792 807 792 738 536 394 518 755 186 493 465 871 333 907 673 304 844 500 31 555 0 437 939 187 381 631 41 667 666 
341 815 776 910 811 261 733 123 784 671 711 993 801 748 446 198 703 420 59 157 775 613 237 486 324 240 382 240 169 856 617 480 340 498 247 990 364 823 54 768 142 855 907 363 646 2 139 346 832 873 879 284 461 576 421 82 97 171 326 668 179 766 254 86 45 858 519 389 217 829 274 437 0 66 739 427 81 4 432 594 
463 401 951 504 679 579 396 153 461 449 106 304 805 427 667 34 763 894 952 416 880 810 381 692 505 804 503 662 50 587 461 446 144 75 218 1000 677 232 903 442 605 15 646 418 248 496 197 791 701 856 776 306 275 906 801 203 543 728 718 356 564 168 150 251 611 928 429 634 471 118 735 939 66 0 268 34 688 83 416 449 
319 452 683 912 822 426 147 989 455 775 505 471 286 166 652 794 54 189 121 521 377 399 597 903 184 650 57 645 885 296 203 937 818 559 999 393 459 620 454 277 58 804 671 62 944 646 334 549 826 643 403 179 882 318 547 898 760 663 790 388 859 495 963 510 138 738 654 763 456 468 388 187 739 268 0 267 876 801 756 103 
404 614 749 847 783 298 657 232 587 207 510 434 602 275 142 137 817 955 694 740 296 237 656 784 597 447 210 153 6 436 374 493 903 653 688 102 505 580 297 741 894 773 262 589 475 847 854 59 759 286 364 919 494 111 820 581 43 598 156 342 370 110 195 444 355 865 349 746 572 168 934 381 427 34 267 0 697 742 114 462 
935 376 620 64 705 602 562 181 806 30 509 253 863 769 532 654 497 363 275 870 889 925 619 280 579 419 113 990 315 199 58 892 41 579 332 135 867 911 466 36 875 685 64 590 711 287 708 545 514 364 294 498 766 332 748 844 513 113 725 884 467 245 807 525 793 105 833 482 374 457 17 631 81 688 876 697 0 594 221 805 
667 718 857 292 362 630 536 303 580 779 5 268 876 452 191 536 57 184 125 899 296 678 591 752 822 901 647 310 783 668 68 558 149 13 555 121 913 404 982 61 442 798 609 349 687 638 393 697 635 260 869 427 219 734 762 218 918 692 125 700 113 445 191 436 116 683 326 527 341 328 22 41 4 83 801 742 594 0 753 708 
768 379 924 516 766 597 120 258 174 255 415 827 193 912 51 568 42 62 443 116 423 881 407 983 104 807 960 355 305 936 71 589 274 939 455 235 398 258 353 937 824 340 474 968 168 749 233 556 195 47 773 906 137 85 917 28 191 826 875 578 250 189 845 805 684 402 75 582 936 588 99 667 432 416 756 114 221 753 0 229 
46 183 922 721 840 393 651 674 423 936 763 388 859 230 144 645 197 259 779 523 861 211 982 659 844 809 450 364 838 820 309 344 723 351 124 493 508 32 157 878 387 74 782 845 997 282 542 562 41 864 366 282 935 691 750 390 460 611 523 978 701 381 944 504 862 443 959 862 877 95 212 666 594 449 103 462 805 708 229 0 
0 986 219 168 176 971 800 352 504 785 812 446 846 265 244 661 976 911 839 258 476 881 510 65 410 718 863 695 531 850 809 247 560 50 316 705 273 736 348 755 618 122 224 829 567 874 508 274 647 110 783 769 196 996 691 78 794 777 700 245 159 85 136 283 337 34 399 691 276 298 515 222 265 327 194 488 511 795 828 118 
986 0 922 754 514 19 874 541 116 307 224 810 408 186 591 366 790 293 926 878 667 262 314 332 963 881 635 979 482 794 653 883 824 361 470 800 387 676 109 479 834 310 56 681 121 584 533 455 241 798 952 502 164 583 562 746 854 580 144 899 748 344 173 689 223 842 70 516 983 281 547 391 740 598 566 352 362 572 274 50 
219 922 0 278 626 799 168 577 244 726 495 488 184 515 915 940 789 989 870 192 618 268 122 828 727 838 354 192 479 456 451 710 800 264 93 813 612 730 44 475 380 328 76 283 283 845 849 395 28 79 751 364 154 242 560 507 634 620 783 925 646 946 134 603 369 10 645 291 149 952 56 671 770 971 950 767 469 712 958 984 
168 754 278 0 550 67 220 79 660 562 220 594 949 594 516 169 64 738 214 906 280 895 310 682 732 460 575 129 618 936 121 250 676 563 801 223 873 773 807 440 177 79 685 603 665 368 866 64 832 502 410 513 500 693 459 744 875 842 989 76 268 916 648 145 338 553 567 496 495 665 150 318 823 454 732 647 58 188 522 864 
176 514 626 550 0 896 549 841 359 114 372 373 232 75 380 904 743 790 62 682 969 34 260 696 452 719 156 610 718 119 149 592 955 833 585 38 917 990 755 354 348 304 495 615 777 169 374 879 742 105 912 615 321 743 84 311 434 218 93 21 788 61 536 346 914 684 820 695 208 181 554 558 712 565 751 773 509 259 731 655 
971 19 799 67 896 0 862 894 132 566 153 897 494 430 764 463 780 773 994 175 659 403 680 518 677 647 944 79 657 5 106 562 402 224 479 562 133 858 964 226 759 49 287 454 65 539 39 355 149 351 149 303 421 321 957 261 5 497 771 823 682 171 129 538 370 952 501 201 893 388 743 376 125 351 377 31 779 605 532 202 
800 874 168 220 549 862 0 590 279 540 743 343 650 778 99 251 924 270 211 932 667 584 761 82 207 635 953 413 208 844 124 531 380 73 59 171 392 872 740 137 782 684 877 718 971 912 689 360 894 801 33 78 920 230 751 917 360 533 483 745 813 177 187 780 754 667 662 374 379 848 342 939 945 208 399 648 670 474 18 391 
352 541 577 79 841 894 590 0 258 779 211 556 776 371 267 795 884 479 889 22 83 590 126 481 583 656 189 950 158 261 793 818 259 152 452 546 540 515 935 36 251 606 418 102 101 75 147 840 836 248 303 298 616 495 395 179 826 353 234 722 925 336 765 345 853 516 588 893 366 598 105 963 278 92 895 165 292 261 255 863 
504 116 244 660 359 132 279 258 0 232 188 573 149 172 590 935 947 863 412 687 170 738 791 731 621 155 417 573 254 56 639 470 664 376 822 926 857 728 967 106 359 671 814 627 796 277 187 925 675 137 987 960 120 846 852 271 893 490 205 793 336 69 555 765 134 703 196 184 581 662 318 900 709 341 568 837 551 574 494 406 
785 307 726 562 114 566 540 779 232 0 761 742 1 726 808 662 893 643 70 273 855 987 754 698 839 376 150 61 932 794 240 370 697 599 121 76 143 472 608 354 594 927 886 768 1 439 124 222 160 127 825 347 639 565 143 859 354 253 830 103 629 2 463 679 876 400 546 640 517 904 214 801 457 129 961 20 63 620 19 935 
812 224 495 220 372 153 743 211 188 761 0 44 543 42 962 897 737 344 232 229 935 947 816 150 173 600 585 364 362 154 956 525 351 141 224 149 167 559 65 637 507 892 440 190 208 587 101 372 335 295 294 694 893 340 664 80 209 927 779 433 867 447 409 973 887 877 682 610 408 283 799 203 568 72 441 412 616 101 340 552 
446 810 488 594 373 897 343 556 573 742 44 0 276 669 386 588 626 486 289 159 248 838 50 744 302 970 196 740 170 193 293 650 30 805 666 774 558 342 218 417 678 109 308 651 774 593 478 520 71 993 930 176 702 864 902 605 753 682 353 147 84 266 617 105 542 217 267 20 808 251 298 610 869 454 244 349 133 345 622 462 
846 408 184 949 232 494 650 776 149 1 543 276 0 482 729 656 649 194 92 860 627 875 629 855 581 112 630 614 346 337 518 18 814 663 129 917 414 92 693 387 995 438 98 87 288 455 846 231 522 212 694 1 658 721 307 36 593 83 362 306 856 711 324 83 451 729 34 242 852 108 203 168 948 828 125 276 705 710 14 809 
265 186 515 594 75 430 778 371 172 726 42 669 482 0 528 26 533 693 881 882 894 522 696 750 151 55 225 11 75 491 51 904 317 411 650 388 778 152 484 860 293 135 424 226 124 719 782 896 26 827 493 535 287 370 613 679 751 636 837 686 188 869 39 789 435 266 991 615 295 667 47 998 719 398 174 192 725 533 838 268 
244 591 915 516 380 764 99 267 590 808 962 386 729 528 0 128 821 778 826 596 205 14 533 746 126 809 251 884 572 248 233 372 765 888 466 297 614 833 413 141 914 101 139 253 918 818 895 710 819 709 397 363 689 661 800 996 463 258 567 346 16 220 733 470 175 234 400 325 468 396 410 780 228 433 642 195 704 277 48 171 
661 366 940 169 904 463 251 795 935 662 897 588 656 26 128 0 149 503 563 48 275 585 734 894 801 654 722 353 79 496 812 811 118 917 247 763 914 499 816 988 615 780 258 489 104 384 577 625 129 588 893 957 605 925 894 180 744 704 905 738 565 258 772 532 7 277 389 765 869 803 667 462 12 139 909 55 418 498 438 620 
976 790 789 64 743 780 924 884 947 893 737 626 649 533 821 149 0 868 798 487 650 696 292 156 62 160 848 219 820 40 517 376 726 399 824 723 279 696 378 261 523 802 907 610 664 901 757 192 888 725 343 361 746 322 260 8 218 945 347 882 584 873 945 88 708 529 718 89 81 331 942 765 433 888 141 754 491 154 230 311 
911 293 989 738 790 773 270 479 863 643 344 486 194 693 778 503 868 0 115 487 335 200 680 690 983 775 674 903 94 671 650 597 12 823 484 881 606 942 926 796 576 278 146 60 265 599 768 208 918 657 216 106 117 801 279 404 105 646 757 786 198 143 751 686 541 191 960 702 772 751 473 649 441 930 448 814 296 197 254 389 
839 926 870 214 62 994 211 889 412 70 232 289 92 881 826 563 798 115 0 711 746 612 323 714 189 367 392 218 244 521 941 557 43 548 8 128 162 780 189 187 284 115 409 381 296 195 230 657 596 117 254 731 462 539 227 70 841 585 521 955 139 393 189 680 893 89 13 447 858 475 587 351 358 863 135 986 232 182 755 672 
258 878 192 906 682 175 932 22 687 273 229 159 860 882 596 48 487 487 711 0 287 910 313 370 300 458 900 701 630 25 660 694 977 198 179 115 199 414 334 570 953 507 645 773 183 254 743 809 587 761 355 825 73 142 982 524 789 229 430 660 245 158 399 633 387 901 463 59 614 668 271 851 163 705 240 962 754 844 106 338 
476 667 618 280 969 659 667 83 170 855 935 248 627 894 205 275 650 335 746 287 0 808 609 76 51 722 588 372 142 643 369 998 576 227 945 546 213 93 526 949 825 325 614 555 380 480 202 598 585 798 878 160 625 750 324 742 815 20 789 733 713 616 783 339 625 171 485 426 514 116 571 609 760 731 276 479 742 497 602 940 
881 262 268 895 34 403 584 590 738 987 947 838 875 522 14 585 696 200 612 910 808 0 649 964 718 131 757 124 714 361 247 187 443 346 494 437 285 354 10 44 726 614 361 657 286 703 707 556 827 621 730 758 172 455 319 913 395 249 664 421 647 520 508 673 69 976 322 504 141 46 322 302 633 757 223 208 923 517 627 175 
510 314 122 310 260 680 761 126 791 754 816 50 629 696 533 734 292 680 323 313 609 649 0 934 73 212 693 503 778 814 787 821 414 337 919 804 186 280 344 253 954 925 954 311 413 801 733 774 515 616 659 688 806 715 986 920 671 311 676 274 63 216 84 672 832 752 853 266 459 381 976 362 134 530 438 728 498 609 366 662 
65 332 828 682 696 518 82 481 731 698 150 744 855 750 746 894 156 690 714 370 76 964 934 0 8 116 497 87 70 31 201 839 201 555 413 84 420 735 479 56 124 457 418 886 30 949 710 943 161 457 892 292 93 395 148 185 363 196 465 702 493 39 465 257 198 830 435 355 772 273 248 209 764 565 991 983 99 647 884 508 
410 963 727 732 452 677 207 583 621 839 173 302 581 151 126 801 62 983 189 300 51 718 73 8 0 437 746 571 110 140 223 218 700 415 748 295 401 159 111 450 335 214 694 898 369 48 259 8 400 481 794 433 244 8 372 368 218 581 700 193 949 130 833 275 189 764 387 371 435 236 28 423 174 774 114 416 701 909 128 923 
718 881 838 460 719 647 635 656 155 376 600 970 112 55 809 654 160 775 367 458 722 131 212 116 437 0 706 618 534 709 317 723 817 782 676 931 758 972 501 472 651 904 476 688 443 794 602 160 513 545 281 352 47 716 454 110 47 584 894 392 405 993 213 484 535 647 572 951 365 632 46 402 229 866 886 527 377 981 718 788 
863 635 354 575 156 944 953 189 417 150 585 196 630 225 251 722 848 674 392 900 588 757 693 497 746 706 0 409 69 207 830 248 530 875 41 330 331 716 223 705 39 408 717 791 663 400 569 395 718 877 671 814 244 292 690 523 584 203 849 730 83 841 365 781 53 806 556 285 419 840 424 104 703 343 26 287 151 675 807 324 
695 979 192 129 610 79 413 950 573 61 364 740 614 11 884 353 219 903 218 701 372 124 503 87 571 618 409 0 854 560 113 777 41 251 913 234 623 452 927 917 878 492 463 903 468 843 864 230 688 688 120 77 265 440 300 116 344 468 554 731 852 827 677 180 360 717 153 152 331 821 524 9 381 679 794 150 973 242 167 358 
531 482 479 618 718 657 208 158 254 932 362 170 346 75 572 79 820 94 244 630 142 714 778 70 110 534 69 854 0 808 272 283 174 992 154 809 40 540 704 431 598 729 859 140 836 184 137 72 75 955 710 11 267 786 850 323 12 319 334 948 993 684 122 795 511 54 366 568 646 433 962 650 590 147 906 178 269 831 438 732 
850 794 456 936 119 5 844 261 56 794 154 193 337 491 248 496 40 671 521 25 643 361 814 31 140 709 207 560 808 0 834 889 39 580 746 473 748 806 596 549 99 363 908 19 65 111 119 807 274 786 293 465 128 932 95 536 68 152 189 717 690 374 949 237 345 937 955 536 298 213 395 201 912 534 401 248 71 929 765 905 
809 653 451 121 149 106 124 793 639 240 956 293 518 51 233 812 517 650 941 660 369 247 787 201 223 317 830 113 272 834 0 826 298 928 55 105 19 274 712 254 10 571 756 756 473 523 130 609 774 12 749 56 350 623 138 896 78 247 37 903 446 911 291 445 555 868 54 913 835 821 833 750 586 395 197 164 49 131 169 53 
247 883 710 250 592 562 531 818 470 370 525 650 18 904 372 811 376 597 557 694 998 187 821 839 218 723 248 777 283 889 826 0 271 231 858 908 518 774 691 751 403 272 156 155 704 105 316 330 561 49 388 645 858 566 901 472 757 10 232 399 33 138 653 797 639 865 369 861 926 304 5 422 523 341 950 152 876 443 527 378 
560 824 800 676 955 402 380 259 664 697 351 30 814 317 765 118 726 12 43 977 576 443 414 201 700 817 530 41 174 39 298 271 0 567 702 490 477 42 743 769 563 449 1000 750 736 854 554 650 861 141 807 106 752 654 430 539 520 524 812 683 673 752 123 614 603 13 23 85 266 530 842 714 492 96 818 915 346 284 406 897 
50 361 264 563 833 224 73 152 376 599 141 805 663 411 888 917 399 823 548 198 227 346 337 555 415 782 875 251 992 580 928 231 567 0 149 524 146 89 341 835 215 866 557 279 843 147 783 97 228 366 835 224 697 910 733 629 593 557 793 406 268 138 384 278 261 359 244 693 873 878 194 510 410 165 813 550 486 150 900 409 
316 470 93 801 585 479 59 452 822 121 224 666 129 650 466 247 824 484 8 179 945 494 919 413 748 676 41 913 154 746 55 858 702 149 0 126 702 20 742 589 200 296 664 894 385 772 552 345 844 624 116 375 736 239 705 85 385 909 549 441 571 649 242 314 529 971 752 598 676 365 910 415 104 448 981 429 221 574 248 1 
705 800 813 223 38 562 171 546 926 76 149 774 917 388 297 763 723 881 128 115 546 437 804 84 295 931 330 234 809 473 105 908 490 524 126 0 217 72 894 153 270 338 613 837 545 324 885 640 101 825 989 770 738 673 406 112 363 80 813 928 286 190 659 565 715 706 546 36 435 967 130 415 851 573 378 434 153 145 323 629 
273 387 612 873 917 133 392 540 857 143 167 558 414 778 614 914 279 606 162 199 213 285 186 420 401 758 331 623 40 748 19 518 477 146 702 217 0 710 901 602 239 100 546 866 244 404 686 97 503 978 926 23 428 354 260 391 767 529 330 295 8 119 868 714 205 763 157 299 840 270 389 872 572 610 240 536 703 833 493 684 
736 676 730 773 990 858 872 515 728 472 559 342 92 152 833 499 696 942 780 414 93 354 280 735 159 972 716 452 540 806 274 774 42 89 20 72 710 0 198 866 157 832 36 264 927 752 514 665 191 912 111 703 133 200 380 621 686 716 544 240 198 431 745 555 881 881 204 399 248 355 521 617 969 507 853 556 924 347 221 88 
348 109 44 807 755 964 740 935 967 608 65 218 693 484 413 816 378 926 189 334 526 10 344 479 111 501 223 927 704 596 712 691 743 341 742 894 901 198 0 224 196 727 691 280 989 514 145 12 680 945 383 735 860 72 451 220 336 96 638 497 329 862 587 826 277 947 51 778 846 946 262 94 335 971 305 262 256 857 90 13 
755 479 475 440 354 226 137 36 106 354 637 417 387 860 141 988 261 796 187 570 949 44 253 56 450 472 705 917 431 549 254 751 769 835 589 153 602 866 224 0 132 741 622 755 519 688 564 287 1 917 663 243 659 486 946 377 776 880 867 626 466 380 303 771 335 15 715 663 473 59 250 959 781 518 235 572 284 130 969 759 
618 834 380 177 348 759 782 251 359 594 507 678 995 293 914 615 523 576 284 953 825 726 954 124 335 651 39 878 598 99 10 403 563 215 200 270 239 157 196 132 0 780 779 424 889 130 836 947 229 298 572 767 863 362 734 646 606 458 107 662 24 59 546 546 270 128 278 611 594 618 946 764 107 847 73 873 645 412 731 567 
122 310 328 79 304 49 684 606 671 927 892 109 438 135 101 780 802 278 115 507 325 614 925 457 214 904 408 492 729 363 571 272 449 866 296 338 100 832 727 741 780 0 626 363 550 913 413 340 58 860 373 569 362 150 420 327 232 853 184 557 459 12 952 982 954 917 856 430 74 274 286 985 932 66 922 909 791 715 359 85 
224 56 76 685 495 287 877 418 814 886 440 308 98 424 139 258 907 146 409 645 614 361 954 418 694 476 717 463 859 908 756 156 1000 557 664 613 546 36 691 622 779 626 0 111 898 44 89 38 534 420 54 765 860 113 392 785 471 357 784 584 788 42 860 876 526 420 63 731 844 694 788 774 932 687 786 101 163 352 527 718 
829 681 283 603 615 454 718 102 627 768 190 651 87 226 253 489 610 60 381 773 555 657 311 886 898 688 791 903 140 19 756 155 750 279 894 837 866 264 280 755 424 363 111 0 461 210 192 82 624 304 774 742 397 339 838 322 330 544 514 837 600 400 370 843 46 270 94 610 970 102 664 110 297 553 484 403 382 714 726 950 
567 121 283 665 777 65 971 101 796 1 208 774 288 124 918 104 664 265 296 183 380 286 413 30 369 443 663 468 836 65 473 704 736 843 385 545 244 927 989 519 889 550 898 461 0 303 426 341 559 837 365 96 65 952 806 839 418 679 47 95 133 473 596 490 398 73 947 663 72 482 382 588 745 453 985 500 418 465 194 829 
874 584 845 368 169 539 912 75 277 439 587 593 455 719 818 384 901 599 195 254 480 703 801 949 48 794 400 843 184 111 523 105 854 147 772 324 404 752 514 688 130 913 44 210 303 0 982 876 750 384 983 733 108 838 408 141 360 669 194 776 787 149 730 95 112 693 642 291 580 600 888 684 152 616 485 710 374 939 670 312 
508 533 849 866 374 39 689 147 187 124 101 478 846 782 895 577 757 768 230 743 202 707 733 710 259 602 569 864 137 119 130 316 554 783 552 885 686 514 145 564 836 413 89 192 426 982 0 128 845 847 343 897 435 460 342 212 295 83 967 766 164 599 959 848 21 228 187 691 361 736 315 40 123 79 543 958 729 90 348 613 
274 455 395 64 879 355 360 840 925 222 372 520 231 896 710 625 192 208 657 809 598 556 774 943 8 160 395 230 72 807 609 330 650 97 345 640 97 665 12 287 947 340 38 82 341 876 128 0 778 406 115 472 197 319 710 646 524 868 715 562 514 258 667 399 773 195 672 432 501 510 630 691 286 822 551 158 713 541 537 400 
647 241 28 832 742 149 894 836 675 160 335 71 522 26 819 129 888 918 596 587 585 827 515 161 400 513 718 688 75 274 774 561 861 228 844 101 503 191 680 1 229 58 534 624 559 750 845 778 0 46 655 113 628 363 275 750 544 184 656 583 879 1 42 647 700 871 649 980 695 987 344 518 875 597 889 778 487 915 211 23 
110 798 79 502 105 351 801 248 137 127 295 993 212 827 709 588 725 657 117 761 798 621 616 457 481 545 877 688 955 786 12 49 141 366 624 825 978 912 945 917 298 860 420 304 837 384 847 406 46 0 50 917 87 257 693 650 851 778 944 549 505 743 745 796 217 432 440 712 595 46 181 235 802 554 999 215 641 482 202 760 
783 952 751 410 912 149 33 303 987 825 294 930 694 493 397 893 343 216 254 355 878 730 659 892 794 281 671 120 710 293 749 388 807 835 116 989 926 111 383 663 572 373 54 774 365 983 343 115 655 50 0 592 46 776 321 446 116 748 710 184 934 148 465 230 920 227 137 939 306 807 296 988 561 936 597 243 296 734 899 453 
769 502 364 513 615 303 78 298 960 347 694 176 1 535 363 957 361 106 731 825 160 758 688 292 433 352 814 77 11 465 56 645 106 224 375 770 23 703 735 243 767 569 765 742 96 733 897 472 113 917 592 0 388 781 561 483 280 565 175 736 313 219 418 623 527 412 637 928 547 839 303 749 542 427 266 719 496 456 807 298 
196 164 154 500 321 421 920 616 120 639 893 702 658 287 689 605 746 117 462 73 625 172 806 93 244 47 244 265 267 128 350 858 752 697 736 738 428 133 860 659 863 362 860 397 65 108 435 197 628 87 46 388 0 345 553 834 340 338 521 143 831 826 125 976 172 437 518 71 809 776 374 698 385 151 863 399 854 247 388 968 
996 583 242 693 743 321 230 495 846 565 340 864 721 370 661 925 322 801 539 142 750 455 715 395 8 716 292 440 786 932 623 566 654 910 239 673 354 200 72 486 362 150 113 339 952 838 460 319 363 257 776 781 345 0 556 76 486 746 716 984 347 700 161 823 760 312 979 216 818 847 934 830 409 778 606 95 87 891 149 795 
691 562 560 459 84 957 751 395 852 143 664 902 307 613 800 894 260 279 227 982 324 319 986 148 372 454 690 300 850 95 138 901 430 733 705 406 260 380 451 946 734 420 392 838 806 408 342 710 275 693 321 561 553 556 0 169 736 711 56 41 225 619 941 782 758 420 6 867 169 566 573 477 373 723 448 794 487 679 846 835 
78 746 507 744 311 261 917 179 271 859 80 605 36 679 996 180 8 404 70 524 742 913 920 185 368 110 523 116 323 536 896 472 539 629 85 112 391 621 220 377 646 327 785 322 839 141 212 646 750 650 446 483 834 76 169 0 904 855 268 795 525 115 815 727 816 230 936 339 97 477 305 898 18 182 905 483 832 64 230 428 
794 854 634 875 434 5 360 826 893 354 209 753 593 751 463 744 218 105 841 789 815 395 671 363 218 47 584 344 12 68 78 757 520 593 385 363 767 686 336 776 606 232 471 330 418 360 295 524 544 851 116 280 340 486 736 904 0 584 184 328 437 485 767 821 5 104 160 864 550 47 870 446 266 799 963 10 177 669 233 465 
777 580 620 842 218 497 533 353 490 253 927 682 83 636 258 704 945 646 585 229 20 249 311 196 581 584 203 468 319 152 247 10 524 557 909 80 529 716 96 880 458 853 357 544 679 669 83 868 184 778 748 565 338 746 711 855 584 0 166 426 193 210 695 14 280 60 644 263 676 527 288 509 100 802 618 464 71 919 689 728 
700 144 783 989 93 771 483 234 205 830 779 353 362 837 567 905 347 757 521 430 789 664 676 465 700 894 849 554 334 189 37 232 812 793 549 813 330 544 638 867 107 184 784 514 47 194 967 715 656 944 710 175 521 716 56 268 184 166 0 46 272 119 525 135 827 536 566 620 709 217 737 664 228 647 782 196 578 100 671 685 
245 899 925 76 21 823 745 722 793 103 433 147 306 686 346 738 882 786 955 660 733 421 274 702 193 392 730 731 948 717 903 399 683 406 441 928 295 240 497 626 662 557 584 837 95 776 766 562 583 549 184 736 143 984 41 795 328 426 46 0 255 913 91 442 76 755 15 438 908 741 759 19 617 449 84 584 707 465 702 980 
159 748 646 268 788 682 813 925 336 629 867 84 856 188 16 565 584 198 139 245 713 647 63 493 949 405 83 852 993 690 446 33 673 268 571 286 8 198 329 466 24 459 788 600 133 787 164 514 879 505 934 313 831 347 225 525 437 193 272 255 0 956 131 401 951 577 540 498 633 187 528 522 319 556 682 43 663 104 375 507 
85 344 946 916 61 171 177 336 69 2 447 266 711 869 220 258 873 143 393 158 616 520 216 39 130 993 841 827 684 374 911 138 752 138 649 190 119 431 862 380 59 12 42 400 473 149 599 258 1 743 148 219 826 700 619 115 485 210 119 913 956 0 366 90 870 85 208 84 767 957 404 290 779 152 605 103 283 133 236 119 
136 173 134 648 536 129 187 765 555 463 409 617 324 39 733 772 945 751 189 399 783 508 84 465 833 213 365 677 122 949 291 653 123 384 242 659 868 745 587 303 546 952 860 370 596 730 959 667 42 745 465 418 125 161 941 815 767 695 525 91 131 366 0 665 154 748 455 215 663 425 927 828 280 221 998 272 559 371 816 829 
283 689 603 145 346 538 780 345 765 679 973 105 83 789 470 532 88 686 680 633 339 673 672 257 275 484 781 180 795 237 445 797 614 278 314 565 714 555 826 771 546 982 876 843 490 95 848 399 647 796 230 623 976 823 782 727 821 14 135 442 401 90 665 0 114 766 651 176 215 683 863 430 5 213 287 480 613 335 782 891 
337 223 369 338 914 370 754 853 134 876 887 542 451 435 175 7 708 541 893 387 625 69 832 198 189 535 53 360 511 345 555 639 603 261 529 715 205 881 277 335 270 954 526 46 398 112 21 773 700 217 920 527 172 760 758 816 5 280 827 76 951 870 154 114 0 51 337 510 906 908 879 541 76 463 142 119 503 133 806 689 
34 842 10 553 684 952 667 516 703 400 877 217 729 266 234 277 529 191 89 901 171 976 752 830 764 647 806 717 54 937 868 865 13 359 971 706 763 881 947 15 128 917 420 270 73 693 228 195 871 432 227 412 437 312 420 230 104 60 536 755 577 85 748 766 51 0 130 326 291 800 377 758 916 831 980 950 46 902 252 376 
399 70 645 567 820 501 662 588 196 546 682 267 34 991 400 389 718 960 13 463 485 322 853 435 387 572 556 153 366 955 54 369 23 244 752 546 157 204 51 715 278 856 63 94 947 642 187 672 649 440 137 637 518 979 6 936 160 644 566 15 540 208 455 651 337 130 0 430 499 424 320 453 567 377 541 462 646 90 25 898 
691 516 291 496 695 201 374 893 184 640 610 20 242 615 325 765 89 702 447 59 426 504 266 355 371 951 285 152 568 536 913 861 85 693 598 36 299 399 778 663 611 430 731 610 663 291 691 432 980 712 939 928 71 216 867 339 864 263 620 438 498 84 215 176 510 326 430 0 730 108 471 812 430 506 740 964 123 674 516 740 
276 983 149 495 208 893 379 366 581 517 408 808 852 295 468 869 81 772 858 614 514 141 459 772 435 365 419 331 646 298 835 926 266 873 676 435 840 248 846 473 594 74 844 970 72 580 361 501 695 595 306 547 809 818 169 97 550 676 709 908 633 767 663 215 906 291 499 730 0 881 985 383 302 447 590 645 249 476 690 591 
298 281 952 665 181 388 848 598 662 904 283 251 108 667 396 803 331 751 475 668 116 46 381 273 236 632 840 821 433 213 821 304 530 878 365 967 270 355 946 59 618 274 694 102 482 600 736 510 987 46 807 839 776 847 566 477 47 527 217 741 187 957 425 683 908 800 424 108 881 0 135 212 999 105 267 33 420 369 784 111 
515 547 56 150 554 743 342 105 318 214 799 298 203 47 410 667 942 473 587 271 571 322 976 248 28 46 424 524 962 395 833 5 842 194 910 130 389 521 262 250 946 286 788 664 382 888 315 630 344 181 296 303 374 934 573 305 870 288 737 759 528 404 927 863 879 377 320 471 985 135 0 814 158 514 131 984 89 531 163 272 
222 391 671 318 558 376 939 963 900 801 203 610 168 998 780 462 765 649 351 851 609 302 362 209 423 402 104 9 650 201 750 422 714 510 415 415 872 617 94 959 764 985 774 110 588 684 40 691 518 235 988 749 698 830 477 898 446 509 664 19 522 290 828 430 541 758 453 812 383 212 814 0 466 921 118 371 615 49 900 542 
265 740 770 823 712 125 945 278 709 457 568 869 948 719 228 12 433 441 358 163 760 633 134 764 174 229 703 381 590 912 586 523 492 410 104 851 572 969 335 781 107 932 932 297 745 152 123 286 875 802 561 542 385 409 373 18 266 100 228 617 319 779 280 5 76 916 567 430 302 999 158 466 0 228 738 574 84 43 615 897 
327 598 971 454 565 351 208 92 341 129 72 454 828 398 433 139 888 930 863 705 731 757 530 565 774 866 343 679 147 534 395 341 96 165 448 573 610 507 971 518 847 66 687 553 453 616 79 822 597 554 936 427 151 778 723 182 799 802 647 449 556 152 221 213 463 831 377 506 447 105 514 921 228 0 380 72 652 26 426 486 
194 566 950 732 751 377 399 895 568 961 441 244 125 174 642 909 141 448 135 240 276 223 438 991 114 886 26 794 906 401 197 950 818 813 981 378 240 853 305 235 73 922 786 484 985 485 543 551 889 999 597 266 863 606 448 905 963 618 782 84 682 605 998 287 142 980 541 740 590 267 131 118 738 380 0 174 862 844 818 23 
488 352 767 647 773 31 648 165 837 20 412 349 276 192 195 55 754 814 986 962 479 208 728 983 416 527 287 150 178 248 164 152 915 550 429 434 536 556 262 572 873 909 101 403 500 710 958 158 778 215 243 719 399 95 794 483 10 464 196 584 43 103 272 480 119 950 462 964 645 33 984 371 574 72 174 0 565 722 133 387 
511 362 469 58 509 779 670 292 551 63 616 133 705 725 704 418 491 296 232 754 742 923 498 99 701 377 151 973 269 71 49 876 346 486 221 153 703 924 256 284 645 791 163 382 418 374 729 713 487 641 296 496 854 87 487 832 177 71 578 707 663 283 559 613 503 46 646 123 249 420 89 615 84 652 862 565 0 435 171 719 
795 572 712 188 259 605 474 261 574 620 101 345 710 533 277 498 154 197 182 844 497 517 609 647 909 981 675 242 831 929 131 443 284 150 574 145 833 347 857 130 412 715 352 714 465 939 90 541 915 482 734 456 247 891 679 64 669 919 100 465 104 133 371 335 133 902 90 674 476 369 531 49 43 26 844 722 435 0 695 744 
828 274 958 522 731 532 18 255 494 19 340 622 14 838 48 438 230 254 755 106 602 627 366 884 128 718 807 167 438 765 169 527 406 900 248 323 493 221 90 969 731 359 527 726 194 670 348 537 211 202 899 807 388 149 846 230 233 689 671 702 375 236 816 782 806 252 25 516 690 784 163 900 615 426 818 133 171 695 0 292 
118 50 984 864 655 202 391 863 406 935 552 462 809 268 171 620 311 389 672 338 940 175 662 508 923 788 324 358 732 905 53 378 897 409 1 629 684 88 13 759 567 85 718 950 829 312 613 400 23 760 453 298 968 795 835 428 465 728 685 980 507 119 829 891 689 376 898 740 591 111 272 542 897 486 23 387 719 744 292 0 
