80 2
0 508 724 292 602 22 447 515 586 690 410 849 484 994 278 536 617 348 996 328 246 626 456 344 823 475 144 767 743 485 977 767 901 245 849 571 444 992 402 834 179 33 653 398 412 279 946 543 433 182 406 846 685 442 223 229 753 916 904 758 220 633 425 231 556 112 814 71 181 853 990 147 956 338 3 520 240 935 199 874 
508 0 491 948 276 551 751 507 692 757 518 91 879 522 341 433 716 154 134 401 587 624 86 814 603 335 208 293 702 864 371 116 305 1000 201 656 646 449 928 169 684 842 152 785 96 459 143 695 42 284 50 161 700 485 150 44 209 933 567 895 515 16 340 1000 811 24 938 638 977 7 102 285 931 263 468 964 968 825 898 926 
724 491 0 981 682 565 49 536 840 413 528 884 983 791 630 706 695 957 952 964 556 189 460 94 905 942 627 474 794 638 39 630 950 451 578 886 164 925 114 19 249 598 211 369 549 750 925 371 373 666 114 842 712 119 689 323 95 195 179 925 186 420 474 914 628 684 655 940 811 455 182 771 959 871 752 257 21 67 25 950 
292 948 981 0 456 156 116 961 24 340 71 51 107 637 691 47 55 793 926 908 165 701 188 954 737 776 493 740 322 624 378 404 291 498 418 76 63 14 802 965 337 375 70 90 948 458 932 747 689 274 911 756 790 895 232 579 464 547 682 226 246 975 768 790 41 414 470 59 308 291 412 372 733 911 608 851 70 407 64 155 
602 276 682 456 0 581 303 443 548 488 127 567 621 824 571 444 175 737 213 67 690 686 316 692 463 99 570 463 434 67 56 462 478 393 202 399 454 627 245 678 195 628 544 27 914 372 409 840 426 329 60 619 260 437 28 922 864 352 249 861 673 482 847 421 294 674 596 27 314 886 653 985 103 696 91 22 427 265 112 64 
22 551 565 156 581 0 366 856 620 731 74 833 594 947 848 670 564 300 638 145 936 730 535 437 490 89 537 837 755 666 871 512 346 949 56 520 114 242 523 821 705 94 75 139 980 180 47 243 691 756 837 113 82 216 702 458 993 804 605 155 767 477 711 269 976 702 444 669 267 278 694 965 333 876 594 882 290 319 40 527 
447 751 49 116 303 366 0 780 430 37 24 778 396 955 271 450 654 663 469 938 966 347 353 454 23 874 805 525 619 315 56 988 510 111 689 840 684 885 994 839 339 469 961 899 458 502 846 158 500 742 481 952 112 367 535 956 503 14 825 754 66 577 232 392 912 579 991 5 371 172 46 850 80 642 918 113 656 109 418 626 
515 507 536 961 443 856 780 0 972 937 857 972 947 113 230 144 359 649 741 966 858 826 382 361 249 466 35 907 281 263 299 63 741 833 616 616 880 934 911 947 100 113 718 921 793 76 612 411 403 574 205 537 643 387 760 992 130 743 577 304 943 20 462 348 819 160 193 674 736 143 604 634 41 274 53 263 287 875 453 785 
586 692 840 24 548 620 430 972 0 328 147 769 837 600 290 419 400 555 391 681 219 422 883 88 636 390 798 461 268 50 931 612 479 411 132 218 744 404 586 620 450 62 706 686 902 426 99 858 531 594 60 283 733 737 782 653 69 240 172 594 818 782 916 517 820 419 215 888 978 347 58 485 382 377 393 386 382 79 348 842 
690 757 413 340 488 731 37 937 328 0 545 514 233 506 243 218 500 516 404 245 69 264 195 296 686 131 248 276 754 447 185 253 841 571 185 912 169 745 618 830 983 348 955 3 564 908 646 930 595 152 518 123 632 328 490 537 518 618 171 775 378 678 384 596 630 112 94 499 827 285 419 145 643 622 179 6 905 598 667 792 
410 518 528 71 127 74 24 857 147 545 0 776 894 410 187 26 161 601 555 705 400 642 275 166 58 674 511 815 571 238 641 844 138 239 926 160 621 882 641 677 777 735 317 369 575 607 407 659 74 708 727 701 217 462 838 168 17 705 243 509 925 237 462 433 820 776 810 306 516 315 630 175 666 857 359 432 735 284 21 330 
849 91 884 51 567 833 778 972 769 514 776 0 25 164 820 878 495 321 971 352 836 635 299 788 225 236 451 563 221 774 349 909 752 804 93 893 69 556 965 991 224 896 554 414 879 176 5 28 187 982 920 577 979 135 529 432 116 732 307 146 144 943 973 917 42 335 819 261 481 88 428 694 93 224 392 516 324 306 385 481 
484 879 983 107 621 594 396 947 837 233 894 25 0 231 229 816 126 706 908 825 697 386 180 293 154 390 314 710 106 616 101 300 227 227 474 842 982 934 499 902 560 730 292 387 240 923 692 828 787 434 36 600 288 263 742 885 336 834 185 789 755 105 158 497 341 262 28 485 566 82 795 564 151 857 23 484 395 286 535 870 
994 522 791 637 824 947 955 113 600 506 410 164 231 0 505 194 476 582 228 540 798 113 137 717 177 287 541 219 339 416 112 584 365 209 562 355 742 810 527 483 344 12 622 588 504 987 61 227 915 116 539 968 821 440 742 186 17 956 944 231 808 338 4 735 332 255 437 62 908 490 928 374 274 520 154 306 128 356 278 863 
278 341 630 691 571 848 271 230 290 243 187 820 229 505 0 332 244 988 980 981 431 766 3 395 408 528 623 90 592 495 441 618 712 220 297 38 142 857 766 349 628 862 349 146 680 665 332 882 305 837 508 673 311 623 100 723 781 232 49 966 578 733 10 581 164 49 948 932 45 864 367 840 123 456 690 26 596 682 367 422 
536 433 706 47 444 670 450 144 419 218 26 878 816 194 332 0 300 272 133 946 314 599 330 658 680 757 377 993 805 811 654 349 540 791 914 918 190 480 69 840 160 444 775 672 97 732 948 359 514 984 734 659 725 225 200 2 22 40 807 664 201 487 131 654 66 606 942 589 55 934 868 714 599 600 214 309 766 356 861 146 
617 716 695 55 175 564 654 359 400 500 161 495 126 476 244 300 0 658 466 505 948 401 413 49 971 427 264 811 891 88 734 945 873 519 824 420 238 414 980 643 493 69 594 1000 452 126 661 847 665 994 363 949 737 347 238 459 531 186 32 459 19 128 290 488 904 724 560 146 129 843 410 536 570 104 827 548 859 28 764 817 
348 154 957 793 737 300 663 649 555 516 601 321 706 582 988 272 658 0 266 966 901 895 497 519 922 112 995 144 550 533 711 541 232 616 405 119 421 51 197 201 339 750 361 144 632 707 927 297 569 63 782 35 150 712 726 127 334 391 411 908 319 715 731 705 667 312 279 141 867 755 29 23 161 458 915 47 108 663 964 957 
996 134 952 926 213 638 469 741 391 404 555 971 908 228 980 133 466 266 0 37 919 232 212 261 624 998 436 190 325 348 421 422 675 689 106 719 807 619 684 639 142 680 519 838 177 3 82 43 34 703 35 593 487 261 437 6 75 228 544 580 860 290 137 373 961 406 886 503 909 608 638 528 574 858 202 954 554 380 857 417 
328 401 964 908 67 145 938 966 681 245 705 352 825 540 981 946 505 966 37 0 736 889 311 553 640 175 57 481 444 946 160 351 534 87 145 454 987 965 741 836 885 990 58 172 362 924 926 208 944 863 901 520 211 722 118 106 945 606 699 352 681 315 426 276 608 243 236 545 964 404 710 557 908 581 597 114 187 482 12 887 
246 587 556 165 690 936 966 858 219 69 400 836 697 798 431 314 948 901 919 736 0 388 206 425 874 192 438 175 416 343 587 939 873 300 255 925 644 152 769 703 925 988 227 780 482 492 803 633 521 187 646 203 55 706 861 836 905 513 815 26 520 943 771 101 514 598 753 133 474 723 620 428 809 193 945 939 354 752 467 157 
626 624 189 701 686 730 347 826 422 264 642 635 386 113 766 599 401 895 232 889 388 0 9 774 477 182 338 589 760 511 979 178 419 331 422 541 543 40 559 754 725 844 533 931 464 867 620 202 189 680 407 270 519 126 259 766 802 429 454 591 184 256 279 821 519 887 11 251 227 11 348 63 78 199 964 768 477 596 676 679 
456 86 460 188 316 535 353 382 883 195 275 299 180 137 3 330 413 497 212 311 206 9 0 94 995 785 147 443 420 62 749 164 297 349 298 743 313 474 836 544 48 882 402 25 923 709 248 216 627 245 588 815 385 896 718 69 222 495 750 602 793 736 775 45 539 685 789 305 573 941 434 541 136 391 824 25 727 562 930 41 
344 814 94 954 692 437 454 361 88 296 166 788 293 717 395 658 49 519 261 553 425 774 94 0 679 289 769 336 915 327 816 178 510 916 337 834 274 836 841 630 148 7 861 961 2 890 36 6 924 353 180 984 269 928 798 738 745 357 357 91 811 784 273 424 963 247 521 718 796 469 390 587 511 266 318 300 134 624 547 136 
823 603 905 737 463 490 23 249 636 686 58 225 154 177 408 680 971 922 624 640 874 477 995 679 0 161 322 271 512 593 551 959 663 557 787 686 958 78 354 867 770 485 512 324 367 933 990 73 887 526 438 839 703 836 455 440 404 776 695 379 315 494 231 27 900 452 926 660 408 653 448 538 563 838 807 783 516 517 328 638 
475 335 942 776 99 89 874 466 390 131 674 236 390 287 528 757 427 112 998 175 192 182 785 289 161 0 267 720 406 452 983 15 36 880 23 129 694 151 742 546 602 739 745 707 902 314 190 195 165 862 899 339 609 629 777 92 747 173 989 870 717 912 295 944 297 35 119 304 171 908 417 38 26 451 961 932 361 881 849 433 
144 208 627 493 570 537 805 35 798 248 511 451 314 541 623 377 264 995 436 57 438 338 147 769 322 267 0 942 243 662 670 586 951 84 804 509 836 87 742 768 549 396 151 479 357 419 690 711 375 845 695 415 719 851 510 653 621 60 766 936 220 380 342 701 291 801 140 737 152 96 929 430 25 168 97 985 212 933 568 800 
767 293 474 740 463 837 525 907 461 276 815 563 710 219 90 993 811 144 190 481 175 589 443 336 271 720 942 0 844 185 459 426 518 350 866 899 529 213 409 521 779 710 581 369 596 622 949 182 832 89 2 224 604 287 499 580 419 337 881 695 750 965 539 138 384 644 123 173 835 599 358 9 160 892 796 128 493 891 385 445 
743 702 794 322 434 755 619 281 268 754 571 221 106 339 592 805 891 550 325 444 416 760 420 915 512 406 243 844 0 168 500 146 639 87 675 90 707 261 80 869 130 347 428 251 15 430 699 75 875 940 843 152 198 842 581 220 767 164 804 323 540 397 722 108 167 765 146 481 918 628 909 887 298 671 14 341 28 976 396 293 
485 864 638 624 67 666 315 263 50 447 238 774 616 416 495 811 88 533 348 946 343 511 62 327 593 452 662 185 168 0 834 538 531 385 962 573 199 334 520 960 138 600 829 125 249 444 587 520 959 572 88 497 952 124 244 694 433 980 687 572 530 599 589 302 702 628 721 215 128 824 495 621 900 451 119 848 855 942 498 10 
977 371 39 378 56 871 56 299 931 185 641 349 101 112 441 654 734 711 421 160 587 979 749 816 551 983 670 459 500 834 0 887 227 806 478 443 135 250 10 345 640 452 333 695 822 403 424 294 76 664 146 351 436 824 144 556 677 648 210 929 572 479 698 784 576 910 38 361 875 759 322 898 449 654 867 726 780 561 706 988 
767 116 630 404 462 512 988 63 612 253 844 909 300 584 618 349 945 541 422 351 939 178 164 178 959 15 586 426 146 538 887 0 12 843 882 604 677 943 410 667 948 520 341 857 515 1000 116 514 875 653 940 853 220 579 477 487 116 429 321 342 347 305 536 202 852 463 83 486 62 2 943 745 445 990 708 664 305 604 274 212 
901 305 950 291 478 346 510 741 479 841 138 752 227 365 712 540 873 232 675 534 873 419 297 510 663 36 951 518 639 531 227 12 0 307 295 926 135 102 361 141 760 407 468 869 193 57 749 608 594 2 560 939 269 104 94 337 998 483 763 895 441 576 415 728 361 144 757 888 810 420 623 590 800 429 341 565 963 305 949 703 
245 1000 451 498 393 949 111 833 411 571 239 804 227 209 220 791 519 616 689 87 300 331 349 916 557 880 84 350 87 385 806 843 307 0 577 684 264 439 259 102 389 685 27 858 750 730 854 580 69 1 555 578 845 138 524 53 153 393 716 578 752 734 975 699 662 243 831 15 436 982 800 305 711 184 461 243 46 321 568 387 
849 201 578 418 202 56 689 616 132 185 926 93 474 562 297 914 824 405 106 145 255 422 298 337 787 23 804 866 675 962 478 882 295 577 0 753 336 581 325 517 740 990 975 206 937 341 36 961 667 3 329 864 143 542 951 389 890 149 964 138 741 345 104 727 992 851 944 509 453 977 953 519 849 534 883 981 603 943 795 471 
571 656 886 76 399 520 840 616 218 912 160 893 842 355 38 918 420 119 719 454 925 541 743 834 686 129 509 899 90 573 443 604 926 684 753 0 501 593 39 626 203 262 326 473 992 925 132 595 299 48 526 188 308 678 894 942 234 64 338 224 687 931 973 85 707 414 377 189 46 523 211 641 710 991 350 980 256 783 609 243 
444 646 164 63 454 114 684 880 744 169 621 69 982 742 142 190 238 421 807 987 644 543 313 274 958 694 836 529 707 199 135 677 135 264 336 501 0 785 570 674 179 817 97 288 781 691 799 377 167 271 681 41 846 478 544 491 917 155 319 31 76 637 957 576 374 395 913 626 413 495 390 673 76 572 481 255 94 562 175 843 
992 449 925 14 627 242 885 934 404 745 882 556 934 810 857 480 414 51 619 965 152 40 474 836 78 151 87 213 261 334 250 943 102 439 581 593 785 0 979 26 778 323 34 804 971 270 602 509 236 135 236 84 567 167 242 696 269 883 786 739 670 500 298 837 645 88 752 962 390 67 598 165 356 408 173 59 429 995 877 400 
402 928 114 802 245 523 994 911 586 618 641 965 499 527 766 69 980 197 684 741 769 559 836 841 354 742 742 409 80 520 10 410 361 259 325 39 570 979 0 746 319 114 149 448 340 507 247 1 280 932 983 273 465 267 941 802 521 501 931 452 103 721 866 327 818 226 165 325 20 816 754 827 238 546 52 155 53 907 596 556 
834 169 19 965 678 821 839 947 620 830 677 991 902 483 349 840 643 201 639 836 703 754 544 630 867 546 768 521 869 960 345 667 141 102 517 626 674 26 746 0 839 978 825 708 35 850 49 752 430 292 538 787 42 918 624 17 179 448 619 153 993 40 123 314 585 514 89 794 437 309 331 665 849 679 33 716 129 930 549 841 
179 684 249 337 195 705 339 100 450 983 777 224 560 344 628 160 493 339 142 885 925 725 48 148 770 602 549 779 130 138 640 948 760 389 740 203 179 778 319 839 0 680 332 97 683 27 31 571 350 257 346 78 860 621 83 894 58 601 911 471 233 816 623 152 820 529 216 680 545 679 439 105 292 696 794 669 330 663 998 720 
33 842 598 375 628 94 469 113 62 348 735 896 730 12 862 444 69 750 680 990 988 844 882 7 485 739 396 710 347 600 452 520 407 685 990 262 817 323 114 978 680 0 632 264 831 954 685 797 810 560 772 192 558 566 749 98 737 275 225 579 547 995 830 933 28 303 748 54 608 915 71 838 995 930 886 427 672 180 247 333 
653 152 211 70 544 75 961 718 706 955 317 554 292 622 349 775 594 361 519 58 227 533 402 861 512 745 151 581 428 829 333 341 468 27 975 326 97 34 149 825 332 632 0 855 947 57 816 330 373 149 713 608 506 926 283 633 364 566 316 270 326 440 455 364 542 896 104 345 14 261 421 515 711 597 261 784 633 801 807 221 
398 785 369 90 27 139 899 921 686 3 369 414 387 588 146 672 1000 144 838 172 780 931 25 961 324 707 479 369 251 125 695 857 869 858 206 473 288 804 448 708 97 264 855 0 346 285 743 923 730 692 378 333 853 686 89 284 76 592 281 989 601 290 289 657 747 270 12 987 194 511 380 644 398 459 683 714 307 750 817 533 
412 96 549 948 914 980 458 793 902 564 575 879 240 504 680 97 452 632 177 362 482 464 923 2 367 902 357 596 15 249 822 515 193 750 937 992 781 971 340 35 683 831 947 346 0 241 427 954 998 397 272 996 224 37 280 870 666 612 557 299 895 410 553 50 899 695 639 183 706 378 266 609 653 340 198 279 856 647 736 444 
279 459 750 458 372 180 502 76 426 908 607 176 923 987 665 732 126 707 3 924 492 867 709 890 933 314 419 622 430 444 403 1000 57 730 341 925 691 270 507 850 27 954 57 285 241 0 425 170 128 911 164 88 246 363 592 826 99 853 722 879 41 222 778 738 697 564 649 277 483 545 146 222 912 807 917 533 104 161 585 293 
946 143 925 932 409 47 846 612 99 646 407 5 692 61 332 948 661 927 82 926 803 620 248 36 990 190 690 949 699 587 424 116 749 854 36 132 799 602 247 49 31 685 816 743 427 425 0 715 491 846 949 285 864 756 217 680 428 684 311 133 995 937 893 508 605 505 812 8 819 346 488 752 448 260 930 120 600 507 242 199 
543 695 371 747 840 243 158 411 858 930 659 28 828 227 882 359 847 297 43 208 633 202 216 6 73 195 711 182 75 520 294 514 608 580 961 595 377 509 1 752 571 797 330 923 954 170 715 0 573 648 530 862 501 19 468 366 332 206 300 856 273 717 335 78 817 982 915 924 569 806 207 552 739 809 171 85 522 606 774 263 
433 42 373 689 426 691 500 403 531 595 74 187 787 915 305 514 665 569 34 944 521 189 627 924 887 165 375 832 875 959 76 875 594 69 667 299 167 236 280 430 350 810 373 730 998 128 491 573 0 4 758 922 148 919 427 427 758 424 392 941 974 865 519 439 160 122 202 367 912 805 624 946 871 833 314 259 284 148 663 105 
182 284 666 274 329 756 742 574 594 152 708 982 434 116 837 984 994 63 703 863 187 680 245 353 526 862 845 89 940 572 664 653 2 1 3 48 271 135 932 292 257 560 149 692 397 911 846 648 4 0 8 321 985 724 819 896 134 682 560 215 365 27 794 31 818 760 825 389 435 287 110 609 72 455 304 799 513 329 84 72 
406 50 114 911 60 837 481 205 60 518 727 920 36 539 508 734 363 782 35 901 646 407 588 180 438 899 695 2 843 88 146 940 560 555 329 526 681 236 983 538 346 772 713 378 272 164 949 530 758 8 0 191 806 478 65 116 941 507 984 599 144 916 928 452 101 236 387 391 376 207 193 853 243 646 972 864 539 937 967 403 
846 161 842 756 619 113 952 537 283 123 701 577 600 968 673 659 949 35 593 520 203 270 815 984 839 339 415 224 152 497 351 853 939 578 864 188 41 84 273 787 78 192 608 333 996 88 285 862 922 321 191 0 428 322 685 355 495 254 931 921 57 862 605 662 585 924 45 213 908 312 841 108 827 274 153 226 32 92 802 182 
685 700 712 790 260 82 112 643 733 632 217 979 288 821 311 725 737 150 487 211 55 519 385 269 703 609 719 604 198 952 436 220 269 845 143 308 846 567 465 42 860 558 506 853 224 246 864 501 148 985 806 428 0 987 402 769 335 182 415 989 399 195 646 916 894 348 991 901 565 55 672 974 867 742 844 64 118 761 611 850 
442 485 119 895 437 216 367 387 737 328 462 135 263 440 623 225 347 712 261 722 706 126 896 928 836 629 851 287 842 124 824 579 104 138 542 678 478 167 267 918 621 566 926 686 37 363 756 19 919 724 478 322 987 0 733 733 749 647 537 824 892 831 969 777 84 20 225 649 90 510 975 115 734 387 364 607 423 162 149 604 
223 150 689 232 28 702 535 760 782 490 838 529 742 742 100 200 238 726 437 118 861 259 718 798 455 777 510 499 581 244 144 477 94 524 951 894 544 242 941 624 83 749 283 89 280 592 217 468 427 819 65 685 402 733 0 249 506 907 793 175 82 191 35 365 340 524 306 737 441 188 865 935 968 919 113 845 634 704 456 731 
229 44 323 579 922 458 956 992 653 537 168 432 885 186 723 2 459 127 6 106 836 766 69 738 440 92 653 580 220 694 556 487 337 53 389 942 491 696 802 17 894 98 633 284 870 826 680 366 427 896 116 355 769 733 249 0 809 868 179 456 461 694 629 559 459 153 67 278 20 511 313 331 5 168 115 149 214 367 840 60 
753 209 95 464 864 993 503 130 69 518 17 116 336 17 781 22 531 334 75 945 905 802 222 745 404 747 621 419 767 433 677 116 998 153 890 234 917 269 521 179 58 737 364 76 666 99 428 332 758 134 941 495 335 749 506 809 0 640 244 763 677 687 133 133 36 437 25 826 763 9 192 786 2 347 211 134 229 393 563 972 
916 933 195 547 352 804 14 743 240 618 705 732 834 956 232 40 186 391 228 606 513 429 495 357 776 173 60 337 164 980 648 429 483 393 149 64 155 883 501 448 601 275 566 592 612 853 684 206 424 682 507 254 182 647 907 868 640 0 320 282 329 648 833 569 468 965 736 748 843 489 901 534 60 270 859 50 813 518 414 873 
904 567 179 682 249 605 825 577 172 171 243 307 185 944 49 807 32 411 544 699 815 454 750 357 695 989 766 881 804 687 210 321 763 716 964 338 319 786 931 619 911 225 316 281 557 722 311 300 392 560 984 931 415 537 793 179 244 320 0 16 44 599 485 820 358 116 297 117 442 407 645 976 546 177 461 154 327 722 154 660 
758 895 925 226 861 155 754 304 594 775 509 146 789 231 966 664 459 908 580 352 26 591 602 91 379 870 936 695 323 572 929 342 895 578 138 224 31 739 452 153 471 579 270 989 299 879 133 856 941 215 599 921 989 824 175 456 763 282 16 0 251 980 738 56 710 713 938 450 624 595 977 444 101 347 557 514 465 844 759 378 
220 515 186 246 673 767 66 943 818 378 925 144 755 808 578 201 19 319 860 681 520 184 793 811 315 717 220 750 540 530 572 347 441 752 741 687 76 670 103 993 233 547 326 601 895 41 995 273 974 365 144 57 399 892 82 461 677 329 44 251 0 514 7 726 958 633 542 771 856 998 961 475 104 175 516 228 379 876 566 820 
633 16 420 975 482 477 577 20 782 678 237 943 105 338 733 487 128 715 290 315 943 256 736 784 494 912 380 965 397 599 479 305 576 734 345 931 637 500 721 40 816 995 440 290 410 222 937 717 865 27 916 862 195 831 191 694 687 648 599 980 514 0 509 691 632 926 74 943 933 798 438 246 455 152 322 13 975 994 895 606 
425 340 474 768 847 711 232 462 916 384 462 973 158 4 10 131 290 731 137 426 771 279 775 273 231 295 342 539 722 589 698 536 415 975 104 973 957 298 866 123 623 830 455 289 553 778 893 335 519 794 928 605 646 969 35 629 133 833 485 738 7 509 0 376 412 940 905 611 13 930 905 804 450 368 390 28 693 584 911 173 
231 1000 914 790 421 269 392 348 517 596 433 917 497 735 581 654 488 705 373 276 101 821 45 424 27 944 701 138 108 302 784 202 728 699 727 85 576 837 327 314 152 933 364 657 50 738 508 78 439 31 452 662 916 777 365 559 133 569 820 56 726 691 376 0 944 745 983 991 540 764 464 855 468 505 305 815 824 212 383 476 
556 811 628 41 294 976 912 819 820 630 820 42 341 332 164 66 904 667 961 608 514 519 539 963 900 297 291 384 167 702 576 852 361 662 992 707 374 645 818 585 820 28 542 747 899 697 605 817 160 818 101 585 894 84 340 459 36 468 358 710 958 632 412 944 0 790 385 55 673 452 891 293 329 674 429 763 97 121 244 266 
112 24 684 414 674 702 579 160 419 112 776 335 262 255 49 606 724 312 406 243 598 887 685 247 452 35 801 644 765 628 910 463 144 243 851 414 395 88 226 514 529 303 896 270 695 564 505 982 122 760 236 924 348 20 524 153 437 965 116 713 633 926 940 745 790 0 998 220 514 834 347 386 374 617 912 781 305 365 178 772 
814 938 655 470 596 444 991 193 215 94 810 819 28 437 948 942 560 279 886 236 753 11 789 521 926 119 140 123 146 721 38 83 757 831 944 377 913 752 165 89 216 748 104 12 639 649 812 915 202 825 387 45 991 225 306 67 25 736 297 938 542 74 905 983 385 998 0 697 554 283 405 716 385 805 925 217 101 518 688 16 
71 638 940 59 27 669 5 674 888 499 306 261 485 62 932 589 146 141 503 545 133 251 305 718 660 304 737 173 481 215 361 486 888 15 509 189 626 962 325 794 680 54 345 987 183 277 8 924 367 389 391 213 901 649 737 278 826 748 117 450 771 943 611 991 55 220 697 0 668 129 204 86 52 593 545 1 780 666 578 310 
181 977 811 308 314 267 371 736 978 827 516 481 566 908 45 55 129 867 909 964 474 227 573 796 408 171 152 835 918 128 875 62 810 436 453 46 413 390 20 437 545 608 14 194 706 483 819 569 912 435 376 908 565 90 441 20 763 843 442 624 856 933 13 540 673 514 554 668 0 459 979 166 24 352 437 523 744 373 708 844 
853 7 455 291 886 278 172 143 347 285 315 88 82 490 864 934 843 755 608 404 723 11 941 469 653 908 96 599 628 824 759 2 420 982 977 523 495 67 816 309 679 915 261 511 378 545 346 806 805 287 207 312 55 510 188 511 9 489 407 595 998 798 930 764 452 834 283 129 459 0 731 3 293 692 110 208 20 626 129 849 
990 102 182 412 653 694 46 604 58 419 630 428 795 928 367 868 410 29 638 710 620 348 434 390 448 417 929 358 909 495 322 943 623 800 953 211 390 598 754 331 439 71 421 380 266 146 488 207 624 110 193 841 672 975 865 313 192 901 645 977 961 438 905 464 891 347 405 204 979 731 0 497 669 598 605 459 988 113 374 893 
147 285 771 372 985 965 850 634 485 145 175 694 564 374 840 714 536 23 528 557 428 63 541 587 538 38 430 9 887 621 898 745 590 305 519 641 673 165 827 665 105 838 515 644 609 222 752 552 946 609 853 108 974 115 935 331 786 534 976 444 475 246 804 855 293 386 716 86 166 3 497 0 159 61 428 92 547 784 295 943 
956 931 959 733 103 333 80 41 382 643 666 93 151 274 123 599 570 161 574 908 809 78 136 511 563 26 25 160 298 900 449 445 800 711 849 710 76 356 238 849 292 995 711 398 653 912 448 739 871 72 243 827 867 734 968 5 2 60 546 101 104 455 450 468 329 374 385 52 24 293 669 159 0 964 389 171 928 261 882 608 
338 263 871 911 696 876 642 274 377 622 857 224 857 520 456 600 104 458 858 581 193 199 391 266 838 451 168 892 671 451 654 990 429 184 534 991 572 408 546 679 696 930 597 459 340 807 260 809 833 455 646 274 742 387 919 168 347 270 177 347 175 152 368 505 674 617 805 593 352 692 598 61 964 0 215 505 589 932 435 723 
3 468 752 608 91 594 918 53 393 179 359 392 23 154 690 214 827 915 202 597 945 964 824 318 807 961 97 796 14 119 867 708 341 461 883 350 481 173 52 33 794 886 261 683 198 917 930 171 314 304 972 153 844 364 113 115 211 859 461 557 516 322 390 305 429 912 925 545 437 110 605 428 389 215 0 495 12 104 582 15 
520 964 257 851 22 882 113 263 386 6 432 516 484 306 26 309 548 47 954 114 939 768 25 300 783 932 985 128 341 848 726 664 565 243 981 980 255 59 155 716 669 427 784 714 279 533 120 85 259 799 864 226 64 607 845 149 134 50 154 514 228 13 28 815 763 781 217 1 523 208 459 92 171 505 495 0 445 995 359 499 
240 968 21 70 427 290 656 287 382 905 735 324 395 128 596 766 859 108 554 187 354 477 727 134 516 361 212 493 28 855 780 305 963 46 603 256 94 429 53 129 330 672 633 307 856 104 600 522 284 513 539 32 118 423 634 214 229 813 327 465 379 975 693 824 97 305 101 780 744 20 988 547 928 589 12 445 0 578 743 9 
935 825 67 407 265 319 109 875 79 598 284 306 286 356 682 356 28 663 380 482 752 596 562 624 517 881 933 891 976 942 561 604 305 321 943 783 562 995 907 930 663 180 801 750 647 161 507 606 148 329 937 92 761 162 704 367 393 518 722 844 876 994 584 212 121 365 518 666 373 626 113 784 261 932 104 995 578 0 114 81 
199 898 25 64 112 40 418 453 348 667 21 385 535 278 367 861 764 964 857 12 467 676 930 547 328 849 568 385 396 498 706 274 949 568 795 609 175 877 596 549 998 247 807 817 736 585 242 774 663 84 967 802 611 149 456 840 563 414 154 759 566 895 911 383 244 178 688 578 708 129 374 295 882 435 582 359 743 114 0 591 
874 926 950 155 64 527 626 785 842 792 330 481 870 863 422 146 817 957 417 887 157 679 41 136 638 433 800 445 293 10 988 212 703 387 471 243 843 400 556 841 720 333 221 533 444 293 199 263 105 72 403 182 850 604 731 60 972 873 660 378 820 606 173 476 266 772 16 310 844 849 893 943 608 723 15 499 9 81 591 0 
0 265 322 303 569 974 917 147 940 901 649 777 198 275 175 439 209 424 588 746 528 965 41 952 370 366 17 262 464 644 934 137 157 902 424 220 911 569 984 257 708 585 374 511 310 636 497 54 609 691 225 308 702 692 878 577 793 600 377 810 815 376 601 778 452 415 193 148 890 449 584 585 978 269 639 659 594 364 968 708 
265 0 399 750 332 428 286 401 903 844 705 893 81 672 705 48 470 703 714 985 277 292 114 674 895 624 804 358 343 202 103 359 176 381 455 74 367 898 889 300 191 8 441 968 262 729 982 83 516 281 974 497 395 241 500 918 454 494 500 282 109 421 633 438 352 753 107 726 218 334 841 613 598 168 179 812 322 850 578 451 
322 399 0 456 51 909 289 367 629 59 305 841 627 333 333 754 100 867 411 753 120 771 641 802 507 251 665 247 158 840 106 587 68 900 434 282 701 56 200 750 29 167 660 294 830 888 748 569 395 805 281 903 842 403 914 858 689 328 452 264 951 91 799 958 860 311 363 34 825 966 277 672 98 727 400 883 509 278 182 886 
303 750 456 0 550 414 310 77 23 902 335 125 892 844 861 706 487 727 710 244 696 636 875 879 922 628 288 871 915 532 341 496 294 534 687 748 763 310 988 207 178 951 182 396 669 303 518 159 714 309 918 237 321 121 105 875 463 885 518 384 812 599 812 2 106 573 265 336 740 52 987 332 77 819 491 963 889 94 738 403 
569 332 51 550 0 641 6 335 487 279 319 157 253 485 198 994 135 640 359 481 374 677 143 616 509 46 642 637 807 680 529 26 402 127 216 372 787 379 485 921 221 585 902 247 506 569 448 723 765 874 281 3 3 443 657 43 595 522 211 3 765 998 399 60 729 807 607 512 98 152 461 336 49 903 134 54 397 249 54 170 
974 428 909 414 641 0 382 863 953 798 780 761 703 63 45 996 247 192 274 668 651 218 24 280 161 194 105 953 795 618 724 475 755 142 374 626 574 477 726 589 787 891 600 104 587 582 448 60 472 183 729 77 776 501 40 245 418 785 296 846 1 831 403 121 371 697 766 415 64 390 84 642 763 994 396 501 820 578 87 412 
917 286 289 310 6 382 0 245 650 986 644 698 295 845 961 989 831 472 350 162 895 48 407 93 651 999 414 866 955 955 251 597 486 998 750 746 345 861 982 89 947 147 117 623 880 644 463 598 612 605 815 76 767 271 380 625 323 783 269 861 811 985 67 414 63 531 391 868 464 252 905 556 959 810 652 170 180 320 173 729 
147 401 367 77 335 863 245 0 739 385 625 263 858 60 795 917 511 439 387 874 847 63 814 273 905 175 260 577 2 69 576 513 28 751 895 508 426 928 504 786 417 431 890 832 115 950 615 120 435 616 427 396 242 417 728 999 361 117 526 755 29 561 600 986 583 808 62 614 172 282 837 100 700 295 83 607 877 213 362 782 
940 903 629 23 487 953 650 739 0 543 637 704 812 586 806 771 38 46 4 311 859 786 260 73 185 48 53 91 381 334 585 977 510 756 3 167 468 999 952 418 528 491 361 594 874 987 229 122 671 855 312 113 499 417 875 71 43 786 973 108 181 56 797 743 834 93 303 861 829 244 945 13 195 574 441 758 384 299 640 742 
901 844 59 902 279 798 986 385 543 0 49 839 623 338 677 995 410 607 942 297 287 845 477 940 447 606 836 363 629 414 427 752 838 201 863 541 229 550 368 500 704 947 151 98 756 34 557 716 476 910 431 599 759 894 839 507 981 105 833 877 695 248 577 208 662 559 399 441 200 323 769 487 49 571 473 697 862 693 484 995 
649 705 305 335 319 780 644 625 637 49 0 464 48 792 486 87 46 125 616 966 344 808 806 45 564 83 680 776 513 470 944 789 734 123 328 454 541 141 328 441 284 699 888 208 205 803 410 814 967 369 490 272 117 426 893 223 932 555 58 175 995 493 359 164 918 144 99 338 89 309 661 948 858 39 786 554 554 978 22 856 
777 893 841 125 157 761 698 263 704 839 464 0 729 908 10 942 717 934 955 917 939 99 747 923 281 636 561 193 273 889 585 185 312 530 8 280 73 103 843 62 69 315 844 470 377 727 261 838 666 952 211 361 178 503 382 998 612 575 973 801 320 968 951 613 316 955 674 582 931 253 27 454 135 511 812 949 987 931 472 694 
198 81 627 892 253 703 295 858 812 623 48 729 0 119 490 871 584 726 543 703 802 422 883 813 471 844 476 550 575 818 53 827 171 162 947 627 545 525 257 692 325 295 308 29 287 707 220 175 649 681 449 374 250 751 719 20 776 165 280 670 413 524 773 53 900 95 253 41 130 262 291 981 69 442 392 661 540 908 724 926 
275 672 333 844 485 63 845 60 586 338 792 908 119 0 296 982 624 890 331 192 400 656 305 868 226 230 751 645 491 877 970 782 951 78 861 680 584 624 337 132 344 733 430 221 924 16 855 842 666 239 724 162 726 353 286 422 905 411 295 334 493 763 967 434 561 254 498 617 143 426 799 685 551 332 749 111 195 339 327 393 
175 705 333 861 198 45 961 795 806 677 486 10 490 296 0 282 558 774 678 263 56 979 359 157 326 338 228 515 280 817 298 533 130 172 928 134 430 502 260 659 338 182 96 143 760 356 616 754 34 126 519 814 103 111 622 669 796 604 206 98 389 353 945 264 794 168 763 852 149 862 346 79 666 709 484 532 645 455 551 493 
439 48 754 706 994 996 989 917 771 995 87 942 871 982 282 0 480 396 18 881 272 721 336 730 846 657 968 686 504 153 918 718 69 104 550 392 227 72 133 746 211 121 583 396 577 939 587 867 345 149 768 499 371 301 127 727 105 191 548 108 470 631 286 695 34 241 111 908 844 345 990 207 973 311 620 94 925 629 218 98 
209 470 100 487 135 247 831 511 38 410 46 717 584 624 558 480 0 987 804 182 684 386 666 773 491 613 613 613 823 545 413 219 775 332 567 585 574 230 221 905 549 835 176 715 983 634 224 921 996 792 536 730 365 988 501 517 152 552 293 139 38 117 559 671 664 243 372 716 337 109 907 778 862 656 559 952 787 503 652 464 
424 703 867 727 640 192 472 439 46 607 125 934 726 890 774 396 987 0 889 107 14 26 968 296 305 867 898 530 792 214 663 643 529 688 305 785 472 266 700 924 416 703 109 294 805 560 246 20 125 787 184 191 350 579 681 559 15 53 262 540 319 805 692 749 827 431 211 458 115 796 921 788 971 847 81 381 736 216 716 176 
588 714 411 710 359 274 350 387 4 942 616 955 543 331 678 18 804 889 0 396 72 822 521 549 26 103 135 136 480 305 547 65 916 860 621 745 255 335 603 73 139 797 123 150 627 731 38 886 297 813 439 10 20 598 382 621 525 287 14 281 879 490 301 257 841 76 684 461 675 880 245 168 262 451 240 119 131 531 3 376 
746 985 753 244 481 668 162 874 311 297 966 917 703 192 263 881 182 107 396 0 312 241 314 895 126 355 574 82 896 446 552 878 213 560 386 835 309 591 17 936 602 990 56 918 104 315 991 556 650 130 750 97 671 909 24 445 236 833 288 233 446 168 318 381 77 246 191 903 263 60 575 499 107 181 860 936 462 113 350 458 
528 277 120 696 374 651 895 847 859 287 344 939 802 400 56 272 684 14 72 312 0 221 190 689 419 453 165 941 453 430 235 628 325 103 96 600 401 109 582 226 538 41 241 294 682 460 819 119 779 326 797 484 358 695 660 98 425 37 883 449 156 289 133 944 216 79 560 472 742 773 74 162 139 159 29 228 607 254 350 500 
965 292 771 636 677 218 48 63 786 845 808 99 422 656 979 721 386 26 822 241 221 0 308 879 738 53 570 91 501 708 563 231 821 573 481 5 309 4 64 890 131 248 880 680 645 740 976 345 964 781 512 420 135 180 539 344 611 457 582 886 850 47 87 38 292 421 776 276 288 568 8 694 284 955 101 841 597 461 216 383 
41 114 641 875 143 24 407 814 260 477 806 747 883 305 359 336 666 968 521 314 190 308 0 405 978 155 482 138 29 869 431 855 428 230 61 459 1000 308 769 76 216 907 327 400 262 261 140 64 848 131 140 387 240 975 757 645 937 59 90 633 342 570 888 629 839 688 468 425 197 48 675 535 448 863 609 359 181 620 417 493 
952 674 802 879 616 280 93 273 73 940 45 923 813 868 157 730 773 296 549 895 689 879 405 0 239 983 528 34 651 428 386 39 128 17 860 452 221 449 562 562 105 553 584 837 371 898 926 345 50 712 293 312 801 521 398 638 143 933 444 151 477 1000 940 456 732 202 5 124 930 307 123 494 698 777 921 538 169 612 634 708 
370 895 507 922 509 161 651 905 185 447 564 281 471 226 326 846 491 305 26 126 419 738 978 239 0 522 911 328 280 193 32 789 316 206 977 47 243 744 541 439 618 308 963 219 763 372 607 104 64 458 266 67 996 277 20 783 908 852 711 1000 616 222 16 76 336 455 860 809 679 411 331 131 357 102 795 694 995 534 960 417 
366 624 251 628 46 194 999 175 48 606 83 636 844 230 338 657 613 867 103 355 453 53 155 983 522 0 383 303 368 97 430 938 567 457 170 279 712 511 320 635 37 859 652 726 530 181 291 24 859 101 990 967 261 49 249 350 600 62 175 218 187 401 107 818 44 221 503 583 410 304 485 270 193 966 965 421 11 440 882 180 
17 804 665 288 642 105 414 260 53 836 680 561 476 751 228 968 613 898 135 574 165 570 482 528 911 383 0 287 425 385 151 956 551 86 311 895 325 118 673 286 536 688 42 408 460 864 817 130 749 470 5 130 145 669 433 327 101 725 60 552 936 258 527 949 490 703 152 380 849 617 662 471 675 731 566 231 165 906 949 358 
262 358 247 871 637 953 866 577 91 363 776 193 550 645 515 686 613 530 136 82 941 91 138 34 328 303 287 0 715 304 328 622 885 244 629 235 908 282 723 216 964 82 952 206 886 786 324 732 545 308 371 161 810 288 306 451 344 764 479 449 561 545 41 684 370 140 422 605 763 625 644 556 820 868 198 201 792 159 305 273 
464 343 158 915 807 795 955 2 381 629 513 273 575 491 280 504 823 792 480 896 453 501 29 651 280 368 425 715 0 597 367 934 196 133 918 317 664 771 864 38 92 88 224 563 947 4 2 580 481 529 198 839 950 724 609 295 926 72 507 491 677 285 470 438 923 512 825 61 741 388 816 603 304 782 69 192 102 490 860 699 
644 202 840 532 680 618 955 69 334 414 470 889 818 877 817 153 545 214 305 446 430 708 869 428 193 97 385 304 597 0 765 877 561 125 548 543 260 405 235 803 678 983 872 657 155 201 419 136 612 897 514 667 555 499 409 484 447 122 256 246 77 519 770 559 446 830 35 283 926 735 627 830 798 882 371 262 345 112 276 840 
934 103 106 341 529 724 251 576 585 427 944 585 53 970 298 918 413 663 547 552 235 563 431 386 32 430 151 328 367 765 0 661 575 495 351 820 40 508 34 714 438 154 592 790 937 133 940 719 829 703 938 516 235 305 879 993 921 156 955 289 531 703 805 712 287 706 946 741 247 436 371 876 526 192 401 544 543 342 635 570 
137 359 587 496 26 475 597 513 977 752 789 185 827 782 533 718 219 643 65 878 628 231 855 39 789 938 956 622 934 877 661 0 945 659 38 405 695 558 630 634 833 783 490 998 329 697 893 528 858 851 586 302 349 941 127 895 633 658 656 935 107 26 133 383 438 285 608 509 662 49 302 66 254 31 441 793 179 703 248 933 
157 176 68 294 402 755 486 28 510 838 734 312 171 951 130 69 775 529 916 213 325 821 428 128 316 567 551 885 196 561 575 945 0 342 362 158 211 390 65 587 565 52 466 731 243 498 206 69 279 956 160 363 478 601 797 522 946 299 982 387 192 839 708 738 844 272 44 69 323 330 673 884 284 971 738 199 732 855 493 921 
902 381 900 534 127 142 998 751 756 201 123 530 162 78 172 104 332 688 860 560 103 573 230 17 206 457 86 244 133 125 495 659 342 0 312 892 880 207 744 460 359 861 476 180 317 320 398 98 60 945 896 158 907 872 635 346 913 630 450 22 636 951 515 48 110 842 353 919 873 404 611 995 283 929 452 161 481 111 716 264 
424 455 434 687 216 374 750 895 3 863 328 8 947 861 928 550 567 305 621 386 96 481 61 860 977 170 311 629 918 548 351 38 362 312 0 574 142 993 197 370 344 592 873 501 33 197 369 815 815 187 943 552 565 41 178 695 725 348 272 959 847 644 517 602 32 140 230 457 424 471 322 475 590 488 720 8 620 452 863 234 
220 74 282 748 372 626 746 508 167 541 454 280 627 680 134 392 585 785 745 835 600 5 459 452 47 279 895 235 317 543 820 405 158 892 574 0 595 773 333 860 105 854 148 574 55 210 965 518 131 98 347 631 133 232 162 253 682 913 172 142 33 292 623 821 511 440 842 280 574 596 142 634 345 90 23 414 974 667 655 587 
911 367 701 763 787 574 345 426 468 229 541 73 545 584 430 227 574 472 255 309 401 309 1000 221 243 712 325 908 664 260 40 695 211 880 142 595 0 827 983 326 208 147 519 623 10 499 756 171 828 178 233 44 154 504 414 759 888 445 737 303 785 972 197 342 353 12 108 698 386 154 541 70 586 854 616 646 86 349 373 191 
569 898 56 310 379 477 861 928 999 550 141 103 525 624 502 72 230 266 335 591 109 4 308 449 744 511 118 282 771 405 508 558 390 207 993 773 827 0 170 236 643 543 978 615 835 644 684 167 243 763 744 659 178 511 493 583 642 433 126 618 878 198 915 126 108 728 932 490 857 366 220 497 751 744 95 948 713 143 13 547 
984 889 200 988 485 726 982 504 952 368 328 843 257 337 260 133 221 700 603 17 582 64 769 562 541 320 673 723 864 235 34 630 65 744 197 333 983 170 0 624 578 974 772 602 915 410 687 748 444 243 324 272 703 489 405 118 504 505 291 132 77 460 206 825 571 323 849 784 51 666 412 502 73 204 285 521 460 360 239 298 
257 300 750 207 921 589 89 786 418 500 441 62 692 132 659 746 905 924 73 936 226 890 76 562 439 635 286 216 38 803 714 634 587 460 370 860 326 236 624 0 598 590 152 692 972 174 657 945 906 234 762 791 341 360 397 138 856 44 234 386 946 78 924 820 800 374 965 374 57 933 375 808 16 96 700 805 470 951 114 432 
708 191 29 178 221 787 947 417 528 704 284 69 325 344 338 211 549 416 139 602 538 131 216 105 618 37 536 964 92 678 438 833 565 359 344 105 208 643 578 598 0 59 460 800 665 524 868 948 163 303 428 622 513 239 649 780 200 725 181 521 722 963 684 931 371 256 931 606 548 337 208 870 865 66 766 546 480 71 947 495 
585 8 167 951 585 891 147 431 491 947 699 315 295 733 182 121 835 703 797 990 41 248 907 553 308 859 688 82 88 983 154 783 52 861 592 854 147 543 974 590 59 0 684 372 774 776 526 497 926 310 978 729 525 87 692 9 394 897 330 804 883 832 603 275 436 67 172 70 689 302 738 50 897 990 507 936 819 562 748 181 
374 441 660 182 902 600 117 890 361 151 888 844 308 430 96 583 176 109 123 56 241 880 327 584 963 652 42 952 224 872 592 490 466 476 873 148 519 978 772 152 460 684 0 921 287 896 166 720 776 102 333 451 765 424 897 924 376 646 790 210 166 14 474 316 43 469 459 363 868 600 924 720 931 773 969 307 176 597 832 932 
511 968 294 396 247 104 623 832 594 98 208 470 29 221 143 396 715 294 150 918 294 680 400 837 219 726 408 206 563 657 790 998 731 180 501 574 623 615 602 692 800 372 921 0 278 871 184 852 825 633 480 166 377 165 433 18 414 204 95 82 601 364 721 41 346 470 199 666 305 232 732 687 818 796 337 524 8 706 524 319 
310 262 830 669 506 587 880 115 874 756 205 377 287 924 760 577 983 805 627 104 682 645 262 371 763 530 460 886 947 155 937 329 243 317 33 55 10 835 915 972 665 774 287 278 0 670 697 445 908 785 66 267 65 218 681 444 263 371 297 80 560 185 990 610 459 784 503 403 888 254 10 947 75 347 43 943 121 726 744 659 
636 729 888 303 569 582 644 950 987 34 803 727 707 16 356 939 634 560 731 315 460 740 261 898 372 181 864 786 4 201 133 697 498 320 197 210 499 644 410 174 524 776 896 871 670 0 755 980 174 448 931 951 630 206 266 612 545 848 976 870 550 329 347 955 501 828 620 883 842 813 644 334 81 192 994 611 495 74 86 61 
497 982 748 518 448 448 463 615 229 557 410 261 220 855 616 587 224 246 38 991 819 976 140 926 607 291 817 324 2 419 940 893 206 398 369 965 756 684 687 657 868 526 166 184 697 755 0 484 433 384 52 138 166 269 624 507 754 731 650 849 49 23 559 636 752 333 250 720 83 520 484 676 703 664 436 619 110 333 257 462 
54 83 569 159 723 60 598 120 122 716 814 838 175 842 754 867 921 20 886 556 119 345 64 345 104 24 130 732 580 136 719 528 69 98 815 518 171 167 748 945 948 497 720 852 445 980 484 0 958 24 501 73 129 361 888 539 144 8 958 448 655 549 26 765 883 975 631 276 45 39 228 199 923 622 795 308 642 502 763 180 
609 516 395 714 765 472 612 435 671 476 967 666 649 666 34 345 996 125 297 650 779 964 848 50 64 859 749 545 481 612 829 858 279 60 815 131 828 243 444 906 163 926 776 825 908 174 433 958 0 18 306 323 716 54 920 475 234 38 567 10 607 582 268 895 138 945 767 298 88 785 440 725 427 270 834 52 609 771 92 411 
691 281 805 309 874 183 605 616 855 910 369 952 681 239 126 149 792 787 813 130 326 781 131 712 458 101 470 308 529 897 703 851 956 945 187 98 178 763 243 234 303 310 102 633 785 448 384 24 18 0 813 680 179 607 600 582 123 948 691 586 231 233 465 7 472 664 1000 419 739 391 367 915 874 96 337 15 463 883 847 392 
225 974 281 918 281 729 815 427 312 431 490 211 449 724 519 768 536 184 439 750 797 512 140 293 266 990 5 371 198 514 938 586 160 896 943 347 233 744 324 762 428 978 333 480 66 931 52 501 306 813 0 540 877 222 927 856 975 195 659 541 867 21 853 152 519 20 530 549 847 310 301 868 144 928 709 459 577 490 531 937 
308 497 903 237 3 77 76 396 113 599 272 361 374 162 814 499 730 191 10 97 484 420 387 312 67 967 130 161 839 667 516 302 363 158 552 631 44 659 272 791 622 729 451 166 267 951 138 73 323 680 540 0 947 827 471 49 613 33 356 715 296 217 861 381 325 448 236 141 902 315 202 721 901 884 601 867 545 409 788 182 
702 395 842 321 3 776 767 242 499 759 117 178 250 726 103 371 365 350 20 671 358 135 240 801 996 261 145 810 950 555 235 349 478 907 565 133 154 178 703 341 513 525 765 377 65 630 166 129 716 179 877 947 0 939 272 185 558 469 630 490 172 967 666 377 785 619 915 455 995 526 303 521 895 715 157 371 82 498 576 849 
692 241 403 121 443 501 271 417 417 894 426 503 751 353 111 301 988 579 598 909 695 180 975 521 277 49 669 288 724 499 305 941 601 872 41 232 504 511 489 360 239 87 424 165 218 206 269 361 54 607 222 827 939 0 612 525 211 383 736 757 273 37 411 146 148 977 760 685 944 380 244 832 529 57 703 943 422 444 827 870 
878 500 914 105 657 40 380 728 875 839 893 382 719 286 622 127 501 681 382 24 660 539 757 398 20 249 433 306 609 409 879 127 797 635 178 162 414 493 405 397 649 692 897 433 681 266 624 888 920 600 927 471 272 612 0 2 676 115 924 609 723 83 905 588 346 183 225 381 965 601 89 731 331 999 630 350 240 76 744 591 
577 918 858 875 43 245 625 999 71 507 223 998 20 422 669 727 517 559 621 445 98 344 645 638 783 350 327 451 295 484 993 895 522 346 695 253 759 583 118 138 780 9 924 18 444 612 507 539 475 582 856 49 185 525 2 0 308 895 114 922 107 31 365 821 343 887 559 936 688 931 577 332 432 437 686 328 584 101 508 172 
793 454 689 463 595 418 323 361 43 981 932 612 776 905 796 105 152 15 525 236 425 611 937 143 908 600 101 344 926 447 921 633 946 913 725 682 888 642 504 856 200 394 376 414 263 545 754 144 234 123 975 613 558 211 676 308 0 161 224 947 404 717 981 181 668 970 120 413 407 906 617 577 247 807 40 901 923 811 815 857 
600 494 328 885 522 785 783 117 786 105 555 575 165 411 604 191 552 53 287 833 37 457 59 933 852 62 725 764 72 122 156 658 299 630 348 913 445 433 505 44 725 897 646 204 371 848 731 8 38 948 195 33 469 383 115 895 161 0 137 276 763 876 856 494 483 490 861 930 423 145 125 205 756 117 30 170 59 139 17 104 
377 500 452 518 211 296 269 526 973 833 58 973 280 295 206 548 293 262 14 288 883 582 90 444 711 175 60 479 507 256 955 656 982 450 272 172 737 126 291 234 181 330 790 95 297 976 650 958 567 691 659 356 630 736 924 114 224 137 0 893 106 472 67 116 880 632 429 268 172 71 892 850 42 997 463 843 767 26 960 228 
810 282 264 384 3 846 861 755 108 877 175 801 670 334 98 108 139 540 281 233 449 886 633 151 1000 218 552 449 491 246 289 935 387 22 959 142 303 618 132 386 521 804 210 82 80 870 849 448 10 586 541 715 490 757 609 922 947 276 893 0 238 333 904 673 391 22 626 769 150 144 120 607 954 712 760 277 687 468 825 699 
815 109 951 812 765 1 811 29 181 695 995 320 413 493 389 470 38 319 879 446 156 850 342 477 616 187 936 561 677 77 531 107 192 636 847 33 785 878 77 946 722 883 166 601 560 550 49 655 607 231 867 296 172 273 723 107 404 763 106 238 0 112 820 403 430 82 184 192 286 479 223 728 607 805 937 675 517 683 702 208 
376 421 91 599 998 831 985 561 56 248 493 968 524 763 353 631 117 805 490 168 289 47 570 1000 222 401 258 545 285 519 703 26 839 951 644 292 972 198 460 78 963 832 14 364 185 329 23 549 582 233 21 217 967 37 83 31 717 876 472 333 112 0 434 661 84 353 541 172 864 132 578 944 320 549 82 381 151 702 16 241 
601 633 799 812 399 403 67 600 797 577 359 951 773 967 945 286 559 692 301 318 133 87 888 940 16 107 527 41 470 770 805 133 708 515 517 623 197 915 206 924 684 603 474 721 990 347 559 26 268 465 853 861 666 411 905 365 981 856 67 904 820 434 0 601 945 929 490 647 535 5 897 66 269 956 388 464 311 879 627 698 
778 438 958 2 60 121 414 986 743 208 164 613 53 434 264 695 671 749 257 381 944 38 629 456 76 818 949 684 438 559 712 383 738 48 602 821 342 126 825 820 931 275 316 41 610 955 636 765 895 7 152 381 377 146 588 821 181 494 116 673 403 661 601 0 340 427 624 994 625 240 249 36 53 601 154 144 604 73 294 334 
452 352 860 106 729 371 63 583 834 662 918 316 900 561 794 34 664 827 841 77 216 292 839 732 336 44 490 370 923 446 287 438 844 110 32 511 353 108 571 800 371 436 43 346 459 501 752 883 138 472 519 325 785 148 346 343 668 483 880 391 430 84 945 340 0 392 899 36 42 783 235 715 731 231 489 760 995 69 962 367 
415 753 311 573 807 697 531 808 93 559 144 955 95 254 168 241 243 431 76 246 79 421 688 202 455 221 703 140 512 830 706 285 272 842 140 440 12 728 323 374 256 67 469 470 784 828 333 975 945 664 20 448 619 977 183 887 970 490 632 22 82 353 929 427 392 0 93 994 181 102 646 496 631 227 499 841 778 54 869 258 
193 107 363 265 607 766 391 62 303 399 99 674 253 498 763 111 372 211 684 191 560 776 468 5 860 503 152 422 825 35 946 608 44 353 230 842 108 932 849 965 931 172 459 199 503 620 250 631 767 1000 530 236 915 760 225 559 120 861 429 626 184 541 490 624 899 93 0 165 187 84 291 258 257 286 432 615 916 680 184 816 
148 726 34 336 512 415 868 614 861 441 338 582 41 617 852 908 716 458 461 903 472 276 425 124 809 583 380 605 61 283 741 509 69 919 457 280 698 490 784 374 606 70 363 666 403 883 720 276 298 419 549 141 455 685 381 936 413 930 268 769 192 172 647 994 36 994 165 0 161 910 435 756 461 487 764 820 745 684 32 142 
890 218 825 740 98 64 464 172 829 200 89 931 130 143 149 844 337 115 675 263 742 288 197 930 679 410 849 763 741 926 247 662 323 873 424 574 386 857 51 57 548 689 868 305 888 842 83 45 88 739 847 902 995 944 965 688 407 423 172 150 286 864 535 625 42 181 187 161 0 244 525 434 929 579 487 211 447 707 214 355 
449 334 966 52 152 390 252 282 244 323 309 253 262 426 862 345 109 796 880 60 773 568 48 307 411 304 617 625 388 735 436 49 330 404 471 596 154 366 666 933 337 302 600 232 254 813 520 39 785 391 310 315 526 380 601 931 906 145 71 144 479 132 5 240 783 102 84 910 244 0 856 148 893 596 571 349 607 903 339 128 
584 841 277 987 461 84 905 837 945 769 661 27 291 799 346 990 907 921 245 575 74 8 675 123 331 485 662 644 816 627 371 302 673 611 322 142 541 220 412 375 208 738 924 732 10 644 484 228 440 367 301 202 303 244 89 577 617 125 892 120 223 578 897 249 235 646 291 435 525 856 0 387 925 67 91 406 147 795 349 98 
585 613 672 332 336 642 556 100 13 487 948 454 981 685 79 207 778 788 168 499 162 694 535 494 131 270 471 556 603 830 876 66 884 995 475 634 70 497 502 808 870 50 720 687 947 334 676 199 725 915 868 721 521 832 731 332 577 205 850 607 728 944 66 36 715 496 258 756 434 148 387 0 209 680 802 297 825 546 696 16 
978 598 98 77 49 763 959 700 195 49 858 135 69 551 666 973 862 971 262 107 139 284 448 698 357 193 675 820 304 798 526 254 284 283 590 345 586 751 73 16 865 897 931 818 75 81 703 923 427 874 144 901 895 529 331 432 247 756 42 954 607 320 269 53 731 631 257 461 929 893 925 209 0 426 438 51 447 23 833 514 
269 168 727 819 903 994 810 295 574 571 39 511 442 332 709 311 656 847 451 181 159 955 863 777 102 966 731 868 782 882 192 31 971 929 488 90 854 744 204 96 66 990 773 796 347 192 664 622 270 96 928 884 715 57 999 437 807 117 997 712 805 549 956 601 231 227 286 487 579 596 67 680 426 0 336 979 434 616 435 933 
639 179 400 491 134 396 652 83 441 473 786 812 392 749 484 620 559 81 240 860 29 101 609 921 795 965 566 198 69 371 401 441 738 452 720 23 616 95 285 700 766 507 969 337 43 994 436 795 834 337 709 601 157 703 630 686 40 30 463 760 937 82 388 154 489 499 432 764 487 571 91 802 438 336 0 976 521 117 383 395 
659 812 883 963 54 501 170 607 758 697 554 949 661 111 532 94 952 381 119 936 228 841 359 538 694 421 231 201 192 262 544 793 199 161 8 414 646 948 521 805 546 936 307 524 943 611 619 308 52 15 459 867 371 943 350 328 901 170 843 277 675 381 464 144 760 841 615 820 211 349 406 297 51 979 976 0 692 244 332 612 
594 322 509 889 397 820 180 877 384 862 554 987 540 195 645 925 787 736 131 462 607 597 181 169 995 11 165 792 102 345 543 179 732 481 620 974 86 713 460 470 480 819 176 8 121 495 110 642 609 463 577 545 82 422 240 584 923 59 767 687 517 151 311 604 995 778 916 745 447 607 147 825 447 434 521 692 0 640 412 588 
364 850 278 94 249 578 320 213 299 693 978 931 908 339 455 629 503 216 531 113 254 461 620 612 534 440 906 159 490 112 342 703 855 111 452 667 349 143 360 951 71 562 597 706 726 74 333 502 771 883 490 409 498 444 76 101 811 139 26 468 683 702 879 73 69 54 680 684 707 903 795 546 23 616 117 244 640 0 616 446 
968 578 182 738 54 87 173 362 640 484 22 472 724 327 551 218 652 716 3 350 350 216 417 634 960 882 949 305 860 276 635 248 493 716 863 655 373 13 239 114 947 748 832 524 744 86 257 763 92 847 531 788 576 827 744 508 815 17 960 825 702 16 627 294 962 869 184 32 214 339 349 696 833 435 383 332 412 616 0 628 
708 451 886 403 170 412 729 782 742 995 856 694 926 393 493 98 464 176 376 458 500 383 493 708 417 180 358 273 699 840 570 933 921 264 234 587 191 547 298 432 495 181 932 319 659 61 462 180 411 392 937 182 849 870 591 172 857 104 228 699 208 241 698 334 367 258 816 142 355 128 98 16 514 933 395 612 588 446 628 0 
0 534 682 589 223 787 589 495 568 439 474 814 532 105 18 873 395 472 687 958 271 972 64 231 538 3 540 116 154 825 971 618 185 944 415 362 356 738 341 207 383 808 978 234 14 28 57 163 178 301 956 620 469 624 96 769 640 1000 1 497 826 981 541 992 557 409 461 854 255 204 775 418 208 952 849 865 814 464 363 867 
534 0 327 726 194 352 669 849 776 466 397 337 563 38 951 365 39 986 804 23 460 395 466 167 943 557 186 65 493 875 175 490 978 627 813 423 310 937 83 366 271 661 581 471 325 813 629 200 236 179 996 850 378 866 925 470 871 981 232 638 707 245 503 328 704 778 421 528 673 363 289 510 916 362 756 301 340 533 60 907 
682 327 0 181 503 268 980 200 753 658 917 93 602 634 838 790 980 94 386 793 660 958 66 732 383 971 653 852 536 32 284 323 914 118 374 421 714 115 932 441 270 221 92 166 948 638 397 70 693 180 577 226 210 757 238 620 112 997 9 979 962 585 128 318 603 149 945 144 124 427 851 592 566 198 846 660 521 418 926 557 
589 726 181 0 252 267 591 40 660 39 868 193 754 946 801 393 119 110 144 64 383 192 857 226 539 87 54 708 412 463 462 930 605 592 498 892 740 348 575 447 716 662 896 298 922 224 985 937 312 316 420 866 723 515 541 677 665 252 861 29 747 811 624 240 758 979 190 364 138 100 101 602 809 899 135 509 421 536 493 61 
223 194 503 252 0 967 200 122 202 354 231 190 702 259 489 400 186 126 798 120 9 895 629 344 392 806 397 477 485 473 171 344 825 466 627 731 15 217 939 173 245 344 347 937 705 906 390 353 452 750 321 922 84 595 47 458 475 913 745 766 388 993 809 621 671 490 548 475 219 478 228 443 468 276 280 289 216 548 238 488 
787 352 268 267 967 0 635 880 713 504 621 119 576 604 316 580 523 545 463 22 236 91 576 591 424 949 911 84 261 111 951 237 338 554 337 906 923 253 686 470 932 371 505 857 720 677 822 194 987 254 390 936 4 315 400 751 473 374 959 55 954 316 840 984 880 795 923 819 991 802 991 470 931 530 457 874 250 676 654 820 
589 669 980 591 200 635 0 468 315 904 600 78 251 743 706 55 986 585 517 164 693 767 771 552 653 950 995 685 340 486 835 873 321 950 773 9 389 663 866 649 563 904 762 424 236 996 822 178 389 818 802 640 199 961 725 43 756 732 329 770 102 182 357 2 924 351 569 604 258 769 243 312 15 264 171 801 738 463 117 852 
495 849 200 40 122 880 468 0 150 626 298 206 139 421 801 68 113 839 533 850 760 795 63 366 64 994 780 177 158 575 33 413 269 584 116 116 795 620 552 298 355 225 954 332 45 430 173 236 37 481 549 740 54 102 638 988 474 542 446 778 110 734 735 233 168 955 142 528 68 305 88 46 353 980 505 350 404 830 760 880 
568 776 753 660 202 713 315 150 0 685 606 558 536 95 817 355 485 542 278 645 822 679 729 43 819 485 79 738 854 779 446 478 329 22 642 808 134 872 865 928 957 26 689 5 449 548 570 125 117 163 976 222 745 633 89 585 583 802 914 650 980 391 604 315 508 543 67 183 633 914 499 179 433 204 542 663 21 454 985 714 
439 466 658 39 354 504 904 626 685 0 971 615 565 652 805 491 876 379 754 462 720 222 175 457 334 519 354 527 659 717 178 7 678 753 997 606 935 411 919 477 205 549 150 981 358 217 496 608 230 346 862 170 683 284 26 992 87 209 113 872 136 916 42 893 387 312 154 472 722 978 635 235 984 533 950 872 445 711 463 325 
474 397 917 868 231 621 600 298 606 971 0 978 714 596 735 137 599 27 541 130 828 764 993 821 549 46 617 696 242 490 957 566 384 512 811 129 68 600 556 73 118 681 333 303 959 296 610 272 120 918 751 41 371 142 4 192 954 711 88 354 725 108 988 854 485 456 107 571 111 380 256 971 72 380 759 202 291 705 412 671 
814 337 93 193 190 119 78 206 558 615 978 0 25 123 394 895 9 87 611 666 309 535 619 90 169 172 898 58 833 77 404 80 223 662 154 313 212 153 177 937 908 336 688 959 676 353 490 980 830 809 174 988 140 832 265 546 917 434 744 588 391 477 764 454 321 322 43 141 898 239 207 281 735 190 608 675 488 763 370 216 
532 563 602 754 702 576 251 139 536 565 714 25 0 337 553 215 696 300 782 553 141 408 506 85 446 975 718 403 756 342 880 182 890 655 259 206 768 547 107 739 846 2 276 800 473 200 338 433 39 498 233 114 327 3 926 765 853 180 545 320 681 949 782 156 585 733 528 960 264 15 570 281 273 873 8 606 402 118 976 160 
105 38 634 946 259 604 743 421 95 652 596 123 337 0 56 979 360 981 851 278 199 333 71 666 853 32 678 764 117 436 338 373 538 759 591 271 120 689 562 975 425 575 163 685 789 766 631 367 702 881 845 507 21 84 122 667 524 972 269 392 621 892 183 953 91 793 286 243 619 966 54 141 860 135 38 808 94 814 250 741 
18 951 838 801 489 316 706 801 817 805 735 394 553 56 0 34 621 559 755 648 680 746 960 312 11 756 169 139 637 729 572 554 750 262 583 123 55 24 97 454 425 198 498 29 325 824 58 357 781 415 309 758 63 464 567 79 493 881 169 555 90 147 180 989 894 978 295 643 218 16 601 407 911 122 812 349 956 676 576 774 
873 365 790 393 400 580 55 68 355 491 137 895 215 979 34 0 50 23 26 268 981 883 701 398 516 46 168 999 219 387 276 958 822 720 273 731 182 857 993 332 602 612 827 238 145 39 564 565 317 454 605 683 534 135 919 470 458 748 698 176 105 972 305 599 470 147 187 1 48 88 118 986 291 629 168 888 904 445 796 93 
395 39 980 119 186 523 986 113 485 876 599 9 696 360 621 50 0 649 723 839 705 358 466 281 968 685 399 953 881 379 285 848 699 740 377 733 857 519 443 522 248 643 894 448 11 756 954 637 805 436 490 99 926 596 191 658 631 471 525 542 752 568 771 654 853 725 86 353 840 152 650 393 778 754 159 256 224 240 496 840 
472 986 94 110 126 545 585 839 542 379 27 87 300 981 559 23 649 0 190 492 766 985 134 636 165 587 818 335 629 596 99 179 558 897 377 809 915 466 297 248 55 324 314 212 271 182 278 251 585 779 991 72 805 213 92 454 289 991 572 331 570 594 913 981 307 250 691 792 597 702 587 72 275 301 162 333 821 83 877 252 
687 804 386 144 798 463 517 533 278 754 541 611 782 851 755 26 723 190 0 776 680 115 226 360 309 553 604 982 814 790 499 507 639 622 249 527 599 224 152 636 779 348 104 894 230 682 125 190 561 47 464 88 118 564 835 608 651 49 618 924 57 598 322 498 161 956 267 880 990 956 347 360 356 856 318 178 380 379 799 349 
958 23 793 64 120 22 164 850 645 462 130 666 553 278 648 268 839 492 776 0 176 453 784 204 664 585 690 38 726 658 444 284 135 44 429 187 378 323 792 819 697 878 532 849 607 96 586 144 505 514 116 980 348 238 408 33 515 71 600 794 626 627 80 346 58 791 199 610 315 791 854 707 230 300 436 521 958 547 612 935 
271 460 660 383 9 236 693 760 822 720 828 309 141 199 680 981 705 766 680 176 0 744 309 581 127 106 945 731 424 910 332 948 486 813 357 555 562 635 472 133 851 800 730 366 947 83 263 145 889 97 172 493 26 141 440 487 904 238 6 884 552 919 277 39 190 149 293 681 11 287 735 715 401 11 763 18 315 42 582 762 
972 395 958 192 895 91 767 795 679 222 764 535 408 333 746 883 358 985 115 453 744 0 307 407 271 688 354 912 53 626 802 537 341 218 759 711 811 466 129 586 708 885 526 84 46 361 841 881 8 557 163 705 841 575 91 553 709 509 631 65 163 41 373 703 462 731 484 774 937 263 459 71 748 365 796 732 483 60 432 418 
64 466 66 857 629 576 771 63 729 175 993 619 506 71 960 701 466 134 226 784 309 307 0 620 308 628 184 730 835 13 226 214 899 607 49 131 582 607 384 919 432 459 712 133 609 613 607 917 712 969 436 74 606 761 915 719 71 914 109 520 947 648 150 981 486 854 13 818 131 354 466 426 369 727 805 265 853 931 396 541 
231 167 732 226 344 591 552 366 43 457 821 90 85 666 312 398 281 636 360 204 581 407 620 0 933 858 208 537 402 514 547 722 780 793 255 711 426 937 70 777 173 824 371 9 114 95 341 470 198 987 763 377 410 925 229 868 939 890 210 150 986 421 988 554 386 502 877 151 573 654 992 942 351 802 681 726 938 726 672 906 
538 943 383 539 392 424 653 64 819 334 549 169 446 853 11 516 968 165 309 664 127 271 308 933 0 476 354 9 652 938 153 149 279 703 270 637 237 703 742 903 783 200 654 54 940 729 224 450 46 98 695 69 954 526 664 51 165 339 388 669 402 443 769 698 424 368 622 294 159 942 10 626 751 338 146 175 680 316 313 460 
3 557 971 87 806 949 950 994 485 519 46 172 975 32 756 46 685 587 553 585 106 688 628 858 476 0 729 11 755 652 305 633 334 56 139 302 543 679 469 409 224 100 834 707 513 487 774 687 799 759 485 150 518 92 142 554 845 513 375 811 624 189 58 377 807 406 534 886 40 920 898 411 386 545 832 803 280 463 294 143 
540 186 653 54 397 911 995 780 79 354 617 898 718 678 169 168 399 818 604 690 945 354 184 208 354 729 0 481 70 665 172 651 893 968 956 1000 477 467 588 369 396 677 468 88 47 533 753 226 490 348 953 534 722 922 189 281 155 852 605 952 290 206 637 930 350 151 866 313 730 432 374 960 476 385 208 268 545 608 581 299 
116 65 852 708 477 84 685 177 738 527 696 58 403 764 139 999 953 335 982 38 731 912 730 537 9 11 481 0 195 1 222 783 109 861 132 388 309 329 417 801 476 854 256 50 525 389 717 29 266 840 802 770 214 666 47 425 691 50 612 438 843 365 211 937 730 830 784 449 644 83 327 429 738 104 958 433 434 935 197 296 
154 493 536 412 485 261 340 158 854 659 242 833 756 117 637 219 881 629 814 726 424 53 835 402 652 755 70 195 0 127 734 333 390 316 938 409 733 490 40 2 295 304 132 157 809 826 426 815 934 160 430 688 409 221 667 391 883 29 361 710 626 941 167 254 37 190 443 286 538 750 554 338 749 80 19 675 777 804 17 699 
825 875 32 463 473 111 486 575 779 717 490 77 342 436 729 387 379 596 790 658 910 626 13 514 938 652 665 1 127 0 763 138 134 171 464 949 424 387 930 469 32 530 696 945 877 335 639 426 514 964 491 768 359 715 139 591 317 959 891 158 691 419 287 527 902 697 607 394 175 166 323 725 520 280 708 441 403 261 119 576 
971 175 284 462 171 951 835 33 446 178 957 404 880 338 572 276 285 99 499 444 332 802 226 547 153 305 172 222 734 763 0 548 914 532 307 425 960 817 341 582 888 888 944 505 47 485 47 900 548 614 872 154 784 498 273 95 155 499 840 303 263 41 661 503 286 415 621 662 712 741 471 38 564 816 79 378 581 865 509 94 
618 490 323 930 344 237 873 413 478 7 566 80 182 373 554 958 848 179 507 284 948 537 214 722 149 633 651 783 333 138 548 0 162 449 153 866 52 443 556 698 554 646 667 990 653 239 986 279 273 285 804 80 706 626 75 192 569 84 330 330 462 207 873 952 813 11 279 682 71 668 659 456 774 249 409 334 475 743 733 602 
185 978 914 605 825 338 321 269 329 678 384 223 890 538 750 822 699 558 639 135 486 341 899 780 279 334 893 109 390 134 914 162 0 26 746 864 320 601 884 535 82 396 287 289 460 102 79 942 831 226 556 417 546 432 170 409 443 854 961 145 358 490 474 577 498 173 53 119 976 369 945 304 224 362 894 325 432 405 313 86 
944 627 118 592 466 554 950 584 22 753 512 662 655 759 262 720 740 897 622 44 813 218 607 793 703 56 968 861 316 171 532 449 26 0 904 274 991 894 780 895 776 40 161 895 386 387 281 829 420 201 462 609 946 262 749 733 547 959 181 996 779 873 86 94 695 859 852 338 392 759 975 771 794 748 884 339 636 233 393 329 
415 813 374 498 627 337 773 116 642 997 811 154 259 591 583 273 377 377 249 429 357 759 49 255 270 139 956 132 938 464 307 153 746 904 0 872 670 337 718 226 448 475 563 653 568 304 719 634 227 98 448 280 827 511 658 862 584 196 399 206 980 448 196 714 274 139 532 229 489 421 68 607 515 418 844 604 413 66 86 216 
362 423 421 892 731 906 9 116 808 606 129 313 206 271 123 731 733 809 527 187 555 711 131 711 637 302 1000 388 409 949 425 866 864 274 872 0 315 561 274 53 316 804 216 657 655 816 736 332 136 649 955 694 252 406 844 942 399 400 579 778 466 737 642 224 322 936 694 717 311 57 889 11 644 972 931 524 535 343 289 333 
356 310 714 740 15 923 389 795 134 935 68 212 768 120 55 182 857 915 599 378 562 811 582 426 237 543 477 309 733 424 960 52 320 991 670 315 0 662 767 897 293 948 440 871 942 76 324 305 118 233 324 8 559 702 480 176 282 409 350 260 923 883 120 915 988 411 607 872 710 411 937 551 423 240 488 126 323 931 340 789 
738 937 115 348 217 253 663 620 872 411 600 153 547 689 24 857 519 466 224 323 635 466 607 937 703 679 467 329 490 387 817 443 601 894 337 561 662 0 104 104 17 111 120 213 889 599 496 831 207 184 529 138 406 962 149 828 315 139 73 281 703 295 455 594 390 471 930 329 381 148 123 22 256 933 838 657 865 429 164 844 
341 83 932 575 939 686 866 552 865 919 556 177 107 562 97 993 443 297 152 792 472 129 384 70 742 469 588 417 40 930 341 556 884 780 718 274 767 104 0 726 486 654 973 801 664 743 506 812 691 669 2 544 85 167 701 33 177 808 63 218 238 953 969 282 955 522 174 868 649 498 722 772 793 501 457 51 44 641 276 411 
207 366 441 447 173 470 649 298 928 477 73 937 739 975 454 332 522 248 636 819 133 586 919 777 903 409 369 801 2 469 582 698 535 895 226 53 897 104 726 0 342 302 313 249 746 292 369 641 723 530 34 535 18 371 846 349 327 248 806 456 492 327 413 100 97 771 159 214 760 81 255 816 691 332 874 253 193 396 2 144 
383 271 270 716 245 932 563 355 957 205 118 908 846 425 425 602 248 55 779 697 851 708 432 173 783 224 396 476 295 32 888 554 82 776 448 316 293 17 486 342 0 182 937 377 566 364 287 298 289 434 210 447 674 61 925 416 478 257 985 871 283 118 646 336 620 900 200 53 913 608 333 867 436 629 594 229 937 704 807 134 
808 661 221 662 344 371 904 225 26 549 681 336 2 575 198 612 643 324 348 878 800 885 459 824 200 100 677 854 304 530 888 646 396 40 475 804 948 111 654 302 182 0 350 960 558 656 207 926 810 505 910 553 485 356 144 863 106 107 305 220 30 557 602 953 309 186 290 438 196 739 990 298 740 970 609 352 856 450 460 265 
978 581 92 896 347 505 762 954 689 150 333 688 276 163 498 827 894 314 104 532 730 526 712 371 654 834 468 256 132 696 944 667 287 161 563 216 440 120 973 313 937 350 0 481 14 579 328 662 945 425 772 437 130 457 96 170 148 708 639 899 898 761 52 976 389 264 303 272 40 390 628 572 29 493 428 111 552 943 638 599 
234 471 166 298 937 857 424 332 5 981 303 959 800 685 29 238 448 212 894 849 366 84 133 9 54 707 88 50 157 945 505 990 289 895 653 657 871 213 801 249 377 960 481 0 597 590 430 716 460 310 804 132 868 632 275 482 463 182 596 704 539 21 283 149 24 6 647 722 34 442 770 229 767 10 982 566 923 773 122 392 
14 325 948 922 705 720 236 45 449 358 959 676 473 789 325 145 11 271 230 607 947 46 609 114 940 513 47 525 809 877 47 653 460 386 568 655 942 889 664 746 566 558 14 597 0 796 422 336 797 104 31 961 979 623 224 80 848 731 215 441 146 91 457 989 448 509 247 156 151 118 756 493 365 639 583 297 421 398 108 942 
28 813 638 224 906 677 996 430 548 217 296 353 200 766 824 39 756 182 682 96 83 361 613 95 729 487 533 389 826 335 485 239 102 387 304 816 76 599 743 292 364 656 579 590 796 0 296 142 517 142 39 744 415 891 414 299 599 205 289 341 560 964 823 225 694 370 928 680 185 107 500 48 889 994 508 395 213 217 803 443 
57 629 397 985 390 822 822 173 570 496 610 490 338 631 58 564 954 278 125 586 263 841 607 341 224 774 753 717 426 639 47 986 79 281 719 736 324 496 506 369 287 207 328 430 422 296 0 800 336 320 922 818 120 640 111 829 138 277 6 644 930 927 106 656 236 7 906 194 27 200 255 443 997 636 562 642 708 774 38 531 
163 200 70 937 353 194 178 236 125 608 272 980 433 367 357 565 637 251 190 144 145 881 917 470 450 687 226 29 815 426 900 279 942 829 634 332 305 831 812 641 298 926 662 716 336 142 800 0 664 482 501 744 586 515 546 767 509 553 557 686 922 211 672 851 679 337 379 670 916 921 808 12 997 115 982 112 513 104 554 52 
178 236 693 312 452 987 389 37 117 230 120 830 39 702 781 317 805 585 561 505 889 8 712 198 46 799 490 266 934 514 548 273 831 420 227 136 118 207 691 723 289 810 945 460 797 517 336 664 0 634 484 730 391 935 213 22 865 22 601 903 52 413 182 878 740 205 960 620 780 831 384 46 963 128 833 814 889 325 430 254 
301 179 180 316 750 254 818 481 163 346 918 809 498 881 415 454 436 779 47 514 97 557 969 987 98 759 348 840 160 964 614 285 226 201 98 649 233 184 669 530 434 505 425 310 104 142 320 482 634 0 217 956 703 731 262 432 209 792 271 20 436 61 153 285 840 334 921 846 78 607 273 551 802 223 647 855 748 64 322 442 
956 996 577 420 321 390 802 549 976 862 751 174 233 845 309 605 490 991 464 116 172 163 436 763 695 485 953 802 430 491 872 804 556 462 448 955 324 529 2 34 210 910 772 804 31 39 922 501 484 217 0 897 550 497 124 820 301 604 655 718 179 438 38 44 681 404 709 25 509 123 17 261 843 598 47 220 305 844 440 190 
620 850 226 866 922 936 640 740 222 170 41 988 114 507 758 683 99 72 88 980 493 705 74 377 69 150 534 770 688 768 154 80 417 609 280 694 8 138 544 535 447 553 437 132 961 744 818 744 730 956 897 0 534 435 905 120 335 863 62 61 938 986 757 949 935 264 846 146 485 222 854 193 280 321 628 360 849 920 235 910 
469 378 210 723 84 4 199 54 745 683 371 140 327 21 63 534 926 805 118 348 26 841 606 410 954 518 722 214 409 359 784 706 546 946 827 252 559 406 85 18 674 485 130 868 979 415 120 586 391 703 550 534 0 137 560 966 360 987 626 542 818 449 595 862 991 9 550 478 982 838 139 669 856 198 958 371 455 752 997 996 
624 866 757 515 595 315 961 102 633 284 142 832 3 84 464 135 596 213 564 238 141 575 761 925 526 92 922 666 221 715 498 626 432 262 511 406 702 962 167 371 61 356 457 632 623 891 640 515 935 731 497 435 137 0 227 823 434 779 493 330 758 678 726 801 805 687 692 485 387 800 654 119 677 864 329 70 458 776 974 495 
96 925 238 541 47 400 725 638 89 26 4 265 926 122 567 919 191 92 835 408 440 91 915 229 664 142 189 47 667 139 273 75 170 749 658 844 480 149 701 846 925 144 96 275 224 414 111 546 213 262 124 905 560 227 0 64 803 70 722 688 288 97 168 805 970 60 972 351 990 144 37 819 648 472 279 951 488 393 837 84 
769 470 620 677 458 751 43 988 585 992 192 546 765 667 79 470 658 454 608 33 487 553 719 868 51 554 281 425 391 591 95 192 409 733 862 942 176 828 33 349 416 863 170 482 80 299 829 767 22 432 820 120 966 823 64 0 205 591 275 958 688 286 268 872 627 66 566 812 506 490 32 894 925 282 956 738 760 353 370 608 
640 871 112 665 475 473 756 474 583 87 954 917 853 524 493 458 631 289 651 515 904 709 71 939 165 845 155 691 883 317 155 569 443 547 584 399 282 315 177 327 478 106 148 463 848 599 138 509 865 209 301 335 360 434 803 205 0 765 267 321 878 831 817 451 674 624 990 127 342 341 622 884 426 803 162 347 838 326 877 834 
1000 981 997 252 913 374 732 542 802 209 711 434 180 972 881 748 471 991 49 71 238 509 914 890 339 513 852 50 29 959 499 84 854 959 196 400 409 139 808 248 257 107 708 182 731 205 277 553 22 792 604 863 987 779 70 591 765 0 395 508 576 917 337 101 667 908 264 707 563 492 41 319 892 511 875 418 672 320 112 561 
1 232 9 861 745 959 329 446 914 113 88 744 545 269 169 698 525 572 618 600 6 631 109 210 388 375 605 612 361 891 840 330 961 181 399 579 350 73 63 806 985 305 639 596 215 289 6 557 601 271 655 62 626 493 722 275 267 395 0 848 738 813 406 179 238 827 158 644 192 63 919 60 117 669 395 646 484 772 548 593 
497 638 979 29 766 55 770 778 650 872 354 588 320 392 555 176 542 331 924 794 884 65 520 150 669 811 952 438 710 158 303 330 145 996 206 778 260 281 218 456 871 220 899 704 441 341 644 686 903 20 718 61 542 330 688 958 321 508 848 0 397 571 103 722 617 936 109 193 235 395 88 872 230 832 621 953 731 153 198 246 
826 707 962 747 388 954 102 110 980 136 725 391 681 621 90 105 752 570 57 626 552 163 947 986 402 624 290 843 626 691 263 462 358 779 980 466 923 703 238 492 283 30 898 539 146 560 930 922 52 436 179 938 818 758 288 688 878 576 738 397 0 568 349 357 854 475 670 666 270 434 113 72 943 165 204 848 261 782 771 187 
981 245 585 811 993 316 182 734 391 916 108 477 949 892 147 972 568 594 598 627 919 41 648 421 443 189 206 365 941 419 41 207 490 873 448 737 883 295 953 327 118 557 761 21 91 964 927 211 413 61 438 986 449 678 97 286 831 917 813 571 568 0 870 458 975 495 287 730 956 283 357 937 343 574 276 992 74 379 262 485 
541 503 128 624 809 840 357 735 604 42 988 764 782 183 180 305 771 913 322 80 277 373 150 988 769 58 637 211 167 287 661 873 474 86 196 642 120 455 969 413 646 602 52 283 457 823 106 672 182 153 38 757 595 726 168 268 817 337 406 103 349 870 0 389 501 83 497 927 528 37 791 65 110 749 743 831 145 487 765 587 
992 328 318 240 621 984 2 233 315 893 854 454 156 953 989 599 654 981 498 346 39 703 981 554 698 377 930 937 254 527 503 952 577 94 714 224 915 594 282 100 336 953 976 149 989 225 656 851 878 285 44 949 862 801 805 872 451 101 179 722 357 458 389 0 549 191 324 782 533 498 289 857 314 343 597 782 818 337 707 711 
557 704 603 758 671 880 924 168 508 387 485 321 585 91 894 470 853 307 161 58 190 462 486 386 424 807 350 730 37 902 286 813 498 695 274 322 988 390 955 97 620 309 389 24 448 694 236 679 740 840 681 935 991 805 970 627 674 667 238 617 854 975 501 549 0 161 839 698 303 704 40 544 223 920 22 958 600 280 751 667 
409 778 149 979 490 795 351 955 543 312 456 322 733 793 978 147 725 250 956 791 149 731 854 502 368 406 151 830 190 697 415 11 173 859 139 936 411 471 522 771 900 186 264 6 509 370 7 337 205 334 404 264 9 687 60 66 624 908 827 936 475 495 83 191 161 0 244 491 785 322 856 330 492 572 236 944 819 394 59 100 
461 421 945 190 548 923 569 142 67 154 107 43 528 286 295 187 86 691 267 199 293 484 13 877 622 534 866 784 443 607 621 279 53 852 532 694 607 930 174 159 200 290 303 647 247 928 906 379 960 921 709 846 550 692 972 566 990 264 158 109 670 287 497 324 839 244 0 834 98 859 325 955 956 625 838 886 487 973 908 167 
854 528 144 364 475 819 604 528 183 472 571 141 960 243 643 1 353 792 880 610 681 774 818 151 294 886 313 449 286 394 662 682 119 338 229 717 872 329 868 214 53 438 272 722 156 680 194 670 620 846 25 146 478 485 351 812 127 707 644 193 666 730 927 782 698 491 834 0 284 463 952 165 332 370 286 881 402 265 829 584 
255 673 124 138 219 991 258 68 633 722 111 898 264 619 218 48 840 597 990 315 11 937 131 573 159 40 730 644 538 175 712 71 976 392 489 311 710 381 649 760 913 196 40 34 151 185 27 916 780 78 509 485 982 387 990 506 342 563 192 235 270 956 528 533 303 785 98 284 0 429 565 554 761 323 999 652 690 883 353 974 
204 363 427 100 478 802 769 305 914 978 380 239 15 966 16 88 152 702 956 791 287 263 354 654 942 920 432 83 750 166 741 668 369 759 421 57 411 148 498 81 608 739 390 442 118 107 200 921 831 607 123 222 838 800 144 490 341 492 63 395 434 283 37 498 704 322 859 463 429 0 833 152 981 345 384 159 241 394 48 887 
775 289 851 101 228 991 243 88 499 635 256 207 570 54 601 118 650 587 347 854 735 459 466 992 10 898 374 327 554 323 471 659 945 975 68 889 937 123 722 255 333 990 628 770 756 500 255 808 384 273 17 854 139 654 37 32 622 41 919 88 113 357 791 289 40 856 325 952 565 833 0 636 911 670 18 850 813 155 836 907 
418 510 592 602 443 470 312 46 179 235 971 281 281 141 407 986 393 72 360 707 715 71 426 942 626 411 960 429 338 725 38 456 304 771 607 11 551 22 772 816 867 298 572 229 493 48 443 12 46 551 261 193 669 119 819 894 884 319 60 872 72 937 65 857 544 330 955 165 554 152 636 0 353 714 831 597 916 737 602 941 
208 916 566 809 468 931 15 353 433 984 72 735 273 860 911 291 778 275 356 230 401 748 369 351 751 386 476 738 749 520 564 774 224 794 515 644 423 256 793 691 436 740 29 767 365 889 997 997 963 802 843 280 856 677 648 925 426 892 117 230 943 343 110 314 223 492 956 332 761 981 911 353 0 429 106 418 666 679 362 921 
952 362 198 899 276 530 264 980 204 533 380 190 873 135 122 629 754 301 856 300 11 365 727 802 338 545 385 104 80 280 816 249 362 748 418 972 240 933 501 332 629 970 493 10 639 994 636 115 128 223 598 321 198 864 472 282 803 511 669 832 165 574 749 343 920 572 625 370 323 345 670 714 429 0 594 626 112 329 172 566 
849 756 846 135 280 457 171 505 542 950 759 608 8 38 812 168 159 162 318 436 763 796 805 681 146 832 208 958 19 708 79 409 894 884 844 931 488 838 457 874 594 609 428 982 583 508 562 982 833 647 47 628 958 329 279 956 162 875 395 621 204 276 743 597 22 236 838 286 999 384 18 831 106 594 0 477 787 96 120 297 
865 301 660 509 289 874 801 350 663 872 202 675 606 808 349 888 256 333 178 521 18 732 265 726 175 803 268 433 675 441 378 334 325 339 604 524 126 657 51 253 229 352 111 566 297 395 642 112 814 855 220 360 371 70 951 738 347 418 646 953 848 992 831 782 958 944 886 881 652 159 850 597 418 626 477 0 680 967 303 523 
814 340 521 421 216 250 738 404 21 445 291 488 402 94 956 904 224 821 380 958 315 483 853 938 680 280 545 434 777 403 581 475 432 636 413 535 323 865 44 193 937 856 552 923 421 213 708 513 889 748 305 849 455 458 488 760 838 672 484 731 261 74 145 818 600 819 487 402 690 241 813 916 666 112 787 680 0 373 542 132 
464 533 418 536 548 676 463 830 454 711 705 763 118 814 676 445 240 83 379 547 42 60 931 726 316 463 608 935 804 261 865 743 405 233 66 343 931 429 641 396 704 450 943 773 398 217 774 104 325 64 844 920 752 776 393 353 326 320 772 153 782 379 487 337 280 394 973 265 883 394 155 737 679 329 96 967 373 0 335 30 
363 60 926 493 238 654 117 760 985 463 412 370 976 250 576 796 496 877 799 612 582 432 396 672 313 294 581 197 17 119 509 733 313 393 86 289 340 164 276 2 807 460 638 122 108 803 38 554 430 322 440 235 997 974 837 370 877 112 548 198 771 262 765 707 751 59 908 829 353 48 836 602 362 172 120 303 542 335 0 397 
867 907 557 61 488 820 852 880 714 325 671 216 160 741 774 93 840 252 349 935 762 418 541 906 460 143 299 296 699 576 94 602 86 329 216 333 789 844 411 144 134 265 599 392 942 443 531 52 254 442 190 910 996 495 84 608 834 561 593 246 187 485 587 711 667 100 167 584 974 887 907 941 921 566 297 523 132 30 397 0 
