9 4
0 183 334 649 968 210 944 572 200 
183 0 169 851 820 189 368 619 856 
334 169 0 333 663 594 220 896 51 
649 851 333 0 355 115 772 14 785 
968 820 663 355 0 601 59 571 818 
210 189 594 115 601 0 265 29 164 
944 368 220 772 59 265 0 877 672 
572 619 896 14 571 29 877 0 1000 
200 856 51 785 818 164 672 1000 0 
0 213 833 935 919 280 244 993 136 
213 0 639 186 715 80 711 555 329 
833 639 0 779 449 302 833 553 357 
935 186 779 0 639 167 602 846 317 
919 715 449 639 0 392 687 90 279 
280 80 302 167 392 0 756 735 982 
244 711 833 602 687 756 0 877 833 
993 555 553 846 90 735 877 0 857 
136 329 357 317 279 982 833 857 0 
0 213 833 935 919 280 244 993 136 
213 0 639 186 715 80 711 555 329 
833 639 0 779 449 302 833 553 357 
935 186 779 0 639 167 602 846 317 
919 715 449 639 0 392 687 90 279 
280 80 302 167 392 0 756 735 982 
244 711 833 602 687 756 0 877 833 
993 555 553 846 90 735 877 0 857 
136 329 357 317 279 982 833 857 0 
0 213 833 935 919 280 244 993 136 
213 0 639 186 715 80 711 555 329 
833 639 0 779 449 302 833 553 357 
935 186 779 0 639 167 602 846 317 
919 715 449 639 0 392 687 90 279 
280 80 302 167 392 0 756 735 982 
244 711 833 602 687 756 0 877 833 
993 555 553 846 90 735 877 0 857 
136 329 357 317 279 982 833 857 0 
0 213 833 935 919 280 244 993 136 
213 0 639 186 715 80 711 555 329 
833 639 0 779 449 302 833 553 357 
935 186 779 0 639 167 602 846 317 
919 715 449 639 0 392 687 90 279 
280 80 302 167 392 0 756 735 982 
244 711 833 602 687 756 0 877 833 
993 555 553 846 90 735 877 0 857 
136 329 357 317 279 982 833 857 0 
