9 3
0 544 248 188 403 797 943 330 465 
544 0 593 832 430 229 370 990 25 
248 593 0 391 147 340 377 902 689 
188 832 391 0 407 549 47 345 776 
403 430 147 407 0 434 137 327 945 
797 229 340 549 434 0 385 778 220 
943 370 377 47 137 385 0 273 211 
330 990 902 345 327 778 273 0 128 
465 25 689 776 945 220 211 128 0 
0 315 842 657 782 964 245 37 77 
315 0 568 235 432 818 885 581 283 
842 568 0 682 327 497 670 555 324 
657 235 682 0 581 499 132 191 124 
782 432 327 581 0 26 392 449 687 
964 818 497 499 26 0 515 692 37 
245 885 670 132 392 515 0 446 354 
37 581 555 191 449 692 446 0 256 
77 283 324 124 687 37 354 256 0 
0 281 659 596 741 749 101 245 170 
281 0 943 239 417 977 886 526 395 
659 943 0 607 861 199 60 462 993 
596 239 607 0 710 710 595 360 647 
741 417 861 710 0 49 294 241 757 
749 977 199 710 49 0 536 620 328 
101 886 60 595 294 536 0 803 528 
245 526 462 360 241 620 803 0 135 
170 395 993 647 757 328 528 135 0 
0 545 617 800 825 990 505 173 24 
545 0 267 602 849 976 903 768 773 
617 267 0 14 565 687 611 582 187 
800 602 14 0 760 483 30 240 84 
825 849 565 760 0 366 661 558 488 
990 976 687 483 366 0 773 971 239 
505 903 611 30 661 773 0 828 760 
173 768 582 240 558 971 828 0 363 
24 773 187 84 488 239 760 363 0 
