8 4
0 231 751 321 933 355 594 368 
231 0 868 904 256 958 115 220 
751 868 0 490 838 809 601 772 
321 904 490 0 130 703 93 59 
933 256 838 130 0 151 709 265 
355 958 809 703 151 0 322 183 
594 115 601 93 709 322 0 408 
368 220 772 59 265 183 408 0 
0 668 937 341 345 105 425 668 
668 0 949 826 230 288 702 502 
937 949 0 54 661 222 211 835 
341 826 54 0 580 478 492 500 
345 230 661 580 0 482 510 319 
105 288 222 478 482 0 637 349 
425 702 211 492 510 637 0 334 
668 502 835 500 319 349 334 0 
0 241 116 722 636 952 464 876 
241 0 757 144 617 798 190 854 
116 757 0 985 680 468 353 120 
722 144 985 0 426 153 208 350 
636 617 680 426 0 74 565 147 
952 798 468 153 74 0 181 233 
464 190 353 208 565 181 0 549 
876 854 120 350 147 233 549 0 
0 442 35 623 699 804 94 182 
442 0 251 243 911 1000 608 647 
35 251 0 768 656 609 691 238 
623 243 768 0 120 524 239 611 
699 911 656 120 0 468 197 492 
804 1000 609 524 468 0 133 703 
94 608 691 239 197 133 0 301 
182 647 238 611 492 703 301 0 
0 412 857 168 595 803 898 521 
412 0 168 459 489 357 982 459 
857 168 0 520 77 723 469 35 
168 459 520 0 120 833 533 885 
595 489 77 120 0 841 223 892 
803 357 723 833 841 0 148 819 
898 982 469 533 223 148 0 330 
521 459 35 885 892 819 330 0 
