90 2
0 215 312 750 857 252 312 644 121 371 587 606 3 936 699 771 857 813 410 788 692 521 502 265 901 966 19 663 824 712 507 670 531 453 907 306 779 533 191 318 306 895 385 731 569 774 906 973 573 360 802 613 15 854 351 621 481 523 812 128 307 17 860 78 425 950 839 63 621 671 596 487 840 639 316 659 634 30 141 620 325 112 644 734 993 962 386 107 646 49 
215 0 212 711 674 868 109 432 485 3 252 945 809 927 354 377 464 707 398 779 312 591 312 209 677 764 902 323 272 715 393 574 201 544 516 153 218 589 106 848 352 528 473 25 925 44 600 432 496 384 684 619 650 832 607 488 178 315 496 837 287 233 212 521 159 785 512 667 176 529 518 407 141 215 197 855 212 41 459 128 144 230 795 16 235 458 437 239 248 351 
312 212 0 501 399 463 496 540 857 869 579 135 41 683 32 388 426 81 398 328 261 509 676 150 377 384 67 387 320 763 696 812 207 574 665 727 294 311 802 455 363 582 809 104 89 923 669 120 586 947 590 879 743 365 788 932 941 973 587 123 392 212 51 303 266 27 493 450 357 119 45 256 848 427 847 835 709 94 570 550 541 875 321 951 509 913 523 45 819 882 
750 711 501 0 758 281 783 24 593 260 642 88 265 832 393 186 954 783 914 621 800 361 509 301 987 567 335 947 274 356 868 481 466 595 488 386 855 70 675 754 982 139 549 339 158 984 225 711 13 581 508 512 154 356 952 719 174 992 668 419 480 61 411 947 841 764 450 314 924 361 500 845 648 618 992 591 820 665 767 24 558 64 955 675 210 878 162 588 754 960 
857 674 399 758 0 200 138 323 668 564 513 750 907 904 220 860 824 281 808 267 575 493 58 255 146 163 846 528 250 130 626 958 298 786 983 198 299 156 246 760 684 975 906 594 833 616 542 575 259 486 971 275 939 520 932 702 878 373 818 527 751 941 494 801 615 639 290 484 9 787 5 966 167 981 363 189 459 290 778 65 858 623 980 231 641 128 755 311 966 799 
252 868 463 281 200 0 298 982 687 787 713 815 476 723 969 310 591 59 855 869 164 990 805 348 325 197 513 333 467 653 302 769 145 276 692 950 467 944 834 862 967 814 493 382 353 765 125 740 934 801 733 989 892 482 106 787 313 174 894 535 420 783 539 370 115 164 766 598 527 120 373 594 107 927 320 508 535 618 495 60 753 826 20 744 511 889 908 642 352 208 
312 109 496 783 138 298 0 372 93 682 308 949 380 901 439 869 517 946 714 294 535 845 635 919 793 134 225 349 89 522 828 563 358 126 96 630 29 280 577 108 61 730 798 844 719 720 780 564 381 399 519 434 377 253 729 977 865 975 341 576 864 651 402 931 464 675 929 675 603 77 233 64 892 182 318 622 61 620 393 49 222 692 918 696 648 936 963 397 661 351 
644 432 540 24 323 982 372 0 717 562 632 415 774 447 853 962 922 833 329 587 718 132 534 256 425 749 541 337 149 522 697 220 634 430 116 183 874 229 495 42 330 441 820 693 477 815 963 201 525 718 706 980 451 464 257 438 666 95 672 1 294 213 663 292 202 991 877 920 413 959 808 484 864 910 979 721 358 483 689 640 427 754 269 875 353 72 523 685 415 171 
121 485 857 593 668 687 93 717 0 729 409 488 205 827 847 798 427 81 749 82 355 404 250 103 386 850 572 114 837 880 237 831 851 764 233 665 392 59 945 340 612 724 262 182 900 695 681 61 46 363 103 970 127 157 998 839 629 973 446 861 205 385 996 86 929 428 81 44 820 530 89 203 602 182 738 168 470 730 840 591 983 832 827 683 194 566 256 927 349 500 
371 3 869 260 564 787 682 562 729 0 838 361 904 898 185 978 108 211 711 5 428 431 947 748 984 890 564 964 523 466 352 100 343 170 745 260 811 482 459 109 60 711 84 479 841 354 773 678 411 904 311 296 541 280 110 109 545 383 929 937 241 257 132 992 430 796 914 145 531 932 353 553 217 177 318 540 266 564 1000 523 758 232 841 846 151 610 112 898 20 49 
587 252 579 642 513 713 308 632 409 838 0 178 863 77 695 159 99 883 847 656 544 353 922 198 902 274 988 18 445 69 521 184 233 76 661 111 443 717 825 582 486 539 693 558 804 471 563 393 476 59 474 79 69 105 151 949 857 481 97 666 733 301 614 311 403 565 569 697 284 373 789 123 515 399 349 903 168 34 564 802 525 293 6 308 573 687 809 357 694 804 
606 945 135 88 750 815 949 415 488 361 178 0 136 948 110 928 699 829 693 702 852 723 31 515 481 421 517 37 220 822 400 809 172 532 311 867 429 535 641 699 741 954 641 751 591 140 381 394 910 736 278 21 473 455 68 438 469 514 688 470 412 565 801 166 910 359 452 856 943 176 902 494 966 111 864 240 971 658 425 318 145 940 317 345 162 508 811 336 671 806 
3 809 41 265 907 476 380 774 205 904 863 136 0 259 828 971 629 482 215 995 39 905 144 610 344 972 683 428 521 477 957 993 994 887 115 15 387 333 65 1 241 874 336 767 369 553 601 428 652 94 296 602 659 970 50 956 927 797 46 937 677 203 710 698 834 696 108 298 690 124 767 84 906 752 41 72 231 961 731 745 708 219 389 518 933 783 16 239 194 964 
936 927 683 832 904 723 901 447 827 898 77 948 259 0 800 199 918 572 885 344 94 563 369 467 924 582 702 990 75 966 996 902 250 912 457 507 182 792 636 799 509 227 990 682 21 219 868 263 720 395 706 347 225 525 322 783 385 252 823 580 327 585 554 664 14 212 215 291 157 353 832 709 390 259 571 288 18 649 468 972 188 481 483 257 966 113 908 148 723 506 
699 354 32 393 220 969 439 853 847 185 695 110 828 800 0 481 97 116 410 135 146 681 919 759 891 478 271 742 795 287 358 927 239 427 930 208 910 978 907 99 249 754 686 712 92 981 265 46 376 712 760 841 856 477 330 489 518 103 616 988 534 501 854 198 740 293 471 986 915 283 225 943 82 650 309 974 712 444 124 728 762 626 188 452 426 830 24 466 386 250 
771 377 388 186 860 310 869 962 798 978 159 928 971 199 481 0 382 639 221 349 233 503 304 69 888 952 94 388 457 962 145 33 893 986 377 802 485 770 28 111 411 609 803 967 582 776 160 987 295 499 527 797 20 73 597 226 644 182 929 766 658 835 924 400 701 357 616 272 61 304 238 143 489 348 251 615 702 747 692 960 146 69 390 295 94 488 706 215 57 340 
857 464 426 954 824 591 517 922 427 108 99 699 629 918 97 382 0 537 934 614 470 176 453 1000 604 13 49 949 399 168 755 852 723 187 699 187 909 533 588 146 536 714 800 261 526 114 703 725 836 927 625 697 723 868 666 712 520 707 898 884 685 704 606 528 513 307 880 292 721 419 735 640 668 381 695 635 312 179 597 552 469 827 852 380 827 241 403 58 289 100 
813 707 81 783 281 59 946 833 81 211 883 829 482 572 116 639 537 0 971 372 921 789 937 438 442 164 128 935 8 512 936 594 73 475 327 511 396 524 871 23 260 217 110 348 173 136 458 432 12 637 189 76 325 190 146 113 714 574 137 346 534 203 371 958 892 629 218 68 866 720 392 724 342 448 256 82 841 260 695 625 917 311 580 121 273 336 934 982 997 479 
410 398 398 914 808 855 714 329 749 711 847 693 215 885 410 221 934 971 0 421 1 422 191 15 937 248 253 629 27 583 351 325 135 555 166 116 375 362 524 536 215 343 843 770 293 163 780 723 326 442 595 694 660 410 711 91 892 274 481 689 858 756 623 135 386 560 581 910 384 233 354 868 265 54 282 206 88 373 446 319 113 132 789 403 312 677 465 333 885 646 
788 779 328 621 267 869 294 587 82 5 656 702 995 344 135 349 614 372 421 0 592 627 864 823 234 286 442 813 507 356 817 221 325 162 547 156 7 899 480 930 137 534 703 651 429 214 248 248 741 549 105 364 542 479 869 203 837 215 622 834 664 297 991 103 358 91 511 284 246 916 453 37 782 902 447 810 882 574 13 5 30 750 434 70 731 504 451 831 974 87 
692 312 261 800 575 164 535 718 355 428 544 852 39 94 146 233 470 921 1 592 0 593 438 53 899 909 228 750 398 754 836 169 704 452 332 699 653 501 336 496 257 448 18 857 729 46 986 316 281 689 470 692 624 516 42 13 131 705 107 98 267 791 482 737 384 337 884 491 67 686 278 583 285 923 991 953 431 761 73 272 194 810 394 140 611 988 714 421 895 599 
521 591 509 361 493 990 845 132 404 431 353 723 905 563 681 503 176 789 422 627 593 0 31 42 638 383 876 444 834 509 841 8 91 394 862 262 235 517 79 990 348 547 364 55 654 236 1 35 453 401 964 838 6 290 265 625 402 51 770 427 20 641 452 506 528 296 891 787 365 506 92 884 665 307 565 698 453 640 62 274 213 250 459 731 893 912 561 702 301 778 
502 312 676 509 58 805 635 534 250 947 922 31 144 369 919 304 453 937 191 864 438 31 0 490 839 457 428 977 290 864 382 158 78 750 383 358 667 189 337 633 75 193 191 730 777 17 194 898 147 799 974 765 208 923 487 645 512 312 61 541 732 148 407 853 193 449 279 25 923 783 780 989 992 640 506 769 123 607 213 198 133 105 976 434 839 693 199 539 685 28 
265 209 150 301 255 348 919 256 103 748 198 515 610 467 759 69 1000 438 15 823 53 42 490 0 474 426 940 316 147 849 695 391 950 192 733 586 774 984 718 476 337 250 724 609 129 527 279 489 372 720 907 134 916 123 776 232 469 937 297 23 95 79 60 216 802 622 178 852 880 466 723 625 737 141 1 776 388 470 287 841 127 646 846 816 65 447 218 749 871 709 
901 677 377 987 146 325 793 425 386 984 902 481 344 924 891 888 604 442 937 234 899 638 839 474 0 239 320 411 158 677 433 70 328 409 739 933 512 9 502 153 219 393 280 200 793 300 18 217 560 764 570 907 155 892 564 357 255 890 55 843 659 616 905 284 452 386 948 814 399 492 656 833 34 547 95 999 42 595 567 779 318 579 830 845 366 606 629 860 65 353 
966 764 384 567 163 197 134 749 850 890 274 421 972 582 478 952 13 164 248 286 909 383 457 426 239 0 160 962 95 786 173 823 669 712 264 624 530 728 778 176 134 171 584 755 166 670 430 542 427 542 890 617 917 413 522 970 100 775 662 275 976 197 897 988 301 956 507 140 500 645 100 307 145 248 782 589 59 812 169 241 881 172 578 460 1 832 654 670 182 89 
19 902 67 335 846 513 225 541 572 564 988 517 683 702 271 94 49 128 253 442 228 876 428 940 320 160 0 28 207 689 475 417 775 970 18 754 424 313 273 804 527 18 811 297 620 756 714 345 920 990 707 824 445 230 586 388 800 614 281 10 390 762 500 702 556 806 165 972 311 582 372 729 560 821 967 367 495 269 68 182 1 556 355 803 207 638 944 487 505 673 
663 323 387 947 528 333 349 337 114 964 18 37 428 990 742 388 949 935 629 813 750 444 977 316 411 962 28 0 299 284 27 636 598 543 470 738 169 335 644 320 132 378 414 167 187 419 983 187 173 588 899 824 32 346 170 496 597 167 547 113 987 312 934 253 69 142 1000 941 158 680 898 809 306 580 647 712 497 780 775 160 529 766 897 107 50 849 288 351 894 675 
824 272 320 274 250 467 89 149 837 523 445 220 521 75 795 457 399 8 27 507 398 834 290 147 158 95 207 299 0 424 30 220 185 59 755 794 602 320 125 949 175 950 885 54 884 63 406 13 468 469 650 110 134 561 485 78 846 921 406 782 516 109 464 546 733 295 849 311 180 779 34 115 894 147 519 855 684 883 939 25 915 504 876 638 713 953 347 773 473 706 
712 715 763 356 130 653 522 522 880 466 69 822 477 966 287 962 168 512 583 356 754 509 864 849 677 786 689 284 424 0 408 629 296 811 804 986 320 812 39 560 976 360 482 820 134 299 321 246 782 732 913 658 99 436 681 308 30 844 536 351 970 125 969 212 164 882 657 906 322 936 62 113 374 41 464 344 984 206 169 233 463 739 835 954 282 310 427 58 659 760 
507 393 696 868 626 302 828 697 237 352 521 400 957 996 358 145 755 936 351 817 836 841 382 695 433 173 475 27 30 408 0 761 4 66 480 31 454 213 662 468 277 53 656 765 711 252 331 738 294 850 374 406 72 995 896 955 560 622 706 93 831 845 806 514 207 499 805 441 951 771 380 932 118 547 911 787 824 829 343 519 180 180 956 604 90 27 908 67 125 355 
670 574 812 481 958 769 563 220 831 100 184 809 993 902 927 33 852 594 325 221 169 8 158 391 70 823 417 636 220 629 761 0 188 30 968 494 199 600 764 266 755 909 138 710 319 524 309 210 257 697 320 139 234 661 216 813 479 622 519 733 37 230 660 374 228 368 296 300 752 49 345 401 960 187 318 718 290 89 953 828 879 166 351 859 50 654 838 487 36 411 
531 201 207 466 298 145 358 634 851 343 233 172 994 250 239 893 723 73 135 325 704 91 78 950 328 669 775 598 185 296 4 188 0 621 437 344 389 861 801 423 717 693 587 445 812 637 152 173 457 742 247 138 707 640 246 319 602 754 456 641 34 186 417 243 263 397 976 131 469 232 134 41 320 506 108 216 838 971 257 184 573 479 714 542 272 442 139 859 96 161 
453 544 574 595 786 276 126 430 764 170 76 532 887 912 427 986 187 475 555 162 452 394 750 192 409 712 970 543 59 811 66 30 621 0 777 731 308 444 921 810 43 892 420 674 622 42 240 439 647 669 787 493 448 910 1 92 866 947 732 722 272 507 780 61 936 416 697 510 907 913 254 379 553 914 224 72 904 653 399 52 606 470 813 5 266 612 255 432 669 875 
907 516 665 488 983 692 96 116 233 745 661 311 115 457 930 377 699 327 166 547 332 862 383 733 739 264 18 470 755 804 480 968 437 777 0 462 138 871 569 654 708 416 100 551 150 632 713 193 843 92 496 82 227 214 859 752 698 263 945 566 225 930 138 228 149 789 438 544 653 358 365 942 713 357 63 899 741 419 529 304 817 868 358 762 752 752 265 941 198 818 
306 153 727 386 198 950 630 183 665 260 111 867 15 507 208 802 187 511 116 156 699 262 358 586 933 624 754 738 794 986 31 494 344 731 462 0 793 721 402 672 324 419 5 865 609 592 151 511 34 381 644 462 79 182 758 889 220 44 948 183 171 690 357 368 843 706 967 110 998 361 781 597 6 840 640 982 713 561 942 792 467 514 917 535 178 265 5 743 645 812 
779 218 294 855 299 467 29 874 392 811 443 429 387 182 910 485 909 396 375 7 653 235 667 774 512 530 424 169 602 320 454 199 389 308 138 793 0 72 949 431 380 622 554 112 79 658 206 287 572 131 632 560 972 986 758 692 517 467 675 457 52 292 61 692 29 934 162 704 74 949 244 699 223 938 949 483 796 251 178 210 766 236 514 907 208 901 144 563 548 847 
533 589 311 70 156 944 280 229 59 482 717 535 333 792 978 770 533 524 362 899 501 517 189 984 9 728 313 335 320 812 213 600 861 444 871 721 72 0 143 179 520 601 378 985 228 282 970 323 383 483 921 180 179 232 196 855 167 678 309 168 929 742 978 74 673 344 169 462 16 415 413 639 491 753 936 81 358 277 211 38 621 94 631 956 13 382 912 327 707 324 
191 106 802 675 246 834 577 495 945 459 825 641 65 636 907 28 588 871 524 480 336 79 337 718 502 778 273 644 125 39 662 764 801 921 569 402 949 143 0 15 807 453 594 909 940 56 582 562 792 710 395 626 595 355 291 343 70 672 512 75 199 882 290 267 348 390 176 999 635 549 381 87 195 385 550 181 842 613 255 290 920 512 144 822 962 276 215 675 479 498 
318 848 455 754 760 862 108 42 340 109 582 699 1 799 99 111 146 23 536 930 496 990 633 476 153 176 804 320 949 560 468 266 423 810 654 672 431 179 15 0 645 81 473 1 563 969 933 967 126 555 437 676 343 845 231 7 448 393 187 343 280 365 873 658 70 491 77 851 334 163 746 546 912 69 661 258 713 427 132 259 599 814 69 218 963 536 992 430 201 67 
306 352 363 982 684 967 61 330 612 60 486 741 241 509 249 411 536 260 215 137 257 348 75 337 219 134 527 132 175 976 277 755 717 43 708 324 380 520 807 645 0 617 469 329 639 20 925 530 470 160 653 958 196 253 962 434 581 3 178 193 228 515 378 176 953 565 54 467 971 373 662 575 78 860 120 517 209 616 213 294 703 208 528 710 870 800 543 643 171 744 
895 528 582 139 975 814 730 441 724 711 539 954 874 227 754 609 714 217 343 534 448 547 193 250 393 171 18 378 950 360 53 909 693 892 416 419 622 601 453 81 617 0 470 551 515 479 16 377 415 639 90 68 121 303 848 911 744 187 574 783 26 79 145 236 702 674 412 470 379 257 523 173 613 52 83 895 264 948 447 85 66 676 939 532 48 744 87 635 399 217 
385 473 809 549 906 493 798 820 262 84 693 641 336 990 686 803 800 110 843 703 18 364 191 724 280 584 811 414 885 482 656 138 587 420 100 5 554 378 594 473 469 470 0 100 227 364 416 452 758 445 746 582 691 540 645 428 467 84 638 834 818 51 515 290 368 301 568 933 575 144 546 359 739 889 590 568 981 617 142 383 936 953 743 136 219 601 50 26 394 493 
731 25 104 339 594 382 844 693 182 479 558 751 767 682 712 967 261 348 770 651 857 55 730 609 200 755 297 167 54 820 765 710 445 674 551 865 112 985 909 1 329 551 100 0 174 986 67 863 698 351 181 237 196 309 837 160 173 545 19 324 623 717 246 699 61 742 485 471 129 960 755 48 149 242 784 733 212 897 513 337 942 441 873 955 259 122 310 829 9 655 
569 925 89 158 833 353 719 477 900 841 804 591 369 21 92 582 526 173 293 429 729 654 777 129 793 166 620 187 884 134 711 319 812 622 150 609 79 228 940 563 639 515 227 174 0 981 166 152 63 575 541 933 332 379 417 352 461 645 1 121 561 885 615 60 567 128 45 14 249 556 216 29 592 708 323 166 51 742 824 458 143 952 111 37 629 906 608 196 775 586 
774 44 923 984 616 765 720 815 695 354 471 140 553 219 981 776 114 136 163 214 46 236 17 527 300 670 756 419 63 299 252 524 637 42 632 592 658 282 56 969 20 479 364 986 981 0 167 281 462 910 119 846 528 368 246 207 553 365 274 746 572 14 788 767 214 275 972 816 589 286 984 211 279 136 11 532 567 832 90 78 651 71 389 775 328 381 813 614 307 946 
906 600 669 225 542 125 780 963 681 773 563 381 601 868 265 160 703 458 780 248 986 1 194 279 18 430 714 983 406 321 331 309 152 240 713 151 206 970 582 933 925 16 416 67 166 167 0 859 666 732 566 877 147 406 554 106 742 923 4 401 442 189 969 68 576 672 241 932 445 898 46 956 642 641 130 120 137 415 845 29 433 572 411 78 561 540 180 767 224 57 
973 432 120 711 575 740 564 201 61 678 393 394 428 263 46 987 725 432 723 248 316 35 898 489 217 542 345 187 13 246 738 210 173 439 193 511 287 323 562 967 530 377 452 863 152 281 859 0 723 537 693 223 554 984 384 563 99 244 241 561 821 825 453 283 890 991 693 390 347 690 936 749 529 459 339 475 625 773 920 752 96 680 799 583 711 527 613 77 586 616 
573 496 586 13 259 934 381 525 46 411 476 910 652 720 376 295 836 12 326 741 281 453 147 372 560 427 920 173 468 782 294 257 457 647 843 34 572 383 792 126 470 415 758 698 63 462 666 723 0 747 894 346 338 721 462 874 192 17 530 629 949 69 73 789 632 799 427 304 304 713 159 728 545 879 825 750 330 887 348 415 564 989 351 862 24 425 956 137 892 617 
360 384 947 581 486 801 399 718 363 904 59 736 94 395 712 499 927 637 442 549 689 401 799 720 764 542 990 588 469 732 850 697 742 669 92 381 131 483 710 555 160 639 445 351 575 910 732 537 747 0 544 151 663 798 745 594 748 913 921 140 918 121 873 611 921 519 594 789 617 811 97 391 271 223 103 492 570 204 493 310 925 150 250 66 12 170 816 173 103 122 
802 684 590 508 971 733 519 706 103 311 474 278 296 706 760 527 625 189 595 105 470 964 974 907 570 890 707 899 650 913 374 320 247 787 496 644 632 921 395 437 653 90 746 181 541 119 566 693 894 544 0 577 130 153 866 851 830 185 97 871 782 953 24 672 189 587 384 23 390 404 219 225 419 789 857 483 362 847 849 410 538 76 787 456 88 351 962 139 871 685 
613 619 879 512 275 989 434 980 970 296 79 21 602 347 841 797 697 76 694 364 692 838 765 134 907 617 824 824 110 658 406 139 138 493 82 462 560 180 626 676 958 68 582 237 933 846 877 223 346 151 577 0 467 956 383 88 614 403 771 529 753 953 813 520 241 349 477 286 612 845 769 317 997 631 408 352 593 72 402 142 36 94 855 620 211 482 610 753 494 147 
15 650 743 154 939 892 377 451 127 541 69 473 659 225 856 20 723 325 660 542 624 6 208 916 155 917 445 32 134 99 72 234 707 448 227 79 972 179 595 343 196 121 691 196 332 528 147 554 338 663 130 467 0 671 546 716 724 501 922 324 2 581 433 923 819 768 824 312 667 891 18 127 218 238 891 841 35 382 727 719 294 45 498 746 513 815 573 184 28 21 
854 832 365 356 520 482 253 464 157 280 105 455 970 525 477 73 868 190 410 479 516 290 923 123 892 413 230 346 561 436 995 661 640 910 214 182 986 232 355 845 253 303 540 309 379 368 406 984 721 798 153 956 671 0 967 862 43 877 733 548 41 328 352 956 757 367 296 985 846 110 670 83 121 452 123 343 261 754 690 641 338 30 899 376 963 142 681 129 202 702 
351 607 788 952 932 106 729 257 998 110 151 68 50 322 330 597 666 146 711 869 42 265 487 776 564 522 586 170 485 681 896 216 246 1 859 758 758 196 291 231 962 848 645 837 417 246 554 384 462 745 866 383 546 967 0 911 87 413 668 639 718 183 623 92 436 214 16 139 788 689 354 36 60 689 256 431 564 381 872 144 676 815 834 811 728 213 500 649 423 818 
621 488 932 719 702 787 977 438 839 109 949 438 956 783 489 226 712 113 91 203 13 625 645 232 357 970 388 496 78 308 955 813 319 92 752 889 692 855 343 7 434 911 428 160 352 207 106 563 874 594 851 88 716 862 911 0 825 630 145 636 658 196 827 173 200 252 784 653 312 112 521 967 574 17 221 882 868 742 399 523 775 510 417 701 264 497 8 740 886 72 
481 178 941 174 878 313 865 666 629 545 857 469 927 385 518 644 520 714 892 837 131 402 512 469 255 100 800 597 846 30 560 479 602 866 698 220 517 167 70 448 581 744 467 173 461 553 742 99 192 748 830 614 724 43 87 825 0 670 134 706 421 459 397 679 482 366 833 762 461 300 497 982 62 672 559 421 239 131 131 771 644 584 649 138 112 510 858 777 473 190 
523 315 973 992 373 174 975 95 973 383 481 514 797 252 103 182 707 574 274 215 705 51 312 937 890 775 614 167 921 844 622 622 754 947 263 44 467 678 672 393 3 187 84 545 645 365 923 244 17 913 185 403 501 877 413 630 670 0 950 197 327 570 124 928 147 168 755 606 535 774 590 205 790 400 493 871 82 498 351 41 304 175 772 633 90 173 7 646 70 547 
812 496 587 668 818 894 341 672 446 929 97 688 46 823 616 929 898 137 481 622 107 770 61 297 55 662 281 547 406 536 706 519 456 732 945 948 675 309 512 187 178 574 638 19 1 274 4 241 530 921 97 771 922 733 668 145 134 950 0 9 432 658 781 125 601 11 131 273 468 468 727 412 234 826 735 380 663 780 178 39 145 907 100 478 843 529 381 201 144 639 
128 837 123 419 527 535 576 1 861 937 666 470 937 580 988 766 884 346 689 834 98 427 541 23 843 275 10 113 782 351 93 733 641 722 566 183 457 168 75 343 193 783 834 324 121 746 401 561 629 140 871 529 324 548 639 636 706 197 9 0 147 63 99 760 123 505 479 631 513 939 593 328 529 581 864 906 910 377 31 867 105 895 840 888 901 943 418 494 631 246 
307 287 392 480 751 420 864 294 205 241 733 412 677 327 534 658 685 534 858 664 267 20 732 95 659 976 390 987 516 970 831 37 34 272 225 171 52 929 199 280 228 26 818 623 561 572 442 821 949 918 782 753 2 41 718 658 421 327 432 147 0 933 438 551 576 787 343 858 863 25 907 120 453 39 62 762 23 727 656 67 940 533 989 669 117 809 397 945 552 914 
17 233 212 61 941 783 651 213 385 257 301 565 203 585 501 835 704 203 756 297 791 641 148 79 616 197 762 312 109 125 845 230 186 507 930 690 292 742 882 365 515 79 51 717 885 14 189 825 69 121 953 953 581 328 183 196 459 570 658 63 933 0 15 137 69 771 422 357 346 543 695 674 549 98 463 248 906 885 481 452 267 490 192 844 229 883 772 522 759 585 
860 212 51 411 494 539 402 663 996 132 614 801 710 554 854 924 606 371 623 991 482 452 407 60 905 897 500 934 464 969 806 660 417 780 138 357 61 978 290 873 378 145 515 246 615 788 969 453 73 873 24 813 433 352 623 827 397 124 781 99 438 15 0 662 601 975 927 887 993 70 636 137 546 221 65 757 75 827 608 4 126 628 149 536 615 587 972 256 670 984 
78 521 303 947 801 370 931 292 86 992 311 166 698 664 198 400 528 958 135 103 737 506 853 216 284 988 702 253 546 212 514 374 243 61 228 368 692 74 267 658 176 236 290 699 60 767 68 283 789 611 672 520 923 956 92 173 679 928 125 760 551 137 662 0 188 952 743 672 956 647 806 164 74 783 991 639 923 425 878 249 261 494 497 79 84 697 993 869 239 288 
425 159 266 841 615 115 464 202 929 430 403 910 834 14 740 701 513 892 386 358 384 528 193 802 452 301 556 69 733 164 207 228 263 936 149 843 29 673 348 70 953 702 368 61 567 214 576 890 632 921 189 241 819 757 436 200 482 147 601 123 576 69 601 188 0 857 438 263 63 71 907 151 693 775 520 907 457 117 495 485 514 644 992 321 494 672 256 933 511 708 
950 785 27 764 639 164 675 991 428 796 565 359 696 212 293 357 307 629 560 91 337 296 449 622 386 956 806 142 295 882 499 368 397 416 789 706 934 344 390 491 565 674 301 742 128 275 672 991 799 519 587 349 768 367 214 252 366 168 11 505 787 771 975 952 857 0 271 36 324 983 218 379 883 169 447 122 287 962 775 834 722 742 999 275 888 526 669 900 378 625 
839 512 493 450 290 766 929 877 81 914 569 452 108 215 471 616 880 218 581 511 884 891 279 178 948 507 165 1000 849 657 805 296 976 697 438 967 162 169 176 77 54 412 568 485 45 972 241 693 427 594 384 477 824 296 16 784 833 755 131 479 343 422 927 743 438 271 0 503 672 412 392 517 483 14 772 33 505 572 626 20 668 689 672 690 995 880 748 109 260 856 
63 667 450 314 484 598 675 920 44 145 697 856 298 291 986 272 292 68 910 284 491 787 25 852 814 140 972 941 311 906 441 300 131 510 544 110 704 462 999 851 467 470 933 471 14 816 932 390 304 789 23 286 312 985 139 653 762 606 273 631 858 357 887 672 263 36 503 0 613 981 887 162 19 794 590 409 131 905 157 869 822 848 666 222 828 392 713 558 794 239 
621 176 357 924 9 527 603 413 820 531 284 943 690 157 915 61 721 866 384 246 67 365 923 880 399 500 311 158 180 322 951 752 469 907 653 998 74 16 635 334 971 379 575 129 249 589 445 347 304 617 390 612 667 846 788 312 461 535 468 513 863 346 993 956 63 324 672 613 0 711 889 13 576 442 401 940 346 172 486 466 855 638 842 149 18 77 872 407 992 470 
671 529 119 361 787 120 77 959 530 932 373 176 124 353 283 304 419 720 233 916 686 506 783 466 492 645 582 680 779 936 771 49 232 913 358 361 949 415 549 163 373 257 144 960 556 286 898 690 713 811 404 845 891 110 689 112 300 774 468 939 25 543 70 647 71 983 412 981 711 0 161 787 211 894 889 876 732 85 662 887 466 870 975 784 453 13 654 244 7 139 
596 518 45 500 5 373 233 808 89 353 789 902 767 832 225 238 735 392 354 453 278 92 780 723 656 100 372 898 34 62 380 345 134 254 365 781 244 413 381 746 662 523 546 755 216 984 46 936 159 97 219 769 18 670 354 521 497 590 727 593 907 695 636 806 907 218 392 887 889 161 0 930 339 955 302 202 543 161 690 988 160 680 922 189 759 154 674 530 921 151 
487 407 256 845 966 594 64 484 203 553 123 494 84 709 943 143 640 724 868 37 583 884 989 625 833 307 729 809 115 113 932 401 41 379 942 597 699 639 87 546 575 173 359 48 29 211 956 749 728 391 225 317 127 83 36 967 982 205 412 328 120 674 137 164 151 379 517 162 13 787 930 0 517 245 831 485 443 60 192 740 332 734 75 90 981 605 563 950 145 871 
840 141 848 648 167 107 892 864 602 217 515 966 906 390 82 489 668 342 265 782 285 665 992 737 34 145 560 306 894 374 118 960 320 553 713 6 223 491 195 912 78 613 739 149 592 279 642 529 545 271 419 997 218 121 60 574 62 790 234 529 453 549 546 74 693 883 483 19 576 211 339 517 0 967 952 331 120 229 638 116 356 394 179 842 300 859 871 552 535 411 
639 215 427 618 981 927 182 910 182 177 399 111 752 259 650 348 381 448 54 902 923 307 640 141 547 248 821 580 147 41 547 187 506 914 357 840 938 753 385 69 860 52 889 242 708 136 641 459 879 223 789 631 238 452 689 17 672 400 826 581 39 98 221 783 775 169 14 794 442 894 955 245 967 0 249 371 545 62 252 391 621 906 979 553 783 551 193 921 436 561 
316 197 847 992 363 320 318 979 738 318 349 864 41 571 309 251 695 256 282 447 991 565 506 1 95 782 967 647 519 464 911 318 108 224 63 640 949 936 550 661 120 83 590 784 323 11 130 339 825 103 857 408 891 123 256 221 559 493 735 864 62 463 65 991 520 447 772 590 401 889 302 831 952 249 0 258 715 999 228 774 984 231 427 894 157 964 853 561 156 401 
659 855 835 591 189 508 622 721 168 540 903 240 72 288 974 615 635 82 206 810 953 698 769 776 999 589 367 712 855 344 787 718 216 72 899 982 483 81 181 258 517 895 568 733 166 532 120 475 750 492 483 352 841 343 431 882 421 871 380 906 762 248 757 639 907 122 33 409 940 876 202 485 331 371 258 0 816 985 255 465 15 222 162 738 530 828 368 785 632 277 
634 212 709 820 459 535 61 358 470 266 168 971 231 18 712 702 312 841 88 882 431 453 123 388 42 59 495 497 684 984 824 290 838 904 741 713 796 358 842 713 209 264 981 212 51 567 137 625 330 570 362 593 35 261 564 868 239 82 663 910 23 906 75 923 457 287 505 131 346 732 543 443 120 545 715 816 0 802 458 398 649 798 677 680 397 700 25 192 861 213 
30 41 94 665 290 618 620 483 730 564 34 658 961 649 444 747 179 260 373 574 761 640 607 470 595 812 269 780 883 206 829 89 971 653 419 561 251 277 613 427 616 948 617 897 742 832 415 773 887 204 847 72 382 754 381 742 131 498 780 377 727 885 827 425 117 962 572 905 172 85 161 60 229 62 999 985 802 0 346 309 562 448 34 635 78 305 993 862 283 675 
141 459 570 767 778 495 393 689 840 1000 564 425 731 468 124 692 597 695 446 13 73 62 213 287 567 169 68 775 939 169 343 953 257 399 529 942 178 211 255 132 213 447 142 513 824 90 845 920 348 493 849 402 727 690 872 399 131 351 178 31 656 481 608 878 495 775 626 157 486 662 690 192 638 252 228 255 458 346 0 490 164 333 891 63 566 786 786 14 802 616 
620 128 550 24 65 60 49 640 591 523 802 318 745 972 728 960 552 625 319 5 272 274 198 841 779 241 182 160 25 233 519 828 184 52 304 792 210 38 290 259 294 85 383 337 458 78 29 752 415 310 410 142 719 641 144 523 771 41 39 867 67 452 4 249 485 834 20 869 466 887 988 740 116 391 774 465 398 309 490 0 444 662 960 208 972 681 500 671 254 88 
325 144 541 558 858 753 222 427 983 758 525 145 708 188 762 146 469 917 113 30 194 213 133 127 318 881 1 529 915 463 180 879 573 606 817 467 766 621 920 599 703 66 936 942 143 651 433 96 564 925 538 36 294 338 676 775 644 304 145 105 940 267 126 261 514 722 668 822 855 466 160 332 356 621 984 15 649 562 164 444 0 519 983 763 415 514 283 684 918 686 
112 230 875 64 623 826 692 754 832 232 293 940 219 481 626 69 827 311 132 750 810 250 105 646 579 172 556 766 504 739 180 166 479 470 868 514 236 94 512 814 208 676 953 441 952 71 572 680 989 150 76 94 45 30 815 510 584 175 907 895 533 490 628 494 644 742 689 848 638 870 680 734 394 906 231 222 798 448 333 662 519 0 468 482 835 835 580 908 426 384 
644 795 321 955 980 20 918 269 827 841 6 317 389 483 188 390 852 580 789 434 394 459 976 846 830 578 355 897 876 835 956 351 714 813 358 917 514 631 144 69 528 939 743 873 111 389 411 799 351 250 787 855 498 899 834 417 649 772 100 840 989 192 149 497 992 999 672 666 842 975 922 75 179 979 427 162 677 34 891 960 983 468 0 527 611 109 409 77 403 516 
734 16 951 675 231 744 696 875 683 846 308 345 518 257 452 295 380 121 403 70 140 731 434 816 845 460 803 107 638 954 604 859 542 5 762 535 907 956 822 218 710 532 136 955 37 775 78 583 862 66 456 620 746 376 811 701 138 633 478 888 669 844 536 79 321 275 690 222 149 784 189 90 842 553 894 738 680 635 63 208 763 482 527 0 979 391 309 845 331 197 
993 235 509 210 641 511 648 353 194 151 573 162 933 966 426 94 827 273 312 731 611 893 839 65 366 1 207 50 713 282 90 50 272 266 752 178 208 13 962 963 870 48 219 259 629 328 561 711 24 12 88 211 513 963 728 264 112 90 843 901 117 229 615 84 494 888 995 828 18 453 759 981 300 783 157 530 397 78 566 972 415 835 611 979 0 759 384 389 264 121 
962 458 913 878 128 889 936 72 566 610 687 508 783 113 830 488 241 336 677 504 988 912 693 447 606 832 638 849 953 310 27 654 442 612 752 265 901 382 276 536 800 744 601 122 906 381 540 527 425 170 351 482 815 142 213 497 510 173 529 943 809 883 587 697 672 526 880 392 77 13 154 605 859 551 964 828 700 305 786 681 514 835 109 391 759 0 991 26 53 490 
386 437 523 162 755 908 963 523 256 112 809 811 16 908 24 706 403 934 465 451 714 561 199 218 629 654 944 288 347 427 908 838 139 255 265 5 144 912 215 992 543 87 50 310 608 813 180 613 956 816 962 610 573 681 500 8 858 7 381 418 397 772 972 993 256 669 748 713 872 654 674 563 871 193 853 368 25 993 786 500 283 580 409 309 384 991 0 444 471 98 
107 239 45 588 311 642 397 685 927 898 357 336 239 148 466 215 58 982 333 831 421 702 539 749 860 670 487 351 773 58 67 487 859 432 941 743 563 327 675 430 643 635 26 829 196 614 767 77 137 173 139 753 184 129 649 740 777 646 201 494 945 522 256 869 933 900 109 558 407 244 530 950 552 921 561 785 192 862 14 671 684 908 77 845 389 26 444 0 417 850 
646 248 819 754 966 352 661 415 349 20 694 671 194 723 386 57 289 997 885 974 895 301 685 871 65 182 505 894 473 659 125 36 96 669 198 645 548 707 479 201 171 399 394 9 775 307 224 586 892 103 871 494 28 202 423 886 473 70 144 631 552 759 670 239 511 378 260 794 992 7 921 145 535 436 156 632 861 283 802 254 918 426 403 331 264 53 471 417 0 97 
49 351 882 960 799 208 351 171 500 49 804 806 964 506 250 340 100 479 646 87 599 778 28 709 353 89 673 675 706 760 355 411 161 875 818 812 847 324 498 67 744 217 493 655 586 946 57 616 617 122 685 147 21 702 818 72 190 547 639 246 914 585 984 288 708 625 856 239 470 139 151 871 411 561 401 277 213 675 616 88 686 384 516 197 121 490 98 850 97 0 
0 390 63 832 196 286 322 98 309 218 520 328 967 110 655 439 242 657 415 128 133 659 835 302 277 729 336 59 575 941 692 172 981 330 993 86 541 449 263 661 772 882 897 20 641 766 840 141 644 435 70 113 95 209 589 955 650 78 45 54 533 226 130 829 355 537 353 245 111 866 782 495 804 825 558 74 765 936 936 930 524 188 77 58 633 251 346 386 506 821 
390 0 405 740 961 114 204 953 130 569 444 760 571 651 469 751 671 859 276 193 414 298 329 222 399 666 753 76 627 858 203 479 189 827 750 822 507 582 466 765 975 519 381 315 952 62 327 201 179 924 414 373 208 231 734 505 90 357 990 20 904 168 685 207 178 456 622 332 631 447 740 910 70 344 793 932 80 462 224 824 750 739 908 298 367 627 978 359 36 997 
63 405 0 813 707 635 58 789 685 251 506 263 844 816 709 613 632 960 881 561 882 857 569 517 435 671 397 435 735 407 496 354 986 185 370 88 510 46 327 635 462 727 564 475 311 757 817 124 826 556 940 345 432 174 865 785 434 631 397 518 366 69 600 398 789 214 27 918 235 878 18 74 805 64 394 842 525 212 966 14 983 700 970 837 327 757 228 425 407 284 
832 740 813 0 32 567 955 343 525 194 315 66 857 925 789 810 34 660 503 392 754 133 349 927 438 145 414 205 742 790 156 967 534 329 608 968 81 312 37 373 434 170 616 115 461 370 990 543 532 295 37 618 539 663 804 452 65 58 769 981 798 628 226 653 877 208 16 461 801 726 143 400 522 914 76 326 864 966 591 470 778 148 852 220 235 124 200 986 708 347 
196 961 707 32 0 301 865 528 17 912 976 458 631 739 268 578 720 308 987 326 877 974 852 820 171 540 10 642 677 847 802 680 287 776 57 175 628 416 445 104 198 813 483 337 514 606 127 887 749 221 456 414 35 928 214 635 832 926 961 387 499 778 764 60 598 75 420 744 261 617 233 641 940 382 81 427 655 926 653 958 199 946 156 238 1 516 790 384 308 400 
286 114 635 567 301 0 682 159 30 334 797 946 821 570 293 475 263 950 779 968 775 591 650 645 741 404 450 454 7 222 696 143 925 882 65 142 947 689 716 363 958 852 99 821 423 201 253 854 417 705 972 908 64 888 114 461 524 18 301 645 213 93 389 834 418 710 403 915 593 636 324 651 730 154 493 871 795 837 393 594 556 960 357 1000 886 337 168 803 674 862 
322 204 58 955 865 682 0 756 911 329 851 289 60 213 6 859 984 937 889 693 137 263 634 645 553 270 536 123 856 932 665 65 555 297 438 949 857 676 802 429 222 896 557 740 929 360 17 768 774 735 354 447 621 566 211 114 746 104 949 808 861 156 988 997 590 295 790 374 754 151 553 105 368 365 206 82 356 684 130 365 711 953 230 767 421 208 68 311 91 290 
98 953 789 343 528 159 756 0 538 876 358 492 23 394 341 90 749 606 214 818 248 646 724 412 52 195 542 979 54 291 223 389 509 14 621 928 761 945 534 307 94 145 437 219 527 87 317 514 934 668 806 816 642 981 585 510 364 181 444 869 48 622 87 174 867 915 766 328 405 564 443 127 585 413 633 112 822 778 482 271 521 800 754 134 576 620 319 617 455 40 
309 130 685 525 17 30 911 538 0 467 193 513 515 300 520 10 373 829 30 862 509 69 303 343 100 594 34 843 563 685 521 157 41 243 712 910 611 983 623 21 319 518 368 874 781 130 250 387 669 120 845 174 165 848 642 20 657 991 657 819 589 804 165 188 17 702 14 18 588 552 191 725 895 626 798 255 503 807 353 45 659 805 431 489 348 433 438 123 991 588 
218 569 251 194 912 334 329 876 467 0 537 633 66 133 67 207 366 229 940 277 390 259 615 106 592 538 996 140 220 566 561 927 179 138 777 245 139 552 945 291 706 158 112 558 236 840 824 250 739 936 25 552 660 34 939 900 768 613 47 554 809 445 470 617 503 849 215 304 858 916 902 304 432 56 410 998 415 887 68 73 258 352 201 728 567 701 869 512 412 681 
520 444 506 315 976 797 851 358 193 537 0 590 90 867 637 897 385 431 542 82 13 254 266 696 427 985 859 852 724 262 971 931 18 612 670 163 79 825 650 496 169 168 575 367 376 162 609 829 619 794 876 191 972 582 363 761 865 804 799 133 390 90 400 933 875 54 691 723 220 110 589 436 652 658 520 64 443 458 301 898 539 356 776 216 454 305 157 787 733 880 
328 760 263 66 458 946 289 492 513 633 590 0 180 254 545 165 638 54 247 795 192 216 652 147 237 476 974 641 671 72 374 956 503 260 966 378 949 859 765 666 338 441 745 765 772 497 487 852 782 865 428 548 827 255 60 951 206 29 102 272 472 892 844 169 369 442 569 255 467 934 246 23 538 191 155 385 632 640 638 783 170 255 974 733 97 618 800 877 220 411 
967 571 844 857 631 821 60 23 515 66 90 180 0 836 241 265 887 997 908 169 53 295 991 980 862 529 741 322 276 6 823 16 619 808 908 993 97 942 119 822 989 36 501 811 283 80 908 927 626 866 277 313 266 252 117 622 606 549 208 438 22 946 33 734 338 701 516 190 421 936 874 308 631 65 127 616 784 792 292 840 220 907 908 498 84 373 981 637 941 207 
110 651 816 925 739 570 213 394 300 133 867 254 836 0 384 638 51 237 982 715 73 275 451 897 688 891 607 453 903 106 524 592 63 547 175 49 465 480 229 175 638 916 14 20 472 753 945 38 842 769 110 375 971 36 865 854 481 577 256 146 683 407 48 731 516 305 314 684 247 163 145 242 157 769 59 556 969 256 136 903 844 832 927 163 260 154 260 863 760 272 
655 469 709 789 268 293 6 341 520 67 637 545 241 384 0 999 461 906 609 106 980 811 848 789 907 138 279 733 141 237 205 91 90 236 39 997 228 810 253 365 935 545 317 793 888 731 336 689 293 147 87 538 201 932 98 460 69 38 252 544 129 644 640 5 186 766 6 893 408 685 901 866 584 670 386 799 490 459 756 630 66 84 588 925 242 814 640 688 963 784 
439 751 613 810 578 475 859 90 10 207 897 165 265 638 999 0 48 758 129 355 447 538 63 175 925 70 444 636 634 567 930 361 88 870 287 581 590 421 40 574 236 372 819 179 387 405 570 602 546 871 161 868 778 123 932 274 385 193 807 982 51 736 660 61 853 816 892 991 481 657 851 104 864 616 73 334 364 291 755 890 588 303 567 412 287 741 855 625 230 784 
242 671 632 34 720 263 984 749 373 366 385 638 887 51 461 48 0 889 247 676 929 529 124 757 234 85 29 958 419 508 406 729 855 531 600 923 435 848 143 118 644 160 475 588 836 15 233 439 203 32 308 367 609 206 943 495 720 221 525 217 58 277 678 1000 523 479 499 191 61 360 286 361 651 558 33 64 592 85 22 635 277 725 621 756 955 896 229 102 377 484 
657 859 960 660 308 950 937 606 829 229 431 54 997 237 906 758 889 0 15 362 3 997 496 602 951 832 191 670 481 237 62 9 758 129 836 279 719 508 360 718 551 755 133 714 139 852 493 894 222 956 69 623 20 765 931 130 613 545 234 669 374 264 221 733 813 280 869 457 374 900 68 730 165 472 872 144 852 683 138 635 215 594 743 453 19 59 270 376 637 864 
415 276 881 503 987 779 889 214 30 940 542 247 908 982 609 129 247 15 0 769 861 914 893 738 921 661 342 703 872 621 262 9 558 50 472 961 592 34 875 420 138 881 186 343 137 844 445 942 371 698 886 78 960 829 884 880 283 124 846 130 173 87 937 514 130 854 754 14 815 213 163 186 431 987 293 432 709 339 727 678 671 983 976 17 387 991 678 910 223 729 
128 193 561 392 326 968 693 818 862 277 82 795 169 715 106 355 676 362 769 0 363 507 731 145 858 50 942 696 518 860 496 884 966 546 395 167 925 24 144 761 615 756 973 962 928 138 571 992 232 145 648 896 201 511 554 669 415 38 964 718 518 101 766 733 640 236 132 276 507 914 964 302 814 537 369 113 430 802 960 185 65 83 964 730 363 426 764 896 816 124 
133 414 882 754 877 775 137 248 509 390 13 192 53 73 980 447 929 3 861 363 0 788 149 169 599 590 498 297 792 236 26 565 502 524 430 511 952 928 944 195 158 832 100 485 399 248 261 410 20 216 651 139 551 210 507 542 173 229 998 443 857 774 710 599 903 281 587 70 913 234 294 348 727 168 513 854 526 223 677 264 717 151 798 708 876 794 774 748 866 249 
659 298 857 133 974 591 263 646 69 259 254 216 295 275 811 538 529 997 914 507 788 0 49 184 707 645 199 214 556 44 490 611 20 532 532 367 66 220 889 880 112 593 540 157 430 713 516 899 881 441 679 368 412 809 100 668 441 209 468 771 444 516 958 740 672 699 75 906 811 273 896 688 610 952 962 336 867 428 409 595 942 142 450 535 546 806 318 453 458 678 
835 329 569 349 852 650 634 724 303 615 266 652 991 451 848 63 124 496 893 731 149 49 0 350 394 73 571 301 504 4 796 165 708 197 166 710 518 854 297 901 654 766 240 524 654 482 587 24 842 782 690 206 285 144 171 249 659 154 567 209 319 229 608 972 273 359 61 950 139 245 572 749 676 258 974 243 590 626 2 107 42 618 165 404 746 952 658 884 701 282 
302 222 517 927 820 645 645 412 343 106 696 147 980 897 789 175 757 602 738 145 169 184 350 0 987 76 710 787 392 21 129 51 767 252 388 837 950 792 892 529 532 443 135 458 378 851 56 263 211 31 729 620 519 847 430 455 986 63 283 493 615 779 524 135 660 937 498 380 205 161 453 370 183 580 73 348 441 864 150 171 443 297 459 727 54 603 425 708 512 638 
277 399 435 438 171 741 553 52 100 592 427 237 862 688 907 925 234 951 921 858 599 707 394 987 0 602 295 342 132 624 589 335 453 773 572 793 645 237 227 780 849 775 769 275 665 432 361 519 298 401 282 153 536 983 578 691 640 965 711 957 320 751 827 378 758 574 27 518 292 623 646 363 110 808 604 321 138 718 676 500 562 372 44 408 320 950 674 630 760 724 
729 666 671 145 540 404 270 195 594 538 985 476 529 891 138 70 85 832 661 50 590 645 73 76 602 0 657 164 776 487 219 840 281 928 468 360 370 628 438 577 937 944 664 409 99 189 500 146 240 906 478 402 673 227 171 88 718 683 26 616 102 679 779 380 346 71 588 45 808 419 961 209 739 395 151 9 419 79 936 603 910 196 369 892 119 817 538 793 518 513 
336 753 397 414 10 450 536 542 34 996 859 974 741 607 279 444 29 191 342 942 498 199 571 710 295 657 0 429 489 235 249 728 461 733 443 693 972 214 553 420 627 132 438 396 412 993 132 54 394 25 171 380 517 151 716 256 535 377 739 332 151 86 71 877 961 639 862 637 444 966 293 99 324 303 1000 94 228 659 474 263 843 839 36 766 550 324 472 195 54 290 
59 76 435 205 642 454 123 979 843 140 852 641 322 453 733 636 958 670 703 696 297 214 301 787 342 164 429 0 107 171 520 377 206 42 79 854 299 308 495 732 614 93 541 391 45 789 618 901 120 814 205 995 263 687 593 990 71 227 925 982 364 818 807 222 835 456 305 790 231 811 417 110 315 12 448 89 149 641 600 448 373 607 288 968 227 56 511 876 985 635 
575 627 735 742 677 7 856 54 563 220 724 671 276 903 141 634 419 481 872 518 792 556 504 392 132 776 489 107 0 271 618 775 463 840 876 855 944 797 393 434 611 244 640 733 744 489 848 937 749 944 691 463 113 239 782 444 615 765 309 274 169 33 915 10 856 293 388 514 937 221 533 864 368 818 968 655 241 80 184 350 413 932 836 930 200 261 960 274 138 562 
941 858 407 790 847 222 932 291 685 566 262 72 6 106 237 567 508 237 621 860 236 44 4 21 624 487 235 171 271 0 901 350 605 386 716 507 727 725 579 750 524 202 282 319 51 596 451 690 746 920 964 715 317 958 396 318 295 990 846 505 114 497 541 511 450 752 102 803 445 344 232 568 644 381 298 57 459 399 493 185 451 363 681 666 263 499 75 649 530 73 
692 203 496 156 802 696 665 223 521 561 971 374 823 524 205 930 406 62 262 496 26 490 796 129 589 219 249 520 618 901 0 815 375 346 322 748 640 732 368 207 851 985 569 546 766 303 964 799 907 864 67 214 318 417 755 538 666 393 81 97 515 656 69 889 112 27 325 242 961 35 443 168 136 380 128 103 21 55 573 430 234 229 949 400 78 131 421 470 603 597 
172 479 354 967 680 143 65 389 157 927 931 956 16 592 91 361 729 9 9 884 565 611 165 51 335 840 728 377 775 350 815 0 525 562 680 779 711 725 633 445 569 742 100 274 876 113 559 2 678 597 709 893 109 787 844 226 809 262 128 639 105 937 766 220 104 581 833 759 124 86 336 995 704 545 523 62 353 254 902 807 536 474 788 281 924 327 763 814 434 47 
981 189 986 534 287 925 555 509 41 179 18 503 619 63 90 88 855 758 558 966 502 20 708 767 453 281 461 206 463 605 375 525 0 554 19 797 499 252 211 560 777 904 552 773 692 723 592 728 529 196 882 925 580 599 758 478 158 57 126 803 375 803 90 952 998 488 854 505 162 169 40 990 277 366 423 582 280 879 504 642 676 171 842 863 4 533 299 320 933 828 
330 827 185 329 776 882 297 14 243 138 612 260 808 547 236 870 531 129 50 546 524 532 197 252 773 928 733 42 840 386 346 562 554 0 682 800 327 499 710 719 580 713 200 686 290 790 827 381 275 789 970 258 158 476 454 494 987 129 881 395 728 412 233 188 185 503 642 115 135 811 819 422 5 628 854 704 560 743 277 118 590 588 674 466 341 881 71 969 51 364 
993 750 370 608 57 65 438 621 712 777 670 966 908 175 39 287 600 836 472 395 430 532 166 388 572 468 443 79 876 716 322 680 19 682 0 547 842 446 739 635 974 499 352 937 74 946 415 266 304 3 892 697 814 304 193 154 652 630 883 442 279 318 853 609 111 12 959 333 963 457 545 260 503 762 664 743 202 926 535 89 479 591 124 373 820 311 474 848 200 123 
86 822 88 968 175 142 949 928 910 245 163 378 993 49 997 581 923 279 961 167 511 367 710 837 793 360 693 854 855 507 748 779 797 800 547 0 774 900 218 936 89 160 967 59 788 868 764 684 428 180 468 861 381 519 192 597 761 701 954 844 362 546 667 442 910 938 304 254 470 314 556 212 983 874 355 884 439 614 113 186 837 429 223 587 283 895 17 683 94 865 
541 507 510 81 628 947 857 761 611 139 79 949 97 465 228 590 435 719 592 925 952 66 518 950 645 370 972 299 944 727 640 711 499 327 842 774 0 982 624 762 332 608 611 713 5 170 421 444 391 171 263 656 969 336 674 413 965 511 756 97 394 829 890 736 904 486 585 719 631 532 537 132 201 304 836 93 354 997 578 49 124 867 829 307 66 179 692 611 776 558 
449 582 46 312 416 689 676 945 983 552 825 859 942 480 810 421 848 508 34 24 928 220 854 792 237 628 214 308 797 725 732 725 252 499 446 900 982 0 256 643 969 131 631 154 652 713 736 675 863 141 247 786 64 675 626 293 374 392 963 80 542 613 691 535 651 759 670 299 556 669 28 922 644 511 985 260 643 44 550 36 689 992 400 467 372 568 939 223 800 732 
263 466 327 37 445 716 802 534 623 945 650 765 119 229 253 40 143 360 875 144 944 889 297 892 227 438 553 495 393 579 368 633 211 710 739 218 624 256 0 193 395 745 650 483 597 701 765 933 967 44 255 881 965 455 259 516 915 926 188 955 589 262 606 374 452 44 480 460 125 335 820 985 987 916 875 276 325 756 306 343 980 814 853 206 429 512 639 174 863 808 
661 765 635 373 104 363 429 307 21 291 496 666 822 175 365 574 118 718 420 761 195 880 901 529 780 577 420 732 434 750 207 445 560 719 635 936 762 643 193 0 523 141 588 442 960 472 804 535 729 400 942 738 602 60 637 43 577 902 164 123 758 198 92 538 472 198 736 834 461 136 837 57 537 84 518 169 61 312 662 161 736 307 629 914 620 807 392 767 479 853 
772 975 462 434 198 958 222 94 319 706 169 338 989 638 935 236 644 551 138 615 158 112 654 532 849 937 627 614 611 524 851 569 777 580 974 89 332 969 395 523 0 145 632 456 962 676 807 149 63 218 373 764 635 992 95 144 536 18 736 355 536 592 847 603 734 692 673 263 413 717 297 592 967 578 696 587 277 369 108 108 902 53 1 483 576 743 643 79 685 953 
882 519 727 170 813 852 896 145 518 158 168 441 36 916 545 372 160 755 881 756 832 593 766 443 775 944 132 93 244 202 985 742 904 713 499 160 608 131 745 141 145 0 133 158 818 700 755 354 61 609 394 472 323 571 564 1000 983 902 543 367 553 988 257 789 606 594 975 289 717 61 752 35 803 225 46 495 350 804 537 440 266 186 538 596 100 747 744 340 175 543 
897 381 564 616 483 99 557 437 368 112 575 745 501 14 317 819 475 133 186 973 100 540 240 135 769 664 438 541 640 282 569 100 552 200 352 967 611 631 650 588 632 133 0 340 713 285 395 689 900 936 704 768 247 750 662 21 288 626 360 239 537 576 259 680 753 857 940 820 845 675 443 389 196 278 277 174 121 81 295 781 861 190 897 967 427 662 443 308 422 916 
20 315 475 115 337 821 740 219 874 558 367 765 811 20 793 179 588 714 343 962 485 157 524 458 275 409 396 391 733 319 546 274 773 686 937 59 713 154 483 442 456 158 340 0 131 536 429 325 265 450 784 8 61 936 298 63 578 920 372 847 672 352 966 113 834 944 558 164 528 166 945 782 838 838 804 593 101 488 993 700 119 351 890 798 53 990 264 692 753 963 
641 952 311 461 514 423 929 527 781 236 376 772 283 472 888 387 836 139 137 928 399 430 654 378 665 99 412 45 744 51 766 876 692 290 74 788 5 652 597 960 962 818 713 131 0 54 231 712 591 500 401 417 568 896 585 543 127 452 389 357 298 570 22 406 806 909 582 408 157 325 27 434 544 779 715 790 79 755 599 444 951 748 484 388 873 909 912 360 807 933 
766 62 757 370 606 201 360 87 130 840 162 497 80 753 731 405 15 852 844 138 248 713 482 851 432 189 993 789 489 596 303 113 723 790 946 868 170 713 701 472 676 700 285 536 54 0 684 731 519 97 621 752 637 41 810 73 924 657 526 384 216 808 858 534 228 24 840 673 465 666 53 828 966 542 303 19 621 702 892 142 635 540 19 432 904 735 18 829 949 36 
840 327 817 990 127 253 17 317 250 824 609 487 908 945 336 570 233 493 445 571 261 516 587 56 361 500 132 618 848 451 964 559 592 827 415 764 421 736 765 804 807 755 395 429 231 684 0 863 682 710 758 922 507 250 821 484 827 126 576 488 636 661 547 7 203 173 667 805 529 840 672 118 948 766 444 452 666 849 397 306 318 159 132 263 484 650 894 303 312 81 
141 201 124 543 887 854 768 514 387 250 829 852 927 38 689 602 439 894 942 992 410 899 24 263 519 146 54 901 937 690 799 2 728 381 266 684 444 675 933 535 149 354 689 325 712 731 863 0 30 429 614 315 155 981 552 157 596 818 279 328 875 568 767 123 825 493 185 782 481 905 603 105 346 133 597 635 888 817 358 295 898 325 908 671 860 841 55 902 258 653 
644 179 826 532 749 417 774 934 669 739 619 782 626 842 293 546 203 222 371 232 20 881 842 211 298 240 394 120 749 746 907 678 529 275 304 428 391 863 967 729 63 61 900 265 591 519 682 30 0 24 303 774 853 265 643 414 846 801 143 555 443 710 435 735 889 305 919 209 91 877 931 353 793 575 472 605 817 904 13 688 902 364 406 760 574 849 178 657 508 72 
435 924 556 295 221 705 735 668 120 936 794 865 866 769 147 871 32 956 698 145 216 441 782 31 401 906 25 814 944 920 864 597 196 789 3 180 171 141 44 400 218 609 936 450 500 97 710 429 24 0 567 448 78 889 78 854 748 169 468 781 49 535 859 39 896 789 535 35 186 603 26 864 641 165 294 914 375 87 302 34 121 920 392 835 37 495 144 563 298 721 
70 414 940 37 456 972 354 806 845 25 876 428 277 110 87 161 308 69 886 648 651 679 690 729 282 478 171 205 691 964 67 709 882 970 892 468 263 247 255 942 373 394 704 784 401 621 758 614 303 567 0 435 705 493 341 819 639 406 296 876 553 531 479 610 637 615 3 5 37 291 50 231 948 736 118 588 390 670 633 492 516 957 476 524 581 511 101 951 559 975 
113 373 345 618 414 908 447 816 174 552 191 548 313 375 538 868 367 623 78 896 139 368 206 620 153 402 380 995 463 715 214 893 925 258 697 861 656 786 881 738 764 472 768 8 417 752 922 315 774 448 435 0 854 453 906 106 658 112 891 328 965 652 528 363 396 408 836 408 409 713 276 809 916 788 429 434 30 241 636 274 935 195 955 234 677 627 857 93 376 804 
95 208 432 539 35 64 621 642 165 660 972 827 266 971 201 778 609 20 960 201 551 412 285 519 536 673 517 263 113 317 318 109 580 158 814 381 969 64 965 602 635 323 247 61 568 637 507 155 853 78 705 854 0 474 697 858 253 458 321 746 454 756 293 844 838 733 840 228 908 170 178 268 455 218 878 475 821 469 749 550 190 204 759 679 149 284 605 470 828 784 
209 231 174 663 928 888 566 981 848 34 582 255 252 36 932 123 206 765 829 511 210 809 144 847 983 227 151 687 239 958 417 787 599 476 304 519 336 675 455 60 992 571 750 936 896 41 250 981 265 889 493 453 474 0 453 192 148 196 566 316 356 693 425 305 584 198 889 968 432 635 479 646 292 230 534 371 76 398 536 565 658 882 151 544 886 841 660 653 899 557 
589 734 865 804 214 114 211 585 642 939 363 60 117 865 98 932 943 931 884 554 507 100 171 430 578 171 716 593 782 396 755 844 758 454 193 192 674 626 259 637 95 564 662 298 585 810 821 552 643 78 341 906 697 453 0 247 54 418 414 778 628 81 342 500 9 38 324 41 796 239 278 271 499 901 224 80 835 714 282 576 218 813 238 498 278 216 113 335 973 380 
955 505 785 452 635 461 114 510 20 900 761 951 622 854 460 274 495 130 880 669 542 668 249 455 691 88 256 990 444 318 538 226 478 494 154 597 413 293 516 43 144 1000 21 63 543 73 484 157 414 854 819 106 858 192 247 0 979 357 359 175 601 70 185 647 847 189 44 436 842 884 814 983 143 272 349 393 235 684 137 694 604 393 234 490 628 897 675 778 494 320 
650 90 434 65 832 524 746 364 657 768 865 206 606 481 69 385 720 613 283 415 173 441 659 986 640 718 535 71 615 295 666 809 158 987 652 761 965 374 915 577 536 983 288 578 127 924 827 596 846 748 639 658 253 148 54 979 0 900 639 23 664 173 328 421 90 237 988 171 548 678 192 728 219 538 917 971 862 956 791 928 498 236 44 130 196 616 969 274 453 474 
78 357 631 58 926 18 104 181 991 613 804 29 549 577 38 193 221 545 124 38 229 209 154 63 965 683 377 227 765 990 393 262 57 129 630 701 511 392 926 902 18 902 626 920 452 657 126 818 801 169 406 112 458 196 418 357 900 0 220 822 674 950 673 133 970 867 140 642 94 424 611 762 536 785 686 858 39 231 862 438 235 571 345 250 109 789 609 867 456 672 
45 990 397 769 961 301 949 444 657 47 799 102 208 256 252 807 525 234 846 964 998 468 567 283 711 26 739 925 309 846 81 128 126 881 883 954 756 963 188 164 736 543 360 372 389 526 576 279 143 468 296 891 321 566 414 359 639 220 0 574 659 715 700 180 878 208 34 589 15 968 610 863 276 655 998 160 689 593 224 611 158 728 424 143 35 868 117 411 735 312 
54 20 518 981 387 645 808 869 819 554 133 272 438 146 544 982 217 669 130 718 443 771 209 493 957 616 332 982 274 505 97 639 803 395 442 844 97 80 955 123 355 367 239 847 357 384 488 328 555 781 876 328 746 316 778 175 23 822 574 0 190 114 416 8 799 364 206 480 537 780 688 829 48 338 401 164 460 974 385 653 809 18 917 480 151 293 160 781 815 775 
533 904 366 798 499 213 861 48 589 809 390 472 22 683 129 51 58 374 173 518 857 444 319 615 320 102 151 364 169 114 515 105 375 728 279 362 394 542 589 758 536 553 537 672 298 216 636 875 443 49 553 965 454 356 628 601 664 674 659 190 0 696 598 981 515 251 518 902 44 15 111 541 134 475 541 812 591 483 239 862 407 896 410 576 695 305 879 182 526 315 
226 168 69 628 778 93 156 622 804 445 90 892 946 407 644 736 277 264 87 101 774 516 229 779 751 679 86 818 33 497 656 937 803 412 318 546 829 613 262 198 592 988 576 352 570 808 661 568 710 535 531 652 756 693 81 70 173 950 715 114 696 0 753 269 912 136 838 125 394 497 427 487 825 981 342 637 361 535 976 571 909 431 173 352 132 565 104 540 516 434 
130 685 600 226 764 389 988 87 165 470 400 844 33 48 640 660 678 221 937 766 710 958 608 524 827 779 71 807 915 541 69 766 90 233 853 667 890 691 606 92 847 257 259 966 22 858 547 767 435 859 479 528 293 425 342 185 328 673 700 416 598 753 0 238 734 590 631 214 506 231 871 503 151 885 270 895 156 266 877 238 371 693 152 297 278 948 163 513 231 176 
829 207 398 653 60 834 997 174 188 617 933 169 734 731 5 61 1000 733 514 733 599 740 972 135 378 380 877 222 10 511 889 220 952 188 609 442 736 535 374 538 603 789 680 113 406 534 7 123 735 39 610 363 844 305 500 647 421 133 180 8 981 269 238 0 18 808 399 207 524 247 820 251 257 23 624 793 899 192 963 802 523 883 815 685 876 883 104 91 49 727 
355 178 789 877 598 418 590 867 17 503 875 369 338 516 186 853 523 813 130 640 903 672 273 660 758 346 961 835 856 450 112 104 998 185 111 910 904 651 452 472 734 606 753 834 806 228 203 825 889 896 637 396 838 584 9 847 90 970 878 799 515 912 734 18 0 720 106 308 670 390 942 235 68 928 426 577 274 678 837 536 532 795 770 708 570 477 738 491 198 469 
537 456 214 208 75 710 295 915 702 849 54 442 701 305 766 816 479 280 854 236 281 699 359 937 574 71 639 456 293 752 27 581 488 503 12 938 486 759 44 198 692 594 857 944 909 24 173 493 305 789 615 408 733 198 38 189 237 867 208 364 251 136 590 808 720 0 584 110 21 743 23 286 545 527 710 376 211 677 767 829 715 378 558 947 80 877 281 348 654 831 
353 622 27 16 420 403 790 766 14 215 691 569 516 314 6 892 499 869 754 132 587 75 61 498 27 588 862 305 388 102 325 833 854 642 959 304 585 670 480 736 673 975 940 558 582 840 667 185 919 535 3 836 840 889 324 44 988 140 34 206 518 838 631 399 106 584 0 677 256 641 79 919 194 963 929 146 956 903 177 899 240 104 55 148 220 952 16 207 751 252 
245 332 918 461 744 915 374 328 18 304 723 255 190 684 893 991 191 457 14 276 70 906 950 380 518 45 637 790 514 803 242 759 505 115 333 254 719 299 460 834 263 289 820 164 408 673 805 782 209 35 5 408 228 968 41 436 171 642 589 480 902 125 214 207 308 110 677 0 185 450 723 824 159 252 708 971 438 46 101 666 747 447 185 616 917 879 310 583 375 776 
111 631 235 801 261 593 754 405 588 858 220 467 421 247 408 481 61 374 815 507 913 811 139 205 292 808 444 231 937 445 961 124 162 135 963 470 631 556 125 461 413 717 845 528 157 465 529 481 91 186 37 409 908 432 796 842 548 94 15 537 44 394 506 524 670 21 256 185 0 298 854 330 875 279 286 656 226 795 341 718 403 968 608 203 956 473 927 84 784 722 
866 447 878 726 617 636 151 564 552 916 110 934 936 163 685 657 360 900 213 914 234 273 245 161 623 419 966 811 221 344 35 86 169 811 457 314 532 669 335 136 717 61 675 166 325 666 840 905 877 603 291 713 170 635 239 884 678 424 968 780 15 497 231 247 390 743 641 450 298 0 421 48 604 156 400 698 291 563 613 224 224 46 732 839 711 776 200 130 18 972 
782 740 18 143 233 324 553 443 191 902 589 246 874 145 901 851 286 68 163 964 294 896 572 453 646 961 293 417 533 232 443 336 40 819 545 556 537 28 820 837 297 752 443 945 27 53 672 603 931 26 50 276 178 479 278 814 192 611 610 688 111 427 871 820 942 23 79 723 854 421 0 281 582 5 77 918 368 711 899 448 11 120 698 262 228 669 768 646 782 833 
495 910 74 400 641 651 105 127 725 304 436 23 308 242 866 104 361 730 186 302 348 688 749 370 363 209 99 110 864 568 168 995 990 422 260 212 132 922 985 57 592 35 389 782 434 828 118 105 353 864 231 809 268 646 271 983 728 762 863 829 541 487 503 251 235 286 919 824 330 48 281 0 291 132 383 768 885 936 742 317 481 487 209 958 565 817 861 728 763 615 
804 70 805 522 940 730 368 585 895 432 652 538 631 157 584 864 651 165 431 814 727 610 676 183 110 739 324 315 368 644 136 704 277 5 503 983 201 644 987 537 967 803 196 838 544 966 948 346 793 641 948 916 455 292 499 143 219 536 276 48 134 825 151 257 68 545 194 159 875 604 582 291 0 924 338 338 476 949 429 516 420 523 355 280 574 406 877 772 282 25 
825 344 64 914 382 154 365 413 626 56 658 191 65 769 670 616 558 472 987 537 168 952 258 580 808 395 303 12 818 381 380 545 366 628 762 874 304 511 916 84 578 225 278 838 779 542 766 133 575 165 736 788 218 230 901 272 538 785 655 338 475 981 885 23 928 527 963 252 279 156 5 132 924 0 502 256 65 233 818 822 748 531 771 804 942 561 47 490 978 170 
558 793 394 76 81 493 206 633 798 410 520 155 127 59 386 73 33 872 293 369 513 962 974 73 604 151 1000 448 968 298 128 523 423 854 664 355 836 985 875 518 696 46 277 804 715 303 444 597 472 294 118 429 878 534 224 349 917 686 998 401 541 342 270 624 426 710 929 708 286 400 77 383 338 502 0 573 913 465 285 821 541 626 513 44 201 200 173 72 801 104 
74 932 842 326 427 871 82 112 255 998 64 385 616 556 799 334 64 144 432 113 854 336 243 348 321 9 94 89 655 57 103 62 582 704 743 884 93 260 276 169 587 495 174 593 790 19 452 635 605 914 588 434 475 371 80 393 971 858 160 164 812 637 895 793 577 376 146 971 656 698 918 768 338 256 573 0 492 27 383 58 96 962 210 983 1 42 740 551 854 811 
765 80 525 864 655 795 356 822 503 415 443 632 784 969 490 364 592 852 709 430 526 867 590 441 138 419 228 149 241 459 21 353 280 560 202 439 354 643 325 61 277 350 121 101 79 621 666 888 817 375 390 30 821 76 835 235 862 39 689 460 591 361 156 899 274 211 956 438 226 291 368 885 476 65 913 492 0 71 41 173 820 969 492 687 48 133 416 442 514 40 
936 462 212 966 926 837 684 778 807 887 458 640 792 256 459 291 85 683 339 802 223 428 626 864 718 79 659 641 80 399 55 254 879 743 926 614 997 44 756 312 369 804 81 488 755 702 849 817 904 87 670 241 469 398 714 684 956 231 593 974 483 535 266 192 678 677 903 46 795 563 711 936 949 233 465 27 71 0 545 161 440 535 517 413 156 162 214 659 276 49 
936 224 966 591 653 393 130 482 353 68 301 638 292 136 756 755 22 138 727 960 677 409 2 150 676 936 474 600 184 493 573 902 504 277 535 113 578 550 306 662 108 537 295 993 599 892 397 358 13 302 633 636 749 536 282 137 791 862 224 385 239 976 877 963 837 767 177 101 341 613 899 742 429 818 285 383 41 545 0 712 707 251 898 913 668 920 9 106 396 810 
930 824 14 470 958 594 365 271 45 73 898 783 840 903 630 890 635 635 678 185 264 595 107 171 500 603 263 448 350 185 430 807 642 118 89 186 49 36 343 161 108 440 781 700 444 142 306 295 688 34 492 274 550 565 576 694 928 438 611 653 862 571 238 802 536 829 899 666 718 224 448 317 516 822 821 58 173 161 712 0 102 141 921 926 765 6 843 350 450 143 
524 750 983 778 199 556 711 521 659 258 539 170 220 844 66 588 277 215 671 65 717 942 42 443 562 910 843 373 413 451 234 536 676 590 479 837 124 689 980 736 902 266 861 119 951 635 318 898 902 121 516 935 190 658 218 604 498 235 158 809 407 909 371 523 532 715 240 747 403 224 11 481 420 748 541 96 820 440 707 102 0 127 368 1000 988 81 316 940 8 106 
188 739 700 148 946 960 953 800 805 352 356 255 907 832 84 303 725 594 983 83 151 142 618 297 372 196 839 607 932 363 229 474 171 588 591 429 867 992 814 307 53 186 190 351 748 540 159 325 364 920 957 195 204 882 813 393 236 571 728 18 896 431 693 883 795 378 104 447 968 46 120 487 523 531 626 962 969 535 251 141 127 0 397 747 409 476 336 617 619 504 
77 908 970 852 156 357 230 754 431 201 776 974 908 927 588 567 621 743 976 964 798 450 165 459 44 369 36 288 836 681 949 788 842 674 124 223 829 400 853 629 1 538 897 890 484 19 132 908 406 392 476 955 759 151 238 234 44 345 424 917 410 173 152 815 770 558 55 185 608 732 698 209 355 771 513 210 492 517 898 921 368 397 0 775 733 797 584 762 189 781 
58 298 837 220 238 1000 767 134 489 728 216 733 498 163 925 412 756 453 17 730 708 535 404 727 408 892 766 968 930 666 400 281 863 466 373 587 307 467 206 914 483 596 967 798 388 432 263 671 760 835 524 234 679 544 498 490 130 250 143 480 576 352 297 685 708 947 148 616 203 839 262 958 280 804 44 983 687 413 913 926 1000 747 775 0 779 548 835 750 513 816 
633 367 327 235 1 886 421 576 348 567 454 97 84 260 242 287 955 19 387 363 876 546 746 54 320 119 550 227 200 263 78 924 4 341 820 283 66 372 429 620 576 100 427 53 873 904 484 860 574 37 581 677 149 886 278 628 196 109 35 151 695 132 278 876 570 80 220 917 956 711 228 565 574 942 201 1 48 156 668 765 988 409 733 779 0 614 394 434 209 397 
251 627 757 124 516 337 208 620 433 701 305 618 373 154 814 741 896 59 991 426 794 806 952 603 950 817 324 56 261 499 131 327 533 881 311 895 179 568 512 807 743 747 662 990 909 735 650 841 849 495 511 627 284 841 216 897 616 789 868 293 305 565 948 883 477 877 952 879 473 776 669 817 406 561 200 42 133 162 920 6 81 476 797 548 614 0 962 561 790 439 
346 978 228 200 790 168 68 319 438 869 157 800 981 260 640 855 229 270 678 764 774 318 658 425 674 538 472 511 960 75 421 763 299 71 474 17 692 939 639 392 643 744 443 264 912 18 894 55 178 144 101 857 605 660 113 675 969 609 117 160 879 104 163 104 738 281 16 310 927 200 768 861 877 47 173 740 416 214 9 843 316 336 584 835 394 962 0 619 92 308 
386 359 425 986 384 803 311 617 123 512 787 877 637 863 688 625 102 376 910 896 748 453 884 708 630 793 195 876 274 649 470 814 320 969 848 683 611 223 174 767 79 340 308 692 360 829 303 902 657 563 951 93 470 653 335 778 274 867 411 781 182 540 513 91 491 348 207 583 84 130 646 728 772 490 72 551 442 659 106 350 940 617 762 750 434 561 619 0 604 586 
506 36 407 708 308 674 91 455 991 412 733 220 941 760 963 230 377 637 223 816 866 458 701 512 760 518 54 985 138 530 603 434 933 51 200 94 776 800 863 479 685 175 422 753 807 949 312 258 508 298 559 376 828 899 973 494 453 456 735 815 526 516 231 49 198 654 751 375 784 18 782 763 282 978 801 854 514 276 396 450 8 619 189 513 209 790 92 604 0 467 
821 997 284 347 400 862 290 40 588 681 880 411 207 272 784 784 484 864 729 124 249 678 282 638 724 513 290 635 562 73 597 47 828 364 123 865 558 732 808 853 953 543 916 963 933 36 81 653 72 721 975 804 784 557 380 320 474 672 312 775 315 434 176 727 469 831 252 776 722 972 833 615 25 170 104 811 40 49 810 143 106 504 781 816 397 439 308 586 467 0 
0 585 880 324 837 682 653 845 678 647 518 561 180 943 143 689 564 464 480 725 677 239 264 640 391 383 807 946 530 67 244 835 1 756 51 908 397 746 648 302 445 116 72 878 463 398 214 594 187 543 907 909 911 676 399 138 578 873 893 867 343 781 807 174 565 305 703 738 772 274 94 572 186 211 546 940 223 89 22 22 419 948 992 842 347 789 627 565 549 259 
585 0 408 270 97 911 733 73 905 507 562 258 435 495 573 366 343 14 759 740 508 648 793 660 515 126 340 981 402 250 780 759 719 216 237 98 444 403 394 183 185 373 600 664 129 725 745 780 874 226 718 610 858 935 249 472 884 707 31 932 67 597 299 804 740 632 371 510 474 544 230 81 877 662 172 48 910 604 646 9 286 363 128 716 636 507 36 885 648 69 
880 408 0 248 201 224 967 160 221 660 470 746 252 397 250 508 220 93 102 654 26 403 510 515 589 226 644 706 498 578 494 776 116 795 477 890 405 976 741 394 520 150 259 471 714 280 250 893 208 284 199 676 433 904 17 205 617 251 650 413 611 854 363 586 244 754 984 36 781 55 932 976 322 938 544 243 462 829 45 909 61 353 133 278 684 65 733 540 660 874 
324 270 248 0 896 243 13 606 372 888 648 725 91 114 162 4 761 478 376 409 217 801 591 92 765 968 516 876 77 187 791 115 408 616 488 107 925 701 996 621 505 730 379 776 380 696 1 753 422 679 820 338 306 288 212 498 947 884 249 63 312 286 910 496 32 932 898 133 173 165 737 484 655 174 889 712 246 134 233 653 197 706 204 890 736 689 802 115 289 541 
837 97 201 896 0 734 168 681 986 90 205 542 388 453 787 497 177 530 14 703 114 128 82 464 832 517 893 621 541 123 485 405 783 218 980 998 405 680 504 984 865 284 437 819 424 274 836 169 170 675 458 451 955 93 724 536 405 88 123 513 343 273 216 843 522 985 212 87 718 497 656 370 128 644 927 568 476 173 392 323 763 105 876 733 923 313 29 564 710 481 
682 911 224 243 734 0 467 749 891 629 171 75 162 540 695 651 668 150 249 144 117 433 430 384 174 682 416 476 923 949 367 904 7 72 924 790 40 255 177 431 60 149 844 15 722 746 816 387 567 77 62 227 902 96 914 464 482 852 728 450 842 705 541 306 383 323 553 116 248 577 760 181 165 657 467 186 199 229 481 396 461 51 663 78 163 752 811 340 396 74 
653 733 967 13 168 467 0 298 65 556 170 934 893 905 948 135 146 32 245 364 907 730 317 215 447 625 585 696 100 3 414 885 693 468 505 83 233 218 136 762 841 137 351 363 61 467 878 198 254 193 728 412 377 274 747 917 239 884 216 273 203 868 47 118 448 752 250 370 278 889 514 853 714 587 695 907 587 292 830 582 414 70 629 203 635 944 897 772 964 845 
845 73 160 606 681 749 298 0 380 283 636 451 899 624 706 864 309 471 892 341 605 374 255 711 967 822 375 75 967 672 746 393 546 724 321 145 409 95 690 757 902 932 413 889 396 935 648 524 263 288 86 307 338 113 562 466 843 809 558 123 825 386 996 822 309 231 267 754 616 314 634 723 363 604 294 957 508 144 490 706 587 344 320 918 373 329 620 394 464 993 
678 905 221 372 986 891 65 380 0 458 844 574 800 807 382 984 732 255 922 321 472 943 567 585 907 499 960 116 404 281 449 751 993 807 187 160 341 56 523 953 574 483 477 125 230 847 734 684 374 904 292 807 722 114 303 890 472 8 243 207 308 388 800 912 814 261 963 984 358 583 901 263 75 337 231 727 463 90 562 889 161 207 611 657 817 630 643 729 284 410 
647 507 660 888 90 629 556 283 458 0 406 374 994 902 860 889 536 889 200 712 584 790 318 968 457 409 101 980 599 314 517 162 899 862 159 741 665 541 277 733 155 739 874 445 756 75 14 681 359 11 847 389 378 929 51 26 85 410 936 574 209 661 579 440 687 210 918 748 86 39 188 577 404 945 721 75 618 139 907 972 565 545 910 307 341 371 144 491 759 297 
518 562 470 648 205 171 170 636 844 406 0 527 768 265 167 249 658 554 554 906 972 747 563 337 572 105 116 83 298 678 20 278 921 427 345 849 904 165 519 646 693 932 503 783 451 801 310 367 516 240 120 815 161 412 557 270 124 453 226 768 508 785 606 48 42 832 348 244 965 924 353 673 203 355 534 972 519 509 656 190 575 631 237 632 743 572 578 229 192 28 
561 258 746 725 542 75 934 451 574 374 527 0 697 889 546 664 373 978 779 346 918 815 514 781 800 528 59 499 421 995 522 71 440 614 56 589 71 211 159 412 882 546 335 92 361 633 565 88 260 61 582 359 133 693 989 87 719 918 955 684 507 110 162 796 615 526 540 880 370 121 737 901 344 774 679 579 298 292 474 70 665 750 96 178 973 407 153 33 654 656 
180 435 252 91 388 162 893 899 800 994 768 697 0 41 633 919 106 54 204 779 823 717 74 148 179 412 214 773 639 772 250 850 315 165 111 35 918 83 821 375 29 779 539 195 826 986 171 167 383 165 863 929 795 632 771 329 360 436 837 422 739 172 875 343 573 215 503 811 479 132 202 728 257 814 938 412 208 131 812 82 889 197 344 391 844 820 80 357 313 718 
943 495 397 114 453 540 905 624 807 902 265 889 41 0 574 373 944 671 36 252 670 647 644 126 400 207 539 462 53 863 549 407 810 451 664 920 393 461 694 798 469 97 820 880 553 287 82 993 177 274 860 589 63 955 63 351 576 441 986 798 558 476 861 151 425 826 731 417 774 803 781 786 771 277 997 577 119 749 904 165 192 255 146 850 612 905 820 285 129 678 
143 573 250 162 787 695 948 706 382 860 167 546 633 574 0 63 512 56 485 987 103 162 167 228 38 858 732 364 843 915 787 907 788 546 970 89 774 177 922 649 220 478 524 272 266 195 852 266 598 777 716 428 727 6 943 589 921 993 873 539 725 332 463 996 946 352 872 196 627 356 108 207 481 446 594 252 574 432 205 432 994 865 389 27 707 137 347 384 18 226 
689 366 508 4 497 651 135 864 984 889 249 664 919 373 63 0 957 160 815 563 427 425 987 619 3 896 849 337 278 388 201 496 905 64 313 349 411 743 904 392 679 603 235 603 717 596 161 380 370 93 944 171 368 828 88 596 589 843 171 94 796 72 539 929 186 115 146 67 680 411 351 794 121 414 806 734 685 785 455 25 496 809 609 646 807 227 22 302 825 182 
564 343 220 761 177 668 146 309 732 536 658 373 106 944 512 957 0 145 884 305 115 248 972 172 848 905 879 30 729 458 670 358 251 327 344 209 580 34 795 854 429 817 804 432 100 789 636 447 950 765 686 532 334 912 21 484 83 744 679 629 964 590 455 207 531 569 563 748 897 695 869 575 438 381 824 819 407 953 989 400 805 238 269 86 48 284 908 893 555 716 
464 14 93 478 530 150 32 471 255 889 554 978 54 671 56 160 145 0 903 637 860 178 581 498 132 119 870 266 546 825 925 984 230 883 141 891 367 689 489 194 353 350 891 156 859 133 379 143 765 34 831 349 981 247 63 754 285 367 834 426 481 625 962 263 399 762 48 479 410 65 784 268 983 592 128 890 190 216 849 570 641 451 218 493 815 911 777 437 258 301 
480 759 102 376 14 249 245 892 922 200 554 779 204 36 485 815 884 903 0 286 231 49 45 241 211 351 760 298 88 369 783 991 698 854 748 47 394 961 84 725 765 185 898 744 883 209 635 154 780 417 214 803 69 72 50 213 708 898 388 763 675 946 66 426 863 120 159 983 202 768 816 818 441 147 709 599 218 796 279 420 328 7 174 892 510 54 401 45 623 339 
725 740 654 409 703 144 364 341 321 712 906 346 779 252 987 563 305 637 286 0 631 483 425 820 340 915 46 207 381 156 645 65 5 516 667 736 23 814 777 201 339 261 83 53 218 795 389 164 928 1000 202 152 780 526 367 475 622 770 136 327 426 928 142 332 368 670 764 563 547 123 57 945 259 490 479 888 533 237 10 738 921 780 59 359 774 549 112 163 99 988 
677 508 26 217 114 117 907 605 472 584 972 918 823 670 103 427 115 860 231 631 0 252 657 830 419 450 281 750 240 814 967 440 504 443 610 449 206 207 182 810 859 289 922 498 581 697 730 550 883 785 415 972 372 810 534 487 726 671 83 626 136 100 142 387 151 829 322 976 392 661 812 712 310 713 511 260 390 727 126 833 211 995 157 328 161 327 52 39 63 594 
239 648 403 801 128 433 730 374 943 790 747 815 717 647 162 425 248 178 49 483 252 0 909 797 344 558 807 675 605 970 743 238 877 567 497 648 776 749 99 274 823 418 418 955 642 320 618 163 187 330 328 568 645 240 759 400 553 628 387 388 336 497 17 253 362 247 961 209 196 817 146 251 525 24 209 848 145 671 682 341 93 959 603 645 752 301 731 557 489 324 
264 793 510 591 82 430 317 255 567 318 563 514 74 644 167 987 972 581 45 425 657 909 0 810 586 951 519 885 566 827 143 609 85 934 807 368 510 107 701 218 476 288 547 604 329 420 198 936 231 145 515 945 517 976 823 782 553 945 436 810 710 689 333 87 684 478 870 17 829 878 452 308 258 831 100 781 520 391 963 803 818 383 810 587 322 209 412 186 155 867 
640 660 515 92 464 384 215 711 585 968 337 781 148 126 228 619 172 498 241 820 830 797 810 0 91 807 351 368 578 935 993 987 235 831 597 215 143 319 15 411 327 529 848 526 643 285 940 694 933 786 374 246 389 133 607 538 29 852 742 622 556 244 403 748 269 122 421 540 814 903 594 650 812 385 891 643 633 69 672 761 551 893 556 241 815 560 566 462 428 455 
391 515 589 765 832 174 447 967 907 457 572 800 179 400 38 3 848 132 211 340 419 344 586 91 0 458 654 816 879 185 503 539 492 184 252 207 261 933 721 381 125 155 363 752 339 623 502 479 765 575 641 769 370 151 336 236 367 192 420 64 553 234 368 735 187 467 799 457 740 498 452 763 872 184 316 480 828 313 182 477 582 513 995 725 649 71 525 436 288 314 
383 126 226 968 517 682 625 822 499 409 105 528 412 207 858 896 905 119 351 915 450 558 951 807 458 0 301 654 116 590 892 59 449 85 305 837 710 369 550 389 211 31 296 703 733 688 428 775 799 304 619 645 498 694 860 775 392 292 928 247 805 452 35 719 600 956 430 829 171 443 22 704 312 476 758 930 784 892 25 236 215 892 777 59 927 276 473 200 419 444 
807 340 644 516 893 416 585 375 960 101 116 59 214 539 732 849 879 870 760 46 281 807 519 351 654 301 0 632 378 661 761 148 437 168 534 373 113 904 443 484 224 992 660 634 753 73 800 818 627 776 798 533 616 961 508 822 566 895 326 698 938 822 804 46 72 273 258 502 400 93 591 875 715 771 5 901 720 339 561 719 164 203 902 380 303 623 552 758 968 666 
946 981 706 876 621 476 696 75 116 980 83 499 773 462 364 337 30 266 298 207 750 675 885 368 816 654 632 0 840 765 422 467 833 814 699 184 728 568 635 255 477 762 418 589 903 428 253 105 905 189 910 130 856 281 325 195 764 812 136 72 510 76 104 883 59 415 648 203 746 135 718 735 788 988 532 928 952 433 233 408 582 508 877 36 665 994 558 242 105 233 
530 402 498 77 541 923 100 967 404 599 298 421 639 53 843 278 729 546 88 381 240 605 566 578 879 116 378 840 0 566 272 329 416 327 26 202 157 281 512 471 478 739 230 202 168 374 172 62 446 257 332 598 815 839 226 773 428 444 710 652 836 982 167 801 179 713 597 404 233 787 218 55 510 158 52 264 568 892 856 471 675 214 84 90 732 809 1 600 661 521 
67 250 578 187 123 949 3 672 281 314 678 995 772 863 915 388 458 825 369 156 814 970 827 935 185 590 661 765 566 0 92 721 436 843 424 476 319 311 539 228 370 860 505 488 909 289 545 274 216 59 93 354 569 7 600 711 845 141 210 489 952 374 557 508 514 262 778 199 633 738 790 362 280 709 740 973 494 467 617 837 470 615 221 128 704 546 933 261 575 944 
244 780 494 791 485 367 414 746 449 517 20 522 250 549 787 201 670 925 783 645 967 743 143 993 503 892 761 422 272 92 0 379 726 717 559 306 318 290 501 763 101 187 524 599 214 900 104 256 121 233 891 642 614 583 357 503 503 699 955 727 607 289 912 7 699 758 615 781 40 739 721 933 988 638 915 846 933 856 409 545 824 832 127 482 980 895 480 471 269 424 
835 759 776 115 405 904 885 393 751 162 278 71 850 407 907 496 358 984 991 65 440 238 609 987 539 59 148 467 329 721 379 0 315 492 375 174 386 121 368 733 398 331 808 505 123 947 583 971 254 273 360 93 923 281 203 720 148 834 812 210 775 236 199 887 892 440 168 238 723 918 592 17 485 490 408 944 490 776 143 143 492 569 172 620 164 731 208 280 521 975 
1 719 116 408 783 7 693 546 993 899 921 440 315 810 788 905 251 230 698 5 504 877 85 235 492 449 437 833 416 436 726 315 0 607 915 154 599 833 764 589 357 210 442 451 256 125 413 482 642 793 332 152 301 365 166 478 827 728 706 422 569 223 975 7 139 482 274 333 970 917 704 187 633 629 496 406 676 125 428 363 165 783 407 98 999 444 697 613 49 249 
756 216 795 616 218 72 468 724 807 862 427 614 165 451 546 64 327 883 854 516 443 567 934 831 184 85 168 814 327 843 717 492 607 0 373 131 587 444 399 182 449 393 982 215 672 342 158 565 700 81 138 714 849 454 613 453 229 718 84 500 169 537 841 780 774 610 347 988 890 238 202 768 971 312 60 234 635 281 627 931 388 385 392 504 747 80 895 26 953 646 
51 237 477 488 980 924 505 321 187 159 345 56 111 664 970 313 344 141 748 667 610 497 807 597 252 305 534 699 26 424 559 375 915 373 0 276 389 437 205 299 92 539 669 40 980 85 651 912 742 980 285 460 199 742 733 813 248 357 167 529 628 598 105 473 899 995 93 560 40 526 321 847 282 168 278 160 923 225 402 825 613 496 932 544 273 749 385 130 706 800 
908 98 890 107 998 790 83 145 160 741 849 589 35 920 89 349 209 891 47 736 449 648 368 215 207 837 373 184 202 476 306 174 154 131 276 0 190 36 772 40 918 851 180 850 136 288 227 214 576 986 394 217 601 494 723 287 231 195 148 165 442 364 244 413 35 45 718 676 627 536 484 752 9 226 643 93 809 441 904 782 108 686 704 411 791 264 952 97 825 198 
397 444 405 925 405 40 233 409 341 665 904 71 918 393 774 411 580 367 394 23 206 776 510 143 261 710 113 728 157 319 318 386 599 587 389 190 0 69 499 268 726 365 379 290 986 754 654 474 766 780 800 403 12 748 562 397 28 571 170 885 653 260 93 270 115 489 362 275 416 388 283 888 811 703 161 762 581 112 372 833 923 266 138 644 854 893 382 228 371 327 
746 403 976 701 680 255 218 95 56 541 165 211 83 461 177 743 34 689 961 814 207 749 107 319 933 369 904 568 281 311 290 121 833 444 437 36 69 0 683 396 24 805 632 797 283 232 284 272 111 757 822 212 990 257 541 792 877 624 40 728 309 350 303 481 325 117 237 686 595 395 784 176 455 609 6 886 451 868 395 973 325 46 621 617 758 276 34 768 311 325 
648 394 741 996 504 177 136 690 523 277 519 159 821 694 922 904 795 489 84 777 182 99 701 15 721 550 443 635 512 539 501 368 764 399 205 772 499 683 0 775 628 379 418 391 462 287 408 336 30 956 964 99 170 567 785 476 44 114 836 152 609 672 366 627 487 847 620 512 789 663 283 252 99 138 158 742 783 243 857 601 143 418 15 844 489 410 307 802 247 255 
302 183 394 621 984 431 762 757 953 733 646 412 375 798 649 392 854 194 725 201 810 274 218 411 381 389 484 255 471 228 763 733 589 182 299 40 268 396 775 0 422 775 345 580 200 397 181 611 443 461 49 415 426 837 373 994 297 205 656 885 190 709 888 638 510 803 411 241 737 602 196 826 445 880 487 727 860 671 392 896 246 701 342 288 496 120 653 153 565 58 
445 185 520 505 865 60 841 902 574 155 693 882 29 469 220 679 429 353 765 339 859 823 476 327 125 211 224 477 478 370 101 398 357 449 92 918 726 24 628 422 0 889 160 703 4 302 341 859 949 768 549 109 219 166 843 859 757 915 464 671 447 587 75 483 426 308 445 861 757 360 819 194 113 346 451 433 926 677 897 902 155 806 824 250 345 415 299 993 331 142 
116 373 150 730 284 149 137 932 483 739 932 546 779 97 478 603 817 350 185 261 289 418 288 529 155 31 992 762 739 860 187 331 210 393 539 851 365 805 379 775 889 0 921 973 151 341 362 629 955 241 663 364 543 246 444 88 66 245 538 623 329 155 694 258 351 296 44 787 275 965 193 974 185 737 867 643 701 21 475 673 631 989 296 481 682 292 238 604 808 623 
72 600 259 379 437 844 351 413 477 874 503 335 539 820 524 235 804 891 898 83 922 418 547 848 363 296 660 418 230 505 524 808 442 982 669 180 379 632 418 345 160 921 0 561 269 648 466 148 323 31 200 75 640 89 297 992 703 305 613 719 410 352 634 337 232 105 5 11 326 250 557 811 906 664 981 871 753 810 705 488 25 752 114 46 583 319 397 593 676 134 
878 664 471 776 819 15 363 889 125 445 783 92 195 880 272 603 432 156 744 53 498 955 604 526 752 703 634 589 202 488 599 505 451 215 40 850 290 797 391 580 703 973 561 0 958 419 653 715 771 684 139 783 924 37 884 969 398 156 700 254 378 507 14 873 147 19 593 873 483 694 215 247 217 241 141 468 928 491 76 232 836 794 205 112 984 124 626 240 316 52 
463 129 714 380 424 722 61 396 230 756 451 361 826 553 266 717 100 859 883 218 581 642 329 643 339 733 753 903 168 909 214 123 256 672 980 136 986 283 462 200 4 151 269 958 0 753 753 104 372 710 829 416 337 178 301 542 872 660 649 366 804 389 861 585 412 230 397 583 907 597 982 578 501 189 297 317 979 219 390 424 91 131 458 627 93 159 114 742 323 28 
398 725 280 696 274 746 467 935 847 75 801 633 986 287 195 596 789 133 209 795 697 320 420 285 623 688 73 428 374 289 900 947 125 342 85 288 754 232 287 397 302 341 648 419 753 0 426 281 593 945 433 301 497 797 38 1000 60 349 481 724 922 85 13 496 545 853 225 261 625 379 984 113 129 430 806 914 425 229 72 898 252 467 901 822 202 234 990 127 148 955 
214 745 250 1 836 816 878 648 734 14 310 565 171 82 852 161 636 379 635 389 730 618 198 940 502 428 800 253 172 545 104 583 413 158 651 227 654 284 408 181 341 362 466 653 753 426 0 121 265 370 303 253 359 927 270 501 150 757 469 593 430 309 464 919 763 719 139 268 347 438 346 673 157 241 381 706 496 145 310 832 825 860 918 668 517 339 144 761 686 834 
594 780 893 753 169 387 198 524 684 681 367 88 167 993 266 380 447 143 154 164 550 163 936 694 479 775 818 105 62 274 256 971 482 565 912 214 474 272 336 611 859 629 148 715 104 281 121 0 907 709 456 667 960 160 521 728 411 209 682 665 168 424 410 995 87 448 869 283 507 251 384 809 618 746 491 369 28 11 648 631 320 567 107 492 152 104 980 186 612 156 
187 874 208 422 170 567 254 263 374 359 516 260 383 177 598 370 950 765 780 928 883 187 231 933 765 799 627 905 446 216 121 254 642 700 742 576 766 111 30 443 949 955 323 771 372 593 265 907 0 878 707 345 150 697 478 564 203 289 939 365 735 459 637 223 133 673 38 609 838 98 57 589 355 357 346 283 27 174 982 466 106 410 582 233 498 134 857 374 587 867 
543 226 284 679 675 77 193 288 904 11 240 61 165 274 777 93 765 34 417 1000 785 330 145 786 575 304 776 189 257 59 233 273 793 81 980 986 780 757 956 461 768 241 31 684 710 945 370 709 878 0 472 669 767 94 972 297 248 889 476 273 900 622 197 854 55 281 564 997 653 375 914 345 258 897 698 50 829 838 755 820 786 23 737 157 990 484 822 184 627 295 
907 718 199 820 458 62 728 86 292 847 120 582 863 860 716 944 686 831 214 202 415 328 515 374 641 619 798 910 332 93 891 360 332 138 285 394 800 822 964 49 549 663 200 139 829 433 303 456 707 472 0 426 294 484 482 339 409 607 771 225 459 480 528 335 266 366 786 922 712 707 931 825 219 275 808 535 616 417 439 590 403 142 516 461 549 567 947 144 625 13 
909 610 676 338 451 227 412 307 807 389 815 359 929 589 428 171 532 349 803 152 972 568 945 246 769 645 533 130 598 354 642 93 152 714 460 217 403 212 99 415 109 364 75 783 416 301 253 667 345 669 426 0 204 736 248 853 338 883 73 686 71 364 501 513 615 522 184 430 560 225 840 208 61 259 548 638 981 535 396 674 120 731 181 928 531 396 210 936 490 97 
911 858 433 306 955 902 377 338 722 378 161 133 795 63 727 368 334 981 69 780 372 645 517 389 370 498 616 856 815 569 614 923 301 849 199 601 12 990 170 426 219 543 640 924 337 497 359 960 150 767 294 204 0 655 222 218 815 440 675 369 462 304 835 249 153 354 45 717 214 904 748 500 525 708 69 441 386 438 196 449 827 974 303 458 956 905 413 604 223 386 
676 935 904 288 93 96 274 113 114 929 412 693 632 955 6 828 912 247 72 526 810 240 976 133 151 694 961 281 839 7 583 281 365 454 742 494 748 257 567 837 166 246 89 37 178 797 927 160 697 94 484 736 655 0 537 864 706 729 531 655 830 186 669 838 349 1000 64 8 662 564 358 300 740 490 410 674 920 686 262 425 503 56 789 452 66 196 317 397 215 509 
399 249 17 212 724 914 747 562 303 51 557 989 771 63 943 88 21 63 50 367 534 759 823 607 336 860 508 325 226 600 357 203 166 613 733 723 562 541 785 373 843 444 297 884 301 38 270 521 478 972 482 248 222 537 0 852 900 721 443 275 407 887 567 352 735 888 628 693 300 772 629 661 579 84 695 805 32 205 752 440 913 58 912 424 637 698 685 585 85 544 
138 472 205 498 536 464 917 466 890 26 270 87 329 351 589 596 484 754 213 475 487 400 782 538 236 775 822 195 773 711 503 720 478 453 813 287 397 792 476 994 859 88 992 969 542 1000 501 728 564 297 339 853 218 864 852 0 73 703 576 651 627 952 843 469 268 908 979 613 275 241 299 93 972 891 537 717 737 359 886 235 212 734 806 511 343 80 342 186 398 558 
578 884 617 947 405 482 239 843 472 85 124 719 360 576 921 589 83 285 708 622 726 553 553 29 367 392 566 764 428 845 503 148 827 229 248 231 28 877 44 297 757 66 703 398 872 60 150 411 203 248 409 338 815 706 900 73 0 79 384 920 267 746 682 664 858 755 141 664 607 361 531 221 989 435 130 38 199 188 276 151 623 622 967 659 701 313 46 895 371 526 
873 707 251 884 88 852 884 809 8 410 453 918 436 441 993 843 744 367 898 770 671 628 945 852 192 292 895 812 444 141 699 834 728 718 357 195 571 624 114 205 915 245 305 156 660 349 757 209 289 889 607 883 440 729 721 703 79 0 866 220 305 96 74 969 16 188 989 275 886 594 533 346 475 287 129 236 878 851 72 579 769 381 620 745 900 210 382 198 507 522 
893 31 650 249 123 728 216 558 243 936 226 955 837 986 873 171 679 834 388 136 83 387 436 742 420 928 326 136 710 210 955 812 706 84 167 148 170 40 836 656 464 538 613 700 649 481 469 682 939 476 771 73 675 531 443 576 384 866 0 426 354 313 387 852 229 875 949 359 840 115 486 178 613 285 148 863 413 450 797 352 770 389 591 933 867 62 796 703 500 638 
867 932 413 63 513 450 273 123 207 574 768 684 422 798 539 94 629 426 763 327 626 388 810 622 64 247 698 72 652 489 727 210 422 500 529 165 885 728 152 885 671 623 719 254 366 724 593 665 365 273 225 686 369 655 275 651 920 220 426 0 933 846 452 967 176 271 927 603 371 181 336 317 939 830 554 743 588 137 291 403 251 907 216 338 804 973 964 101 259 244 
343 67 611 312 343 842 203 825 308 209 508 507 739 558 725 796 964 481 675 426 136 336 710 556 553 805 938 510 836 952 607 775 569 169 628 442 653 309 609 190 447 329 410 378 804 922 430 168 735 900 459 71 462 830 407 627 267 305 354 933 0 335 340 73 515 807 605 156 682 959 942 517 735 408 465 131 559 457 821 107 756 259 660 315 449 674 82 870 512 637 
781 597 854 286 273 705 868 386 388 661 785 110 172 476 332 72 590 625 946 928 100 497 689 244 234 452 822 76 982 374 289 236 223 537 598 364 260 350 672 709 587 155 352 507 389 85 309 424 459 622 480 364 304 186 887 952 746 96 313 846 335 0 164 731 150 770 186 911 671 539 620 468 158 32 711 219 536 539 50 506 94 502 704 780 842 428 908 328 391 631 
807 299 363 910 216 541 47 996 800 579 606 162 875 861 463 539 455 962 66 142 142 17 333 403 368 35 804 104 167 557 912 199 975 841 105 244 93 303 366 888 75 694 634 14 861 13 464 410 637 197 528 501 835 669 567 843 682 74 387 452 340 164 0 901 338 425 459 647 672 592 265 479 905 142 732 178 715 866 98 773 613 403 914 746 834 107 948 412 872 895 
174 804 586 496 843 306 118 822 912 440 48 796 343 151 996 929 207 263 426 332 387 253 87 748 735 719 46 883 801 508 7 887 7 780 473 413 270 481 627 638 483 258 337 873 585 496 919 995 223 854 335 513 249 838 352 469 664 969 852 967 73 731 901 0 949 252 651 927 503 746 280 741 751 815 440 285 86 781 114 212 496 89 183 398 126 28 829 787 867 246 
565 740 244 32 522 383 448 309 814 687 42 615 573 425 946 186 531 399 863 368 151 362 684 269 187 600 72 59 179 514 699 892 139 774 899 35 115 325 487 510 426 351 232 147 412 545 763 87 133 55 266 615 153 349 735 268 858 16 229 176 515 150 338 949 0 414 833 735 207 716 176 848 951 49 695 479 894 344 127 556 318 297 129 337 382 508 284 618 970 559 
305 632 754 932 985 323 752 231 261 210 832 526 215 826 352 115 569 762 120 670 829 247 478 122 467 956 273 415 713 262 758 440 482 610 995 45 489 117 847 803 308 296 105 19 230 853 719 448 673 281 366 522 354 1000 888 908 755 188 875 271 807 770 425 252 414 0 462 828 805 476 939 856 489 423 387 607 905 476 366 210 382 545 369 127 914 257 813 468 156 239 
703 371 984 898 212 553 250 267 963 918 348 540 503 731 872 146 563 48 159 764 322 961 870 421 799 430 258 648 597 778 615 168 274 347 93 718 362 237 620 411 445 44 5 593 397 225 139 869 38 564 786 184 45 64 628 979 141 989 949 927 605 186 459 651 833 462 0 471 956 444 921 86 844 12 103 994 108 2 878 107 680 898 946 910 697 22 863 801 317 654 
738 510 36 133 87 116 370 754 984 748 244 880 811 417 196 67 748 479 983 563 976 209 17 540 457 829 502 203 404 199 781 238 333 988 560 676 275 686 512 241 861 787 11 873 583 261 268 283 609 997 922 430 717 8 693 613 664 275 359 603 156 911 647 927 735 828 471 0 945 507 141 281 948 805 315 28 727 974 964 147 326 673 780 391 71 337 630 457 652 185 
772 474 781 173 718 248 278 616 358 86 965 370 479 774 627 680 897 410 202 547 392 196 829 814 740 171 400 746 233 633 40 723 970 890 40 627 416 595 789 737 757 275 326 483 907 625 347 507 838 653 712 560 214 662 300 275 607 886 840 371 682 671 672 503 207 805 956 945 0 759 78 650 123 842 509 451 861 403 728 317 465 98 64 761 22 681 214 832 228 202 
274 544 55 165 497 577 889 314 583 39 924 121 132 803 356 411 695 65 768 123 661 817 878 903 498 443 93 135 787 738 739 918 917 238 526 536 388 395 663 602 360 965 250 694 597 379 438 251 98 375 707 225 904 564 772 241 361 594 115 181 959 539 592 746 716 476 444 507 759 0 690 982 302 895 566 339 446 473 347 868 803 890 211 227 434 372 827 700 930 44 
94 230 932 737 656 760 514 634 901 188 353 737 202 781 108 351 869 784 816 57 812 146 452 594 452 22 591 718 218 790 721 592 704 202 321 484 283 784 283 196 819 193 557 215 982 984 346 384 57 914 931 840 748 358 629 299 531 533 486 336 942 620 265 280 176 939 921 141 78 690 0 805 356 831 853 107 715 339 82 638 903 891 291 677 706 532 188 625 103 64 
572 81 976 484 370 181 853 723 263 577 673 901 728 786 207 794 575 268 818 945 712 251 308 650 763 704 875 735 55 362 933 17 187 768 847 752 888 176 252 826 194 974 811 247 578 113 673 809 589 345 825 208 500 300 661 93 221 346 178 317 517 468 479 741 848 856 86 281 650 982 805 0 747 734 746 152 178 227 308 732 627 590 780 68 514 222 290 421 359 493 
186 877 322 655 128 165 714 363 75 404 203 344 257 771 481 121 438 983 441 259 310 525 258 812 872 312 715 788 510 280 988 485 633 971 282 9 811 455 99 445 113 185 906 217 501 129 157 618 355 258 219 61 525 740 579 972 989 475 613 939 735 158 905 751 951 489 844 948 123 302 356 747 0 85 746 729 437 202 569 402 515 380 743 691 513 576 147 359 703 769 
211 662 938 174 644 657 587 604 337 945 355 774 814 277 446 414 381 592 147 490 713 24 831 385 184 476 771 988 158 709 638 490 629 312 168 226 703 609 138 880 346 737 664 241 189 430 241 746 357 897 275 259 708 490 84 891 435 287 285 830 408 32 142 815 49 423 12 805 842 895 831 734 85 0 539 585 790 991 168 106 362 430 7 104 179 400 852 590 81 885 
546 172 544 889 927 467 695 294 231 721 534 679 938 997 594 806 824 128 709 479 511 209 100 891 316 758 5 532 52 740 915 408 496 60 278 643 161 6 158 487 451 867 981 141 297 806 381 491 346 698 808 548 69 410 695 537 130 129 148 554 465 711 732 440 695 387 103 315 509 566 853 746 746 539 0 571 246 353 680 73 619 403 504 987 743 684 803 871 104 820 
940 48 243 712 568 186 907 957 727 75 972 579 412 577 252 734 819 890 599 888 260 848 781 643 480 930 901 928 264 973 846 944 406 234 160 93 762 886 742 727 433 643 871 468 317 914 706 369 283 50 535 638 441 674 805 717 38 236 863 743 131 219 178 285 479 607 994 28 451 339 107 152 729 585 571 0 666 993 604 929 996 71 718 22 907 971 145 696 154 276 
223 910 462 246 476 199 587 508 463 618 519 298 208 119 574 685 407 190 218 533 390 145 520 633 828 784 720 952 568 494 933 490 676 635 923 809 581 451 783 860 926 701 753 928 979 425 496 28 27 829 616 981 386 920 32 737 199 878 413 588 559 536 715 86 894 905 108 727 861 446 715 178 437 790 246 666 0 838 942 1000 96 65 506 192 858 839 736 551 637 765 
89 604 829 134 173 229 292 144 90 139 509 292 131 749 432 785 953 216 796 237 727 671 391 69 313 892 339 433 892 467 856 776 125 281 225 441 112 868 243 671 677 21 810 491 219 229 145 11 174 838 417 535 438 686 205 359 188 851 450 137 457 539 866 781 344 476 2 974 403 473 339 227 202 991 353 993 838 0 447 786 617 320 422 823 749 867 754 310 680 935 
22 646 45 233 392 481 830 490 562 907 656 474 812 904 205 455 989 849 279 10 126 682 963 672 182 25 561 233 856 617 409 143 428 627 402 904 372 395 857 392 897 475 705 76 390 72 310 648 982 755 439 396 196 262 752 886 276 72 797 291 821 50 98 114 127 366 878 964 728 347 82 308 569 168 680 604 942 447 0 401 242 699 254 74 523 132 887 812 589 204 
22 9 909 653 323 396 582 706 889 972 190 70 82 165 432 25 400 570 420 738 833 341 803 761 477 236 719 408 471 837 545 143 363 931 825 782 833 973 601 896 902 673 488 232 424 898 832 631 466 820 590 674 449 425 440 235 151 579 352 403 107 506 773 212 556 210 107 147 317 868 638 732 402 106 73 929 1000 786 401 0 969 997 51 41 442 827 15 664 570 778 
419 286 61 197 763 461 414 587 161 565 575 665 889 192 994 496 805 641 328 921 211 93 818 551 582 215 164 582 675 470 824 492 165 388 613 108 923 325 143 246 155 631 25 836 91 252 825 320 106 786 403 120 827 503 913 212 623 769 770 251 756 94 613 496 318 382 680 326 465 803 903 627 515 362 619 996 96 617 242 969 0 817 501 30 8 954 661 269 935 969 
948 363 353 706 105 51 70 344 207 545 631 750 197 255 865 809 238 451 7 780 995 959 383 893 513 892 203 508 214 615 832 569 783 385 496 686 266 46 418 701 806 989 752 794 131 467 860 567 410 23 142 731 974 56 58 734 622 381 389 907 259 502 403 89 297 545 898 673 98 890 891 590 380 430 403 71 65 320 699 997 817 0 472 83 437 835 579 594 639 551 
992 128 133 204 876 663 629 320 611 910 237 96 344 146 389 609 269 218 174 59 157 603 810 556 995 777 902 877 84 221 127 172 407 392 932 704 138 621 15 342 824 296 114 205 458 901 918 107 582 737 516 181 303 789 912 806 967 620 591 216 660 704 914 183 129 369 946 780 64 211 291 780 743 7 504 718 506 422 254 51 501 472 0 389 270 138 543 240 700 205 
842 716 278 890 733 78 203 918 657 307 632 178 391 850 27 646 86 493 892 359 328 645 587 241 725 59 380 36 90 128 482 620 98 504 544 411 644 617 844 288 250 481 46 112 627 822 668 492 233 157 461 928 458 452 424 511 659 745 933 338 315 780 746 398 337 127 910 391 761 227 677 68 691 104 987 22 192 823 74 41 30 83 389 0 159 407 26 245 627 317 
347 636 684 736 923 163 635 373 817 341 743 973 844 612 707 807 48 815 510 774 161 752 322 815 649 927 303 665 732 704 980 164 999 747 273 791 854 758 489 496 345 682 583 984 93 202 517 152 498 990 549 531 956 66 637 343 701 900 867 804 449 842 834 126 382 914 697 71 22 434 706 514 513 179 743 907 858 749 523 442 8 437 270 159 0 387 461 547 703 607 
789 507 65 689 313 752 944 329 630 371 572 407 820 905 137 227 284 911 54 549 327 301 209 560 71 276 623 994 809 546 895 731 444 80 749 264 893 276 410 120 415 292 319 124 159 234 339 104 134 484 567 396 905 196 698 80 313 210 62 973 674 428 107 28 508 257 22 337 681 372 532 222 576 400 684 971 839 867 132 827 954 835 138 407 387 0 9 568 185 431 
627 36 733 802 29 811 897 620 643 144 578 153 80 820 347 22 908 777 401 112 52 731 412 566 525 473 552 558 1 933 480 208 697 895 385 952 382 34 307 653 299 238 397 626 114 990 144 980 857 822 947 210 413 317 685 342 46 382 796 964 82 908 948 829 284 813 863 630 214 827 188 290 147 852 803 145 736 754 887 15 661 579 543 26 461 9 0 246 977 723 
565 885 540 115 564 340 772 394 729 491 229 33 357 285 384 302 893 437 45 163 39 557 186 462 436 200 758 242 600 261 471 280 613 26 130 97 228 768 802 153 993 604 593 240 742 127 761 186 374 184 144 936 604 397 585 186 895 198 703 101 870 328 412 787 618 468 801 457 832 700 625 421 359 590 871 696 551 310 812 664 269 594 240 245 547 568 246 0 549 579 
549 648 660 289 710 396 964 464 284 759 192 654 313 129 18 825 555 258 623 99 63 489 155 428 288 419 968 105 661 575 269 521 49 953 706 825 371 311 247 565 331 808 676 316 323 148 686 612 587 627 625 490 223 215 85 398 371 507 500 259 512 391 872 867 970 156 317 652 228 930 103 359 703 81 104 154 637 680 589 570 935 639 700 627 703 185 977 549 0 435 
259 69 874 541 481 74 845 993 410 297 28 656 718 678 226 182 716 301 339 988 594 324 867 455 314 444 666 233 521 944 424 975 249 646 800 198 327 325 255 58 142 623 134 52 28 955 834 156 867 295 13 97 386 509 544 558 526 522 638 244 637 631 895 246 559 239 654 185 202 44 64 493 769 885 820 276 765 935 204 778 969 551 205 317 607 431 723 579 435 0 
