60 4
0 14 99 112 80 226 826 829 692 877 168 840 462 329 72 860 146 888 763 76 791 822 523 818 392 659 553 634 690 582 118 487 627 877 992 15 580 264 164 366 913 949 160 147 962 650 310 927 702 197 912 23 997 15 986 836 535 715 260 582 
14 0 151 312 761 993 472 164 90 499 61 74 202 854 937 113 933 820 105 132 321 513 752 703 215 223 73 475 513 70 340 287 593 862 882 823 759 689 248 850 171 935 141 261 168 573 361 33 624 610 427 559 30 507 717 124 333 496 861 699 
99 151 0 212 583 175 857 949 482 926 482 353 431 81 190 257 289 638 669 43 360 418 173 548 999 288 992 381 603 823 12 11 697 224 101 53 630 990 286 592 635 629 70 831 512 449 138 852 598 380 986 478 81 208 168 825 792 377 325 1 
112 312 212 0 674 334 674 555 996 312 550 19 976 521 448 189 767 58 308 969 894 209 902 428 505 166 858 801 735 471 685 994 851 17 368 42 142 640 909 499 852 813 901 904 583 402 849 594 868 105 187 916 135 802 15 503 978 124 436 799 
80 761 583 674 0 994 399 932 512 109 893 64 121 509 161 659 108 812 819 488 7 27 124 589 759 568 913 484 871 613 966 52 219 154 662 490 458 170 383 534 147 750 68 270 356 972 558 325 112 548 475 662 132 187 74 140 770 318 953 99 
226 993 175 334 994 0 758 207 308 496 637 211 485 445 899 587 461 806 213 514 257 795 765 545 498 319 59 75 164 651 927 492 589 112 80 32 442 484 457 212 523 444 655 119 754 230 383 221 707 16 555 585 555 511 219 701 533 83 886 111 
826 472 857 674 399 758 0 733 661 783 949 938 857 553 376 252 686 266 3 935 531 921 115 159 103 458 350 181 530 840 114 263 438 630 335 809 532 134 426 613 423 977 436 447 509 936 891 169 620 375 162 169 459 116 26 999 524 357 527 146 
829 164 949 555 932 207 733 0 375 138 553 648 593 109 601 579 639 56 809 401 465 699 762 265 379 14 894 858 179 781 372 963 722 518 875 810 571 152 239 232 851 316 23 26 864 133 919 8 981 644 452 455 315 156 773 656 362 253 336 23 
692 90 482 996 512 308 661 375 0 298 927 406 668 726 285 642 90 970 41 211 68 354 94 795 857 529 189 58 194 113 554 615 993 994 700 252 72 196 627 606 836 411 35 942 849 431 405 158 736 697 394 558 363 699 81 21 899 850 820 536 
877 499 926 312 109 496 783 138 298 0 86 173 687 349 648 513 649 539 265 757 536 32 493 719 464 858 601 410 577 141 501 152 162 112 66 581 607 23 920 744 467 962 855 882 677 863 679 391 566 957 750 805 875 262 665 373 501 8 118 930 
168 61 482 550 893 637 949 553 927 86 0 310 93 948 927 713 77 302 907 776 806 393 627 731 426 855 366 398 149 913 692 126 669 150 829 610 556 459 432 660 270 28 469 719 786 270 955 70 555 679 192 868 436 358 614 778 517 29 697 496 
840 74 353 19 64 211 938 648 406 173 310 0 717 768 299 308 170 832 476 671 833 220 972 222 954 226 398 398 380 336 312 712 707 502 63 545 840 676 72 605 27 401 9 755 689 315 168 823 659 598 409 262 356 586 548 456 189 46 644 990 
462 202 431 976 121 485 857 593 668 687 93 717 0 428 243 632 371 331 380 534 671 969 343 168 824 647 498 914 711 878 261 371 752 312 776 39 901 409 906 156 333 269 724 745 284 125 935 417 555 240 712 315 269 933 124 184 984 299 539 633 
329 854 81 521 509 445 553 109 726 349 948 768 428 0 907 409 457 710 774 200 436 439 699 402 591 44 809 808 234 925 800 312 557 676 496 945 677 281 112 19 497 220 341 737 424 226 612 636 964 465 970 527 339 624 278 316 9 297 764 476 
72 937 190 448 161 899 376 601 285 648 927 299 243 907 0 838 737 76 205 705 827 853 138 811 517 819 818 855 339 21 575 156 19 509 593 958 377 913 825 902 883 795 824 545 842 499 99 220 573 962 543 996 598 754 308 60 728 533 983 153 
860 113 257 189 659 587 252 579 642 513 713 308 632 409 838 0 495 862 904 715 416 847 576 716 922 427 475 714 650 946 164 633 195 58 114 617 987 293 556 67 435 45 272 534 951 507 142 629 9 913 59 648 650 738 180 77 313 954 978 176 
146 933 289 767 108 461 686 639 90 649 77 170 371 457 737 495 0 302 863 230 376 185 303 359 427 180 835 329 820 655 535 813 255 805 802 571 146 103 69 335 333 662 320 871 402 393 426 761 531 160 811 409 595 794 399 108 335 180 564 804 
888 820 638 58 812 806 266 56 970 539 302 832 331 710 76 862 302 0 136 468 885 695 727 473 108 730 24 749 753 902 718 422 523 635 986 55 325 662 539 846 77 422 274 958 639 696 67 113 201 929 66 907 32 986 687 241 320 170 950 320 
763 105 669 308 819 213 3 809 41 265 907 476 380 774 205 904 863 136 0 666 690 110 621 908 99 495 88 711 148 87 355 516 137 534 841 440 793 988 554 513 306 382 250 819 338 868 293 38 207 317 30 516 482 31 779 83 812 358 826 949 
76 132 43 969 488 514 935 401 211 757 776 671 534 200 705 715 230 468 666 0 18 828 151 786 699 823 477 847 929 32 428 178 932 250 651 874 425 850 473 225 684 590 467 265 675 626 113 890 466 82 621 665 781 494 218 996 213 191 370 560 
791 321 360 894 7 257 531 465 68 536 806 833 671 436 827 416 376 885 690 18 0 800 206 170 629 799 69 693 497 943 544 34 945 947 226 441 386 848 970 541 252 515 89 935 711 302 112 444 298 509 307 488 874 344 294 947 600 106 880 468 
822 513 418 209 27 795 921 699 354 32 393 220 969 439 853 847 185 695 110 828 800 0 817 959 918 221 663 215 224 437 852 515 475 922 605 802 984 574 636 572 347 639 149 17 127 828 652 713 145 289 531 983 823 731 855 711 861 802 680 266 
523 752 173 902 124 765 115 762 94 493 627 972 343 699 138 576 303 727 621 151 206 817 0 140 97 656 817 885 804 25 39 531 57 31 400 521 902 598 721 564 295 279 837 388 897 697 204 538 358 506 182 692 930 462 299 107 444 675 618 423 
818 703 548 428 589 545 159 265 795 719 731 222 168 402 811 716 359 473 908 786 170 959 140 0 382 260 408 410 752 677 94 741 954 144 311 62 481 314 82 988 840 37 523 488 345 237 673 881 634 893 736 96 805 412 467 639 871 246 614 810 
392 215 999 505 759 498 103 379 857 464 426 954 824 591 517 922 427 108 99 699 629 918 97 382 0 763 646 221 764 946 146 840 233 369 853 970 344 286 334 517 838 226 445 547 263 352 337 817 851 924 934 116 902 472 29 802 721 834 602 654 
659 223 288 166 568 319 458 14 529 858 855 226 647 44 819 427 180 730 495 823 799 221 656 260 763 0 552 934 225 648 233 697 72 919 616 462 924 762 68 683 3 103 220 614 220 521 461 991 343 982 583 233 765 986 874 858 72 577 584 672 
553 73 992 858 913 59 350 894 189 601 366 398 498 809 818 475 835 24 88 477 69 663 817 408 646 552 0 971 42 713 470 833 498 304 142 446 891 558 51 702 309 812 521 100 999 400 544 12 233 343 963 745 263 916 392 585 559 495 496 431 
634 475 381 801 484 75 181 858 58 410 398 398 914 808 855 714 329 749 711 847 693 215 885 410 221 934 971 0 545 348 921 306 486 453 214 500 888 904 559 271 307 236 75 77 32 957 100 14 172 864 786 661 320 927 811 44 243 945 291 179 
690 513 603 735 871 164 530 179 194 577 149 380 711 234 339 650 820 753 148 929 497 224 804 752 764 225 42 545 0 253 1 337 28 937 13 110 604 738 584 94 141 87 795 827 230 996 80 520 994 286 647 311 3 676 443 286 854 459 532 15 
582 70 823 471 613 651 840 781 113 141 913 336 878 925 21 946 655 902 87 32 943 437 25 677 946 648 713 348 253 0 592 762 453 191 760 813 442 620 95 49 922 342 457 586 899 358 534 214 250 862 929 115 961 732 429 648 46 825 178 90 
118 340 12 685 966 927 114 372 554 501 692 312 261 800 575 164 535 718 355 428 544 852 39 94 146 233 470 921 1 592 0 72 884 864 499 401 937 797 929 128 263 809 399 489 710 145 535 345 239 177 753 457 761 125 387 430 644 641 394 314 
487 287 11 994 52 492 263 963 615 152 126 712 371 312 156 633 813 422 516 178 34 515 531 741 840 697 833 306 337 762 72 0 790 438 364 106 234 240 206 253 889 813 8 330 985 755 539 647 893 579 843 930 924 181 182 144 521 65 44 499 
627 593 697 851 219 589 438 722 993 162 669 707 752 557 19 195 255 523 137 932 945 475 57 954 233 72 498 486 28 453 884 790 0 31 313 921 899 254 611 442 237 498 27 976 551 936 989 576 723 851 307 377 365 453 910 68 582 636 787 477 
877 862 224 17 154 112 630 518 994 112 150 502 312 676 509 58 805 635 534 250 947 922 31 144 369 919 304 453 937 191 864 438 31 0 821 495 638 978 668 228 122 935 507 239 149 351 48 403 73 613 361 699 953 70 485 254 900 907 269 734 
992 882 101 368 662 80 335 875 700 66 829 63 776 496 593 114 802 986 841 651 226 605 400 311 853 616 142 214 13 760 499 364 313 821 0 267 839 605 982 876 524 244 398 786 232 817 593 431 135 120 23 327 207 337 909 159 888 28 878 483 
15 823 53 42 490 32 809 810 252 581 610 545 39 945 958 617 571 55 440 874 441 802 521 62 970 462 446 500 110 813 401 106 921 495 267 0 474 398 137 428 204 307 834 936 38 836 831 919 325 408 772 166 486 493 396 438 611 588 475 696 
580 759 630 142 458 442 532 571 72 607 556 840 901 677 377 987 146 325 793 425 386 984 902 481 344 924 891 888 604 442 937 234 899 638 839 474 0 910 854 940 194 1 290 412 663 841 755 848 704 459 824 547 143 142 375 371 932 871 279 660 
264 689 990 640 170 484 134 152 196 23 459 676 409 281 913 293 103 662 988 850 848 574 598 314 286 762 558 904 738 620 797 240 254 978 605 398 910 0 386 320 861 703 147 569 415 382 732 501 91 367 441 332 158 596 7 251 154 524 101 908 
164 248 286 909 383 457 426 239 627 920 432 72 906 112 825 556 69 539 554 473 970 636 721 82 334 68 51 559 584 95 929 206 611 668 982 137 854 386 0 160 84 81 158 37 517 695 82 75 78 752 904 862 983 236 653 502 579 480 843 694 
366 850 592 499 534 212 613 232 606 744 660 605 156 19 902 67 335 846 513 225 541 572 564 988 517 683 702 271 94 49 128 253 442 228 876 428 940 320 160 0 315 922 95 210 960 433 476 213 950 462 186 383 552 476 235 846 566 336 742 324 
913 171 635 852 147 523 423 851 836 467 270 27 333 497 883 435 333 77 306 684 252 347 295 840 838 3 309 307 141 922 263 889 237 122 524 204 194 861 84 315 0 142 207 866 498 173 38 713 328 677 839 733 249 529 667 478 216 79 48 211 
949 935 629 813 750 444 977 316 411 962 28 401 269 220 795 45 662 422 382 590 515 639 279 37 226 103 812 236 87 342 809 813 498 935 244 307 1 703 81 922 142 0 299 638 287 475 328 800 669 405 817 739 955 924 774 419 594 337 971 413 
160 141 70 901 68 655 436 23 35 855 469 9 724 341 824 272 320 274 250 467 89 149 837 523 445 220 521 75 795 457 399 8 27 507 398 834 290 147 158 95 207 299 0 354 607 27 649 879 775 568 800 264 395 704 512 860 888 718 768 91 
147 261 831 904 270 119 447 26 942 882 719 755 745 737 545 534 871 958 819 265 935 17 388 488 547 614 100 77 827 586 489 330 976 239 786 936 412 569 37 210 866 638 354 0 34 30 571 567 598 848 471 18 413 696 530 782 215 502 336 555 
962 168 512 583 356 754 509 864 849 677 786 689 284 424 842 951 402 639 338 675 711 127 897 345 263 220 999 32 230 899 710 985 551 149 232 38 663 415 517 960 498 287 607 34 0 408 182 951 185 99 745 470 726 697 424 292 800 778 891 191 
650 573 449 402 972 230 936 133 431 863 270 315 125 226 499 507 393 696 868 626 302 828 697 237 352 521 400 957 996 358 145 755 936 351 817 836 841 382 695 433 173 475 27 30 408 0 670 266 296 310 562 755 5 235 169 420 753 273 771 619 
310 361 138 849 558 383 891 919 405 679 955 168 935 612 99 142 426 67 293 113 112 652 204 673 337 461 544 100 80 534 535 539 989 48 593 831 755 732 82 476 38 328 649 571 182 670 0 749 4 453 586 804 780 945 602 771 773 644 6 654 
927 33 852 594 325 221 169 8 158 391 70 823 417 636 220 629 761 113 38 890 444 713 538 881 817 991 12 14 520 214 345 647 576 403 431 919 848 501 75 213 713 800 879 567 951 266 749 0 188 544 590 480 306 935 320 80 145 125 715 923 
702 624 598 868 112 707 620 981 736 566 555 659 555 964 573 9 531 201 207 466 298 145 358 634 851 343 233 172 994 250 239 893 723 73 135 325 704 91 78 950 328 669 775 598 185 296 4 188 0 574 454 968 153 555 454 533 241 39 127 924 
197 610 380 105 548 16 375 644 697 957 679 598 240 465 962 913 160 929 317 82 509 289 506 893 924 982 343 864 286 862 177 579 851 613 120 408 459 367 752 462 677 405 568 848 99 310 453 544 574 0 683 437 727 156 199 589 440 662 318 459 
912 427 986 187 475 555 162 452 394 750 192 409 712 970 543 59 811 66 30 621 307 531 182 736 934 583 963 786 647 929 753 843 307 361 23 772 824 441 904 186 839 817 800 471 745 562 586 590 454 683 0 777 386 488 389 311 404 764 848 253 
23 559 478 916 662 585 169 455 558 805 868 262 315 527 996 648 409 907 516 665 488 983 692 96 116 233 745 661 311 115 457 930 377 699 327 166 547 332 862 383 733 739 264 18 470 755 804 480 968 437 777 0 198 523 308 70 866 801 455 878 
997 30 81 135 132 555 459 315 363 875 436 356 269 339 598 650 595 32 482 781 874 823 930 805 902 765 263 320 3 961 761 924 365 953 207 486 143 158 983 552 249 955 395 413 726 5 780 306 153 727 386 198 0 909 138 156 480 921 754 282 
15 507 208 802 187 511 116 156 699 262 358 586 933 624 754 738 794 986 31 494 344 731 462 412 472 986 916 927 676 732 125 181 453 70 337 493 142 596 236 476 529 924 704 696 697 235 945 935 555 156 488 523 909 0 793 944 102 569 760 188 
986 717 168 15 74 219 26 773 81 665 614 548 124 278 308 180 399 687 779 218 294 855 299 467 29 874 392 811 443 429 387 182 910 485 909 396 375 7 653 235 667 774 512 530 424 169 602 320 454 199 389 308 138 793 0 280 293 402 862 190 
836 124 825 503 140 701 999 656 21 373 778 456 184 316 60 77 108 241 83 996 947 711 107 639 802 858 585 44 286 648 430 144 68 254 159 438 371 251 502 846 478 419 860 782 292 420 771 80 533 589 311 70 156 944 280 0 788 949 108 54 
535 333 792 978 770 533 524 362 899 501 517 189 984 9 728 313 335 320 812 213 600 861 444 871 721 72 559 243 854 46 644 521 582 900 888 611 932 154 579 566 216 594 888 215 800 753 773 145 241 440 404 866 480 102 293 788 0 143 42 460 
715 496 377 124 318 83 357 253 850 8 29 46 299 297 533 954 180 170 358 191 106 802 675 246 834 577 495 945 459 825 641 65 636 907 28 588 871 524 480 336 79 337 718 502 778 273 644 125 39 662 764 801 921 569 402 949 143 0 340 562 
260 861 325 436 953 886 527 336 820 118 697 644 539 764 983 978 564 950 826 370 880 680 618 614 602 584 496 291 532 178 394 44 787 269 878 475 279 101 843 742 48 971 768 336 891 771 6 715 127 318 848 455 754 760 862 108 42 340 0 342 
582 699 1 799 99 111 146 23 536 930 496 990 633 476 153 176 804 320 949 560 468 266 423 810 654 672 431 179 15 90 314 499 477 734 483 696 660 908 694 324 211 413 91 555 191 619 654 923 924 459 253 878 282 188 190 54 460 562 342 0 
0 837 731 796 603 987 333 410 512 680 890 690 592 906 668 493 134 605 405 86 138 548 49 968 635 46 362 494 617 306 218 976 80 358 598 507 198 663 593 736 913 913 196 514 978 95 366 960 350 574 91 335 813 678 736 609 496 217 204 784 
837 0 608 851 685 495 370 552 235 556 599 386 308 925 531 417 142 108 220 91 985 557 623 708 440 250 945 368 276 304 396 188 459 109 626 367 856 6 177 805 139 70 918 89 914 145 181 800 893 258 205 685 836 155 887 782 56 69 952 357 
731 608 0 411 777 737 858 136 7 886 48 848 223 215 565 746 60 482 973 700 264 260 918 878 17 851 68 55 911 235 828 811 218 654 994 847 757 834 547 667 219 450 397 327 134 117 976 214 767 983 484 325 166 58 486 58 255 834 193 999 
796 851 411 0 628 752 138 412 522 751 4 481 677 124 533 274 49 516 580 867 206 870 245 798 307 990 445 3 464 771 398 48 888 164 573 635 679 883 641 981 937 893 923 912 332 458 450 221 129 400 93 258 122 144 394 86 290 120 408 928 
603 685 777 628 0 783 922 108 287 852 318 396 945 976 424 779 270 111 770 168 795 864 106 46 652 145 458 207 643 75 455 530 568 956 354 822 179 101 383 535 950 86 849 210 524 369 807 142 151 226 16 298 672 773 785 112 306 363 9 519 
987 495 737 752 783 0 365 181 754 222 193 765 826 706 733 42 339 608 419 530 886 147 735 489 614 631 824 535 475 111 265 944 581 736 272 640 134 121 157 505 104 217 466 558 516 488 379 414 384 160 149 376 627 517 119 337 830 131 80 25 
333 370 858 138 922 365 0 973 209 692 718 993 265 468 478 127 93 492 673 65 923 932 936 301 151 398 862 766 814 317 656 640 258 112 900 374 497 121 30 126 317 964 242 76 81 42 477 255 1000 31 856 916 248 163 840 2 321 637 986 921 
410 552 136 412 108 181 973 0 9 894 343 549 189 676 643 109 431 56 84 359 92 309 125 790 585 184 986 617 854 692 25 387 638 236 976 746 292 986 813 546 529 852 346 818 521 670 629 178 930 208 203 742 184 97 620 87 606 455 717 78 
512 235 7 522 287 754 209 9 0 615 62 509 451 675 454 237 287 107 752 644 747 277 599 52 901 689 218 727 152 473 110 471 865 135 152 314 116 878 38 411 268 553 585 629 599 82 224 474 519 890 36 593 976 801 99 527 282 240 148 804 
680 556 886 751 852 222 692 894 615 0 155 487 561 898 1000 72 924 631 771 954 478 183 418 928 620 625 76 154 1 743 308 660 253 529 660 646 557 266 36 203 665 417 652 647 12 551 161 591 863 226 139 898 44 939 738 972 848 944 750 782 
890 599 48 4 318 193 718 343 62 155 0 63 133 69 284 955 745 362 556 137 982 993 154 178 420 814 793 368 203 102 943 944 441 481 122 457 90 347 75 404 598 807 631 352 181 97 440 629 835 991 425 902 535 236 719 835 267 629 110 885 
690 386 848 481 396 765 993 549 509 487 63 0 374 128 811 764 881 552 132 677 642 950 515 628 143 55 343 789 252 337 627 186 913 800 816 742 946 394 889 815 974 409 364 663 743 544 215 992 299 674 71 17 713 741 495 858 214 818 486 880 
592 308 223 677 945 826 265 189 451 561 133 374 0 843 114 642 426 755 535 522 638 400 651 485 445 923 382 407 257 641 759 778 413 283 225 830 685 49 702 249 275 799 691 479 664 365 769 181 520 952 488 431 37 895 123 370 260 491 807 213 
906 925 215 124 976 706 468 676 675 898 69 128 843 0 493 645 871 287 438 844 668 491 2 963 113 677 157 852 851 797 596 20 242 441 484 768 114 374 791 538 189 28 324 245 18 133 103 190 912 678 303 189 840 204 283 837 293 611 873 9 
668 531 565 533 424 733 478 643 454 1000 284 811 114 493 0 412 949 312 578 210 876 918 91 557 350 626 525 432 821 110 406 57 741 757 358 566 187 126 816 152 696 627 491 369 59 332 891 748 189 341 968 25 396 767 778 738 786 792 272 855 
493 417 746 274 779 42 127 109 237 72 955 764 642 645 412 0 468 265 513 263 209 213 345 272 884 846 783 281 69 703 760 145 782 820 733 906 9 294 19 410 67 786 516 103 525 358 265 389 175 823 565 532 491 466 972 423 707 273 63 203 
134 142 60 49 270 339 93 431 287 924 745 881 426 871 949 468 0 657 672 262 584 62 791 767 133 894 636 54 244 459 174 317 622 766 179 417 96 743 179 288 69 655 28 925 311 945 315 364 650 279 956 441 615 537 732 549 306 97 779 804 
605 108 482 516 111 608 492 56 107 631 362 552 755 287 312 265 657 0 528 484 353 466 920 712 310 689 963 411 258 532 215 631 524 761 98 711 71 113 879 792 256 145 546 219 822 827 860 641 234 921 175 808 775 419 901 600 714 414 907 943 
405 220 973 580 770 419 673 84 752 771 556 132 535 438 578 513 672 528 0 452 35 852 960 238 235 217 496 923 50 285 621 400 714 124 295 789 407 735 298 214 39 276 69 752 667 51 570 106 490 368 173 880 223 880 825 56 376 385 867 673 
86 91 700 867 168 530 65 359 644 954 137 677 522 844 210 263 262 484 452 0 87 481 871 130 262 775 885 699 607 737 698 989 439 983 310 288 807 363 422 164 253 836 500 804 703 199 718 94 342 842 336 290 88 257 97 530 954 875 655 789 
138 985 264 206 795 886 923 92 747 478 982 642 638 668 876 209 584 353 35 87 0 63 639 29 208 35 398 54 362 90 514 602 628 603 807 616 315 163 881 922 235 49 65 584 316 938 191 383 297 455 583 205 739 916 463 774 799 41 379 303 
548 557 260 870 864 147 932 309 277 183 993 950 400 491 918 213 62 466 852 481 63 0 576 31 102 201 856 436 251 914 567 323 557 204 366 390 99 180 264 89 439 427 960 157 42 85 712 968 908 128 293 866 383 545 334 798 156 49 891 912 
49 623 918 245 106 735 936 125 599 418 154 515 651 2 91 345 791 920 960 871 639 576 0 999 815 481 93 575 829 482 917 507 700 320 784 141 325 928 391 345 511 721 892 461 653 901 267 111 109 867 233 57 778 79 866 326 218 774 657 370 
968 708 878 798 46 489 301 790 52 928 178 628 485 963 557 272 767 712 238 130 29 31 999 0 305 963 158 87 602 11 48 596 731 592 283 359 702 332 955 429 381 62 151 898 200 359 438 487 774 766 315 820 799 380 825 415 994 841 596 761 
635 440 17 307 652 614 151 585 901 620 420 143 445 113 350 884 133 310 235 262 208 102 815 305 0 400 661 923 844 808 797 579 50 647 987 140 91 342 486 349 457 298 545 362 96 511 762 626 809 216 308 282 112 631 244 766 41 36 54 300 
46 250 851 990 145 631 398 184 689 625 814 55 923 677 626 846 894 689 217 775 35 201 481 963 400 0 678 743 992 713 551 510 73 921 728 955 225 190 831 918 636 639 53 252 489 68 678 251 747 169 829 335 720 725 94 773 742 845 83 537 
362 945 68 445 458 824 862 986 218 76 793 343 382 157 525 783 636 963 496 885 398 856 93 158 661 678 0 190 893 706 931 44 295 162 81 228 439 354 944 500 733 798 398 804 987 994 896 860 735 305 538 123 242 136 670 430 308 882 100 719 
494 368 55 3 207 535 766 617 727 154 368 789 407 852 432 281 54 411 923 699 54 436 575 87 923 743 190 0 663 833 619 998 388 491 917 944 964 901 24 361 13 471 254 704 701 116 778 184 896 972 563 378 127 682 567 953 160 282 346 962 
617 276 911 464 643 475 814 854 152 1 203 252 257 851 821 69 244 258 50 607 362 251 829 602 844 992 893 663 0 420 53 773 560 178 954 70 720 144 709 51 934 730 290 976 766 707 521 761 229 395 335 422 823 985 262 128 389 917 63 139 
306 304 235 771 75 111 317 692 473 743 102 337 641 797 110 703 459 532 285 737 90 914 482 11 808 713 706 833 420 0 871 842 935 72 301 730 954 495 925 461 163 352 302 530 116 722 220 130 654 400 867 777 101 748 331 11 948 824 92 30 
218 396 828 398 455 265 656 25 110 308 943 627 759 596 406 760 174 215 621 698 514 567 917 48 797 551 931 619 53 871 0 673 685 30 143 990 958 543 841 945 590 355 785 888 61 875 510 455 317 629 182 485 397 840 480 945 175 521 235 418 
976 188 811 48 530 944 640 387 471 660 944 186 778 20 57 145 317 631 400 989 602 323 507 596 579 510 44 998 773 842 673 0 815 153 681 879 915 995 615 122 269 629 903 712 248 298 169 426 960 97 382 134 507 601 66 478 912 605 42 184 
80 459 218 888 568 581 258 638 865 253 441 913 413 242 741 782 622 524 714 439 628 557 700 731 50 73 295 388 560 935 685 815 0 435 220 554 624 355 353 276 350 945 609 419 22 290 881 230 78 941 847 757 987 352 413 769 435 519 943 230 
358 109 654 164 956 736 112 236 135 529 481 800 283 441 757 820 766 761 124 983 603 204 320 592 647 921 162 491 178 72 30 153 435 0 20 728 331 336 749 984 418 148 632 349 821 111 42 957 551 869 544 995 171 612 234 564 695 27 705 611 
598 626 994 573 354 272 900 976 152 660 122 816 225 484 358 733 179 98 295 310 807 366 784 283 987 728 81 917 954 301 143 681 220 20 0 775 853 418 636 597 273 738 880 790 235 801 419 535 660 174 169 972 424 353 92 365 952 788 331 959 
507 367 847 635 822 640 374 746 314 646 457 742 830 768 566 906 417 711 789 288 616 390 141 359 140 955 228 944 70 730 990 879 554 728 775 0 757 875 346 386 623 128 658 239 131 184 147 322 938 524 376 615 486 336 190 86 803 107 923 925 
198 856 757 679 179 134 497 292 116 557 90 946 685 114 187 9 96 71 407 807 315 99 325 702 91 225 439 964 720 954 958 915 624 331 853 757 0 55 421 13 908 510 227 43 462 858 177 579 880 361 772 497 119 1 436 395 12 851 706 703 
663 6 834 883 101 121 121 986 878 266 347 394 49 374 126 294 743 113 735 363 163 180 928 332 342 190 354 901 144 495 543 995 355 336 418 875 55 0 121 289 156 738 187 581 401 742 659 986 650 797 374 450 28 633 919 358 662 925 373 857 
593 177 547 641 383 157 30 813 38 36 75 889 702 791 816 19 179 879 298 422 881 264 391 955 486 831 944 24 709 925 841 615 353 749 636 346 421 121 0 247 169 186 620 849 156 833 775 681 359 229 762 394 528 36 241 21 737 419 192 9 
736 805 667 981 535 505 126 546 411 203 404 815 249 538 152 410 288 792 214 164 922 89 345 429 349 918 500 361 51 461 945 122 276 984 597 386 13 289 247 0 907 688 126 916 211 369 976 506 338 373 137 467 617 628 859 106 727 647 593 588 
913 139 219 937 950 104 317 529 268 665 598 974 275 189 696 67 69 256 39 253 235 439 511 381 457 636 733 13 934 163 590 269 350 418 273 623 908 156 169 907 0 444 580 705 311 455 736 124 466 274 572 14 955 454 339 514 874 127 420 345 
913 70 450 893 86 217 964 852 553 417 807 409 799 28 627 786 655 145 276 836 49 427 721 62 298 639 798 471 730 352 355 629 945 148 738 128 510 738 186 688 444 0 870 742 898 892 370 986 421 200 561 22 181 551 371 923 935 94 237 54 
196 918 397 923 849 466 242 346 585 652 631 364 691 324 491 516 28 546 69 500 65 960 892 151 545 53 398 254 290 302 785 903 609 632 880 658 227 187 620 126 580 870 0 136 647 358 430 382 702 190 42 790 92 607 52 678 598 204 47 660 
514 89 327 912 210 558 76 818 629 647 352 663 479 245 369 103 925 219 752 804 584 157 461 898 362 252 804 704 976 530 888 712 419 349 790 239 43 581 849 916 705 742 136 0 196 861 655 961 825 438 746 594 142 344 902 664 495 73 493 170 
978 914 134 332 524 516 81 521 599 12 181 743 664 18 59 525 311 822 667 703 316 42 653 200 96 489 987 701 766 116 61 248 22 821 235 131 462 401 156 211 311 898 647 196 0 536 127 917 21 800 341 982 617 128 432 403 486 210 871 515 
95 145 117 458 369 488 42 670 82 551 97 544 365 133 332 358 945 827 51 199 938 85 901 359 511 68 994 116 707 722 875 298 290 111 801 184 858 742 833 369 455 892 358 861 536 0 237 708 341 260 182 660 358 794 424 819 494 952 879 382 
366 181 976 450 807 379 477 629 224 161 440 215 769 103 891 265 315 860 570 718 191 712 267 438 762 678 896 778 521 220 510 169 881 42 419 147 177 659 775 976 736 370 430 655 127 237 0 134 728 862 37 437 261 682 353 342 642 181 814 929 
960 800 214 221 142 414 255 178 474 591 629 992 181 190 748 389 364 641 106 94 383 968 111 487 626 251 860 184 761 130 455 426 230 957 535 322 579 986 681 506 124 986 382 961 917 708 134 0 608 412 733 397 362 722 166 898 848 631 139 926 
350 893 767 129 151 384 1000 930 519 863 835 299 520 912 189 175 650 234 490 342 297 908 109 774 809 747 735 896 229 654 317 960 78 551 660 938 880 650 359 338 466 421 702 825 21 341 728 608 0 263 760 48 354 546 201 135 14 74 284 77 
574 258 983 400 226 160 31 208 890 226 991 674 952 678 341 823 279 921 368 842 455 128 867 766 216 169 305 972 395 400 629 97 941 869 174 524 361 797 229 373 274 200 190 438 800 260 862 412 263 0 223 907 565 338 918 960 752 818 28 631 
91 205 484 93 16 149 856 203 36 139 425 71 488 303 968 565 956 175 173 336 583 293 233 315 308 829 538 563 335 867 182 382 847 544 169 376 772 374 762 137 572 561 42 746 341 182 37 733 760 223 0 63 71 611 592 612 126 201 300 3 
335 685 325 258 298 376 916 742 593 898 902 17 431 189 25 532 441 808 880 290 205 866 57 820 282 335 123 378 422 777 485 134 757 995 972 615 497 450 394 467 14 22 790 594 982 660 437 397 48 907 63 0 489 143 161 377 108 797 78 36 
813 836 166 122 672 627 248 184 976 44 535 713 37 840 396 491 615 775 223 88 739 383 778 799 112 720 242 127 823 101 397 507 987 171 424 486 119 28 528 617 955 181 92 142 617 358 261 362 354 565 71 489 0 461 787 964 315 75 810 265 
678 155 58 144 773 517 163 97 801 939 236 741 895 204 767 466 537 419 880 257 916 545 79 380 631 725 136 682 985 748 840 601 352 612 353 336 1 633 36 628 454 551 607 344 128 794 682 722 546 338 611 143 461 0 355 884 321 482 543 765 
736 887 486 394 785 119 840 620 99 738 719 495 123 283 778 972 732 901 825 97 463 334 866 825 244 94 670 567 262 331 480 66 413 234 92 190 436 919 241 859 339 371 52 902 432 424 353 166 201 918 592 161 787 355 0 172 233 532 900 285 
609 782 58 86 112 337 2 87 527 972 835 858 370 837 738 423 549 600 56 530 774 798 326 415 766 773 430 953 128 11 945 478 769 564 365 86 395 358 21 106 514 923 678 664 403 819 342 898 135 960 612 377 964 884 172 0 524 435 108 377 
496 56 255 290 306 830 321 606 282 848 267 214 260 293 786 707 306 714 376 954 799 156 218 994 41 742 308 160 389 948 175 912 435 695 952 803 12 662 737 727 874 935 598 495 486 494 642 848 14 752 126 108 315 321 233 524 0 414 754 951 
217 69 834 120 363 131 637 455 240 944 629 818 491 611 792 273 97 414 385 875 41 49 774 841 36 845 882 282 917 824 521 605 519 27 788 107 851 925 419 647 127 94 204 73 210 952 181 631 74 818 201 797 75 482 532 435 414 0 558 403 
204 952 193 408 9 80 986 717 148 750 110 486 807 873 272 63 779 907 867 655 379 891 657 596 54 83 100 346 63 92 235 42 943 705 331 923 706 373 192 593 420 237 47 493 871 879 814 139 284 28 300 78 810 543 900 108 754 558 0 679 
784 357 999 928 519 25 921 78 804 782 885 880 213 9 855 203 804 943 673 789 303 912 370 761 300 537 719 962 139 30 418 184 230 611 959 925 703 857 9 588 345 54 660 170 515 382 929 926 77 631 3 36 265 765 285 377 951 403 679 0 
0 167 555 142 500 42 691 556 546 326 308 279 344 161 383 419 781 324 451 967 864 474 913 175 394 817 667 622 139 627 920 80 943 916 279 586 737 65 543 411 392 87 791 448 67 921 774 51 629 513 909 867 279 337 192 423 552 736 916 272 
167 0 375 288 328 458 706 445 607 437 398 589 530 1 316 397 755 953 599 833 34 463 428 378 582 534 114 719 668 742 530 603 506 918 305 623 100 941 715 166 829 892 45 869 50 960 585 344 298 669 841 331 178 665 114 225 847 841 66 757 
555 375 0 611 292 160 135 945 906 130 964 104 799 664 460 258 889 510 116 458 681 614 73 202 1000 270 908 926 74 613 247 274 670 224 81 254 250 306 695 139 808 709 678 721 921 949 7 875 203 32 541 689 775 896 408 913 753 10 783 15 
142 288 611 0 355 277 827 762 443 172 795 612 483 827 509 750 881 522 436 146 755 64 741 103 757 105 538 922 480 206 604 906 115 929 442 348 452 130 238 82 233 150 167 98 717 574 553 850 999 790 948 612 892 918 579 993 685 847 501 22 
500 328 292 355 0 94 66 872 859 119 506 727 160 32 608 377 665 799 80 721 89 106 893 976 359 932 490 795 219 774 718 365 513 26 595 258 846 832 841 564 122 878 267 796 470 677 143 959 646 760 863 627 139 264 47 989 744 606 885 652 
42 458 160 277 94 0 675 923 157 803 956 253 247 144 253 890 770 369 729 692 286 790 113 572 235 335 145 524 593 905 820 178 419 174 752 463 681 940 769 297 822 838 459 546 513 491 608 629 548 790 828 490 451 548 940 609 326 879 860 1000 
691 706 135 827 66 675 0 167 758 418 236 14 681 346 348 925 830 435 363 883 106 78 78 541 910 596 1 398 433 681 366 408 916 892 79 580 599 767 949 957 595 57 660 889 863 914 456 814 81 877 193 104 521 954 132 949 574 319 93 1 
556 445 945 762 872 923 167 0 812 202 747 547 900 305 392 875 557 786 871 726 942 611 744 59 240 872 112 280 208 338 847 569 205 875 131 369 786 89 110 477 347 48 890 125 756 417 457 900 90 944 685 240 835 891 339 886 414 415 331 934 
546 607 906 443 859 157 758 812 0 393 991 526 521 224 648 793 729 975 164 424 268 880 449 689 218 383 855 467 725 489 860 703 17 998 858 826 886 87 935 476 910 562 363 231 452 851 973 569 620 64 924 347 82 249 937 531 789 702 883 250 
326 437 130 172 119 803 418 202 393 0 783 712 468 72 8 800 248 441 217 259 577 957 519 207 424 343 981 839 972 215 686 378 557 341 252 220 433 621 964 649 153 718 203 317 914 518 896 496 112 733 856 163 936 156 320 106 109 10 187 58 
308 398 964 795 506 956 236 747 991 783 0 875 758 922 726 116 143 507 605 806 50 29 926 764 484 259 272 584 750 781 177 133 491 576 913 630 969 643 985 605 372 237 257 708 663 866 673 520 152 54 540 103 471 715 234 74 723 441 835 65 
279 589 104 612 727 253 14 547 526 712 875 0 634 954 162 238 125 260 879 265 519 25 373 369 816 851 744 195 659 671 310 800 21 281 125 183 67 769 86 21 159 650 734 304 459 323 992 46 855 195 884 929 349 352 522 71 949 145 480 144 
344 530 799 483 160 247 681 900 521 468 758 634 0 375 734 468 532 330 645 526 397 766 306 448 733 232 601 627 664 382 93 368 447 708 836 239 407 985 261 682 607 321 391 594 287 476 284 806 450 209 729 382 863 52 924 747 611 591 215 821 
161 1 664 827 32 144 346 305 224 72 922 954 375 0 428 384 300 712 454 224 272 632 845 121 816 135 955 133 183 128 311 981 830 553 542 215 846 463 300 356 840 784 715 797 841 880 832 752 171 184 675 700 239 923 826 110 620 400 70 896 
383 316 460 509 608 253 348 392 648 8 726 162 734 428 0 711 40 866 362 870 167 88 856 555 718 358 430 623 161 872 533 849 336 367 630 543 868 815 115 758 287 205 574 479 921 619 54 131 934 632 138 888 520 284 275 162 124 203 820 150 
419 397 258 750 377 890 925 875 793 800 116 238 468 384 711 0 734 902 526 758 680 845 708 759 98 279 349 698 932 217 146 888 226 344 23 114 889 647 917 480 910 62 633 949 462 618 440 327 943 244 472 582 581 299 54 505 357 650 998 801 
781 755 889 881 665 770 830 557 729 248 143 125 532 300 40 734 0 418 201 816 286 978 208 191 898 95 202 876 783 520 876 569 351 229 870 626 850 321 896 797 921 398 885 16 645 81 581 410 157 690 105 522 432 454 338 524 646 823 189 198 
324 953 510 522 799 369 435 786 975 441 507 260 330 712 866 902 418 0 586 321 735 481 125 541 660 438 88 748 825 632 600 541 613 231 932 181 855 873 210 202 956 914 558 785 508 239 199 360 928 194 774 119 172 593 341 480 159 584 153 124 
451 599 116 436 80 729 363 871 164 217 605 879 645 454 362 526 201 586 0 595 974 164 105 752 634 811 514 55 860 560 433 667 190 663 793 310 519 223 745 790 814 840 906 412 336 985 563 703 459 683 748 139 943 169 281 759 655 392 48 394 
967 833 458 146 721 692 883 726 424 259 806 265 526 224 870 758 816 321 595 0 840 454 173 974 646 234 65 301 458 283 387 36 541 66 837 869 99 513 407 834 734 381 583 33 217 606 317 879 751 266 576 845 895 710 963 657 171 218 366 115 
864 34 681 755 89 286 106 942 268 577 50 519 397 272 167 680 286 735 974 840 0 709 182 850 710 891 457 753 645 821 499 426 475 509 171 280 802 664 71 56 781 890 947 740 710 171 617 620 746 471 318 794 292 49 499 170 90 831 456 610 
474 463 614 64 106 790 78 611 880 957 29 25 766 632 88 845 978 481 164 454 709 0 362 922 946 725 151 695 684 181 472 543 339 689 820 879 835 852 719 743 583 620 28 796 971 747 401 98 127 731 809 226 858 455 683 411 660 837 90 182 
913 428 73 741 893 113 78 744 449 519 926 373 306 845 856 708 208 125 105 173 182 362 0 98 64 540 927 415 367 543 104 359 191 791 269 863 871 135 639 660 518 446 305 586 322 156 608 881 897 236 827 981 206 895 390 719 766 176 341 629 
175 378 202 103 976 572 541 59 689 207 764 369 448 121 555 759 191 541 752 974 850 922 98 0 744 54 973 859 380 891 895 294 449 343 742 842 401 755 63 576 708 922 905 6 800 608 628 590 197 160 690 429 371 754 89 571 168 192 319 276 
394 582 1000 757 359 235 910 240 218 424 484 816 733 816 718 98 898 660 634 646 710 946 64 744 0 579 276 197 107 163 78 426 923 362 76 984 859 719 489 489 570 774 489 710 971 648 181 403 74 698 593 867 932 330 642 164 979 825 998 715 
817 534 270 105 932 335 596 872 383 343 259 851 232 135 358 279 95 438 811 234 891 725 540 54 579 0 266 18 164 530 464 400 914 67 155 215 675 663 296 36 577 548 828 867 532 907 367 699 83 888 127 702 250 357 985 423 281 149 990 382 
667 114 908 538 490 145 1 112 855 981 272 744 601 955 430 349 202 88 514 65 457 151 927 973 276 266 0 891 223 207 96 960 640 731 955 558 462 602 19 627 314 55 522 141 289 7 251 330 319 674 344 800 778 745 448 437 661 172 737 208 
622 719 926 922 795 524 398 280 467 839 584 195 627 133 623 698 876 748 55 301 753 695 415 859 197 18 891 0 374 274 512 242 679 763 118 33 106 128 853 697 999 590 686 301 490 872 197 901 70 53 184 597 818 392 272 42 930 678 532 28 
139 668 74 480 219 593 433 208 725 972 750 659 664 183 161 932 783 825 860 458 645 684 367 380 107 164 223 374 0 765 769 440 460 584 148 876 341 742 281 880 121 245 701 32 144 282 587 152 710 626 585 750 151 233 743 880 875 5 885 855 
627 742 613 206 774 905 681 338 489 215 781 671 382 128 872 217 520 632 560 283 821 181 543 891 163 530 207 274 765 0 173 177 50 937 612 386 64 480 91 554 803 628 725 381 837 324 889 888 317 596 198 68 923 188 563 964 149 183 866 859 
920 530 247 604 718 820 366 847 860 686 177 310 93 311 533 146 876 600 433 387 499 472 104 895 78 464 96 512 769 173 0 331 401 935 939 65 17 351 357 81 304 528 275 237 860 3 637 472 766 332 870 530 681 324 557 68 643 364 584 629 
80 603 274 906 365 178 408 569 703 378 133 800 368 981 849 888 569 541 667 36 426 543 359 294 426 400 960 242 440 177 331 0 179 910 443 154 167 77 271 819 852 418 61 200 900 712 724 558 60 837 801 890 551 552 907 447 46 555 953 784 
943 506 670 115 513 419 916 205 17 557 491 21 447 830 336 226 351 613 190 541 475 339 191 449 923 914 640 679 460 50 401 179 0 618 866 507 357 565 770 563 471 90 270 467 829 746 87 629 757 21 272 107 85 527 655 307 318 407 126 682 
916 918 224 929 26 174 892 875 998 341 576 281 708 553 367 344 229 231 663 66 509 689 791 343 362 67 731 763 584 937 935 910 618 0 965 169 717 642 281 121 594 874 442 537 386 733 818 27 425 213 614 4 990 257 800 419 319 806 435 354 
279 305 81 442 595 752 79 131 858 252 913 125 836 542 630 23 870 932 793 837 171 820 269 742 76 155 955 118 148 612 939 443 866 965 0 175 105 383 414 451 817 451 87 124 737 226 523 544 215 920 871 44 439 469 834 769 56 255 620 306 
586 623 254 348 258 463 580 369 826 220 630 183 239 215 543 114 626 181 310 869 280 879 863 842 984 215 558 33 876 386 65 154 507 169 175 0 111 42 709 496 498 991 375 842 865 856 774 751 76 439 715 493 501 710 940 856 242 960 71 67 
737 100 250 452 846 681 599 786 886 433 969 67 407 846 868 889 850 855 519 99 802 835 871 401 859 675 462 106 341 64 17 167 357 717 105 111 0 957 757 982 190 575 755 975 413 284 876 266 47 525 359 546 1000 963 657 657 811 271 167 239 
65 941 306 130 832 940 767 89 87 621 643 769 985 463 815 647 321 873 223 513 664 852 135 755 719 663 602 128 742 480 351 77 565 642 383 42 957 0 997 787 738 360 769 480 652 298 238 92 368 138 651 623 951 256 11 572 549 234 666 163 
543 715 695 238 841 769 949 110 935 964 985 86 261 300 115 917 896 210 745 407 71 719 639 63 489 296 19 853 281 91 357 271 770 281 414 709 757 997 0 792 917 818 529 12 715 182 237 221 711 881 250 562 541 985 666 890 384 472 778 980 
411 166 139 82 564 297 957 477 476 649 605 21 682 356 758 480 797 202 790 834 56 743 660 576 489 36 627 697 880 554 81 819 563 121 451 496 982 787 792 0 137 251 833 96 905 719 21 407 875 635 953 435 147 575 210 845 296 501 482 493 
392 829 808 233 122 822 595 347 910 153 372 159 607 840 287 910 921 956 814 734 781 583 518 708 570 577 314 999 121 803 304 852 471 594 817 498 190 738 917 137 0 617 385 377 727 464 246 932 465 764 457 944 40 705 611 695 235 827 579 704 
87 892 709 150 878 838 57 48 562 718 237 650 321 784 205 62 398 914 840 381 890 620 446 922 774 548 55 590 245 628 528 418 90 874 451 991 575 360 818 251 617 0 222 222 116 72 723 112 649 802 568 836 955 306 605 67 201 934 873 975 
791 45 678 167 267 459 660 890 363 203 257 734 391 715 574 633 885 558 906 583 947 28 305 905 489 828 522 686 701 725 275 61 270 442 87 375 755 769 529 833 385 222 0 978 560 648 565 595 303 897 861 70 922 286 948 363 419 757 975 366 
448 869 721 98 796 546 889 125 231 317 708 304 594 797 479 949 16 785 412 33 740 796 586 6 710 867 141 301 32 381 237 200 467 537 124 842 975 480 12 96 377 222 978 0 890 64 320 46 264 643 255 377 770 626 4 356 633 889 426 805 
67 50 921 717 470 513 863 756 452 914 663 459 287 841 921 462 645 508 336 217 710 971 322 800 971 532 289 490 144 837 860 900 829 386 737 865 413 652 715 905 727 116 560 890 0 262 811 146 997 153 657 217 366 591 381 626 474 607 165 576 
921 960 949 574 677 491 914 417 851 518 866 323 476 880 619 618 81 239 985 606 171 747 156 608 648 907 7 872 282 324 3 712 746 733 226 856 284 298 182 719 464 72 648 64 262 0 653 202 747 820 910 384 591 341 543 226 574 75 21 597 
774 585 7 553 143 608 456 457 973 896 673 992 284 832 54 440 581 199 563 317 617 401 608 628 181 367 251 197 587 889 637 724 87 818 523 774 876 238 237 21 246 723 565 320 811 653 0 932 413 237 931 454 861 351 644 442 440 774 322 192 
51 344 875 850 959 629 814 900 569 496 520 46 806 752 131 327 410 360 703 879 620 98 881 590 403 699 330 901 152 888 472 558 629 27 544 751 266 92 221 407 932 112 595 46 146 202 932 0 489 683 192 734 628 314 757 106 214 348 762 156 
629 298 203 999 646 548 81 90 620 112 152 855 450 171 934 943 157 928 459 751 746 127 897 197 74 83 319 70 710 317 766 60 757 425 215 76 47 368 711 875 465 649 303 264 997 747 413 489 0 705 129 947 735 366 806 914 982 886 751 952 
513 669 32 790 760 790 877 944 64 733 54 195 209 184 632 244 690 194 683 266 471 731 236 160 698 888 674 53 626 596 332 837 21 213 920 439 525 138 881 635 764 802 897 643 153 820 237 683 705 0 623 64 395 841 9 35 391 250 849 398 
909 841 541 948 863 828 193 685 924 856 540 884 729 675 138 472 105 774 748 576 318 809 827 690 593 127 344 184 585 198 870 801 272 614 871 715 359 651 250 953 457 568 861 255 657 910 931 192 129 623 0 753 925 544 216 334 732 719 581 865 
867 331 689 612 627 490 104 240 347 163 103 929 382 700 888 582 522 119 139 845 794 226 981 429 867 702 800 597 750 68 530 890 107 4 44 493 546 623 562 435 944 836 70 377 217 384 454 734 947 64 753 0 485 897 770 596 752 322 721 948 
279 178 775 892 139 451 521 835 82 936 471 349 863 239 520 581 432 172 943 895 292 858 206 371 932 250 778 818 151 923 681 551 85 990 439 501 1000 951 541 147 40 955 922 770 366 591 861 628 735 395 925 485 0 488 156 363 648 856 324 667 
337 665 896 918 264 548 954 891 249 156 715 352 52 923 284 299 454 593 169 710 49 455 895 754 330 357 745 392 233 188 324 552 527 257 469 710 963 256 985 575 705 306 286 626 591 341 351 314 366 841 544 897 488 0 647 248 635 396 411 362 
192 114 408 579 47 940 132 339 937 320 234 522 924 826 275 54 338 341 281 963 499 683 390 89 642 985 448 272 743 563 557 907 655 800 834 940 657 11 666 210 611 605 948 4 381 543 644 757 806 9 216 770 156 647 0 818 718 506 105 750 
423 225 913 993 989 609 949 886 531 106 74 71 747 110 162 505 524 480 759 657 170 411 719 571 164 423 437 42 880 964 68 447 307 419 769 856 657 572 890 845 695 67 363 356 626 226 442 106 914 35 334 596 363 248 818 0 472 466 700 584 
552 847 753 685 744 326 574 414 789 109 723 949 611 620 124 357 646 159 655 171 90 660 766 168 979 281 661 930 875 149 643 46 318 319 56 242 811 549 384 296 235 201 419 633 474 574 440 214 982 391 732 752 648 635 718 472 0 605 205 110 
736 841 10 847 606 879 319 415 702 10 441 145 591 400 203 650 823 584 392 218 831 837 176 192 825 149 172 678 5 183 364 555 407 806 255 960 271 234 472 501 827 934 757 889 607 75 774 348 886 250 719 322 856 396 506 466 605 0 309 531 
916 66 783 501 885 860 93 331 883 187 835 480 215 70 820 998 189 153 48 366 456 90 341 319 998 990 737 532 885 866 584 953 126 435 620 71 167 666 778 482 579 873 975 426 165 21 322 762 751 849 581 721 324 411 105 700 205 309 0 451 
272 757 15 22 652 1000 1 934 250 58 65 144 821 896 150 801 198 124 394 115 610 182 629 276 715 382 208 28 855 859 629 784 682 354 306 67 239 163 980 493 704 975 366 805 576 597 192 156 952 398 865 948 667 362 750 584 110 531 451 0 
0 158 311 311 459 108 735 637 609 244 65 185 336 179 412 671 716 336 661 836 912 642 879 212 295 812 642 454 505 787 880 180 887 660 495 463 950 302 278 208 248 172 641 577 85 937 692 64 604 497 882 702 139 444 118 315 470 750 771 183 
158 0 339 230 124 523 559 541 817 569 602 323 643 172 315 398 847 893 906 787 240 473 369 254 480 824 6 639 655 733 611 804 436 914 401 611 120 996 908 178 769 799 83 785 120 781 720 174 262 752 539 342 195 940 53 173 978 899 189 465 
311 339 0 582 264 380 127 988 921 107 892 181 943 834 524 198 882 463 104 257 782 630 3 257 986 196 934 898 102 964 55 4 808 360 103 77 212 205 358 588 898 391 848 462 857 816 164 786 276 44 505 606 781 961 509 826 478 139 706 110 
311 230 582 0 174 194 862 565 661 254 937 588 416 820 345 761 952 472 572 185 931 85 888 103 749 26 568 676 514 214 615 848 105 826 479 274 254 118 337 19 195 72 255 71 814 554 545 641 883 696 836 695 910 860 530 992 689 842 554 138 
459 124 264 174 0 233 117 810 820 68 659 689 24 52 585 258 884 782 189 811 388 225 840 975 324 679 258 757 640 821 389 680 315 183 776 167 717 978 611 413 63 788 205 676 346 552 363 600 941 763 876 768 419 355 365 963 856 719 933 579 
108 523 380 194 233 0 718 942 256 981 715 408 256 284 334 913 758 242 602 369 155 780 270 533 506 477 261 283 406 839 500 62 430 272 768 432 760 641 832 324 837 972 681 372 486 631 405 533 379 809 757 779 385 573 850 767 102 763 830 972 
735 559 127 862 117 718 0 290 625 282 367 30 547 831 416 773 975 580 372 799 2 54 257 788 814 726 298 234 317 732 282 523 757 883 107 643 383 902 917 892 744 152 757 995 913 816 486 818 78 911 274 55 680 837 184 987 936 381 36 39 
637 541 988 565 810 942 290 0 866 53 611 459 776 483 396 887 600 876 750 454 959 775 807 256 240 887 98 423 191 231 867 573 345 993 155 348 757 22 142 596 341 201 678 165 378 223 481 795 207 622 862 206 889 925 102 902 344 477 439 996 
609 817 921 661 820 256 625 866 0 291 958 586 477 384 619 648 923 873 333 233 426 657 378 831 81 531 744 337 729 445 905 464 336 842 942 569 904 184 891 487 848 320 226 564 528 817 758 442 377 19 751 284 146 155 904 420 816 800 740 218 
244 569 107 254 68 981 282 53 291 0 808 499 473 70 86 851 79 452 181 149 219 606 532 37 632 374 989 784 842 339 715 446 698 395 457 234 546 645 1000 834 195 649 337 311 843 374 905 544 140 924 953 251 951 155 240 28 185 295 144 287 
65 602 892 937 659 715 367 611 958 808 0 808 769 837 750 161 426 608 587 789 57 181 871 898 511 176 143 736 726 870 112 135 352 445 864 627 982 774 920 743 509 154 345 708 852 941 320 456 291 222 473 23 264 657 291 237 718 430 764 113 
185 323 181 588 689 408 30 459 586 499 808 0 533 960 108 46 155 374 673 396 405 195 504 465 820 878 606 127 894 693 330 900 14 224 296 320 38 426 207 127 70 547 705 357 140 347 700 22 875 218 945 811 304 130 668 216 738 136 474 168 
336 643 943 416 24 256 547 776 477 473 769 533 0 83 760 301 494 362 429 510 338 568 494 644 625 208 594 591 709 131 255 444 637 827 557 34 280 939 438 746 692 351 318 568 268 654 224 701 252 131 424 391 815 28 891 622 853 591 169 781 
179 172 834 820 52 284 831 483 384 70 837 960 83 0 368 441 239 725 630 338 178 513 877 129 870 393 914 164 192 216 360 987 804 530 669 101 956 530 163 474 721 899 700 635 975 801 1000 952 194 377 475 851 56 684 896 25 855 197 195 908 
412 315 524 345 585 334 416 396 619 86 750 108 760 368 0 452 24 735 389 794 64 35 985 525 625 287 582 412 405 814 751 911 185 358 695 441 930 795 208 697 354 374 563 666 893 539 76 171 646 673 141 833 647 199 233 501 167 145 774 129 
671 398 198 761 258 913 773 887 648 851 161 46 301 441 452 0 587 757 385 755 779 896 678 794 31 88 305 867 796 190 122 751 219 366 189 122 885 802 917 467 970 248 634 930 563 600 620 529 714 192 566 483 513 646 58 465 455 919 962 710 
716 847 882 952 884 758 975 600 923 79 426 155 494 239 24 587 0 98 302 812 316 899 200 380 757 167 380 988 674 513 637 675 554 258 883 698 794 230 722 818 976 408 784 158 727 12 613 637 313 777 42 601 285 541 184 464 665 985 106 335 
336 893 463 472 782 242 580 876 873 452 608 374 362 725 735 757 98 0 468 622 629 520 34 203 690 182 22 497 683 486 795 648 407 202 748 452 816 691 154 132 954 765 333 767 131 192 157 440 769 24 672 192 204 591 110 468 315 601 8 19 
661 906 104 572 189 602 372 750 333 181 587 673 429 630 389 385 302 468 0 587 941 456 144 828 720 897 540 79 982 653 501 589 367 946 818 78 635 135 824 684 920 631 982 276 404 901 461 684 618 605 796 97 685 19 289 814 504 545 174 282 
836 787 257 185 811 369 799 454 233 149 789 396 510 338 794 755 812 622 587 0 730 516 348 789 665 403 304 386 267 259 134 65 512 122 690 624 152 543 565 838 752 256 583 342 378 653 142 985 763 258 820 731 991 688 738 557 110 131 281 330 
912 240 782 931 388 155 2 959 426 219 57 405 338 178 64 779 316 629 941 730 0 950 504 875 608 781 732 848 662 861 440 421 484 339 299 568 789 821 68 52 758 941 848 466 681 1 954 583 593 551 585 740 252 91 504 119 215 681 627 838 
642 473 630 85 225 780 54 775 657 606 181 195 568 513 35 896 899 520 456 516 950 0 483 939 749 824 466 381 805 117 295 601 470 971 723 483 666 925 682 811 538 665 17 896 991 926 246 133 65 681 741 19 774 311 648 222 718 938 262 225 
879 369 3 888 840 270 257 807 378 532 871 504 494 877 985 678 200 34 144 348 504 483 0 137 56 474 757 486 282 546 229 655 176 776 170 961 613 222 670 562 474 357 246 422 367 194 649 902 947 189 607 866 279 959 138 742 889 463 444 782 
212 254 257 103 975 533 788 256 831 37 898 465 644 129 525 794 380 203 828 789 875 939 137 0 885 29 850 832 338 945 864 527 344 342 728 651 115 522 70 687 561 877 616 50 761 630 467 448 334 171 778 83 193 628 270 639 108 321 414 107 
295 480 986 749 324 506 814 240 81 632 511 820 625 870 625 31 757 690 720 665 608 749 56 885 0 635 464 143 79 139 138 314 951 297 111 894 910 651 775 613 679 839 413 696 950 588 234 534 122 608 726 561 811 134 697 434 942 837 960 692 
812 824 196 26 679 477 726 887 531 374 176 878 208 393 287 88 167 182 897 403 781 824 474 29 635 0 292 252 81 127 440 280 950 78 84 96 943 954 216 107 391 377 986 873 466 904 442 407 322 973 158 793 344 211 940 253 404 252 991 355 
642 6 934 568 258 261 298 98 744 989 143 606 594 914 582 305 380 22 540 304 732 466 757 850 464 292 0 763 4 284 73 769 705 867 972 625 753 633 113 505 68 98 647 240 165 244 156 150 275 599 280 821 764 847 365 480 831 261 863 318 
454 639 898 676 757 283 234 423 337 784 736 127 591 164 412 867 988 497 79 386 848 381 486 832 143 252 763 0 624 139 443 7 467 553 127 120 4 208 902 557 892 406 862 88 381 871 300 738 234 32 427 533 748 311 325 218 778 675 738 212 
505 655 102 514 640 406 317 191 729 842 726 894 709 192 405 796 674 683 982 267 662 805 282 338 79 81 4 624 0 635 848 308 492 805 144 957 409 647 219 833 45 198 999 136 321 281 568 222 734 713 624 524 225 113 711 844 609 83 950 910 
787 733 964 214 821 839 732 231 445 339 870 693 131 216 814 190 513 486 653 259 861 117 546 945 139 127 284 139 635 0 130 137 60 894 642 119 34 737 44 426 746 640 713 546 778 124 841 875 280 652 4 6 835 218 703 988 4 269 989 924 
880 611 55 615 389 500 282 867 905 715 112 330 255 360 751 122 637 795 501 134 440 295 229 864 138 440 73 443 848 130 0 438 101 753 900 86 46 584 414 74 470 709 133 281 949 189 505 601 634 375 888 549 590 184 455 146 602 343 641 613 
180 804 4 848 680 62 523 573 464 446 135 900 444 987 911 751 675 648 589 65 421 601 655 527 314 280 769 7 308 137 438 0 232 944 315 157 69 13 500 892 729 254 89 239 883 615 882 657 46 996 486 890 257 408 772 649 78 419 826 932 
887 436 808 105 315 430 757 345 336 698 352 14 637 804 185 219 554 407 367 512 484 470 176 344 951 950 705 467 492 60 101 232 0 439 853 486 327 712 717 694 657 72 213 493 881 833 282 741 937 157 181 223 177 538 548 331 595 439 268 973 
660 914 360 826 183 272 883 993 842 395 445 224 827 530 358 366 258 202 946 122 339 971 776 342 297 78 867 553 805 894 753 944 439 0 925 317 857 681 176 24 569 767 336 786 43 868 902 93 497 124 421 257 780 516 928 486 349 977 352 384 
495 401 103 479 776 768 107 155 942 457 864 296 557 669 695 189 883 748 818 690 299 723 170 728 111 84 972 127 144 642 900 315 853 925 0 296 117 476 380 537 756 343 98 141 917 297 600 409 506 814 863 238 581 716 805 688 73 207 735 88 
463 611 77 274 167 432 643 348 569 234 627 320 34 101 441 122 698 452 78 624 568 483 961 651 894 96 625 120 957 119 86 157 486 317 296 0 295 102 645 658 452 847 328 847 803 745 794 586 39 634 652 554 552 896 854 968 160 930 157 121 
950 120 212 254 717 760 383 757 904 546 982 38 280 956 930 885 794 816 635 152 789 666 613 115 910 943 753 4 409 34 46 69 327 857 117 295 0 957 665 958 115 638 768 974 527 163 886 512 106 874 451 400 835 971 508 679 885 132 211 291 
302 996 205 118 978 641 902 22 184 645 774 426 939 530 795 802 230 691 135 543 821 925 222 522 651 954 633 208 647 737 584 13 712 681 476 102 957 0 671 897 921 229 734 462 701 344 311 60 453 245 638 520 950 546 110 559 321 234 668 70 
278 908 358 337 611 832 917 142 891 1000 920 207 438 163 208 917 722 154 824 565 68 682 670 70 775 216 113 902 219 44 414 500 717 176 380 645 665 671 0 907 841 950 380 170 823 264 444 285 583 781 486 737 411 972 795 923 328 565 800 914 
208 178 588 19 413 324 892 596 487 834 743 127 746 474 697 467 818 132 684 838 52 811 562 687 613 107 505 557 833 426 74 892 694 24 537 658 958 897 907 0 278 458 772 87 897 715 77 414 479 557 756 451 239 528 33 596 164 122 411 374 
248 769 898 195 63 837 744 341 848 195 509 70 692 721 354 970 976 954 920 752 758 538 474 561 679 391 68 892 45 746 470 729 657 569 756 452 115 921 841 278 0 552 373 351 602 529 353 888 671 554 541 946 176 699 737 560 105 788 667 623 
172 799 391 72 788 972 152 201 320 649 154 547 351 899 374 248 408 765 631 256 941 665 357 877 839 377 98 406 198 640 709 254 72 767 343 847 638 229 950 458 552 0 84 320 222 27 412 40 383 697 371 741 821 447 754 34 45 904 765 864 
641 83 848 255 205 681 757 678 226 337 345 705 318 700 563 634 784 333 982 583 848 17 246 616 413 986 647 862 999 713 133 89 213 336 98 328 768 734 380 772 373 84 0 992 330 454 513 796 116 734 855 326 815 445 921 261 441 758 971 253 
577 785 462 71 676 372 995 165 564 311 708 357 568 635 666 930 158 767 276 342 466 896 422 50 696 873 240 88 136 546 281 239 493 786 141 847 974 462 170 87 351 320 992 0 706 83 451 101 421 489 281 491 918 599 162 345 506 973 311 838 
85 120 857 814 346 486 913 378 528 843 852 140 268 975 893 563 727 131 404 378 681 991 367 761 950 466 165 381 321 778 949 883 881 43 917 803 527 701 823 897 602 222 330 706 0 302 759 218 891 105 565 1 426 898 676 686 414 856 58 348 
937 781 816 554 552 631 816 223 817 374 941 347 654 801 539 600 12 192 901 653 1 926 194 630 588 904 244 871 281 124 189 615 833 868 297 745 163 344 264 715 529 27 454 83 302 0 741 250 533 607 754 219 706 229 603 291 371 32 88 699 
692 720 164 545 363 405 486 481 758 905 320 700 224 1000 76 620 613 157 461 142 954 246 649 467 234 442 156 300 568 841 505 882 282 902 600 794 886 311 444 77 353 412 513 451 759 741 0 670 271 208 994 560 610 193 646 601 427 863 259 94 
64 174 786 641 600 533 818 795 442 544 456 22 701 952 171 529 637 440 684 985 583 133 902 448 534 407 150 738 222 875 601 657 741 93 409 586 512 60 285 414 888 40 796 101 218 250 670 0 299 495 308 629 693 153 842 65 431 462 975 9 
604 262 276 883 941 379 78 207 377 140 291 875 252 194 646 714 313 769 618 763 593 65 947 334 122 322 275 234 734 280 634 46 937 497 506 39 106 453 583 479 671 383 116 421 891 533 271 299 0 674 292 940 648 481 897 993 982 908 824 883 
497 752 44 696 763 809 911 622 19 924 222 218 131 377 673 192 777 24 605 258 551 681 189 171 608 973 599 32 713 652 375 996 157 124 814 634 874 245 781 557 554 697 734 489 105 607 208 495 674 0 680 151 257 616 164 56 206 198 936 305 
882 539 505 836 876 757 274 862 751 953 473 945 424 475 141 566 42 672 796 820 585 741 607 778 726 158 280 427 624 4 888 486 181 421 863 652 451 638 486 756 541 371 855 281 565 754 994 308 292 680 0 909 971 63 577 461 918 809 842 967 
702 342 606 695 768 779 55 206 284 251 23 811 391 851 833 483 601 192 97 731 740 19 866 83 561 793 821 533 524 6 549 890 223 257 238 554 400 520 737 451 946 741 326 491 1 219 560 629 940 151 909 0 584 758 729 608 932 117 864 928 
139 195 781 910 419 385 680 889 146 951 264 304 815 56 647 513 285 204 685 991 252 774 279 193 811 344 764 748 225 835 590 257 177 780 581 552 835 950 411 239 176 821 815 918 426 706 610 693 648 257 971 584 0 531 223 97 632 867 42 656 
444 940 961 860 355 573 837 925 155 155 657 130 28 684 199 646 541 591 19 688 91 311 959 628 134 211 847 311 113 218 184 408 538 516 716 896 971 546 972 528 699 447 445 599 898 229 193 153 481 616 63 758 531 0 522 129 717 609 298 322 
118 53 509 530 365 850 184 102 904 240 291 668 891 896 233 58 184 110 289 738 504 648 138 270 697 940 365 325 711 703 455 772 548 928 805 854 508 110 795 33 737 754 921 162 676 603 646 842 897 164 577 729 223 522 0 895 601 702 129 612 
315 173 826 992 963 767 987 902 420 28 237 216 622 25 501 465 464 468 814 557 119 222 742 639 434 253 480 218 844 988 146 649 331 486 688 968 679 559 923 596 560 34 261 345 686 291 601 65 993 56 461 608 97 129 895 0 396 650 991 529 
470 978 478 689 856 102 936 344 816 185 718 738 853 855 167 455 665 315 504 110 215 718 889 108 942 404 831 778 609 4 602 78 595 349 73 160 885 321 328 164 105 45 441 506 414 371 427 431 982 206 918 932 632 717 601 396 0 705 312 40 
750 899 139 842 719 763 381 477 800 295 430 136 591 197 145 919 985 601 545 131 681 938 463 321 837 252 261 675 83 269 343 419 439 977 207 930 132 234 565 122 788 904 758 973 856 32 863 462 908 198 809 117 867 609 702 650 705 0 454 427 
771 189 706 554 933 830 36 439 740 144 764 474 169 195 774 962 106 8 174 281 627 262 444 414 960 991 863 738 950 989 641 826 268 352 735 157 211 668 800 411 667 765 971 311 58 88 259 975 824 936 842 864 42 298 129 991 312 454 0 221 
183 465 110 138 579 972 39 996 218 287 113 168 781 908 129 710 335 19 282 330 838 225 782 107 692 355 318 212 910 924 613 932 973 384 88 121 291 70 914 374 623 864 253 838 348 699 94 9 883 305 967 928 656 322 612 529 40 427 221 0 
0 218 345 328 384 141 742 566 570 419 302 189 478 247 270 489 879 290 404 951 894 225 860 74 443 887 679 589 494 700 917 108 963 589 245 671 900 548 467 534 196 99 744 421 283 946 541 70 565 480 884 565 163 199 330 334 496 681 812 353 
218 0 363 415 178 522 426 416 843 377 515 582 703 15 410 645 858 890 828 736 33 427 415 140 651 725 82 686 658 610 367 730 428 928 300 719 222 843 786 225 886 811 72 832 67 825 849 94 78 797 754 286 247 798 22 92 827 906 27 495 
345 363 0 507 308 242 10 845 983 115 902 162 800 636 535 297 808 572 18 289 806 546 160 155 762 188 934 760 134 754 243 288 828 158 76 176 234 313 307 284 746 525 479 683 854 765 91 918 273 13 501 686 700 896 393 898 879 180 833 106 
328 415 507 0 480 255 843 501 491 255 898 550 391 874 451 751 865 521 408 310 612 198 623 403 628 137 649 907 625 249 507 835 22 959 580 249 292 68 492 38 188 84 194 275 766 671 545 995 838 537 813 587 932 789 714 841 752 774 493 26 
384 178 308 480 0 353 82 833 591 193 833 436 23 33 550 152 688 951 278 673 137 105 924 918 285 965 637 744 431 893 546 469 473 124 565 325 929 978 628 428 27 933 304 923 333 810 83 704 898 876 954 625 227 173 79 897 756 700 940 371 
141 522 242 255 353 0 758 657 243 645 790 333 150 332 271 898 682 348 445 517 19 871 209 678 427 423 151 344 541 934 888 144 579 186 703 446 845 735 861 385 756 816 421 544 430 569 683 657 776 750 704 482 308 517 767 593 172 854 925 964 
742 426 10 843 82 758 0 92 758 279 188 61 696 563 443 873 833 458 316 967 32 75 40 556 581 659 180 244 317 695 292 402 517 911 357 686 538 752 992 861 625 125 820 993 895 838 515 870 36 752 158 186 754 942 194 958 607 325 8 152 
566 416 845 501 833 657 92 0 876 224 537 359 734 286 346 945 665 926 867 465 948 542 895 191 274 869 138 395 142 167 863 551 249 893 202 223 649 29 265 504 422 172 714 203 410 194 362 832 194 696 830 190 724 894 307 978 411 549 381 809 
570 843 983 491 591 243 758 876 0 396 947 344 562 554 410 701 502 696 112 417 322 863 487 814 221 299 815 253 922 581 944 722 220 861 806 535 979 101 787 483 504 591 404 481 478 980 601 385 535 187 959 310 225 126 840 471 632 808 971 451 
419 377 115 255 193 645 279 224 396 0 772 602 564 211 16 934 45 507 240 94 541 586 559 147 389 360 880 804 931 249 607 464 754 360 291 357 466 779 932 809 456 558 344 92 887 322 902 414 323 911 885 219 985 122 333 14 152 201 186 155 
302 515 902 898 833 790 188 537 947 772 0 921 753 985 647 76 289 681 578 737 16 141 641 933 567 163 156 601 757 695 45 30 442 616 789 695 920 606 836 845 372 386 377 654 816 935 469 266 133 84 617 238 483 679 353 168 534 332 803 168 
189 582 162 550 436 333 61 359 344 602 921 0 640 942 177 239 199 401 871 220 442 1 494 484 763 920 626 325 850 773 548 727 189 285 243 373 79 479 231 71 109 747 620 344 294 419 809 11 759 301 878 962 241 191 337 289 649 252 639 137 
478 703 800 391 23 150 696 734 562 564 753 640 0 133 953 464 709 182 526 162 521 595 354 463 617 48 498 789 789 246 308 334 681 726 782 109 313 879 480 763 986 283 312 690 540 710 125 989 613 51 431 639 811 45 932 728 727 443 242 818 
247 15 636 874 33 332 563 286 554 211 985 942 133 0 615 215 268 934 482 354 355 552 940 65 846 311 726 285 376 224 443 912 863 659 363 289 909 682 352 571 736 993 633 709 917 838 913 794 16 189 639 792 136 674 722 171 755 540 109 909 
270 410 535 451 550 271 443 346 410 16 647 177 953 615 0 730 91 667 433 873 81 54 999 484 635 456 592 701 105 908 531 997 325 154 711 457 941 793 255 827 495 604 512 787 910 638 237 356 823 740 106 918 688 93 231 253 262 213 785 52 
489 645 297 751 152 898 873 945 701 934 76 239 464 215 730 0 497 901 481 864 959 722 643 418 26 153 43 564 952 217 297 815 157 194 176 260 924 631 955 706 878 329 498 928 447 658 691 567 777 19 501 763 541 492 102 463 358 683 865 631 
879 858 808 865 688 682 833 665 502 45 289 199 709 268 91 497 0 283 176 838 448 868 370 306 791 131 365 900 537 669 722 843 547 248 812 550 856 337 941 638 805 323 998 1 587 75 763 517 461 489 63 627 249 428 225 581 578 948 246 137 
290 890 572 521 951 348 458 926 696 507 681 401 182 934 667 901 283 0 605 601 650 486 56 162 746 215 64 536 900 523 829 349 454 363 882 404 908 995 119 351 695 931 578 774 214 184 172 369 890 69 884 237 138 710 102 654 328 608 160 35 
404 828 18 408 278 445 316 867 112 240 578 871 526 482 433 481 176 605 0 505 975 215 39 798 715 662 462 325 978 714 436 600 327 757 671 375 669 335 708 669 988 723 917 298 369 903 147 833 644 713 838 74 584 233 142 828 662 721 135 368 
951 736 289 310 673 517 967 465 417 94 737 220 162 354 873 864 838 601 505 0 935 708 30 908 691 73 180 419 590 241 238 170 602 70 873 780 177 696 513 947 617 391 554 138 329 749 485 897 780 90 810 992 766 796 847 375 119 1 317 253 
894 33 806 612 137 19 32 948 322 541 16 442 521 355 81 959 448 650 975 935 0 970 305 999 782 930 583 868 654 783 707 219 437 405 315 271 653 969 22 76 727 942 997 478 876 168 786 673 779 695 450 855 189 67 468 171 184 969 753 597 
225 427 546 198 105 871 75 542 863 586 141 1 595 552 54 722 868 486 215 708 970 0 415 975 816 903 325 574 681 26 380 497 416 779 733 711 791 855 655 963 590 482 44 861 998 929 300 15 162 876 778 137 566 395 680 144 590 893 158 58 
860 415 160 623 924 209 40 895 487 559 641 494 354 940 999 643 370 56 39 30 305 415 0 86 133 342 703 484 266 438 6 480 180 693 436 788 618 246 508 754 586 438 158 646 411 157 943 891 817 59 686 877 230 858 13 648 647 154 366 653 
74 140 155 403 918 678 556 191 814 147 933 484 463 65 484 418 306 162 798 908 999 975 86 0 771 43 729 983 358 849 859 308 212 271 648 699 293 745 45 510 554 935 951 126 787 519 368 430 314 196 604 324 240 670 149 668 42 115 448 204 
443 651 762 628 285 427 581 274 221 389 567 763 617 846 635 26 791 746 715 691 782 816 133 771 0 705 459 244 154 90 148 407 957 275 128 979 751 840 407 510 497 672 267 490 793 562 377 320 30 784 742 711 941 415 902 143 975 864 973 776 
887 725 188 137 965 423 659 869 299 360 163 920 48 311 456 153 131 215 662 73 930 903 342 43 705 0 453 388 59 440 469 494 939 153 210 130 914 750 105 86 437 210 771 981 437 870 131 874 389 973 264 646 303 286 918 92 148 153 955 414 
679 82 934 649 637 151 180 138 815 880 156 626 498 726 592 43 365 64 462 180 583 325 703 729 459 453 0 770 102 232 136 783 743 706 897 692 531 981 230 626 269 89 710 138 133 74 61 28 264 824 374 910 795 960 273 462 695 19 957 187 
589 686 760 907 744 344 244 395 253 804 601 325 789 285 701 564 900 536 325 419 868 574 484 983 244 388 770 0 250 169 550 38 446 509 167 144 103 308 802 467 924 628 753 288 323 979 414 821 192 124 397 496 791 325 396 98 808 932 553 55 
494 658 134 625 431 541 317 142 922 931 757 850 789 376 105 952 537 900 978 590 654 681 266 358 154 59 102 250 0 789 952 175 425 805 54 848 323 840 109 762 132 123 872 92 91 274 665 223 682 622 895 469 300 34 804 610 706 20 942 947 
700 610 754 249 893 934 695 167 581 249 695 773 246 224 908 217 669 523 714 241 783 26 438 849 90 440 232 169 789 0 89 166 62 813 682 315 142 364 6 330 903 559 540 529 783 92 777 874 363 648 101 348 591 446 668 919 98 279 927 849 
917 367 243 507 546 888 292 863 944 607 45 548 308 443 531 297 722 829 436 238 707 380 6 859 148 469 136 550 952 89 0 168 311 928 888 86 104 533 204 109 502 669 254 169 880 195 413 625 694 485 794 433 553 248 416 157 599 417 656 663 
108 730 288 835 469 144 402 551 722 464 30 727 334 912 997 815 843 349 600 170 219 497 480 308 407 494 783 38 175 166 168 0 221 963 384 129 116 56 425 983 767 360 68 387 593 667 936 663 34 801 845 686 529 250 852 589 117 385 908 811 
963 428 828 22 473 579 517 249 220 754 442 189 681 863 325 157 547 454 327 602 437 416 180 212 957 939 743 446 425 62 311 221 0 571 655 569 314 642 720 744 526 206 421 695 981 790 93 800 943 81 229 170 61 607 414 203 543 535 158 858 
589 928 158 959 124 186 911 893 861 360 616 285 726 659 154 194 248 363 757 70 405 779 693 271 275 153 706 509 805 813 928 963 571 0 873 219 841 522 89 71 661 748 315 767 32 978 768 25 434 179 515 202 770 330 690 471 571 844 265 441 
245 300 76 580 565 703 357 202 806 291 789 243 782 363 711 176 812 882 671 873 315 733 436 648 128 210 897 167 54 682 888 384 655 873 0 442 150 687 426 421 903 269 119 291 624 233 628 500 226 866 804 64 624 770 786 787 106 268 485 27 
671 719 176 249 325 446 686 223 535 357 695 373 109 289 457 260 550 404 375 780 271 711 788 699 979 130 692 144 848 315 86 129 569 219 442 0 237 52 786 627 454 978 396 776 860 898 767 632 138 427 421 190 543 783 846 959 205 715 255 214 
900 222 234 292 929 845 538 649 979 466 920 79 313 909 941 924 856 908 669 177 653 791 618 293 751 914 531 103 323 142 104 116 314 841 150 237 0 863 504 861 326 377 521 935 659 230 902 315 80 835 342 497 841 948 466 601 915 111 373 351 
548 843 313 68 978 735 752 29 101 779 606 479 879 682 793 631 337 995 335 696 969 855 246 745 840 750 981 308 840 364 533 56 642 522 687 52 863 0 816 708 918 268 752 255 536 302 318 84 309 310 569 604 888 268 77 614 235 134 535 59 
467 786 307 492 628 861 992 265 787 932 836 231 480 352 255 955 941 119 708 513 22 655 508 45 407 105 230 802 109 6 204 425 720 89 426 786 504 816 0 660 687 712 464 73 894 339 312 294 730 806 552 579 417 923 727 867 291 487 716 792 
534 225 284 38 428 385 861 504 483 809 845 71 763 571 827 706 638 351 669 947 76 963 754 510 510 86 626 467 762 330 109 983 744 71 421 627 861 708 660 0 46 628 831 131 831 594 143 392 824 753 889 530 341 290 160 886 194 270 427 341 
196 886 746 188 27 756 625 422 504 456 372 109 986 736 495 878 805 695 988 617 727 590 586 554 497 437 269 924 132 903 502 767 526 661 903 454 326 918 687 46 0 638 415 404 710 390 382 903 528 733 547 761 5 375 887 518 334 727 609 731 
99 811 525 84 933 816 125 172 591 558 386 747 283 993 604 329 323 931 723 391 942 482 438 935 672 210 89 628 123 559 669 360 206 748 269 978 377 268 712 628 638 0 20 245 88 310 709 93 451 833 485 912 795 333 784 183 228 806 791 840 
744 72 479 194 304 421 820 714 404 344 377 620 312 633 512 498 998 578 917 554 997 44 158 951 267 771 710 753 872 540 254 68 421 315 119 396 521 752 464 831 415 20 0 850 355 699 501 609 432 620 965 186 933 491 966 282 450 796 946 380 
421 832 683 275 923 544 993 203 481 92 654 344 690 709 787 928 1 774 298 138 478 861 646 126 490 981 138 288 92 529 169 387 695 767 291 776 935 255 73 131 404 245 850 0 814 196 573 182 251 578 329 360 800 673 200 355 468 892 349 712 
283 67 854 766 333 430 895 410 478 887 816 294 540 917 910 447 587 214 369 329 876 998 411 787 793 437 133 323 91 783 880 593 981 32 624 860 659 536 894 831 710 88 355 814 0 535 865 49 999 80 799 114 484 861 585 857 468 647 175 596 
946 825 765 671 810 569 838 194 980 322 935 419 710 838 638 658 75 184 903 749 168 929 157 519 562 870 74 979 274 92 195 667 790 978 233 898 230 302 339 594 390 310 699 196 535 0 503 224 676 772 668 247 508 154 547 192 547 120 117 622 
541 849 91 545 83 683 515 362 601 902 469 809 125 913 237 691 763 172 147 485 786 300 943 368 377 131 61 414 665 777 413 936 93 768 628 767 902 318 312 143 382 709 501 573 865 503 0 969 294 115 759 853 719 238 797 729 634 851 47 49 
70 94 918 995 704 657 870 832 385 414 266 11 989 794 356 567 517 369 833 897 673 15 891 430 320 874 28 821 223 874 625 663 800 25 500 632 315 84 294 392 903 93 609 182 49 224 969 0 345 576 313 649 669 244 951 167 112 220 883 82 
565 78 273 838 898 776 36 194 535 323 133 759 613 16 823 777 461 890 644 780 779 162 817 314 30 389 264 192 682 363 694 34 943 434 226 138 80 309 730 824 528 451 432 251 999 676 294 345 0 837 258 938 696 408 861 826 960 974 866 900 
480 797 13 537 876 750 752 696 187 911 84 301 51 189 740 19 489 69 713 90 695 876 59 196 784 973 824 124 622 648 485 801 81 179 866 427 835 310 806 753 733 833 620 578 80 772 115 576 837 0 706 169 259 535 101 13 271 152 880 362 
884 754 501 813 954 704 158 830 959 885 617 878 431 639 106 501 63 884 838 810 450 778 686 604 742 264 374 397 895 101 794 845 229 515 804 421 342 569 552 889 547 485 965 329 799 668 759 313 258 706 0 835 932 222 439 296 978 851 807 943 
565 286 686 587 625 482 186 190 310 219 238 962 639 792 918 763 627 237 74 992 855 137 877 324 711 646 910 496 469 348 433 686 170 202 64 190 497 604 579 530 761 912 186 360 114 247 853 649 938 169 835 0 509 960 890 567 789 166 995 821 
163 247 700 932 227 308 754 724 225 985 483 241 811 136 688 541 249 138 584 766 189 566 230 240 941 303 795 791 300 591 553 529 61 770 624 543 841 888 417 341 5 795 933 800 484 508 719 669 696 259 932 509 0 632 299 36 685 933 54 726 
199 798 896 789 173 517 942 894 126 122 679 191 45 674 93 492 428 710 233 796 67 395 858 670 415 286 960 325 34 446 248 250 607 330 770 783 948 268 923 290 375 333 491 673 861 154 238 244 408 535 222 960 632 0 649 170 828 488 533 79 
330 22 393 714 79 767 194 307 840 333 353 337 932 722 231 102 225 102 142 847 468 680 13 149 902 918 273 396 804 668 416 852 414 690 786 846 466 77 727 160 887 784 966 200 585 547 797 951 861 101 439 890 299 649 0 851 755 444 101 599 
334 92 898 841 897 593 958 978 471 14 168 289 728 171 253 463 581 654 828 375 171 144 648 668 143 92 462 98 610 919 157 589 203 471 787 959 601 614 867 886 518 183 282 355 857 192 729 167 826 13 296 567 36 170 851 0 591 525 857 763 
496 827 879 752 756 172 607 411 632 152 534 649 727 755 262 358 578 328 662 119 184 590 647 42 975 148 695 808 706 98 599 117 543 571 106 205 915 235 291 194 334 228 450 468 468 547 634 112 960 271 978 789 685 828 755 591 0 631 232 159 
681 906 180 774 700 854 325 549 808 201 332 252 443 540 213 683 948 608 721 1 969 893 154 115 864 153 19 932 20 279 417 385 535 844 268 715 111 134 487 270 727 806 796 892 647 120 851 220 974 152 851 166 933 488 444 525 631 0 710 393 
812 27 833 493 940 925 8 381 971 186 803 639 242 109 785 865 246 160 135 317 753 158 366 448 973 955 957 553 942 927 656 908 158 265 485 255 373 535 716 427 609 791 946 349 175 117 47 883 866 880 807 995 54 533 101 857 232 710 0 493 
353 495 106 26 371 964 152 809 451 155 168 137 818 909 52 631 137 35 368 253 597 58 653 204 776 414 187 55 947 849 663 811 858 441 27 214 351 59 792 341 731 840 380 712 596 622 49 82 900 362 943 821 726 79 599 763 159 393 493 0 
