10 4
0 100 728 205 590 165 543 876 900 706 
100 0 463 349 566 341 575 186 118 714 
728 463 0 958 694 207 58 350 600 287 
205 349 958 0 517 217 517 317 403 524 
590 566 694 517 0 804 805 876 533 508 
165 341 207 217 804 0 75 766 903 735 
543 575 58 517 805 75 0 238 195 827 
876 186 350 317 876 766 238 0 917 714 
900 118 600 403 533 903 195 917 0 104 
706 714 287 524 508 735 827 714 104 0 
0 937 375 711 491 412 280 841 851 182 
937 0 804 130 724 130 351 162 388 310 
375 804 0 164 588 377 737 536 821 92 
711 130 164 0 675 477 401 981 8 927 
491 724 588 675 0 384 457 348 607 571 
412 130 377 477 384 0 512 367 113 111 
280 351 737 401 457 512 0 730 906 512 
841 162 536 981 348 367 730 0 320 657 
851 388 821 8 607 113 906 320 0 189 
182 310 92 927 571 111 512 657 189 0 
0 120 724 254 419 497 661 366 80 836 
120 0 173 825 375 790 581 870 534 728 
724 173 0 731 378 535 353 319 221 679 
254 825 731 0 357 608 614 154 909 345 
419 375 378 357 0 724 498 739 475 342 
497 790 535 608 724 0 504 546 869 822 
661 581 353 614 498 504 0 228 180 537 
366 870 319 154 739 546 228 0 587 305 
80 534 221 909 475 869 180 587 0 965 
836 728 679 345 342 822 537 305 965 0 
0 110 543 403 553 648 793 209 209 762 
110 0 205 740 290 881 537 879 573 843 
543 205 0 988 448 704 77 461 422 727 
403 740 988 0 227 576 556 22 942 161 
553 290 448 227 0 512 585 631 460 420 
648 881 704 576 512 0 397 732 963 906 
793 537 77 556 585 397 0 329 81 508 
209 879 461 22 631 732 329 0 660 205 
209 573 422 942 460 963 81 660 0 747 
762 843 727 161 420 906 508 205 747 0 
0 26 662 136 479 546 840 189 208 631 
26 0 334 990 269 908 495 774 500 636 
662 334 0 875 314 554 250 391 223 893 
136 990 875 0 303 283 569 57 849 255 
479 269 314 303 0 700 707 545 449 554 
546 908 554 283 700 0 560 647 923 840 
840 495 250 569 707 560 0 275 81 384 
189 774 391 57 545 647 275 0 625 300 
208 500 223 849 449 923 81 625 0 908 
631 636 893 255 554 840 384 300 908 0 
