7 2
0 354 977 433 188 905 753 
354 0 244 73 832 51 412 
977 244 0 484 391 403 210 
433 73 484 0 516 430 245 
188 832 391 516 0 147 797 
905 51 403 430 147 0 229 
753 412 210 245 797 229 0 
0 179 660 893 355 204 189 
179 0 386 298 179 399 732 
660 386 0 96 614 909 84 
893 298 96 0 596 551 843 
355 179 614 596 0 224 491 
204 399 909 551 224 0 60 
189 732 84 843 491 60 0 
0 832 303 173 559 642 987 
832 0 789 734 940 674 252 
303 789 0 932 344 140 941 
173 734 932 0 446 366 292 
559 940 344 446 0 787 331 
642 674 140 366 787 0 914 
987 252 941 292 331 914 0 
