20 4
0 463 694 517 533 200 699 288 952 722 662 554 320 536 599 891 610 314 855 201 
463 0 517 805 903 372 641 912 759 278 805 51 862 23 963 167 173 618 983 816 
694 517 0 75 195 313 126 860 876 147 864 99 910 620 792 915 338 473 999 137 
517 805 75 0 917 871 327 333 635 952 396 79 691 651 890 31 846 389 843 601 
533 903 195 917 0 963 814 551 715 19 590 421 824 967 441 446 545 990 624 248 
200 372 313 871 963 0 282 188 781 32 90 719 456 306 613 975 458 654 117 282 
699 641 126 327 814 282 0 10 156 247 989 815 387 23 223 870 183 306 303 151 
288 912 860 333 551 188 10 0 125 96 229 654 132 474 78 364 824 174 839 880 
952 759 876 635 715 781 156 125 0 668 124 900 295 149 624 737 644 960 521 660 
722 278 147 952 19 32 247 96 668 0 835 712 207 51 947 407 487 722 92 363 
662 805 864 396 590 90 989 229 124 835 0 586 898 400 379 328 269 264 235 764 
554 51 99 79 421 719 815 654 900 712 586 0 189 349 23 213 633 550 695 658 
320 862 910 691 824 456 387 132 295 207 898 189 0 890 937 810 878 635 813 277 
536 23 620 651 967 306 23 474 149 51 400 349 890 0 45 30 545 637 622 61 
599 963 792 890 441 613 223 78 624 947 379 23 937 45 0 789 474 680 527 247 
891 167 915 31 446 975 870 364 737 407 328 213 810 30 789 0 3 488 18 676 
610 173 338 846 545 458 183 824 644 487 269 633 878 545 474 3 0 212 941 670 
314 618 473 389 990 654 306 174 960 722 264 550 635 637 680 488 212 0 281 908 
855 983 999 843 624 117 303 839 521 92 235 695 813 622 527 18 941 281 0 488 
201 816 137 601 248 282 151 880 660 363 764 658 277 61 247 676 670 908 488 0 
0 768 617 194 189 174 731 760 916 613 154 392 91 860 102 674 196 94 174 266 
768 0 488 30 881 681 354 131 973 492 761 469 938 590 666 403 873 22 264 210 
617 488 0 851 638 844 936 352 286 887 679 536 215 759 141 892 87 547 272 940 
194 30 851 0 553 930 216 626 979 466 560 973 640 560 245 633 589 616 510 79 
189 881 638 553 0 332 917 363 449 450 536 111 44 369 299 310 987 266 439 888 
174 681 844 930 332 0 785 118 571 214 599 943 354 321 802 178 668 439 568 334 
731 354 936 216 917 785 0 293 428 517 476 970 901 658 44 730 161 560 378 979 
760 131 352 626 363 118 293 0 695 873 294 522 166 513 554 902 859 17 583 177 
916 973 286 979 449 571 428 695 0 461 204 283 318 588 628 393 140 620 54 275 
613 492 887 466 450 214 517 873 461 0 451 725 692 651 163 265 751 488 103 369 
154 761 679 560 536 599 476 294 204 451 0 981 19 483 65 436 887 520 819 1000 
392 469 536 973 111 943 970 522 283 725 981 0 529 678 94 591 957 755 137 222 
91 938 215 640 44 354 901 166 318 692 19 529 0 193 857 197 227 885 916 82 
860 590 759 560 369 321 658 513 588 651 483 678 193 0 170 480 70 786 558 173 
102 666 141 245 299 802 44 554 628 163 65 94 857 170 0 751 938 645 627 43 
674 403 892 633 310 178 730 902 393 265 436 591 197 480 751 0 89 908 238 935 
196 873 87 589 987 668 161 859 140 751 887 957 227 70 938 89 0 900 655 521 
94 22 547 616 266 439 560 17 620 488 520 755 885 786 645 908 900 0 879 266 
174 264 272 510 439 568 378 583 54 103 819 137 916 558 627 238 655 879 0 311 
266 210 940 79 888 334 979 177 275 369 1000 222 82 173 43 935 521 266 311 0 
0 412 416 974 965 713 304 252 198 490 848 575 853 66 929 330 841 814 786 742 
412 0 451 950 176 343 641 878 7 417 313 579 159 306 247 589 13 913 676 725 
416 451 0 80 465 231 64 667 741 122 267 365 804 342 722 110 945 386 737 152 
974 950 80 0 633 72 537 360 154 558 391 88 337 521 718 225 403 380 343 957 
965 176 465 633 0 521 67 626 604 777 508 970 923 812 779 652 81 718 754 140 
713 343 231 72 521 0 166 833 371 861 312 116 656 819 247 861 326 710 507 681 
304 641 64 537 67 166 0 666 520 497 359 156 126 418 949 295 719 525 754 55 
252 878 667 360 626 833 666 0 258 7 743 324 890 591 614 67 205 996 386 699 
198 7 741 154 604 371 520 258 0 746 917 845 717 566 400 608 679 300 998 785 
490 417 122 558 777 861 497 7 746 0 609 307 306 416 906 775 396 398 861 582 
848 313 267 391 508 312 359 743 917 609 0 43 858 566 839 535 60 650 237 108 
575 579 365 88 970 116 156 324 845 307 43 0 294 306 743 372 53 170 851 714 
853 159 804 337 923 656 126 890 717 306 858 294 0 742 51 893 771 66 217 833 
66 306 342 521 812 819 418 591 566 416 566 306 742 0 593 587 904 198 346 950 
929 247 722 718 779 247 949 614 400 906 839 743 51 593 0 243 3 459 410 870 
330 589 110 225 652 861 295 67 608 775 535 372 893 587 243 0 748 252 708 91 
841 13 945 403 81 326 719 205 679 396 60 53 771 904 3 748 0 222 252 341 
814 913 386 380 718 710 525 996 300 398 650 170 66 198 459 252 222 0 65 733 
786 676 737 343 754 507 754 386 998 861 237 851 217 346 410 708 252 65 0 724 
742 725 152 957 140 681 55 699 785 582 108 714 833 950 870 91 341 733 724 0 
0 273 388 668 747 735 371 358 50 406 940 419 997 205 822 340 951 840 859 710 
273 0 470 972 43 380 712 899 2 549 399 641 21 441 222 730 156 948 745 726 
388 470 0 209 278 315 32 544 930 341 388 540 838 251 948 135 871 578 501 61 
668 972 209 0 366 261 623 445 5 576 221 72 564 308 671 237 363 479 541 878 
747 43 278 366 0 483 118 807 651 581 543 919 840 588 810 698 137 475 555 193 
735 380 315 261 483 0 112 852 430 810 300 26 619 625 203 789 408 690 474 618 
371 712 32 623 118 112 0 769 621 611 476 233 164 310 852 219 922 464 813 86 
358 899 544 445 807 852 769 0 340 130 736 552 920 489 378 158 101 994 221 861 
50 2 930 5 651 430 621 340 0 573 842 734 632 421 325 516 801 555 1000 976 
406 549 341 576 581 810 611 130 573 0 557 341 152 182 821 921 296 507 925 661 
940 399 388 221 543 300 476 736 842 557 0 107 966 521 953 722 103 439 171 61 
419 641 540 72 919 26 233 552 734 341 107 0 413 365 633 349 44 105 893 677 
997 21 838 564 840 619 164 920 632 152 966 413 0 705 39 983 886 45 79 863 
205 441 251 308 588 625 310 489 421 182 521 365 705 0 780 488 976 283 465 818 
822 222 948 671 810 203 852 378 325 821 953 633 39 780 0 152 185 323 340 934 
340 730 135 237 698 789 219 158 516 921 722 349 983 488 152 0 978 168 600 59 
951 156 871 363 137 408 922 101 801 296 103 44 886 976 185 978 0 49 408 480 
840 948 578 479 475 690 464 994 555 507 439 105 45 283 323 168 49 0 274 471 
859 745 501 541 555 474 813 221 1000 925 171 893 79 465 340 600 408 274 0 788 
710 726 61 878 193 618 86 861 976 661 61 677 863 818 934 59 480 471 788 0 
0 82 593 974 908 735 276 179 147 505 946 457 881 208 955 466 516 836 832 841 
82 0 353 993 262 240 581 948 61 530 346 588 41 466 273 581 194 796 825 688 
593 353 0 208 359 280 150 607 436 182 488 414 674 232 831 152 935 450 765 113 
974 993 208 0 327 179 902 232 17 567 375 139 185 455 701 489 189 525 593 817 
908 262 359 327 0 709 175 575 506 480 524 844 819 530 582 886 68 487 482 77 
735 240 280 179 709 0 213 884 565 784 314 5 603 634 287 878 258 545 388 427 
276 581 150 902 175 213 0 597 460 386 477 44 7 357 853 294 883 351 712 88 
179 948 607 232 575 884 597 0 358 139 741 312 779 451 447 106 292 981 443 872 
147 61 436 17 506 565 460 358 0 599 690 688 774 366 442 287 918 511 911 875 
505 530 182 567 480 784 386 139 599 0 687 222 276 272 629 764 228 522 859 682 
946 346 488 375 524 314 477 741 690 687 0 81 982 643 896 460 25 413 156 215 
457 588 414 139 844 5 44 312 688 222 81 0 429 426 766 420 213 223 912 931 
881 41 674 185 819 603 7 779 774 276 982 429 0 704 247 946 827 3 63 811 
208 466 232 455 530 634 357 451 366 272 643 426 704 0 808 375 877 294 431 815 
955 273 831 701 582 287 853 447 442 629 896 766 247 808 0 283 88 477 321 940 
466 581 152 489 886 878 294 106 287 764 460 420 946 375 283 0 964 278 833 112 
516 194 935 189 68 258 883 292 918 228 25 213 827 877 88 964 0 91 252 472 
836 796 450 525 487 545 351 981 511 522 413 223 3 294 477 278 91 0 165 790 
832 825 765 593 482 388 712 443 911 859 156 912 63 431 321 833 252 165 0 692 
841 688 113 817 77 427 88 872 875 682 215 931 811 815 940 112 472 790 692 0 
