6 3
0 774 34 397 940 378 
774 0 654 5 8 425 
34 654 0 177 493 205 
397 5 177 0 420 349 
940 8 493 420 0 958 
378 425 205 349 958 0 
0 288 295 277 636 621 
288 0 964 42 27 273 
295 964 0 188 693 557 
277 42 188 0 905 166 
636 27 693 905 0 491 
621 273 557 166 491 0 
0 571 817 754 303 373 
571 0 34 956 898 732 
817 34 0 687 143 492 
754 956 687 0 82 852 
303 898 143 82 0 493 
373 732 492 852 493 0 
0 845 815 775 406 387 
845 0 64 976 895 888 
815 64 0 616 523 680 
775 976 616 0 129 885 
406 895 523 129 0 388 
387 888 680 885 388 0 
