8 2
0 569 691 94 813 407 340 370 
569 0 1 298 822 753 549 377 
691 1 0 664 905 412 434 47 
94 298 664 0 51 210 90 137 
813 822 905 51 0 245 449 385 
407 753 412 210 245 0 981 943 
340 549 434 90 449 981 0 566 
370 377 47 137 385 943 566 0 
0 211 409 414 473 732 95 116 
211 0 491 842 441 990 210 558 
409 491 0 569 754 166 154 724 
414 842 569 0 408 610 468 149 
473 441 754 408 0 746 315 252 
732 990 166 610 746 0 281 486 
95 210 154 468 315 281 0 533 
116 558 724 149 252 486 533 0 
0 790 592 587 528 269 906 885 
790 0 510 159 560 11 791 443 
592 510 0 432 247 835 847 277 
587 159 432 0 593 391 533 852 
528 560 247 593 0 255 686 749 
269 11 835 391 255 0 720 515 
906 791 847 533 686 720 0 468 
885 443 277 852 749 515 468 0 
