15 3
0 804 349 316 58 173 524 871 526 86 230 876 883 529 989 
804 0 958 868 517 384 508 963 410 317 500 635 899 882 229 
349 958 0 252 805 900 735 828 699 221 179 715 576 25 124 
316 868 252 0 75 118 827 455 641 494 24 781 722 628 835 
58 517 805 75 0 600 714 60 126 268 56 156 278 364 608 
173 384 900 118 600 0 104 82 327 57 495 125 147 916 363 
524 508 735 827 714 104 0 367 814 492 810 765 952 477 15 
871 963 828 455 60 82 367 0 282 288 10 746 19 296 785 
526 410 699 641 126 327 814 282 0 912 700 229 32 662 567 
86 317 221 494 268 57 492 288 912 0 430 76 247 805 283 
230 500 179 24 56 495 810 10 700 430 0 954 96 864 122 
876 635 715 781 156 125 765 746 229 76 954 0 668 396 213 
883 899 576 722 278 147 952 19 32 247 96 668 0 590 553 
529 882 25 628 364 916 477 296 662 805 864 396 590 0 554 
989 229 124 835 608 363 15 785 567 283 122 213 553 554 0 
0 235 424 229 214 589 710 216 642 466 371 737 796 367 346 
235 0 103 113 807 195 448 536 371 44 824 395 419 959 440 
424 103 0 895 760 97 736 223 368 675 113 596 284 710 921 
229 113 895 0 634 728 100 748 189 846 481 251 588 288 345 
214 807 760 634 0 341 200 188 188 302 806 499 355 12 903 
589 195 97 728 341 0 598 165 70 98 70 878 639 707 531 
710 448 736 100 200 598 0 210 919 935 947 937 122 961 821 
216 536 223 748 188 165 210 0 694 421 770 298 540 216 691 
642 371 368 189 188 70 919 694 0 41 168 441 910 57 500 
466 44 675 846 302 98 935 421 41 0 556 164 944 771 875 
371 824 113 481 806 70 947 770 168 556 0 206 539 674 390 
737 395 596 251 499 878 937 298 441 164 206 0 177 754 912 
796 419 284 588 355 639 122 540 910 944 539 177 0 117 113 
367 959 710 288 12 707 961 216 57 771 674 754 117 0 540 
346 440 921 345 903 531 821 691 500 875 390 912 113 540 0 
0 474 750 668 866 849 510 993 90 517 390 46 642 678 277 
474 0 526 833 655 92 739 591 666 533 252 779 591 159 246 
750 526 0 680 451 593 12 588 824 896 353 825 946 271 227 
668 833 680 0 152 16 514 282 907 782 667 723 688 676 203 
866 655 451 152 0 916 168 805 680 283 444 916 618 849 7 
849 92 593 16 916 0 479 846 961 512 685 413 109 335 556 
510 739 12 514 168 479 0 970 121 700 270 238 774 275 659 
993 591 588 282 805 846 970 0 829 317 696 980 118 923 774 
90 666 824 907 680 961 121 829 0 711 661 828 391 974 46 
517 533 896 782 283 512 700 317 711 0 250 172 111 232 162 
390 252 353 667 444 685 270 696 661 250 0 735 653 569 849 
46 779 825 723 916 413 238 980 828 172 735 0 950 280 27 
642 591 946 688 618 109 774 118 391 111 653 950 0 537 612 
678 159 271 676 849 335 275 923 974 232 569 280 537 0 235 
277 246 227 203 7 556 659 774 46 162 849 27 612 235 0 
0 720 493 42 544 570 626 305 569 802 793 160 334 735 767 
720 0 895 689 254 976 680 691 76 641 292 250 361 546 489 
493 895 0 299 593 937 486 746 471 734 355 147 888 306 312 
42 689 299 0 136 645 884 772 740 148 616 844 301 697 616 
544 254 593 136 0 674 353 734 399 961 503 278 906 934 78 
570 976 937 645 674 0 269 379 450 836 981 108 924 195 500 
626 680 486 884 353 269 0 465 75 19 151 601 641 784 422 
305 691 746 772 734 379 465 0 43 426 173 674 232 477 12 
569 76 471 740 399 450 75 43 0 778 877 207 449 960 555 
802 641 734 148 961 836 19 426 778 0 320 393 56 255 411 
793 292 355 616 503 981 151 173 877 320 0 629 67 659 399 
160 250 147 844 278 108 601 674 207 393 629 0 543 392 449 
334 361 888 301 906 924 641 232 449 56 67 543 0 415 636 
735 546 306 697 934 195 784 477 960 255 659 392 415 0 470 
767 489 312 616 78 500 422 12 555 411 399 449 636 470 0 
