15 4
0 804 349 316 58 173 524 871 526 86 230 876 883 529 989 
804 0 958 868 517 384 508 963 410 317 500 635 899 882 229 
349 958 0 252 805 900 735 828 699 221 179 715 576 25 124 
316 868 252 0 75 118 827 455 641 494 24 781 722 628 835 
58 517 805 75 0 600 714 60 126 268 56 156 278 364 608 
173 384 900 118 600 0 104 82 327 57 495 125 147 916 363 
524 508 735 827 714 104 0 367 814 492 810 765 952 477 15 
871 963 828 455 60 82 367 0 282 288 10 746 19 296 785 
526 410 699 641 126 327 814 282 0 912 700 229 32 662 567 
86 317 221 494 268 57 492 288 912 0 430 76 247 805 283 
230 500 179 24 56 495 810 10 700 430 0 954 96 864 122 
876 635 715 781 156 125 765 746 229 76 954 0 668 396 213 
883 899 576 722 278 147 952 19 32 247 96 668 0 590 553 
529 882 25 628 364 916 477 296 662 805 864 396 590 0 554 
989 229 124 835 608 363 15 785 567 283 122 213 553 554 0 
0 545 154 693 489 507 235 953 160 132 4 694 340 43 979 
545 0 605 251 776 436 150 661 549 499 829 306 197 635 358 
154 605 0 88 132 102 44 97 409 467 511 523 51 825 713 
693 251 88 0 678 883 836 562 446 477 526 934 875 671 797 
489 776 132 678 0 982 169 64 305 256 731 222 494 975 556 
507 436 102 883 982 0 497 285 698 864 295 906 676 947 889 
235 150 44 836 169 497 0 919 724 315 923 297 145 557 534 
953 661 97 562 64 285 919 0 534 949 29 720 581 793 944 
160 549 409 446 305 698 724 534 0 130 285 472 496 20 176 
132 499 467 477 256 864 315 949 130 0 153 7 253 807 278 
4 829 511 526 731 295 923 29 285 153 0 77 585 497 247 
694 306 523 934 222 906 297 720 472 7 77 0 613 584 878 
340 197 51 875 494 676 145 581 496 253 585 613 0 700 893 
43 635 825 671 975 947 557 793 20 807 497 584 700 0 416 
979 358 713 797 556 889 534 944 176 278 247 878 893 416 0 
0 183 306 919 222 729 454 787 874 48 752 261 360 847 51 
183 0 5 349 42 234 494 909 135 862 78 602 267 657 849 
306 5 0 821 69 51 763 408 895 698 586 962 853 700 891 
919 349 821 0 571 306 620 64 752 811 773 698 19 303 817 
222 42 69 571 0 681 753 12 640 389 903 458 80 995 506 
729 234 51 306 681 0 134 131 298 827 279 760 47 182 790 
454 494 763 620 753 134 0 230 855 413 138 141 387 680 648 
787 909 408 64 12 131 230 0 466 544 979 604 122 316 549 
874 135 895 752 640 298 855 466 0 294 515 853 617 947 579 
48 862 698 811 389 827 413 544 294 0 98 345 432 850 194 
752 78 586 773 903 279 138 979 515 98 0 804 884 280 85 
261 602 962 698 458 760 141 604 853 345 804 0 393 518 588 
360 267 853 19 80 47 387 122 617 432 884 393 0 792 937 
847 657 700 303 995 182 680 316 947 850 280 518 792 0 400 
51 849 891 817 506 790 648 549 579 194 85 588 937 400 0 
0 644 899 858 288 442 865 522 443 886 980 188 675 371 161 
644 0 93 917 816 498 668 432 834 774 664 70 846 208 383 
899 93 0 375 229 690 484 768 930 971 674 551 302 709 340 
858 917 375 0 915 797 517 728 756 637 736 926 40 646 403 
288 816 229 915 0 752 40 66 733 251 76 412 165 223 737 
442 498 690 797 752 0 677 341 504 132 550 426 982 839 841 
865 668 484 517 40 677 0 650 572 216 314 284 575 100 817 
522 432 768 728 66 341 650 0 961 696 147 272 398 407 369 
443 834 930 756 733 504 572 961 0 310 302 455 321 219 751 
886 774 971 637 251 132 216 696 310 0 80 818 343 770 445 
980 664 674 736 76 550 314 147 302 80 0 128 195 828 279 
188 70 551 926 412 426 284 272 455 818 128 0 76 129 768 
675 846 302 40 165 982 575 398 321 343 195 76 0 297 503 
371 208 709 646 223 839 100 407 219 770 828 129 297 0 298 
161 383 340 403 737 841 817 369 751 445 279 768 503 298 0 
0 269 57 498 578 918 130 842 281 254 185 321 105 611 351 
269 0 30 478 10 520 581 235 648 136 294 40 219 824 70 
57 30 0 881 753 60 747 193 500 316 778 919 808 113 113 
498 478 881 0 701 502 987 985 375 125 215 926 98 481 592 
578 10 753 701 0 186 11 356 321 723 22 176 935 385 17 
918 520 60 502 186 0 594 327 515 732 247 560 421 648 395 
130 581 747 987 11 594 0 986 626 400 162 253 41 717 664 
842 235 193 985 356 327 986 0 711 536 58 353 962 911 924 
281 648 500 375 321 515 626 711 0 223 540 130 157 731 401 
254 136 316 125 723 732 400 536 223 0 598 548 565 243 395 
185 294 778 215 22 247 162 58 540 598 0 376 781 168 471 
321 40 919 926 176 560 253 353 130 548 376 0 986 124 799 
105 219 808 98 935 421 41 962 157 565 781 986 0 681 763 
611 824 113 481 385 648 717 911 731 243 168 124 681 0 924 
351 70 113 592 17 395 664 924 401 395 471 799 763 924 0 
