90 2
0 104 96 963 527 375 277 678 442 894 380 250 906 288 285 616 531 304 113 770 383 925 57 428 552 9 370 714 362 813 92 874 821 879 133 801 151 143 617 529 685 714 472 486 175 901 410 174 299 726 253 423 275 216 856 856 661 289 227 776 573 668 629 938 6 767 24 137 906 962 817 853 948 752 392 519 283 827 452 869 98 531 284 292 95 399 759 629 631 717 
104 0 668 792 18 842 364 956 520 865 626 294 478 8 896 253 982 995 797 80 125 700 843 903 492 124 42 447 896 674 744 758 854 361 83 253 132 411 839 188 82 94 423 482 506 54 670 404 300 143 825 806 8 859 870 358 130 872 610 788 852 182 962 35 622 654 687 159 473 626 674 773 797 532 650 371 432 920 395 483 791 186 753 300 577 943 586 791 29 413 
96 668 0 890 941 651 566 571 102 146 589 670 318 255 515 720 749 334 566 904 812 871 27 185 113 628 310 434 701 344 649 878 415 244 848 89 822 739 450 911 522 442 725 52 390 335 35 51 80 58 230 435 173 304 432 352 808 803 133 813 737 275 471 955 601 794 337 163 797 260 524 123 984 815 868 399 28 701 772 42 414 404 342 290 216 989 11 376 819 55 
963 792 890 0 281 633 907 777 701 130 122 752 652 608 279 332 421 223 817 173 95 458 234 994 724 863 431 111 747 41 226 982 692 131 905 961 486 431 467 326 536 83 704 847 301 354 518 435 786 918 943 220 89 24 262 659 506 92 672 34 569 621 284 244 428 753 509 771 672 536 278 425 686 993 999 861 966 332 201 437 630 985 56 943 398 139 162 779 144 459 
527 18 941 281 0 814 664 915 51 150 152 73 299 748 302 604 145 940 18 410 162 697 30 427 832 734 871 322 189 772 119 939 616 983 166 953 332 583 910 564 670 883 354 973 395 770 984 554 378 565 2 409 667 344 803 223 425 994 738 277 396 177 887 292 262 35 872 508 629 220 294 444 114 332 452 352 579 367 166 849 949 222 851 982 820 17 311 336 938 570 
375 842 651 633 814 0 458 804 239 176 360 684 307 216 332 972 684 385 403 375 639 377 41 599 454 581 634 679 237 762 449 271 236 580 325 323 443 742 455 781 833 87 143 509 752 875 19 462 327 91 194 413 911 348 713 854 625 453 62 782 884 878 732 824 227 57 215 855 380 976 65 751 774 625 934 736 699 56 559 945 980 345 600 339 169 595 39 708 580 282 
277 364 566 907 664 458 0 701 690 494 953 391 623 719 540 272 387 947 86 794 434 669 776 866 547 485 928 630 855 338 97 90 726 909 876 310 93 380 872 271 26 55 47 262 952 155 719 47 478 102 182 19 796 106 650 646 136 266 903 984 315 849 492 96 331 133 37 195 40 587 258 481 827 781 426 82 656 809 315 275 463 871 672 868 740 905 659 782 430 296 
678 956 571 777 915 804 701 0 328 87 431 333 897 90 153 547 367 806 592 316 147 31 771 999 741 615 254 179 413 583 217 573 642 368 812 293 228 714 46 615 522 437 270 596 432 619 637 722 892 663 41 937 289 331 337 973 501 509 657 67 266 640 228 904 882 327 267 767 900 493 836 642 276 540 217 879 24 797 751 912 733 530 27 888 703 269 523 981 636 452 
442 520 102 701 51 239 690 328 0 668 787 765 933 262 688 353 575 182 556 164 615 370 51 923 389 139 661 337 614 514 815 196 726 958 271 108 933 535 930 333 783 730 105 610 760 982 705 613 193 728 426 219 121 742 343 637 557 69 681 767 297 406 21 191 886 369 852 300 882 675 82 519 723 4 166 329 853 811 895 20 477 695 718 187 560 852 480 588 305 101 
894 865 146 130 150 176 494 87 668 0 195 312 553 250 98 472 760 529 947 222 892 248 769 36 88 808 144 94 610 990 215 427 205 200 991 185 659 957 143 196 925 807 809 434 142 41 119 233 552 53 692 15 553 217 786 402 981 381 683 62 324 190 705 240 425 416 374 362 446 709 730 314 419 295 582 198 131 111 758 216 77 896 15 290 839 985 211 109 518 892 
380 626 589 122 152 360 953 431 787 195 0 295 64 426 522 774 41 839 506 829 544 770 323 531 471 595 919 526 108 237 825 460 431 222 200 664 893 286 62 971 873 715 201 605 452 640 563 47 617 143 118 836 36 797 460 813 254 261 60 561 933 653 139 987 279 967 51 325 521 955 973 172 618 168 125 831 156 664 92 252 588 248 100 953 851 406 289 634 635 925 
250 294 670 752 73 684 391 333 765 312 295 0 985 229 80 853 581 179 29 87 510 540 899 170 365 168 104 300 786 196 354 422 863 834 143 791 390 548 390 349 966 877 909 19 940 14 931 467 852 352 132 733 634 965 770 683 867 871 788 319 279 715 748 729 910 470 8 346 843 511 265 300 228 618 395 861 340 224 921 165 726 953 956 181 368 45 564 367 825 297 
906 478 318 652 299 307 623 897 933 553 64 985 0 178 642 585 290 648 737 370 131 630 746 445 556 634 273 728 430 221 969 444 489 618 578 736 843 415 74 343 50 912 576 218 133 78 530 580 503 24 955 726 44 536 218 546 424 395 491 553 510 678 879 380 197 241 284 636 793 106 715 826 204 712 914 920 241 855 933 865 558 94 486 437 846 329 617 411 651 308 
288 8 255 608 748 216 719 90 262 250 426 229 178 0 598 455 122 557 338 608 656 21 408 892 540 376 697 275 378 619 856 897 507 245 103 174 40 119 234 238 427 90 463 810 17 416 33 355 345 673 278 26 370 354 201 68 853 622 891 341 698 627 291 701 179 844 227 617 753 325 707 974 703 680 21 157 267 977 708 178 213 258 995 24 956 860 676 658 565 151 
285 896 515 279 302 332 540 153 688 98 522 80 642 598 0 521 267 232 17 299 825 96 674 200 132 412 847 853 855 957 583 423 759 915 895 908 929 359 277 307 334 423 360 823 903 82 37 927 785 800 438 816 275 169 251 880 960 571 937 426 32 374 533 477 402 805 740 606 583 846 260 589 586 867 544 703 378 368 939 970 272 682 62 162 804 315 781 501 362 820 
616 253 720 332 604 972 272 547 353 472 774 853 585 455 521 0 398 680 889 206 901 96 791 501 766 469 158 899 599 77 52 904 840 974 107 827 353 12 853 519 958 333 635 464 186 90 933 826 222 845 912 406 702 44 576 352 142 658 947 934 312 791 660 217 716 299 308 896 766 552 35 652 532 224 105 943 480 944 732 168 411 883 193 105 667 935 924 633 88 390 
531 982 749 421 145 684 387 367 575 760 41 581 290 122 267 398 0 498 955 860 215 780 432 59 693 808 322 95 873 908 11 785 830 952 608 972 756 169 773 960 796 412 800 31 525 309 30 717 616 226 2 451 950 344 962 26 682 488 196 818 91 411 97 697 841 766 485 393 55 868 204 883 669 182 469 197 662 42 479 433 960 382 561 23 535 381 496 978 400 748 
304 995 334 223 940 385 947 806 182 529 839 179 648 557 232 680 498 0 790 266 573 456 292 821 819 973 504 915 727 111 886 418 354 920 662 770 402 467 80 664 541 245 59 523 957 322 809 86 99 118 733 160 49 432 79 329 592 763 74 54 853 799 595 517 840 490 667 851 383 198 905 549 637 699 880 864 992 286 589 536 407 947 754 84 266 975 82 183 406 626 
113 797 566 817 18 403 86 592 556 947 506 29 737 338 17 889 955 790 0 212 983 409 921 659 531 555 510 452 36 514 592 770 702 583 737 974 480 556 189 972 118 334 263 556 485 210 462 248 874 514 487 480 415 425 325 582 566 900 810 151 955 616 467 633 506 578 97 714 761 458 71 24 455 562 875 860 798 761 908 20 215 709 43 315 735 491 59 294 585 36 
770 80 904 173 410 375 794 316 164 222 829 87 370 608 299 206 860 266 212 0 872 367 29 342 38 864 680 719 259 570 719 259 524 821 512 288 360 332 381 980 933 979 289 459 104 694 409 611 505 611 160 501 856 978 955 96 71 436 329 929 174 48 39 429 173 315 395 571 983 182 878 539 548 691 384 563 590 213 100 81 874 398 492 340 648 758 750 201 521 942 
383 125 812 95 162 639 434 147 615 892 544 510 131 656 825 901 215 573 983 872 0 597 317 262 289 232 39 438 21 815 952 440 818 109 296 489 661 561 951 780 531 752 494 378 572 749 461 98 813 667 414 764 982 697 533 171 77 323 141 237 745 276 819 805 73 141 491 412 571 249 760 887 676 400 10 343 313 580 78 750 197 339 495 425 755 755 165 984 963 803 
925 700 871 458 697 377 669 31 370 248 770 540 630 21 96 96 780 456 409 367 597 0 342 780 286 483 859 753 899 89 208 715 992 561 454 382 862 129 385 216 640 642 952 299 404 368 630 738 72 334 335 182 983 784 310 780 779 428 886 352 687 675 142 89 371 758 644 545 849 591 296 756 876 69 886 389 512 870 813 504 162 901 369 990 932 758 453 315 187 382 
57 843 27 234 30 41 776 771 51 769 323 899 746 408 674 791 432 292 921 29 317 342 0 179 637 516 703 203 902 226 897 308 928 859 23 820 325 781 57 996 122 55 862 372 259 190 350 995 864 490 806 445 864 83 708 604 927 354 74 457 584 615 466 973 780 35 310 265 397 967 84 806 639 967 21 479 725 750 271 63 928 674 276 877 654 733 769 741 421 38 
428 903 185 994 427 599 866 999 923 36 531 170 445 892 200 501 59 821 659 342 262 780 179 0 537 117 74 980 839 817 712 349 561 440 760 336 518 851 45 779 556 341 831 813 376 294 558 275 497 689 784 793 981 871 221 169 656 481 715 615 492 205 921 504 451 809 596 564 837 477 199 973 952 456 464 501 595 35 978 217 933 669 631 707 322 753 733 583 819 684 
552 492 113 724 832 454 547 741 389 88 471 365 556 540 132 766 693 819 531 38 289 286 637 537 0 434 365 574 651 852 846 937 335 188 236 438 152 895 275 666 605 478 912 774 571 73 676 426 389 457 977 138 120 303 389 847 545 492 580 920 151 395 976 979 295 353 746 636 464 284 514 296 90 788 865 636 694 673 409 452 653 956 611 13 584 516 560 611 50 800 
9 124 628 863 734 581 485 615 139 808 595 168 634 376 412 469 808 973 555 864 232 483 516 117 434 0 801 161 91 600 500 434 497 239 818 631 787 526 243 364 66 60 269 99 123 79 421 389 992 280 210 788 585 772 478 676 330 244 548 322 790 962 406 799 272 347 395 589 757 599 579 185 692 311 911 969 760 664 693 74 70 875 836 959 838 99 22 532 803 363 
370 42 310 431 871 634 928 254 661 144 919 104 273 697 847 158 322 504 510 680 39 859 703 74 365 801 0 727 974 954 756 354 1000 414 767 266 23 128 403 143 299 485 114 301 218 503 179 591 87 219 537 273 447 485 145 513 689 380 804 683 945 1000 443 390 543 816 928 204 688 645 768 699 437 821 422 988 218 21 399 900 405 14 149 899 554 162 195 957 5 810 
714 447 434 111 322 679 630 179 337 94 526 300 728 275 853 899 95 915 452 719 438 753 203 980 574 161 727 0 881 188 610 453 617 71 760 346 654 388 785 567 167 677 164 917 328 625 943 127 507 92 951 720 606 279 453 455 290 417 492 354 898 966 679 85 954 409 475 810 18 402 715 430 821 646 548 885 660 215 750 508 589 710 622 29 542 171 612 113 517 607 
362 896 701 747 189 237 855 413 614 610 108 786 430 378 855 599 873 727 36 259 21 899 902 839 651 91 974 881 0 988 856 139 39 213 142 811 644 115 334 787 404 928 587 667 946 437 732 174 58 895 466 872 470 55 412 791 686 172 765 695 515 401 135 853 321 458 128 364 95 192 578 32 403 829 392 696 217 106 579 334 694 408 851 971 815 379 480 392 175 759 
813 674 344 41 772 762 338 583 514 990 237 196 221 619 957 77 908 111 514 570 815 89 226 817 852 600 954 188 988 0 338 578 186 463 301 266 462 898 860 356 510 452 341 336 649 950 838 253 2 516 966 249 303 83 889 181 822 313 952 518 305 926 43 935 785 535 170 944 437 689 159 509 184 280 360 405 489 362 485 853 691 768 588 497 150 313 592 88 424 864 
92 744 649 226 119 449 97 217 815 215 825 354 969 856 583 52 11 886 592 719 952 208 897 712 846 500 756 610 856 338 0 796 647 660 922 464 207 356 517 4 616 551 972 674 242 610 829 686 517 429 241 621 197 940 39 257 565 735 20 911 422 745 330 903 826 14 890 788 295 623 717 840 977 411 472 419 779 526 448 743 35 674 925 588 636 796 414 433 16 943 
874 758 878 982 939 271 90 573 196 427 460 422 444 897 423 904 785 418 770 259 440 715 308 349 937 434 354 453 139 578 796 0 830 174 271 681 691 7 41 722 354 238 875 426 267 524 124 757 493 527 713 653 201 27 436 338 4 541 548 481 639 268 425 615 475 787 246 371 355 667 541 565 27 374 91 100 560 597 167 118 163 591 14 82 355 544 779 495 613 881 
821 854 415 692 616 236 726 642 726 205 431 863 489 507 759 840 830 354 702 524 818 992 928 561 335 497 1000 617 39 186 647 830 0 456 365 281 292 77 589 808 400 366 871 305 899 739 704 112 611 355 463 847 248 217 865 396 979 46 733 335 291 79 2 182 681 565 986 374 766 453 71 936 495 41 413 442 981 302 864 161 869 465 142 111 675 526 435 476 729 176 
879 361 244 131 983 580 909 368 958 200 222 834 618 245 915 974 952 920 583 821 109 561 859 440 188 239 414 71 213 463 660 174 456 0 785 658 604 522 792 795 506 621 695 305 233 334 94 615 447 928 575 497 308 419 891 994 144 695 912 694 594 336 500 873 300 577 545 121 946 924 595 283 353 289 88 821 731 353 94 992 466 533 932 184 656 692 822 515 205 754 
133 83 848 905 166 325 876 812 271 991 200 143 578 103 895 107 608 662 737 512 296 454 23 760 236 818 767 760 142 301 922 271 365 785 0 241 11 181 252 738 183 817 757 26 82 742 374 896 483 438 363 431 567 30 630 294 611 306 490 706 709 715 434 853 886 461 128 319 794 338 488 739 650 280 536 326 194 511 172 69 327 808 52 70 72 586 306 228 483 267 
801 253 89 961 953 323 310 293 108 185 664 791 736 174 908 827 972 770 974 288 489 382 820 336 438 631 266 346 811 266 464 681 281 658 241 0 761 495 190 839 883 596 355 994 653 119 503 330 701 889 91 104 549 174 375 153 205 550 366 738 355 196 85 639 16 882 518 372 602 325 905 547 661 381 24 4 778 824 563 724 184 727 860 978 482 659 756 445 5 609 
151 132 822 486 332 443 93 228 933 659 893 390 843 40 929 353 756 402 480 360 661 862 325 518 152 787 23 654 644 462 207 691 292 604 11 761 0 681 694 542 591 566 187 841 297 39 900 321 221 525 757 593 831 528 86 606 847 878 658 148 656 266 450 217 967 297 95 591 5 493 756 150 307 469 636 975 262 568 280 867 640 166 693 269 756 716 596 261 726 951 
143 411 739 431 583 742 380 714 535 957 286 548 415 119 359 12 169 467 556 332 561 129 781 851 895 526 128 388 115 898 356 7 77 522 181 495 681 0 377 361 293 226 400 1 41 658 30 429 141 706 321 214 64 184 601 460 328 72 245 690 172 636 277 12 59 231 291 992 690 966 493 702 478 651 189 884 500 297 17 512 841 818 619 138 818 181 895 839 73 955 
617 839 450 467 910 455 872 46 930 143 62 390 74 234 277 853 773 80 189 381 951 385 57 45 275 243 403 785 334 860 517 41 589 792 252 190 694 377 0 283 415 527 720 923 161 267 730 289 583 919 511 408 806 461 157 628 573 159 312 134 20 118 756 329 440 153 917 957 603 847 946 908 410 653 769 769 323 850 412 439 664 360 227 316 352 889 403 691 327 240 
529 188 911 326 564 781 271 615 333 196 971 349 343 238 307 519 960 664 972 980 780 216 996 779 666 364 143 567 787 356 4 722 808 795 738 839 542 361 283 0 92 51 960 182 277 963 382 107 335 874 748 515 769 503 306 224 176 5 292 517 906 772 846 649 646 687 286 585 784 503 156 87 64 51 213 850 26 791 448 920 203 835 682 572 298 626 963 157 744 620 
685 82 522 536 670 833 26 522 783 925 873 966 50 427 334 958 796 541 118 933 531 640 122 556 605 66 299 167 404 510 616 354 400 506 183 883 591 293 415 92 0 770 117 430 37 310 376 965 193 881 977 695 144 509 53 68 208 848 818 100 551 426 224 479 333 613 333 539 655 875 523 13 527 678 822 945 238 662 769 406 701 123 692 385 805 730 579 206 435 149 
714 94 442 83 883 87 55 437 730 807 715 877 912 90 423 333 412 245 334 979 752 642 55 341 478 60 485 677 928 452 551 238 366 621 817 596 566 226 527 51 770 0 796 77 1000 907 554 409 470 674 376 659 166 532 585 674 375 81 986 752 295 613 24 444 927 868 406 684 250 188 96 43 439 221 4 996 128 948 654 91 437 64 925 390 986 571 902 644 896 233 
472 423 725 704 354 143 47 270 105 809 201 909 576 463 360 635 800 59 263 289 494 952 862 831 912 269 114 164 587 341 972 875 871 695 757 355 187 400 720 960 117 796 0 330 206 604 12 540 952 548 168 784 529 597 790 77 587 678 875 657 976 209 347 941 293 826 460 879 679 63 522 569 851 366 224 186 40 183 924 757 123 213 369 393 200 591 708 648 841 246 
486 482 52 847 973 509 262 596 610 434 605 19 218 810 823 464 31 523 556 459 378 299 372 813 774 99 301 917 667 336 674 426 305 305 26 994 841 1 923 182 430 77 330 0 544 723 647 336 936 516 24 868 711 949 413 769 996 280 201 730 711 668 240 138 293 131 230 445 532 650 63 97 413 487 967 970 678 658 728 536 899 461 574 98 181 998 20 513 480 319 
175 506 390 301 395 752 952 432 760 142 452 940 133 17 903 186 525 957 485 104 572 404 259 376 571 123 218 328 946 649 242 267 899 233 82 653 297 41 161 277 37 1000 206 544 0 494 662 106 718 310 111 453 75 194 360 778 10 917 238 845 161 886 142 741 554 714 342 979 833 701 365 999 578 242 890 165 958 870 191 806 12 655 124 157 823 995 749 378 366 30 
901 54 335 354 770 875 155 619 982 41 640 14 78 416 82 90 309 322 210 694 749 368 190 294 73 79 503 625 437 950 610 524 739 334 742 119 39 658 267 963 310 907 604 723 494 0 477 904 957 394 149 943 315 812 289 757 287 148 34 588 178 186 79 183 169 206 450 627 682 432 847 186 920 309 101 845 330 391 344 570 775 258 251 121 596 511 693 125 99 822 
410 670 35 518 984 19 719 637 705 119 563 931 530 33 37 933 30 809 462 409 461 630 350 558 676 421 179 943 732 838 829 124 704 94 374 503 900 30 730 382 376 554 12 647 662 477 0 660 733 183 250 437 912 359 630 327 761 142 587 940 289 434 951 877 802 872 615 429 734 279 141 925 494 980 423 369 39 777 826 160 303 703 293 735 594 805 318 765 916 36 
174 404 51 435 554 462 47 722 613 233 47 467 580 355 927 826 717 86 248 611 98 738 995 275 426 389 591 127 174 253 686 757 112 615 896 330 321 429 289 107 965 409 540 336 106 904 660 0 505 626 778 478 797 881 729 654 285 622 178 781 789 263 940 354 456 148 314 504 305 687 916 503 194 243 98 381 264 481 789 518 337 907 958 429 695 407 968 309 681 480 
299 300 80 786 378 327 478 892 193 552 617 852 503 345 785 222 616 99 874 505 813 72 864 497 389 992 87 507 58 2 517 493 611 447 483 701 221 141 583 335 193 470 952 936 718 957 733 505 0 619 618 460 926 212 507 763 326 982 666 709 116 451 788 661 729 909 44 12 656 452 927 289 81 95 614 188 598 228 277 762 310 98 29 176 23 849 546 371 104 596 
726 143 58 918 565 91 102 663 728 53 143 352 24 673 800 845 226 118 514 611 667 334 490 689 457 280 219 92 895 516 429 527 355 928 438 889 525 706 919 874 881 674 548 516 310 394 183 626 619 0 842 945 823 115 288 582 973 270 136 441 371 511 322 210 69 629 924 381 613 476 232 130 487 614 40 219 358 640 408 978 480 496 489 994 342 767 422 829 817 148 
253 825 230 943 2 194 182 41 426 692 118 132 955 278 438 912 2 733 487 160 414 335 806 784 977 210 537 951 466 966 241 713 463 575 363 91 757 321 511 748 977 376 168 24 111 149 250 778 618 842 0 449 999 891 478 623 589 229 278 290 802 274 655 859 450 764 173 930 10 315 758 171 587 638 933 81 460 433 64 282 223 170 695 539 628 996 369 750 887 512 
423 806 435 220 409 413 19 937 219 15 836 733 726 26 816 406 451 160 480 501 764 182 445 793 138 788 273 720 872 249 621 653 847 497 431 104 593 214 408 515 695 659 784 868 453 943 437 478 460 945 449 0 450 785 316 641 109 743 417 56 320 969 568 994 729 392 805 349 578 642 732 607 698 48 461 593 853 93 162 527 873 477 859 191 591 732 9 253 686 923 
275 8 173 89 667 911 796 289 121 553 36 634 44 370 275 702 950 49 415 856 982 983 864 981 120 585 447 606 470 303 197 201 248 308 567 549 831 64 806 769 144 166 529 711 75 315 912 797 926 823 999 450 0 232 645 99 293 316 11 851 538 766 560 340 6 529 626 312 302 80 842 505 566 482 3 701 910 261 670 332 3 426 858 977 933 754 768 187 358 307 
216 859 304 24 344 348 106 331 742 217 797 965 536 354 169 44 344 432 425 978 697 784 83 871 303 772 485 279 55 83 940 27 217 419 30 174 528 184 461 503 509 532 597 949 194 812 359 881 212 115 891 785 232 0 891 991 582 568 791 161 135 686 420 686 588 598 804 556 350 853 153 952 914 393 941 537 106 901 980 148 371 352 849 827 523 288 199 410 218 255 
856 870 432 262 803 713 650 337 343 786 460 770 218 201 251 576 962 79 325 955 533 310 708 221 389 478 145 453 412 889 39 436 865 891 630 375 86 601 157 306 53 585 790 413 360 289 630 729 507 288 478 316 645 891 0 124 735 9 195 764 661 278 74 781 727 155 322 648 513 305 666 893 480 492 587 768 826 12 835 238 917 459 207 283 806 829 718 207 678 683 
856 358 352 659 223 854 646 973 637 402 813 683 546 68 880 352 26 329 582 96 171 780 604 169 847 676 513 455 791 181 257 338 396 994 294 153 606 460 628 224 68 674 77 769 778 757 327 654 763 582 623 641 99 991 124 0 780 362 6 698 715 556 892 990 896 939 133 561 207 834 65 442 126 340 717 122 894 735 591 484 609 418 189 468 427 291 658 99 369 777 
661 130 808 506 425 625 136 501 557 981 254 867 424 853 960 142 682 592 566 71 77 779 927 656 545 330 689 290 686 822 565 4 979 144 611 205 847 328 573 176 208 375 587 996 10 287 761 285 326 973 589 109 293 582 735 780 0 522 724 747 221 595 886 993 370 269 652 689 560 796 384 436 643 753 973 926 558 792 560 883 974 59 531 153 74 221 633 198 364 113 
289 872 803 92 994 453 266 509 69 381 261 871 395 622 571 658 488 763 900 436 323 428 354 481 492 244 380 417 172 313 735 541 46 695 306 550 878 72 159 5 848 81 678 280 917 148 142 622 982 270 229 743 316 568 9 362 522 0 722 422 88 115 834 845 914 583 125 501 706 909 874 364 737 619 865 957 918 876 38 998 815 115 318 864 732 559 81 92 745 820 
227 610 133 672 738 62 903 657 681 683 60 788 491 891 937 947 196 74 810 329 141 886 74 715 580 548 804 492 765 952 20 548 733 912 490 366 658 245 312 292 818 986 875 201 238 34 587 178 666 136 278 417 11 791 195 6 724 722 0 884 955 637 31 465 379 963 97 379 276 112 409 222 878 333 507 181 292 724 830 4 438 837 26 277 486 604 252 213 880 230 
776 788 813 34 277 782 984 67 767 62 561 319 553 341 426 934 818 54 151 929 237 352 457 615 920 322 683 354 695 518 911 481 335 694 706 738 148 690 134 517 100 752 657 730 845 588 940 781 709 441 290 56 851 161 764 698 747 422 884 0 414 718 519 65 158 77 641 666 285 169 857 761 540 725 737 522 465 485 627 190 386 198 401 741 328 736 705 479 506 68 
573 852 737 569 396 884 315 266 297 324 933 279 510 698 32 312 91 853 955 174 745 687 584 492 151 790 945 898 515 305 422 639 291 594 709 355 656 172 20 906 551 295 976 711 161 178 289 789 116 371 802 320 538 135 661 715 221 88 955 414 0 895 823 558 984 469 301 719 610 925 382 599 472 934 208 13 627 101 880 588 816 884 725 352 526 997 190 924 444 397 
668 182 275 621 177 878 849 640 406 190 653 715 678 627 374 791 411 799 616 48 276 675 615 205 395 962 1000 966 401 926 745 268 79 336 715 196 266 636 118 772 426 613 209 668 886 186 434 263 451 511 274 969 766 686 278 556 595 115 637 718 895 0 981 233 582 157 131 193 77 424 327 889 166 672 484 92 805 707 400 173 88 994 276 182 201 618 292 369 343 291 
629 962 471 284 887 732 492 228 21 705 139 748 879 291 533 660 97 595 467 39 819 142 466 921 976 406 443 679 135 43 330 425 2 500 434 85 450 277 756 846 224 24 347 240 142 79 951 940 788 322 655 568 560 420 74 892 886 834 31 519 823 981 0 531 221 21 756 843 41 946 519 790 201 808 369 232 666 238 60 921 44 313 19 389 992 434 732 267 223 207 
938 35 955 244 292 824 96 904 191 240 987 729 380 701 477 217 697 517 633 429 805 89 973 504 979 799 390 85 853 935 903 615 182 873 853 639 217 12 329 649 479 444 941 138 741 183 877 354 661 210 859 994 340 686 781 990 993 845 465 65 558 233 531 0 587 585 993 219 780 705 443 423 309 192 409 677 965 981 439 607 454 166 950 740 214 356 58 735 241 62 
6 622 601 428 262 227 331 882 886 425 279 910 197 179 402 716 841 840 506 173 73 371 780 451 295 272 543 954 321 785 826 475 681 300 886 16 967 59 440 646 333 927 293 293 554 169 802 456 729 69 450 729 6 588 727 896 370 914 379 158 984 582 221 587 0 107 163 279 32 666 520 970 266 764 913 137 599 279 928 530 755 291 492 806 831 455 189 890 322 429 
767 654 794 753 35 57 133 327 369 416 967 470 241 844 805 299 766 490 578 315 141 758 35 809 353 347 816 409 458 535 14 787 565 577 461 882 297 231 153 687 613 868 826 131 714 206 872 148 909 629 764 392 529 598 155 939 269 583 963 77 469 157 21 585 107 0 121 44 807 742 409 493 728 36 619 560 138 233 375 120 263 111 964 420 343 126 110 867 616 800 
24 687 337 509 872 215 37 267 852 374 51 8 284 227 740 308 485 667 97 395 491 644 310 596 746 395 928 475 128 170 890 246 986 545 128 518 95 291 917 286 333 406 460 230 342 450 615 314 44 924 173 805 626 804 322 133 652 125 97 641 301 131 756 993 163 121 0 446 92 525 4 882 262 648 223 920 511 977 879 212 406 640 215 481 833 379 633 333 695 971 
137 159 163 771 508 855 195 767 300 362 325 346 636 617 606 896 393 851 714 571 412 545 265 564 636 589 204 810 364 944 788 371 374 121 319 372 591 992 957 585 539 684 879 445 979 627 429 504 12 381 930 349 312 556 648 561 689 501 379 666 719 193 843 219 279 44 446 0 939 240 380 914 660 721 524 213 446 306 351 938 15 132 662 863 296 793 880 548 378 745 
906 473 797 672 629 380 40 900 882 446 521 843 793 753 583 766 55 383 761 983 571 849 397 837 464 757 688 18 95 437 295 355 766 946 794 602 5 690 603 784 655 250 679 532 833 682 734 305 656 613 10 578 302 350 513 207 560 706 276 285 610 77 41 780 32 807 92 939 0 657 380 365 66 161 43 992 59 715 464 657 983 673 143 834 760 759 469 923 232 148 
962 626 260 536 220 976 587 493 675 709 955 511 106 325 846 552 868 198 458 182 249 591 967 477 284 599 645 402 192 689 623 667 453 924 338 325 493 966 847 503 875 188 63 650 701 432 279 687 452 476 315 642 80 853 305 834 796 909 112 169 925 424 946 705 666 742 525 240 657 0 806 770 396 957 97 475 206 203 713 11 866 128 38 595 967 590 833 511 636 191 
817 674 524 278 294 65 258 836 82 730 973 265 715 707 260 35 204 905 71 878 760 296 84 199 514 579 768 715 578 159 717 541 71 595 488 905 756 493 946 156 523 96 522 63 365 847 141 916 927 232 758 732 842 153 666 65 384 874 409 857 382 327 519 443 520 409 4 380 380 806 0 524 830 337 561 171 173 429 702 429 78 909 15 868 483 992 236 512 714 700 
853 773 123 425 444 751 481 642 519 314 172 300 826 974 589 652 883 549 24 539 887 756 806 973 296 185 699 430 32 509 840 565 936 283 739 547 150 702 908 87 13 43 569 97 999 186 925 503 289 130 171 607 505 952 893 442 436 364 222 761 599 889 790 423 970 493 882 914 365 770 524 0 343 926 557 520 934 965 675 669 775 405 391 945 137 277 69 437 651 497 
948 797 984 686 114 774 827 276 723 419 618 228 204 703 586 532 669 637 455 548 676 876 639 952 90 692 437 821 403 184 977 27 495 353 650 661 307 478 410 64 527 439 851 413 578 920 494 194 81 487 587 698 566 914 480 126 643 737 878 540 472 166 201 309 266 728 262 660 66 396 830 343 0 293 237 851 559 208 764 183 67 81 652 821 28 615 60 476 870 78 
752 532 815 993 332 625 781 540 4 295 168 618 712 680 867 224 182 699 562 691 400 69 967 456 788 311 821 646 829 280 411 374 41 289 280 381 469 651 653 51 678 221 366 487 242 309 980 243 95 614 638 48 482 393 492 340 753 619 333 725 934 672 808 192 764 36 648 721 161 957 337 926 293 0 551 990 656 906 228 268 197 219 787 708 512 890 229 550 837 894 
392 650 868 999 452 934 426 217 166 582 125 395 914 21 544 105 469 880 875 384 10 886 21 464 865 911 422 548 392 360 472 91 413 88 536 24 636 189 769 213 822 4 224 967 890 101 423 98 614 40 933 461 3 941 587 717 973 865 507 737 208 484 369 409 913 619 223 524 43 97 561 557 237 551 0 69 309 227 795 860 712 49 378 765 370 585 469 870 575 136 
519 371 399 861 352 736 82 879 329 198 831 861 920 157 703 943 197 864 860 563 343 389 479 501 636 969 988 885 696 405 419 100 442 821 326 4 975 884 769 850 945 996 186 970 165 845 369 381 188 219 81 593 701 537 768 122 926 957 181 522 13 92 232 677 137 560 920 213 992 475 171 520 851 990 69 0 976 583 659 842 161 328 651 249 174 114 413 588 531 651 
283 432 28 966 579 699 656 24 853 131 156 340 241 267 378 480 662 992 798 590 313 512 725 595 694 760 218 660 217 489 779 560 981 731 194 778 262 500 323 26 238 128 40 678 958 330 39 264 598 358 460 853 910 106 826 894 558 918 292 465 627 805 666 965 599 138 511 446 59 206 173 934 559 656 309 976 0 464 462 550 150 972 230 768 275 202 620 326 193 214 
827 920 701 332 367 56 809 797 811 111 664 224 855 977 368 944 42 286 761 213 580 870 750 35 673 664 21 215 106 362 526 597 302 353 511 824 568 297 850 791 662 948 183 658 870 391 777 481 228 640 433 93 261 901 12 735 792 876 724 485 101 707 238 981 279 233 977 306 715 203 429 965 208 906 227 583 464 0 216 125 132 291 35 768 69 265 384 435 84 358 
452 395 772 201 166 559 315 751 895 758 92 921 933 708 939 732 479 589 908 100 78 813 271 978 409 693 399 750 579 485 448 167 864 94 172 563 280 17 412 448 769 654 924 728 191 344 826 789 277 408 64 162 670 980 835 591 560 38 830 627 880 400 60 439 928 375 879 351 464 713 702 675 764 228 795 659 462 216 0 140 748 507 674 372 80 68 471 189 678 795 
869 483 42 437 849 945 275 912 20 216 252 165 865 178 970 168 433 536 20 81 750 504 63 217 452 74 900 508 334 853 743 118 161 992 69 724 867 512 439 920 406 91 757 536 806 570 160 518 762 978 282 527 332 148 238 484 883 998 4 190 588 173 921 607 530 120 212 938 657 11 429 669 183 268 860 842 550 125 140 0 249 788 391 873 901 695 55 473 999 531 
98 791 414 630 949 980 463 733 477 77 588 726 558 213 272 411 960 407 215 874 197 162 928 933 653 70 405 589 694 691 35 163 869 466 327 184 640 841 664 203 701 437 123 899 12 775 303 337 310 480 223 873 3 371 917 609 974 815 438 386 816 88 44 454 755 263 406 15 983 866 78 775 67 197 712 161 150 132 748 249 0 104 228 21 982 391 321 83 850 659 
531 186 404 985 222 345 871 530 695 896 248 953 94 258 682 883 382 947 709 398 339 901 674 669 956 875 14 710 408 768 674 591 465 533 808 727 166 818 360 835 123 64 213 461 655 258 703 907 98 496 170 477 426 352 459 418 59 115 837 198 884 994 313 166 291 111 640 132 673 128 909 405 81 219 49 328 972 291 507 788 104 0 710 418 438 662 481 890 635 156 
284 753 342 56 851 600 672 27 718 15 100 956 486 995 62 193 561 754 43 492 495 369 276 631 611 836 149 622 851 588 925 14 142 932 52 860 693 619 227 682 692 925 369 574 124 251 293 958 29 489 695 859 858 849 207 189 531 318 26 401 725 276 19 950 492 964 215 662 143 38 15 391 652 787 378 651 230 35 674 391 228 710 0 111 64 365 182 948 936 841 
292 300 290 943 982 339 868 888 187 290 953 181 437 24 162 105 23 84 315 340 425 990 877 707 13 959 899 29 971 497 588 82 111 184 70 978 269 138 316 572 385 390 393 98 157 121 735 429 176 994 539 191 977 827 283 468 153 864 277 741 352 182 389 740 806 420 481 863 834 595 868 945 821 708 765 249 768 768 372 873 21 418 111 0 816 291 266 856 609 313 
95 577 216 398 820 169 740 703 560 839 851 368 846 956 804 667 535 266 735 648 755 932 654 322 584 838 554 542 815 150 636 355 675 656 72 482 756 818 352 298 805 986 200 181 823 596 594 695 23 342 628 591 933 523 806 427 74 732 486 328 526 201 992 214 831 343 833 296 760 967 483 137 28 512 370 174 275 69 80 901 982 438 64 816 0 560 443 881 463 720 
399 943 989 139 17 595 905 269 852 985 406 45 329 860 315 935 381 975 491 758 755 758 733 753 516 99 162 171 379 313 796 544 526 692 586 659 716 181 889 626 730 571 591 998 995 511 805 407 849 767 996 732 754 288 829 291 221 559 604 736 997 618 434 356 455 126 379 793 759 590 992 277 615 890 585 114 202 265 68 695 391 662 365 291 560 0 651 702 856 215 
759 586 11 162 311 39 659 523 480 211 289 564 617 676 781 924 496 82 59 750 165 453 769 733 560 22 195 612 480 592 414 779 435 822 306 756 596 895 403 963 579 902 708 20 749 693 318 968 546 422 369 9 768 199 718 658 633 81 252 705 190 292 732 58 189 110 633 880 469 833 236 69 60 229 469 413 620 384 471 55 321 481 182 266 443 651 0 22 259 880 
629 791 376 779 336 708 782 981 588 109 634 367 411 658 501 633 978 183 294 201 984 315 741 583 611 532 957 113 392 88 433 495 476 515 228 445 261 839 691 157 206 644 648 513 378 125 765 309 371 829 750 253 187 410 207 99 198 92 213 479 924 369 267 735 890 867 333 548 923 511 512 437 476 550 870 588 326 435 189 473 83 890 948 856 881 702 22 0 595 437 
631 29 819 144 938 580 430 636 305 518 635 825 651 565 362 88 400 406 585 521 963 187 421 819 50 803 5 517 175 424 16 613 729 205 483 5 726 73 327 744 435 896 841 480 366 99 916 681 104 817 887 686 358 218 678 369 364 745 880 506 444 343 223 241 322 616 695 378 232 636 714 651 870 837 575 531 193 84 678 999 850 635 936 609 463 856 259 595 0 896 
717 413 55 459 570 282 296 452 101 892 925 297 308 151 820 390 748 626 36 942 803 382 38 684 800 363 810 607 759 864 943 881 176 754 267 609 951 955 240 620 149 233 246 319 30 822 36 480 596 148 512 923 307 255 683 777 113 820 230 68 397 291 207 62 429 800 971 745 148 191 700 497 78 894 136 651 214 358 795 531 659 156 841 313 720 215 880 437 896 0 
0 46 635 192 503 223 232 216 702 401 807 84 908 408 535 203 633 378 51 601 182 232 107 777 277 509 562 99 536 148 337 503 835 89 285 26 569 727 238 269 302 670 542 690 107 516 26 574 997 177 164 581 130 161 608 256 946 67 787 570 202 495 583 478 173 98 669 836 343 975 927 125 620 198 89 64 862 397 746 643 601 394 976 29 337 711 38 856 712 423 
46 0 654 436 761 261 59 69 61 390 409 105 600 439 972 168 816 157 222 12 960 85 892 506 16 224 265 554 422 603 803 184 166 409 643 201 726 878 777 956 569 378 889 213 479 386 70 197 891 956 273 449 952 306 528 911 277 307 903 912 370 335 939 691 803 936 511 730 95 401 51 5 471 463 357 862 559 963 868 708 964 102 458 513 634 436 628 822 279 237 
635 654 0 752 420 75 613 975 948 746 920 201 119 740 488 655 63 310 732 112 523 869 921 491 76 23 595 618 466 211 256 676 203 940 82 481 453 333 865 730 206 145 794 556 489 271 651 61 127 739 992 511 34 802 442 942 609 840 142 253 235 755 294 450 752 586 817 330 385 996 38 620 37 217 425 783 39 415 465 701 381 212 463 729 131 23 266 539 974 212 
192 436 752 0 892 774 882 675 498 756 615 96 316 787 539 79 609 61 347 515 396 809 625 510 809 128 114 127 851 170 912 358 285 600 919 807 72 177 821 228 645 881 447 456 519 482 500 819 565 438 184 236 777 823 946 731 542 113 102 641 512 541 441 870 689 602 254 174 898 879 248 34 212 572 884 440 19 151 971 109 653 276 939 577 41 967 475 152 491 184 
503 761 420 892 0 87 872 607 337 246 377 771 749 247 374 723 313 749 238 211 291 362 581 433 57 315 572 667 664 798 433 956 808 409 186 212 201 157 230 577 61 765 860 969 201 199 543 145 268 30 757 736 477 746 183 65 619 316 381 597 465 221 456 742 333 990 635 250 84 167 352 832 64 616 928 208 665 828 131 705 528 447 765 566 262 125 183 102 599 149 
223 261 75 774 87 0 556 55 408 527 461 188 116 578 753 121 940 947 186 311 348 842 891 232 596 244 708 608 222 433 874 470 730 44 184 885 602 119 960 161 887 440 92 761 677 946 219 713 145 161 613 952 601 966 343 963 203 54 954 281 872 788 221 845 488 737 795 852 361 209 37 785 656 78 465 645 94 722 692 134 549 523 943 987 615 322 676 579 972 592 
232 59 613 882 872 556 0 743 157 466 551 758 828 202 90 950 226 513 43 277 541 471 745 499 595 675 793 923 403 453 668 542 505 93 517 101 986 440 429 995 882 796 880 688 326 416 375 14 962 928 422 207 676 241 48 64 626 458 847 790 135 124 813 19 968 564 160 98 19 418 11 623 121 101 22 872 339 260 20 842 673 583 824 685 6 567 29 925 481 962 
216 69 975 675 607 55 743 0 295 568 616 756 281 657 103 749 476 126 333 813 120 420 803 344 330 458 980 697 234 411 682 139 10 317 402 991 90 836 32 595 669 903 811 422 990 752 163 737 511 266 961 618 518 759 47 420 905 918 921 996 459 158 29 564 666 873 920 572 721 934 192 952 474 965 804 111 270 671 662 682 692 342 158 819 649 251 25 836 574 714 
702 61 948 498 337 408 157 295 0 941 256 282 714 44 632 340 595 369 625 469 27 241 450 978 708 765 605 469 334 557 249 676 311 393 317 375 117 477 9 130 550 391 608 73 557 872 536 204 142 714 463 937 302 281 123 913 605 888 240 223 988 83 785 840 905 599 17 805 625 230 786 945 480 303 242 586 439 86 903 364 136 871 497 483 731 84 942 809 171 154 
401 390 746 756 246 527 466 568 941 0 426 758 496 479 325 243 849 882 387 77 860 527 677 42 967 920 278 891 927 620 79 53 580 690 594 678 904 149 79 608 419 65 552 433 609 266 450 644 52 460 752 627 298 575 420 726 661 353 561 503 66 159 481 331 798 882 222 68 300 699 86 80 180 317 178 646 98 761 532 474 67 127 757 475 164 303 749 247 350 453 
807 409 920 615 377 461 551 616 256 426 0 911 670 942 717 554 354 722 405 636 605 677 582 643 858 320 835 690 58 873 768 422 675 46 112 919 621 623 231 520 84 812 433 859 103 180 249 783 893 220 189 777 58 115 541 76 792 236 675 288 388 696 697 544 474 926 467 173 390 330 833 394 407 92 168 272 585 212 710 943 124 886 812 680 405 536 841 328 144 714 
84 105 201 96 771 188 758 756 282 758 911 0 723 702 140 527 723 953 825 309 262 813 696 386 815 678 691 808 904 664 177 530 803 555 589 749 456 84 954 686 822 436 814 211 861 489 750 991 601 718 283 327 286 601 542 491 468 270 77 961 204 952 772 404 708 979 836 155 843 110 996 847 21 650 157 916 900 779 245 57 993 299 134 90 514 896 886 445 637 415 
908 600 119 316 749 116 828 281 714 496 670 723 0 208 508 970 261 148 916 147 841 453 883 659 979 146 769 666 105 593 676 538 308 693 806 795 1 157 378 888 309 930 246 508 333 348 649 633 816 562 851 747 18 260 900 15 614 473 761 42 65 625 294 115 654 336 513 411 770 577 431 923 364 657 513 342 76 991 91 144 249 502 793 578 254 405 666 572 413 540 
408 439 740 787 247 578 202 657 44 479 942 702 208 0 1 892 358 467 131 942 739 187 113 96 503 112 318 567 322 129 816 55 607 108 571 90 46 471 893 111 340 686 931 594 633 516 655 721 858 140 882 350 746 491 634 71 784 637 268 757 983 771 862 730 705 315 67 504 773 292 662 963 108 441 625 805 493 499 802 277 87 260 175 977 633 515 202 165 960 358 
535 972 488 539 374 753 90 103 632 325 717 140 508 1 0 749 116 211 558 346 532 763 412 767 4 837 814 723 510 596 508 635 394 998 166 990 81 839 706 562 755 554 402 419 306 775 27 622 143 491 342 598 736 321 74 163 477 940 502 42 868 700 275 788 912 991 952 779 492 548 434 732 957 89 693 490 242 958 43 424 427 87 86 970 119 750 606 531 577 231 
203 168 655 79 723 121 950 749 340 243 554 527 970 892 749 0 481 200 682 120 618 460 863 147 82 468 624 520 329 30 891 977 436 668 162 703 885 29 847 58 320 406 361 289 457 105 46 320 569 437 600 741 323 529 797 964 257 884 106 492 9 6 219 684 10 517 864 450 782 216 543 540 886 143 442 921 438 731 509 762 498 640 45 457 89 871 936 553 707 507 
633 816 63 609 313 940 226 476 595 849 354 723 261 358 116 481 0 557 939 827 359 970 929 658 905 86 801 864 580 467 257 773 380 503 763 880 872 175 110 255 589 638 52 68 881 814 462 285 516 383 401 456 716 618 807 718 352 405 781 73 259 219 57 123 679 529 361 204 259 152 854 94 905 899 606 104 199 39 869 447 375 807 904 927 75 256 679 110 112 516 
378 157 310 61 749 947 513 126 369 882 722 953 148 467 211 200 557 0 601 884 107 21 599 76 1 936 233 614 453 653 579 828 486 409 927 195 304 546 765 591 50 421 121 631 362 493 810 349 358 919 201 66 616 65 675 481 718 141 572 206 602 149 433 165 624 605 98 125 220 739 476 513 285 302 1000 431 226 78 931 735 465 637 119 86 401 567 344 518 351 158 
51 222 732 347 238 186 43 333 625 387 405 825 916 131 558 682 939 601 0 671 826 523 951 86 976 749 945 651 552 375 559 713 273 51 517 588 178 172 484 525 898 204 702 816 971 547 604 984 189 828 271 764 341 547 910 646 376 426 327 762 425 178 683 941 914 845 878 79 591 529 81 131 379 223 598 785 376 239 707 851 657 716 47 642 977 216 282 98 996 511 
601 12 112 515 211 311 277 813 469 77 636 309 147 942 346 120 827 884 671 0 355 242 697 250 998 744 585 763 690 325 339 564 512 19 749 198 566 426 176 210 855 343 467 637 603 375 538 429 190 217 725 560 723 107 270 670 10 221 705 192 651 447 491 854 957 454 700 493 531 839 516 29 445 312 763 853 432 365 838 483 283 617 627 716 894 1 150 92 997 983 
182 960 523 396 291 348 541 120 27 860 605 262 841 739 532 618 359 107 826 355 0 241 837 376 108 668 274 337 506 634 657 338 567 596 535 765 331 271 239 434 112 702 24 607 606 315 363 681 357 637 536 746 800 943 254 112 56 426 732 178 158 933 174 519 724 412 21 15 496 130 26 166 630 151 959 733 685 240 114 539 801 876 815 460 832 183 154 675 828 893 
232 85 869 809 362 842 471 420 241 527 677 813 453 187 763 460 970 21 523 242 241 0 494 901 760 336 627 80 11 776 183 784 601 369 40 532 897 218 402 807 566 481 815 757 241 668 927 551 42 512 761 978 574 611 430 653 755 398 530 587 63 301 408 91 294 89 195 246 80 657 185 41 546 485 22 82 737 894 409 368 766 588 469 450 861 45 484 683 327 755 
107 892 921 625 581 891 745 803 450 677 582 696 883 113 412 863 929 599 951 697 837 494 0 721 258 921 184 766 457 230 535 30 948 450 777 407 690 770 971 736 12 937 746 488 81 724 40 472 668 201 663 437 710 860 393 640 77 646 402 450 94 76 929 793 44 361 531 885 890 827 177 995 351 237 260 837 32 345 862 97 280 557 892 138 111 999 603 203 628 175 
777 506 491 510 433 232 499 344 978 42 643 386 659 96 767 147 658 76 86 250 376 901 721 0 626 516 409 409 41 635 444 229 516 749 351 383 596 881 999 354 214 396 843 278 175 273 590 16 986 472 93 288 340 144 571 778 469 972 964 480 179 485 453 439 345 203 578 161 650 271 160 286 486 25 181 86 64 63 718 9 203 509 919 766 610 830 909 815 23 376 
277 16 76 809 57 596 595 330 708 967 858 815 979 503 4 82 905 1 976 998 108 760 258 626 0 463 378 420 574 766 58 209 381 164 836 431 704 323 606 962 727 274 284 367 105 171 469 118 955 709 156 255 704 587 458 568 549 341 111 92 93 760 915 731 738 78 221 403 925 982 98 751 794 494 61 442 257 896 467 927 450 757 668 96 91 519 810 138 137 148 
509 224 23 128 315 244 675 458 765 920 320 678 146 112 837 468 86 936 749 744 668 336 921 516 463 0 384 217 559 50 129 793 281 531 324 872 387 944 454 317 55 144 485 334 721 598 910 271 37 689 1 941 117 928 485 354 617 349 446 817 419 194 851 857 270 499 230 978 98 15 979 158 645 377 25 724 965 660 724 581 755 314 665 752 272 8 305 773 56 141 
562 265 595 114 572 708 793 980 605 278 835 691 769 318 814 624 801 233 945 585 274 627 184 409 378 384 0 565 554 648 415 443 77 794 570 580 976 620 666 413 617 552 707 623 495 59 666 523 404 700 582 489 191 731 706 290 860 862 689 461 112 316 963 271 797 246 171 293 36 265 638 677 350 96 907 768 710 938 426 147 732 762 93 209 978 233 283 129 176 526 
99 554 618 127 667 608 923 697 469 891 690 808 666 567 723 520 864 614 651 763 337 80 766 409 420 217 565 0 686 709 161 772 154 393 205 382 437 886 976 86 341 161 410 287 265 649 373 292 267 226 641 442 953 973 143 386 280 465 217 636 421 937 797 995 789 580 254 371 168 920 985 746 667 974 83 339 47 723 985 911 588 409 857 345 568 642 864 604 77 218 
536 422 466 851 664 222 403 234 334 927 58 904 105 322 510 329 580 453 552 690 506 11 457 41 574 559 554 686 0 426 844 892 612 622 986 428 274 981 172 53 121 393 511 102 49 133 806 912 527 614 950 11 747 165 915 964 170 239 113 43 642 527 425 797 665 944 797 848 961 894 540 852 537 239 458 650 489 13 907 865 522 644 173 563 510 783 490 536 292 167 
148 603 211 170 798 433 453 411 557 620 873 664 593 129 596 30 467 653 375 325 634 776 230 635 766 50 648 709 426 0 418 179 128 893 625 97 533 597 781 676 555 935 266 230 824 184 198 247 412 436 302 173 691 155 38 727 951 341 277 292 661 1 569 35 47 427 438 662 106 579 122 29 523 844 809 933 363 148 919 897 856 31 418 524 285 36 471 891 13 838 
337 803 256 912 433 874 668 682 249 79 768 177 676 816 508 891 257 579 559 339 657 183 535 444 58 129 415 161 844 418 0 213 978 281 121 576 687 576 305 935 778 198 470 694 579 561 591 951 141 908 554 513 478 217 257 567 955 125 918 825 1 306 730 74 580 138 476 405 407 417 34 527 354 481 701 58 344 117 487 529 530 12 448 673 51 703 616 274 311 388 
503 184 676 358 956 470 542 139 676 53 422 530 538 55 635 977 773 828 713 564 338 784 30 229 209 793 443 772 892 179 213 0 185 603 359 9 503 792 145 252 722 776 410 277 120 345 508 470 770 200 688 671 345 912 366 579 638 435 655 842 451 61 310 412 68 793 955 336 299 981 102 90 121 686 216 897 717 693 859 958 800 588 779 334 388 8 690 528 37 554 
835 166 203 285 808 730 505 10 311 580 675 803 308 607 394 436 380 486 273 512 567 601 948 516 381 281 77 154 612 128 978 185 0 335 234 147 561 837 512 612 143 885 527 419 136 525 946 995 962 341 498 125 483 656 964 986 703 870 365 950 567 325 555 4 241 553 376 92 248 35 501 884 375 275 109 554 540 866 415 376 507 328 659 782 727 666 916 123 70 330 
89 409 940 600 409 44 93 317 393 690 46 555 693 108 998 668 503 409 51 19 596 369 450 749 164 531 794 393 622 893 281 603 335 0 39 392 382 904 712 212 20 892 668 27 824 221 385 849 225 597 154 257 753 748 940 555 302 972 209 449 982 873 892 34 547 945 585 278 455 472 269 306 951 436 939 516 560 572 982 278 350 376 46 15 59 157 979 78 572 870 
285 643 82 919 186 184 517 402 317 594 112 589 806 571 166 162 763 927 517 749 535 40 777 351 836 324 570 205 986 625 121 359 234 39 0 136 354 307 728 818 580 89 905 663 826 215 421 1 667 341 544 35 762 841 763 56 438 794 122 83 663 227 514 136 424 214 874 785 313 736 355 556 640 804 26 878 962 532 246 146 465 648 184 411 402 722 826 668 55 229 
26 201 481 807 212 885 101 991 375 678 919 749 795 90 990 703 880 195 588 198 765 532 407 383 431 872 580 382 428 97 576 9 147 392 136 0 490 107 710 799 824 835 221 66 478 569 525 675 380 922 658 308 948 331 657 572 833 86 891 910 906 662 883 86 410 889 939 619 584 3 688 900 353 418 221 334 489 1000 551 25 572 164 442 450 442 142 105 584 772 359 
569 726 453 72 201 602 986 90 117 904 621 456 1 46 81 885 872 304 178 566 331 897 690 596 704 387 976 437 274 533 687 503 561 382 354 490 0 877 728 930 470 26 664 674 922 402 613 410 894 754 987 995 558 629 984 292 638 905 587 10 129 943 906 854 985 207 99 494 640 816 191 841 734 433 5 555 205 748 825 271 541 815 609 470 400 569 836 654 121 490 
727 878 333 177 157 119 440 836 477 149 623 84 157 471 839 29 175 546 172 426 271 218 770 881 323 944 620 886 981 597 576 792 837 904 307 107 877 0 44 188 205 384 91 338 709 25 414 590 682 886 413 623 157 565 791 948 656 627 647 321 768 164 561 903 61 747 508 847 310 686 67 983 989 106 117 805 576 641 1 458 294 301 915 181 4 680 60 101 762 183 
238 777 865 821 230 960 429 32 9 79 231 954 378 893 706 847 110 765 484 176 239 402 971 999 606 454 666 976 172 781 305 145 512 712 728 710 728 44 0 48 364 580 196 519 7 561 611 719 153 683 696 710 913 63 849 107 632 606 451 887 344 694 237 377 492 937 115 58 945 436 488 229 351 172 298 215 72 147 640 634 166 855 619 447 982 859 920 392 330 495 
269 956 730 228 577 161 995 595 130 608 520 686 888 111 562 58 255 591 525 210 434 807 736 354 962 317 413 86 53 676 935 252 612 212 818 799 930 188 48 0 760 552 961 350 984 742 321 779 347 3 964 704 209 310 597 417 941 117 125 299 970 652 2 770 259 509 887 751 505 305 801 721 46 424 766 824 520 471 697 478 433 761 25 66 466 582 760 704 317 159 
302 569 206 645 61 887 882 669 550 419 84 822 309 340 755 320 589 50 898 855 112 566 12 214 727 55 617 341 121 555 778 722 143 20 580 824 470 205 364 760 0 373 358 326 428 696 562 681 710 368 27 190 25 247 755 979 872 714 543 482 631 116 188 227 176 439 990 420 423 218 500 998 868 179 20 773 601 40 375 367 127 223 422 563 718 999 784 266 793 575 
670 378 145 881 765 440 796 903 391 65 812 436 930 686 554 406 638 421 204 343 702 481 937 396 274 144 552 161 393 935 198 776 885 892 89 835 26 384 580 552 373 0 233 23 463 105 567 65 670 132 30 345 653 36 6 156 31 230 720 95 209 288 39 349 791 834 587 578 230 74 443 134 547 511 3 179 667 755 507 542 983 197 74 46 406 275 83 699 671 88 
542 889 794 447 860 92 880 811 608 552 433 814 246 931 402 361 52 121 702 467 24 815 746 843 284 485 707 410 511 266 470 410 527 668 905 221 664 91 196 961 358 233 0 976 664 829 307 812 855 952 258 729 839 216 76 280 549 759 697 166 734 338 832 974 14 927 540 542 522 694 387 159 965 161 572 642 313 105 960 560 509 312 598 468 50 955 162 713 937 110 
690 213 556 456 969 761 688 422 73 433 859 211 508 594 419 289 68 631 816 637 607 757 488 278 367 334 623 287 102 230 694 277 419 27 663 66 674 338 519 350 326 23 976 0 324 361 522 882 408 350 133 788 6 873 70 366 81 620 505 66 708 993 66 196 432 881 72 643 520 970 368 999 243 529 361 251 156 537 286 68 859 956 607 726 149 938 432 61 814 131 
107 479 489 519 201 677 326 990 557 609 103 861 333 633 306 457 881 362 971 603 606 241 81 175 105 721 495 265 49 824 579 120 136 824 826 478 922 709 7 984 428 463 664 324 0 363 833 828 77 394 897 965 122 358 140 968 375 71 831 995 160 110 137 926 74 822 805 960 562 28 151 733 851 726 942 885 435 83 355 19 60 53 86 836 297 497 25 366 404 985 
516 386 271 482 199 946 416 752 872 266 180 489 348 516 775 105 814 493 547 375 315 668 724 273 171 598 59 649 133 184 561 345 525 221 215 569 402 25 561 742 696 105 829 361 363 0 421 279 609 508 515 280 336 1 761 573 345 454 627 946 904 781 60 758 758 809 863 929 745 575 356 487 735 641 512 963 298 324 900 189 529 440 950 933 791 776 613 211 299 119 
26 70 651 500 543 219 375 163 536 450 249 750 649 655 27 46 462 810 604 538 363 927 40 590 469 910 666 373 806 198 591 508 946 385 421 525 613 414 611 321 562 567 307 522 833 421 0 33 172 356 887 371 322 629 894 18 554 141 146 955 483 907 866 563 162 444 809 904 714 577 931 172 745 704 948 749 781 560 349 299 755 964 249 53 15 612 831 485 372 73 
574 197 61 819 145 713 14 737 204 644 783 991 633 721 622 320 285 349 984 429 681 551 472 16 118 271 523 292 912 247 951 470 995 849 1 675 410 590 719 779 681 65 812 882 828 279 33 0 427 923 714 825 411 86 913 184 93 780 610 150 55 710 565 799 58 827 627 379 589 700 566 887 802 109 608 336 799 619 823 729 774 322 683 249 618 976 875 927 864 190 
997 891 127 565 268 145 962 511 142 52 893 601 816 858 143 569 516 358 189 190 357 42 668 986 955 37 404 267 527 412 141 770 962 225 667 380 894 682 153 347 710 670 855 408 77 609 172 427 0 570 590 687 837 667 984 34 117 936 363 907 499 200 626 27 797 485 877 680 462 36 893 726 694 828 463 551 448 380 630 795 272 242 316 229 568 206 70 380 45 304 
177 956 739 438 30 161 928 266 714 460 220 718 562 140 491 437 383 919 828 217 637 512 201 472 709 689 700 226 614 436 908 200 341 597 341 922 754 886 683 3 368 132 952 350 394 508 356 923 570 0 286 173 486 853 149 763 598 446 272 362 776 134 850 222 561 672 152 507 971 712 338 324 447 930 833 572 528 493 345 785 724 817 462 603 692 308 38 261 857 452 
164 273 992 184 757 613 422 961 463 752 189 283 851 882 342 600 401 201 271 725 536 761 663 93 156 1 582 641 950 302 554 688 498 154 544 658 987 413 696 964 27 30 258 133 897 515 887 714 590 286 0 352 309 904 709 530 509 260 551 360 551 495 815 639 501 788 216 167 876 743 223 848 161 369 961 230 778 69 11 602 752 325 555 12 336 396 200 480 936 830 
581 449 511 236 736 952 207 618 937 627 777 327 747 350 598 741 456 66 764 560 746 978 437 288 255 941 489 442 11 173 513 671 125 257 35 308 995 623 710 704 190 345 729 788 965 280 371 825 687 173 352 0 69 509 853 437 559 25 514 683 518 138 238 336 436 111 189 541 745 256 618 830 909 753 456 868 810 226 96 13 443 990 633 506 72 959 309 852 307 650 
130 952 34 777 477 601 676 518 302 298 58 286 18 746 736 323 716 616 341 723 800 574 710 340 704 117 191 953 747 691 478 345 483 753 762 948 558 157 913 209 25 653 839 6 122 336 322 411 837 486 309 69 0 559 969 738 549 39 794 528 322 828 731 444 609 272 854 34 475 543 356 848 722 497 165 913 158 651 162 173 166 589 755 124 22 901 249 586 914 18 
161 306 802 823 746 966 241 759 281 575 115 601 260 491 321 529 618 65 547 107 943 611 860 144 587 928 731 973 165 155 217 912 656 748 841 331 629 565 63 310 247 36 216 873 358 1 629 86 667 853 904 509 559 0 237 422 68 585 628 776 804 846 627 208 593 234 949 210 826 165 444 106 550 966 619 846 748 209 905 452 183 733 504 555 991 428 416 256 893 60 
608 528 442 946 183 343 48 47 123 420 541 542 900 634 74 797 807 675 910 270 254 430 393 571 458 485 706 143 915 38 257 366 964 940 763 657 984 791 849 597 755 6 76 70 140 761 894 913 984 149 709 853 969 237 0 964 797 661 348 651 486 668 407 980 912 616 381 912 777 697 388 655 706 377 530 704 286 545 442 583 943 430 805 466 544 58 473 120 77 765 
256 911 942 731 65 963 64 420 913 726 76 491 15 71 163 964 718 481 646 670 112 653 640 778 568 354 290 386 964 727 567 579 986 555 56 572 292 948 107 417 979 156 280 366 968 573 18 184 34 763 530 437 738 422 964 0 675 570 284 490 811 120 445 575 604 656 974 939 52 669 218 141 377 211 407 238 516 417 726 777 186 611 727 7 966 633 29 97 835 975 
946 277 609 542 619 203 626 905 605 661 792 468 614 784 477 257 352 718 376 10 56 755 77 469 549 617 860 280 170 951 955 638 703 302 438 833 638 656 632 941 872 31 549 81 375 345 554 93 117 598 509 559 549 68 797 675 0 364 736 962 174 998 495 817 768 993 39 411 29 289 117 958 436 703 760 948 32 447 656 496 363 454 245 303 668 607 83 29 15 417 
67 307 840 113 316 54 458 918 888 353 236 270 473 637 940 884 405 141 426 221 426 398 646 972 341 349 862 465 239 341 125 435 870 972 794 86 905 627 606 117 714 230 759 620 71 454 141 780 936 446 260 25 39 585 661 570 364 0 129 723 117 207 692 633 729 316 864 643 905 668 777 981 53 27 868 591 988 376 628 459 923 176 211 665 808 237 244 594 992 310 
787 903 142 102 381 954 847 921 240 561 675 77 761 268 502 106 781 572 327 705 732 530 402 964 111 446 689 217 113 277 918 655 365 209 122 891 587 647 451 125 543 720 697 505 831 627 146 610 363 272 551 514 794 628 348 284 736 129 0 223 335 945 1000 826 680 518 118 186 436 337 442 935 217 412 366 271 799 272 927 6 180 764 840 579 641 554 763 648 729 608 
570 912 253 641 597 281 790 996 223 503 288 961 42 757 42 492 73 206 762 192 178 587 450 480 92 817 461 636 43 292 825 842 950 449 83 910 10 321 887 299 482 95 166 66 995 946 955 150 907 362 360 683 528 776 651 490 962 723 223 0 73 471 78 969 471 357 517 621 767 56 25 179 993 507 550 854 952 7 135 708 627 653 817 938 770 565 287 566 153 742 
202 370 235 512 465 872 135 459 988 66 388 204 65 983 868 9 259 602 425 651 158 63 94 179 93 419 112 421 642 661 1 451 567 982 663 906 129 768 344 970 631 209 734 708 160 904 483 55 499 776 551 518 322 804 486 811 174 117 335 73 0 67 866 304 211 342 706 188 702 749 492 8 658 773 107 733 375 507 800 701 262 222 304 32 547 659 261 869 25 402 
495 335 755 541 221 788 124 158 83 159 696 952 625 771 700 6 219 149 178 447 933 301 76 485 760 194 316 937 527 1 306 61 325 873 227 662 943 164 694 652 116 288 338 993 110 781 907 710 200 134 495 138 828 846 668 120 998 207 945 471 67 0 676 36 215 921 247 538 79 71 642 494 702 384 706 95 222 430 869 703 616 551 188 49 419 471 619 343 43 786 
583 939 294 441 456 221 813 29 785 481 697 772 294 862 275 219 57 433 683 491 174 408 929 453 915 851 963 797 425 569 730 310 555 892 514 883 906 561 237 2 188 39 832 66 137 60 866 565 626 850 815 238 731 627 407 445 495 692 1000 78 866 676 0 96 99 13 462 181 21 299 545 975 937 561 387 667 143 775 548 35 887 568 601 901 1 11 351 862 123 286 
478 691 450 870 742 845 19 564 840 331 544 404 115 730 788 684 123 165 941 854 519 91 793 439 731 857 271 995 797 35 74 412 4 34 136 86 854 903 377 770 227 349 974 196 926 758 563 799 27 222 639 336 444 208 980 575 817 633 826 969 304 36 96 0 805 363 700 488 951 882 841 385 735 127 412 949 441 501 360 734 812 553 959 811 951 588 557 592 303 445 
173 803 752 689 333 488 968 666 905 798 474 708 654 705 912 10 679 624 914 957 724 294 44 345 738 270 797 789 665 47 580 68 241 547 424 410 985 61 492 259 176 791 14 432 74 758 162 58 797 561 501 436 609 593 912 604 768 729 680 471 211 215 99 805 0 70 895 20 296 232 204 628 646 309 890 659 61 503 780 315 209 224 49 788 209 586 12 504 152 489 
98 936 586 602 990 737 564 873 599 882 926 979 336 315 991 517 529 605 845 454 412 89 361 203 78 499 246 580 944 427 138 793 553 945 214 889 207 747 937 509 439 834 927 881 822 809 444 827 485 672 788 111 272 234 616 656 993 316 518 357 342 921 13 363 70 0 366 513 653 338 329 381 224 469 827 610 163 345 465 405 437 888 741 369 455 976 235 614 803 200 
669 511 817 254 635 795 160 920 17 222 467 836 513 67 952 864 361 98 878 700 21 195 531 578 221 230 171 254 797 438 476 955 376 585 874 939 99 508 115 887 990 587 540 72 805 863 809 627 877 152 216 189 854 949 381 974 39 864 118 517 706 247 462 700 895 366 0 988 163 757 36 857 337 387 14 933 816 911 876 252 464 106 532 115 386 620 208 372 199 370 
836 730 330 174 250 852 98 572 805 68 173 155 411 504 779 450 204 125 79 493 15 246 885 161 403 978 293 371 848 662 405 336 92 278 785 619 494 847 58 751 420 578 542 643 960 929 904 379 680 507 167 541 34 210 912 939 411 643 186 621 188 538 181 488 20 513 988 0 912 236 105 731 703 224 875 480 392 496 996 748 266 679 871 932 439 406 905 774 906 970 
343 95 385 898 84 361 19 721 625 300 390 843 770 773 492 782 259 220 591 531 496 80 890 650 925 98 36 168 961 106 407 299 248 455 313 584 640 310 945 505 423 230 522 520 562 745 714 589 462 971 876 745 475 826 777 52 29 905 436 767 702 79 21 951 296 653 163 912 0 958 667 807 899 243 803 840 800 182 683 852 783 161 705 600 681 598 475 650 717 525 
975 401 996 879 167 209 418 934 230 699 330 110 577 292 548 216 152 739 529 839 130 657 827 271 982 15 265 920 894 579 417 981 35 472 736 3 816 686 436 305 218 74 694 970 28 575 577 700 36 712 743 256 543 165 697 669 289 668 337 56 749 71 299 882 232 338 757 236 958 0 440 849 717 466 643 86 522 156 123 88 226 789 81 400 350 331 519 408 750 297 
927 51 38 248 352 37 11 192 786 86 833 996 431 662 434 543 854 476 81 516 26 185 177 160 98 979 638 985 540 122 34 102 501 269 355 688 191 67 488 801 500 443 387 368 151 356 931 566 893 338 223 618 356 444 388 218 117 777 442 25 492 642 545 841 204 329 36 105 667 440 0 987 709 420 231 890 764 560 874 275 649 65 167 568 376 674 508 32 4 1000 
125 5 620 34 832 785 623 952 945 80 394 847 923 963 732 540 94 513 131 29 166 41 995 286 751 158 677 746 852 29 527 90 884 306 556 900 841 983 229 721 998 134 159 999 733 487 172 887 726 324 848 830 848 106 655 141 958 981 935 179 8 494 975 385 628 381 857 731 807 849 987 0 85 492 122 653 222 773 498 264 684 535 1000 880 549 191 562 809 897 397 
620 471 37 212 64 656 121 474 480 180 407 21 364 108 957 886 905 285 379 445 630 546 351 486 794 645 350 667 537 523 354 121 375 951 640 353 734 989 351 46 868 547 965 243 851 735 745 802 694 447 161 909 722 550 706 377 436 53 217 993 658 702 937 735 646 224 337 703 899 717 709 85 0 739 616 94 837 177 74 850 400 988 291 198 383 634 892 394 113 326 
198 463 217 572 616 78 101 965 303 317 92 650 657 441 89 143 899 302 223 312 151 485 237 25 494 377 96 974 239 844 481 686 275 436 804 418 433 106 172 424 179 511 161 529 726 641 704 109 828 930 369 753 497 966 377 211 703 27 412 507 773 384 561 127 309 469 387 224 243 466 420 492 739 0 41 175 750 443 781 673 542 81 601 884 25 472 786 435 565 970 
89 357 425 884 928 465 22 804 242 178 168 157 513 625 693 442 606 1000 598 763 959 22 260 181 61 25 907 83 458 809 701 216 109 939 26 221 5 117 298 766 20 3 572 361 942 512 948 608 463 833 961 456 165 619 530 407 760 868 366 550 107 706 387 412 890 827 14 875 803 643 231 122 616 41 0 982 535 224 966 502 90 251 722 84 780 259 881 992 338 890 
64 862 783 440 208 645 872 111 586 646 272 916 342 805 490 921 104 431 785 853 733 82 837 86 442 724 768 339 650 933 58 897 554 516 878 334 555 805 215 824 773 179 642 251 885 963 749 336 551 572 230 868 913 846 704 238 948 591 271 854 733 95 667 949 659 610 933 480 840 86 890 653 94 175 982 0 961 365 562 84 667 402 26 713 563 836 246 68 283 789 
862 559 39 19 665 94 339 270 439 98 585 900 76 493 242 438 199 226 376 432 685 737 32 64 257 965 710 47 489 363 344 717 540 560 962 489 205 576 72 520 601 667 313 156 435 298 781 799 448 528 778 810 158 748 286 516 32 988 799 952 375 222 143 441 61 163 816 392 800 522 764 222 837 750 535 961 0 489 468 326 564 211 283 249 122 793 472 969 755 165 
397 963 415 151 828 722 260 671 86 761 212 779 991 499 958 731 39 78 239 365 240 894 345 63 896 660 938 723 13 148 117 693 866 572 532 1000 748 641 147 471 40 755 105 537 83 324 560 619 380 493 69 226 651 209 545 417 447 376 272 7 507 430 775 501 503 345 911 496 182 156 560 773 177 443 224 365 489 0 934 447 377 33 419 948 921 523 769 452 841 535 
746 868 465 971 131 692 20 662 903 532 710 245 91 802 43 509 869 931 707 838 114 409 862 718 467 724 426 985 907 919 487 859 415 982 246 551 825 1 640 697 375 507 960 286 355 900 349 823 630 345 11 96 162 905 442 726 656 628 927 135 800 869 548 360 780 465 876 996 683 123 874 498 74 781 966 562 468 934 0 966 366 365 975 858 448 558 200 174 105 592 
643 708 701 109 705 134 842 682 364 474 943 57 144 277 424 762 447 735 851 483 539 368 97 9 927 581 147 911 865 897 529 958 376 278 146 25 271 458 634 478 367 542 560 68 19 189 299 729 795 785 602 13 173 452 583 777 496 459 6 708 701 703 35 734 315 405 252 748 852 88 275 264 850 673 502 84 326 447 966 0 101 118 882 384 480 561 91 747 583 20 
601 964 381 653 528 549 673 692 136 67 124 993 249 87 427 498 375 465 657 283 801 766 280 203 450 755 732 588 522 856 530 800 507 350 465 572 541 294 166 433 127 983 509 859 60 529 755 774 272 724 752 443 166 183 943 186 363 923 180 627 262 616 887 812 209 437 464 266 783 226 649 684 400 542 90 667 564 377 366 101 0 109 697 731 466 699 539 111 553 1000 
394 102 212 276 447 523 583 342 871 127 886 299 502 260 87 640 807 637 716 617 876 588 557 509 757 314 762 409 644 31 12 588 328 376 648 164 815 301 855 761 223 197 312 956 53 440 964 322 242 817 325 990 589 733 430 611 454 176 764 653 222 551 568 553 224 888 106 679 161 789 65 535 988 81 251 402 211 33 365 118 109 0 682 486 825 641 296 306 620 795 
976 458 463 939 765 943 824 158 497 757 812 134 793 175 86 45 904 119 47 627 815 469 892 919 668 665 93 857 173 418 448 779 659 46 184 442 609 915 619 25 422 74 598 607 86 950 249 683 316 462 555 633 755 504 805 727 245 211 840 817 304 188 601 959 49 741 532 871 705 81 167 1000 291 601 722 26 283 419 975 882 697 682 0 824 764 859 495 809 777 747 
29 513 729 577 566 987 685 819 483 475 680 90 578 977 970 457 927 86 642 716 460 450 138 766 96 752 209 345 563 524 673 334 782 15 411 450 470 181 447 66 563 46 468 726 836 933 53 249 229 603 12 506 124 555 466 7 303 665 579 938 32 49 901 811 788 369 115 932 600 400 568 880 198 884 84 713 249 948 858 384 731 486 824 0 321 781 59 170 948 510 
337 634 131 41 262 615 6 649 731 164 405 514 254 633 119 89 75 401 977 894 832 861 111 610 91 272 978 568 510 285 51 388 727 59 402 442 400 4 982 466 718 406 50 149 297 791 15 618 568 692 336 72 22 991 544 966 668 808 641 770 547 419 1 951 209 455 386 439 681 350 376 549 383 25 780 563 122 921 448 480 466 825 764 321 0 968 420 68 184 889 
711 436 23 967 125 322 567 251 84 303 536 896 405 515 750 871 256 567 216 1 183 45 999 830 519 8 233 642 783 36 703 8 666 157 722 142 569 680 859 582 999 275 955 938 497 776 612 976 206 308 396 959 901 428 58 633 607 237 554 565 659 471 11 588 586 976 620 406 598 331 674 191 634 472 259 836 793 523 558 561 699 641 859 781 968 0 825 493 147 937 
38 628 266 475 183 676 29 25 942 749 841 886 666 202 606 936 679 344 282 150 154 484 603 909 810 305 283 864 490 471 616 690 916 979 826 105 836 60 920 760 784 83 162 432 25 613 831 875 70 38 200 309 249 416 473 29 83 244 763 287 261 619 351 557 12 235 208 905 475 519 508 562 892 786 881 246 472 769 200 91 539 296 495 59 420 825 0 107 748 737 
856 822 539 152 102 579 925 836 809 247 328 445 572 165 531 553 110 518 98 92 675 683 203 815 138 773 129 604 536 891 274 528 123 78 668 584 654 101 392 704 266 699 713 61 366 211 485 927 380 261 480 852 586 256 120 97 29 594 648 566 869 343 862 592 504 614 372 774 650 408 32 809 394 435 992 68 969 452 174 747 111 306 809 170 68 493 107 0 26 920 
712 279 974 491 599 972 481 574 171 350 144 637 413 960 577 707 112 351 996 997 828 327 628 23 137 56 176 77 292 13 311 37 70 572 55 772 121 762 330 317 793 671 937 814 404 299 372 864 45 857 936 307 914 893 77 835 15 992 729 153 25 43 123 303 152 803 199 906 717 750 4 897 113 565 338 283 755 841 105 583 553 620 777 948 184 147 748 26 0 54 
423 237 212 184 149 592 962 714 154 453 714 415 540 358 231 507 516 158 511 983 893 755 175 376 148 141 526 218 167 838 388 554 330 870 229 359 490 183 495 159 575 88 110 131 985 119 73 190 304 452 830 650 18 60 765 975 417 310 608 742 402 786 286 445 489 200 370 970 525 297 1000 397 326 970 890 789 165 535 592 20 1000 795 747 510 889 937 737 920 54 0 
0 955 366 809 498 778 769 785 299 600 194 917 93 593 466 798 368 623 950 400 819 769 894 224 724 492 439 902 465 853 664 498 166 912 716 975 432 274 763 732 699 331 459 311 894 485 975 427 4 824 837 420 871 840 393 745 55 934 214 431 799 506 418 523 828 903 332 165 658 26 74 876 381 803 912 937 139 604 255 358 400 607 25 972 664 290 963 145 289 578 
955 0 347 565 240 740 942 932 940 611 592 896 401 562 29 833 185 844 779 989 41 916 109 495 985 777 736 447 579 398 198 817 835 592 358 800 275 123 224 45 432 623 112 788 522 615 931 804 110 45 728 552 49 695 473 90 724 694 98 89 631 666 62 310 198 65 490 271 906 600 950 996 530 538 644 139 442 38 133 293 37 899 543 488 367 565 373 179 722 764 
366 347 0 249 581 926 388 26 53 255 81 800 882 261 513 346 938 691 269 889 478 132 80 510 925 978 406 383 535 790 745 325 798 61 919 520 548 668 136 271 795 856 207 445 512 730 350 940 874 262 9 490 967 199 559 59 392 161 859 748 766 246 707 551 249 415 184 671 616 5 963 381 964 784 576 218 962 586 536 300 620 789 538 272 870 978 735 462 27 789 
809 565 249 0 109 227 119 326 503 245 386 905 685 214 462 922 392 940 654 486 605 192 376 491 192 873 887 874 150 831 89 643 716 401 82 194 929 824 180 773 356 120 554 545 482 519 501 182 436 563 817 765 224 178 55 270 459 888 899 360 489 460 560 131 312 399 747 827 103 122 753 967 789 429 117 561 982 850 30 892 348 725 62 424 960 34 526 849 510 817 
498 240 581 109 0 914 129 394 664 755 624 230 252 754 627 278 688 252 763 790 710 639 420 568 944 686 429 334 337 203 568 45 193 592 815 789 800 844 771 424 940 236 141 32 800 802 458 856 733 971 244 265 524 255 818 936 382 685 620 404 536 780 545 259 668 11 366 751 917 834 649 169 937 385 73 793 336 173 870 296 473 554 236 435 739 876 818 899 402 852 
778 740 926 227 914 0 445 946 593 474 540 813 885 423 248 880 61 54 815 690 653 159 110 769 405 757 293 393 779 568 127 531 271 957 817 116 399 882 41 840 114 561 909 240 324 55 782 288 856 840 388 49 400 35 658 38 798 947 47 720 129 213 780 156 513 264 206 149 640 792 964 216 345 923 536 356 907 279 309 867 452 478 58 14 386 679 325 422 29 409 
769 942 388 119 129 445 0 258 844 535 450 243 173 799 911 51 775 488 958 724 460 530 256 502 406 326 208 78 598 548 333 459 496 908 484 900 15 561 572 6 119 205 121 313 675 585 626 987 39 73 579 794 325 760 953 937 375 543 154 211 866 877 188 982 33 437 841 903 982 583 990 378 880 900 979 129 662 741 981 159 328 418 177 316 995 434 972 76 520 39 
785 932 26 326 394 946 258 0 706 433 385 245 720 344 898 252 525 875 668 188 881 581 198 657 671 543 21 304 767 590 319 862 991 684 599 10 911 165 969 406 332 98 190 579 11 249 838 264 490 735 40 383 483 242 954 581 96 83 80 5 542 843 972 437 335 128 81 429 280 67 809 49 527 36 197 890 731 330 339 319 309 659 843 182 352 750 976 165 427 287 
299 940 53 503 664 593 844 706 0 60 745 719 287 957 369 661 406 632 376 532 974 760 551 23 293 236 396 532 667 444 752 325 690 608 684 626 884 524 992 871 451 610 393 928 444 129 465 797 859 287 538 64 699 720 878 88 396 113 761 778 13 918 216 161 96 402 984 196 376 771 215 56 521 698 759 415 562 915 98 637 865 130 504 518 270 917 59 192 830 847 
600 611 255 245 755 474 535 433 60 0 575 243 505 522 676 758 152 119 614 924 141 474 324 959 34 81 723 110 74 381 922 948 421 311 407 323 97 852 922 393 582 936 449 568 392 735 551 357 949 541 249 374 703 426 581 275 340 648 440 498 935 842 520 670 203 119 779 933 701 302 915 921 821 684 823 355 903 240 469 527 934 874 244 526 837 698 252 754 651 548 
194 592 81 386 624 540 450 385 745 575 0 90 331 59 284 447 647 279 596 365 396 324 419 358 143 681 166 311 943 128 233 579 326 955 889 82 380 378 770 481 917 189 568 142 898 821 752 218 108 781 812 224 943 886 460 925 209 765 326 713 613 305 304 457 527 75 534 828 611 671 168 607 594 909 833 729 416 789 291 58 877 115 189 321 596 465 160 673 857 287 
917 896 800 905 230 813 243 245 719 243 90 0 278 299 861 474 278 48 176 692 739 188 305 615 186 323 310 193 97 337 824 471 198 446 412 252 545 917 47 315 179 565 187 790 140 512 251 10 400 283 718 674 715 400 459 510 533 731 924 40 797 49 229 597 293 22 165 846 158 891 5 154 980 351 844 85 101 222 756 944 8 702 867 911 487 105 115 556 364 586 
93 401 882 685 252 885 173 720 287 505 331 278 0 793 493 31 740 853 85 854 160 548 118 342 22 855 232 335 896 408 325 463 693 308 195 206 1000 844 623 113 692 71 755 493 668 653 352 368 185 439 150 254 983 741 101 986 387 528 240 959 936 376 707 886 347 665 488 590 231 424 570 78 637 344 488 659 925 10 910 857 752 499 208 423 747 596 335 429 588 461 
593 562 261 214 754 423 799 344 957 522 59 299 793 0 1000 109 643 534 870 59 262 814 888 905 498 889 683 434 679 872 185 946 394 893 430 911 955 530 108 890 661 315 70 407 368 485 346 280 143 861 119 651 255 510 367 930 217 364 733 244 18 230 139 271 296 686 934 497 228 709 339 38 893 560 376 196 508 502 199 724 914 741 826 24 368 486 799 836 41 643 
466 29 513 462 627 248 911 898 369 676 284 861 493 1000 0 252 885 790 443 655 469 238 589 234 997 164 187 278 491 405 493 366 607 3 835 11 920 162 295 439 246 447 599 582 695 226 974 379 858 510 659 403 265 680 927 838 524 61 499 959 133 301 726 213 89 10 49 222 509 453 567 269 44 912 308 511 759 43 958 577 574 914 915 31 882 251 395 470 424 770 
798 833 346 922 278 880 51 252 661 758 447 474 31 109 252 0 520 801 319 881 383 541 138 854 919 533 377 481 672 971 110 24 565 333 839 298 116 972 154 943 681 595 640 712 544 896 955 681 432 564 401 260 678 472 204 37 744 117 895 509 992 995 782 317 991 484 137 551 219 785 458 461 115 858 559 80 563 270 492 239 503 361 956 544 912 130 65 448 294 494 
368 185 938 392 688 61 775 525 406 152 647 278 740 643 885 520 0 444 62 174 642 31 72 343 96 915 200 137 421 534 744 228 621 498 238 121 129 826 891 746 412 363 949 933 120 187 539 716 485 618 600 545 285 383 194 283 649 596 220 928 742 782 944 878 322 472 640 797 742 849 147 907 96 102 395 897 802 962 132 554 626 194 97 74 926 745 322 891 889 485 
623 844 691 940 252 54 488 875 632 119 279 48 853 534 790 801 444 0 400 117 894 980 402 925 1000 65 768 387 548 348 422 173 515 592 74 806 697 455 236 410 951 580 880 370 639 508 191 652 643 82 800 935 385 936 326 520 283 860 429 795 399 852 568 836 377 396 903 876 781 262 525 488 716 699 1 570 775 923 70 266 536 364 882 915 600 434 657 483 650 843 
950 779 269 654 763 815 958 668 376 614 596 176 85 870 443 319 62 400 0 330 175 478 50 915 25 252 56 350 449 626 442 288 728 950 484 413 823 829 517 476 103 797 299 185 30 454 397 17 812 173 730 237 660 454 91 355 625 575 674 239 576 823 318 60 87 156 123 922 410 472 920 870 622 778 403 216 625 762 294 150 344 285 954 359 24 785 719 903 5 490 
400 989 889 486 790 690 724 188 532 924 365 692 854 59 655 881 174 117 330 0 646 759 304 751 3 257 416 238 311 676 662 437 489 982 252 803 435 575 825 791 146 658 534 364 398 626 463 572 811 784 276 441 278 894 731 331 991 780 296 809 350 554 510 147 44 547 301 508 470 162 485 972 556 689 238 148 569 636 163 518 718 384 374 285 107 1000 851 909 4 18 
819 41 478 605 710 653 460 881 974 141 396 739 160 262 469 383 642 894 175 646 0 760 164 625 893 333 727 664 495 367 344 663 434 405 466 236 670 730 762 567 889 299 977 394 395 686 638 320 644 364 465 255 201 58 747 889 945 575 269 823 843 68 827 482 277 589 980 986 505 871 975 835 371 850 42 268 316 761 887 462 200 125 186 541 169 818 847 326 173 108 
769 916 132 192 639 159 530 581 760 474 324 188 548 814 238 541 31 980 478 759 760 0 507 100 241 665 374 921 990 225 818 217 400 632 961 469 104 783 599 194 435 520 186 244 760 333 74 450 959 489 240 23 427 390 571 348 246 603 471 414 938 700 593 910 707 912 806 755 921 344 816 960 455 516 979 919 264 107 592 633 235 413 532 551 140 956 517 318 674 246 
894 109 80 376 420 110 256 198 551 324 419 305 118 888 589 138 72 402 50 304 164 507 0 280 743 80 817 235 544 771 466 971 53 551 224 594 311 231 30 265 989 64 255 513 920 277 961 529 333 800 338 564 291 141 608 361 924 355 599 551 907 925 72 208 957 640 470 116 111 174 824 6 650 764 741 164 969 656 139 904 721 444 109 863 890 2 398 798 373 826 
224 495 510 491 568 769 502 657 23 959 358 615 342 905 234 854 343 925 915 751 625 100 280 0 375 485 592 592 960 366 557 772 485 252 650 618 405 120 2 647 787 605 158 723 826 728 411 985 15 529 908 713 661 857 430 223 532 29 37 521 822 516 548 562 656 798 423 840 351 730 841 715 515 976 820 915 937 938 283 992 798 492 82 235 391 171 92 186 978 625 
724 985 925 192 944 405 406 671 293 34 143 186 22 498 997 919 96 1000 25 3 893 241 743 375 0 538 623 581 427 235 943 792 620 837 165 570 297 678 395 39 274 727 717 634 896 830 532 883 46 292 845 746 297 414 543 433 452 660 890 909 908 241 86 270 263 923 780 598 76 19 903 250 207 507 940 559 744 105 534 74 551 244 333 905 910 482 191 863 864 853 
492 777 978 873 686 757 326 543 236 81 681 323 855 889 164 533 915 65 252 257 333 665 80 485 538 0 617 784 442 951 872 208 720 470 677 129 614 57 547 684 946 857 516 667 280 403 91 730 964 312 1000 60 884 73 516 647 384 652 555 184 582 807 150 144 731 502 771 23 903 986 22 843 356 624 976 277 36 341 277 420 246 687 336 249 729 993 696 228 945 860 
439 736 406 887 429 293 208 21 396 723 166 310 232 683 187 377 200 768 56 416 727 374 817 592 623 617 0 436 447 353 586 558 924 207 431 421 25 381 335 588 384 449 294 378 506 942 335 478 597 301 419 512 810 270 295 711 141 139 312 540 889 685 38 730 204 755 830 708 965 736 363 324 651 905 94 233 291 63 575 854 269 239 908 792 23 768 718 872 825 475 
902 447 383 874 334 393 78 304 532 110 311 193 335 434 278 481 137 387 350 238 664 921 235 592 581 784 436 0 315 292 840 229 847 608 796 619 564 115 25 915 660 840 591 714 736 352 628 709 734 775 360 559 48 28 858 615 721 536 784 365 580 64 204 6 212 421 747 630 833 81 16 255 334 27 918 662 954 278 16 90 413 592 144 656 433 359 137 397 924 783 
465 579 535 150 337 779 598 767 667 74 943 97 896 679 491 672 421 548 449 311 495 990 544 960 427 442 447 315 0 575 157 109 389 379 15 573 727 20 829 948 880 608 490 899 952 868 195 89 474 387 51 990 254 836 86 37 831 762 888 958 359 474 576 204 336 57 204 153 40 107 461 149 464 762 543 351 512 988 94 136 479 357 828 438 491 218 511 465 709 834 
853 398 790 831 203 568 548 590 444 381 128 337 408 872 405 971 534 348 626 676 367 225 771 366 235 951 353 292 575 0 583 822 873 108 376 904 468 404 220 325 446 66 735 771 177 817 803 754 589 565 699 828 310 846 963 274 50 660 724 709 340 1000 432 966 954 574 563 339 895 422 879 972 478 157 192 68 638 853 82 104 145 970 583 477 716 965 530 110 988 163 
664 198 745 89 568 127 333 319 752 922 233 824 325 185 493 110 744 422 442 662 344 818 466 557 943 872 586 840 157 583 0 788 23 720 880 425 314 425 696 66 223 803 531 307 422 440 410 50 860 93 447 488 523 784 744 434 46 876 83 176 1000 695 271 927 421 863 525 596 594 584 967 474 647 520 300 943 657 884 514 472 471 989 553 328 950 298 385 727 690 613 
498 817 325 643 45 531 459 862 325 948 579 471 463 946 366 24 228 173 288 437 663 217 971 772 792 208 558 229 109 822 788 0 816 398 642 992 498 209 856 749 279 225 591 724 881 656 493 531 231 801 313 330 656 89 635 422 363 566 346 159 550 940 691 589 933 208 46 665 702 20 899 911 880 315 785 104 284 308 142 43 201 413 222 667 613 993 311 473 964 447 
166 835 798 716 193 271 496 991 690 421 326 198 693 394 607 565 621 515 728 489 434 400 53 485 620 720 924 847 389 873 23 816 0 666 767 854 440 164 489 389 858 116 474 582 865 476 55 6 39 660 503 876 518 345 37 15 298 131 636 51 434 676 446 997 760 448 625 909 753 966 500 117 626 726 892 447 461 135 586 625 494 673 342 219 274 335 85 878 931 671 
912 592 61 401 592 957 908 684 608 311 955 446 308 893 3 333 498 592 950 982 405 632 551 252 837 470 207 608 379 108 720 398 666 0 962 609 619 97 289 789 981 109 333 974 177 780 616 152 776 404 847 744 248 253 61 446 699 29 792 552 19 128 109 967 454 56 416 723 546 529 732 695 50 565 62 485 441 429 19 723 651 625 955 986 942 844 22 923 429 131 
716 358 919 82 815 817 484 599 684 407 889 412 195 430 835 839 238 74 484 252 466 961 224 650 165 677 431 796 15 376 880 642 767 962 0 865 647 694 273 183 421 912 96 338 175 786 580 1000 334 660 457 966 239 160 238 945 563 207 879 918 338 774 487 865 577 787 127 216 688 265 646 445 361 197 975 123 39 469 755 855 536 353 817 590 599 279 175 333 946 772 
975 800 520 194 789 116 900 10 626 323 82 252 206 911 11 298 121 806 413 803 236 469 594 618 570 129 421 619 573 904 425 992 854 609 865 0 511 894 291 202 177 166 780 935 523 432 476 326 621 79 343 693 53 670 344 429 168 915 110 91 95 339 118 915 591 112 62 382 417 998 313 101 648 583 780 667 512 1 450 976 429 837 559 551 559 859 896 417 229 642 
432 275 548 929 800 399 15 911 884 97 380 545 1000 955 920 116 129 697 823 435 670 104 311 405 297 614 25 564 727 468 314 498 440 619 647 511 0 124 273 71 531 975 337 327 79 599 388 591 107 247 14 6 443 372 17 709 363 96 414 991 872 58 95 147 16 794 902 507 361 185 810 160 267 568 996 446 796 253 176 730 460 186 392 531 601 432 165 347 880 511 
274 123 668 824 844 882 561 165 524 852 378 917 844 530 162 972 826 455 829 575 730 783 231 120 678 57 381 115 20 404 425 209 164 97 694 894 124 0 957 813 796 617 910 663 292 976 587 411 319 115 588 378 844 436 210 53 345 374 354 680 233 837 440 98 940 254 493 154 691 315 934 18 12 895 884 196 425 360 1000 543 707 700 86 820 997 321 941 900 239 818 
763 224 136 180 771 41 572 969 992 922 770 47 623 108 295 154 891 236 517 825 762 599 30 2 395 547 335 25 829 220 696 856 489 289 273 291 273 957 0 953 637 421 805 482 994 440 390 282 848 318 305 291 88 938 152 894 369 395 550 114 657 307 764 624 509 64 886 943 56 565 513 772 650 829 703 786 929 854 361 367 835 146 382 554 19 142 81 609 671 506 
732 45 271 773 424 840 6 406 871 393 481 315 113 890 439 943 746 410 476 791 567 194 265 647 39 684 588 915 948 325 66 749 389 789 183 202 71 813 953 0 241 449 40 651 17 259 680 222 654 998 37 297 792 691 404 584 60 884 876 702 31 349 999 231 742 492 114 250 496 696 200 280 955 577 235 177 481 530 304 523 568 240 976 935 535 419 241 297 684 842 
699 432 795 356 940 114 119 332 451 582 917 179 692 661 246 681 412 951 103 146 889 435 989 787 274 946 384 660 880 446 223 279 858 981 421 177 531 796 637 241 0 628 643 675 573 305 439 320 291 633 974 811 976 754 246 22 129 287 458 519 370 885 813 774 825 562 11 581 578 783 501 3 133 822 981 228 400 961 626 634 874 778 579 438 283 2 217 735 208 426 
331 623 856 120 236 561 205 98 610 936 189 565 71 315 447 595 363 580 797 658 299 520 64 605 727 857 449 840 608 66 803 225 116 109 912 166 975 617 421 449 628 0 768 978 538 896 434 936 331 869 971 656 348 965 995 845 970 771 281 906 792 713 962 652 210 167 414 423 771 927 558 867 454 490 998 822 334 246 494 459 18 804 927 955 595 726 918 302 330 913 
459 112 207 554 141 909 121 190 393 449 568 187 755 70 599 640 949 880 299 534 977 186 255 158 717 516 294 591 490 735 531 591 474 333 96 780 337 910 805 40 643 768 0 25 337 172 694 189 146 49 743 272 162 785 925 721 452 242 304 835 267 663 169 27 987 74 461 459 479 307 614 842 36 840 429 359 688 896 41 441 492 689 403 533 951 46 839 288 64 891 
311 788 445 545 32 240 313 579 928 568 142 790 493 407 582 712 933 370 185 364 394 244 513 723 634 667 378 714 899 771 307 724 582 974 338 935 327 663 482 651 675 978 25 0 677 640 479 119 593 651 868 213 995 128 931 635 920 381 496 935 293 8 935 805 569 120 929 358 481 31 633 2 758 472 640 750 845 464 715 933 142 45 394 275 852 63 569 940 187 870 
894 522 512 482 800 324 675 11 444 392 898 140 668 368 695 544 120 639 30 398 395 760 920 826 896 280 506 736 952 177 422 881 865 177 175 523 79 292 994 17 573 538 337 677 0 638 168 173 924 607 104 36 879 643 861 33 626 930 170 6 841 891 864 75 927 179 196 41 439 973 850 268 150 275 59 116 566 918 646 982 941 948 915 165 704 504 976 635 597 16 
485 615 730 519 802 55 585 249 129 735 821 512 653 485 226 896 187 508 454 626 686 333 277 728 830 403 942 352 868 817 440 656 476 780 786 432 599 976 440 259 305 896 172 640 638 0 580 722 392 493 486 721 665 1000 240 428 656 547 374 55 97 220 941 243 243 192 138 72 256 426 645 514 266 360 489 38 703 677 101 812 472 561 51 68 210 225 388 790 702 882 
975 931 350 501 458 782 626 838 465 551 752 251 352 346 974 955 539 191 397 463 638 74 961 411 532 91 335 628 195 803 410 493 55 616 580 476 388 587 390 680 439 434 694 479 168 580 0 968 829 645 114 630 679 372 107 983 447 860 855 46 518 94 135 438 839 557 192 97 287 424 70 829 256 297 53 252 220 441 652 702 246 37 752 948 986 389 170 516 629 928 
427 804 940 182 856 288 987 264 797 357 218 10 368 280 379 681 716 652 17 572 320 450 529 985 883 730 478 709 89 754 50 531 6 152 1000 326 591 411 282 222 320 936 189 119 173 722 968 0 574 78 287 176 590 915 88 817 908 221 391 851 946 291 436 202 943 174 374 622 412 301 435 114 199 892 393 665 202 382 178 272 227 679 318 752 383 25 126 74 137 811 
4 110 874 436 733 856 39 490 859 949 108 400 185 143 858 432 485 643 812 811 644 959 333 15 46 964 597 734 474 589 860 231 39 776 334 621 107 319 848 654 291 331 146 593 924 392 829 574 0 431 411 314 164 334 17 967 884 65 638 94 502 801 375 974 204 516 124 321 539 965 108 275 307 173 538 450 553 621 371 206 729 759 685 772 433 795 931 621 956 697 
824 45 262 563 971 840 73 735 287 541 781 283 439 861 510 564 618 82 173 784 364 489 800 529 292 312 301 775 387 565 93 801 660 404 660 79 247 115 318 998 633 869 49 651 607 493 645 78 431 0 715 828 515 148 852 238 403 555 729 639 225 867 151 779 440 329 849 494 30 289 663 677 554 71 168 429 473 508 656 216 277 184 539 398 309 693 963 740 144 549 
837 728 9 817 244 388 579 40 538 249 812 718 150 119 659 401 600 800 730 276 465 240 338 908 845 1000 419 360 51 699 447 313 503 847 457 343 14 588 305 37 974 971 743 868 104 486 114 287 411 715 0 649 692 97 292 471 492 741 450 641 450 506 186 362 500 213 785 834 125 258 778 153 840 632 40 771 223 932 990 399 249 676 446 989 665 605 801 521 65 171 
420 552 490 765 265 49 794 383 64 374 224 674 254 651 403 260 545 935 237 441 255 23 564 713 746 60 512 559 990 828 488 330 876 744 966 693 6 378 291 297 811 656 272 213 36 721 630 176 314 828 649 0 932 492 148 564 442 976 487 318 483 863 763 665 565 890 812 460 256 745 383 171 92 248 545 133 191 775 905 988 558 11 368 495 929 42 692 149 694 351 
871 49 967 224 524 400 325 483 699 703 943 715 983 255 265 678 285 385 660 278 201 427 291 661 297 884 810 48 254 310 523 656 518 248 239 53 443 844 88 792 976 348 162 995 879 665 679 590 164 515 692 932 0 442 32 263 452 962 207 473 679 173 270 557 392 729 147 967 526 458 645 153 279 504 836 88 843 350 839 828 835 412 246 877 979 100 752 415 87 983 
840 695 199 178 255 35 760 242 720 426 886 400 741 510 680 472 383 936 454 894 58 390 141 857 414 73 270 28 836 846 784 89 345 253 160 670 372 436 938 691 754 965 785 128 643 1000 372 915 334 148 97 492 442 0 764 579 933 416 373 225 197 155 374 793 408 767 52 791 175 836 557 895 451 35 382 155 253 792 96 549 818 268 497 446 10 573 585 745 108 941 
393 473 559 55 818 658 953 954 878 581 460 459 101 367 927 204 194 326 91 731 747 571 608 430 543 516 295 858 86 963 744 635 37 61 238 344 17 210 152 404 246 995 925 931 861 240 107 88 17 852 292 148 32 764 0 37 204 340 653 350 515 333 594 21 89 385 620 89 224 304 613 346 295 624 471 297 715 456 559 418 58 571 196 535 457 943 528 881 924 236 
745 90 59 270 936 38 937 581 88 275 925 510 986 930 838 37 283 520 355 331 889 348 361 223 433 647 711 615 37 274 434 422 15 446 945 429 709 53 894 584 22 845 721 635 33 428 983 817 967 238 471 564 263 579 37 0 326 431 717 511 190 881 556 426 397 345 27 62 949 332 783 860 624 790 594 763 485 584 275 224 815 390 274 994 35 368 972 904 166 26 
55 724 392 459 382 798 375 96 396 340 209 533 387 217 524 744 649 283 625 991 945 246 924 532 452 384 141 721 831 50 46 363 298 699 563 168 363 345 369 60 129 970 452 920 626 656 447 908 884 403 492 442 452 933 204 326 0 637 265 39 827 3 506 184 233 8 962 590 972 712 884 43 565 298 241 53 969 554 345 505 638 547 756 698 333 394 918 972 986 584 
934 694 161 888 685 947 543 83 113 648 765 731 528 364 61 117 596 860 575 780 575 603 355 29 660 652 139 536 762 660 876 566 131 29 207 915 96 374 395 884 287 771 242 381 930 547 860 221 65 555 741 976 962 416 340 431 637 0 872 278 884 794 309 368 272 685 137 358 96 333 224 20 948 974 133 410 13 625 373 542 78 825 790 336 193 764 757 407 9 691 
214 98 859 899 620 47 154 80 761 440 326 924 240 733 499 895 220 429 674 296 269 471 599 37 890 555 312 784 888 724 83 346 636 792 879 110 414 354 550 876 458 281 304 496 170 374 855 391 638 729 450 487 207 373 653 717 265 872 0 778 666 56 1 175 321 483 883 815 565 664 559 66 784 589 635 730 202 729 74 995 821 237 161 422 360 447 238 353 272 393 
431 89 748 360 404 720 211 5 778 498 713 40 959 244 959 509 928 795 239 809 823 414 551 521 909 184 540 365 958 709 176 159 51 552 918 91 991 680 114 702 519 906 835 935 6 55 46 851 94 639 641 318 473 225 350 511 39 278 778 0 928 530 923 32 530 644 484 380 234 945 976 822 8 494 451 147 49 994 866 293 374 348 184 63 231 436 714 435 848 259 
799 631 766 489 536 129 866 542 13 935 613 797 936 18 133 992 742 399 576 350 843 938 907 822 908 582 889 580 359 340 1000 550 434 19 338 95 872 233 657 31 370 792 267 293 841 97 518 946 502 225 450 483 679 197 515 190 827 884 666 928 0 934 135 697 790 659 295 813 299 252 509 993 343 228 894 268 626 494 201 300 739 779 697 969 454 342 740 132 976 599 
506 666 246 460 780 213 877 843 918 842 305 49 376 230 301 995 782 852 823 554 68 700 925 516 241 807 685 64 474 1000 695 940 676 128 774 339 58 837 307 349 885 713 663 8 891 220 94 291 801 867 506 863 173 155 333 881 3 794 56 530 934 0 325 965 786 80 754 463 922 930 359 507 299 617 295 906 779 571 132 298 385 450 813 952 582 530 382 658 958 215 
418 62 707 560 545 780 188 972 216 520 304 229 707 139 726 782 944 568 318 510 827 593 72 548 86 150 38 204 576 432 271 691 446 109 487 118 95 440 764 999 813 962 169 935 864 941 135 436 375 151 186 763 270 374 594 556 506 309 1 923 135 325 0 905 902 988 539 820 980 702 456 26 64 440 614 334 858 226 453 966 114 433 400 100 1000 990 650 139 878 715 
523 310 551 131 259 156 982 437 161 670 457 597 886 271 213 317 878 836 60 147 482 910 208 562 270 144 730 6 204 966 927 589 997 967 865 915 147 98 624 231 774 652 27 805 75 243 438 202 974 779 362 665 557 793 21 426 184 368 175 32 697 965 905 0 196 638 301 513 50 119 160 616 266 874 589 52 560 500 641 267 189 448 42 190 50 413 444 409 698 556 
828 198 249 312 668 513 33 335 96 203 527 293 347 296 89 991 322 377 87 44 277 707 957 656 263 731 204 212 336 954 421 933 760 454 577 591 16 940 509 742 825 210 987 569 927 243 839 943 204 440 500 565 392 408 89 397 233 272 321 530 790 786 902 196 0 931 106 981 705 769 797 373 355 692 111 342 940 498 221 686 792 777 952 213 792 415 989 497 849 512 
903 65 415 399 11 264 437 128 402 119 75 22 665 686 10 484 472 396 156 547 589 912 640 798 923 502 755 421 57 574 863 208 448 56 787 112 794 254 64 492 562 167 74 120 179 192 557 174 516 329 213 890 729 767 385 345 8 685 483 644 659 80 988 638 931 0 635 488 348 663 672 620 777 532 174 391 838 656 536 596 564 113 260 632 546 25 766 387 198 801 
332 490 184 747 366 206 841 81 984 779 534 165 488 934 49 137 640 903 123 301 980 806 470 423 780 771 830 747 204 563 525 46 625 416 127 62 902 493 886 114 11 414 461 929 196 138 192 374 124 849 785 812 147 52 620 27 962 137 883 484 295 754 539 301 106 635 0 13 838 244 965 144 664 614 987 68 185 90 125 749 537 895 469 886 615 381 793 629 802 631 
165 271 671 827 751 149 903 429 196 933 828 846 590 497 222 551 797 876 922 508 986 755 116 840 598 23 708 630 153 339 596 665 909 723 216 382 507 154 943 250 581 423 459 358 41 72 97 622 321 494 834 460 967 791 89 62 590 358 815 380 813 463 820 513 981 488 13 0 89 765 896 270 298 777 126 521 609 505 5 253 735 322 130 69 562 595 96 227 95 31 
658 906 616 103 917 640 982 280 376 701 611 158 231 228 509 219 742 781 410 470 505 921 111 351 76 903 965 833 40 895 594 702 753 546 688 417 361 691 56 496 578 771 479 481 439 256 287 412 539 30 125 256 526 175 224 949 972 96 565 234 299 922 980 50 705 348 838 89 0 43 334 194 102 758 198 161 201 819 318 149 218 840 296 401 320 403 526 351 284 476 
26 600 5 122 834 792 583 67 771 302 671 891 424 709 453 785 849 262 472 162 871 344 174 730 19 986 736 81 107 422 584 20 966 529 265 998 185 315 565 696 783 927 307 31 973 426 424 301 965 289 258 745 458 836 304 332 712 333 664 945 252 930 702 119 769 663 244 765 43 0 561 152 284 535 358 915 479 845 878 913 775 212 920 601 651 670 482 593 251 704 
74 950 963 753 649 964 990 809 215 915 168 5 570 339 567 458 147 525 920 485 975 816 824 841 903 22 363 16 461 879 967 899 500 732 646 313 810 934 513 200 501 558 614 633 850 645 70 435 108 663 778 383 645 557 613 783 884 224 559 976 509 359 456 160 797 672 965 896 334 561 0 14 292 581 770 111 237 441 127 726 352 936 834 433 625 327 493 969 997 1 
876 996 381 967 169 216 378 49 56 921 607 154 78 38 269 461 907 488 870 972 835 960 6 715 250 843 324 255 149 972 474 911 117 695 445 101 160 18 772 280 3 867 842 2 268 514 829 114 275 677 153 171 153 895 346 860 43 20 66 822 993 507 26 616 373 620 144 270 194 152 14 0 916 509 879 348 779 228 503 737 317 466 1 121 452 810 439 192 104 604 
381 530 964 789 937 345 880 527 521 821 594 980 637 893 44 115 96 716 622 556 371 455 650 515 207 356 651 334 464 478 647 880 626 50 361 648 267 12 650 955 133 454 36 758 150 266 256 199 307 554 840 92 279 451 295 624 565 948 784 8 343 299 64 266 355 777 664 298 102 284 292 916 0 262 385 907 164 824 927 151 601 13 710 803 618 367 109 607 888 675 
803 538 784 429 385 923 900 36 698 684 909 351 344 560 912 858 102 699 778 689 850 516 764 976 507 624 905 27 762 157 520 315 726 565 197 583 568 895 829 577 822 490 840 472 275 360 297 892 173 71 632 248 504 35 624 790 298 974 589 494 228 617 440 874 692 532 614 777 758 535 581 509 262 0 960 826 251 558 220 328 459 920 400 117 976 529 215 566 436 31 
912 644 576 117 73 536 979 197 759 823 833 844 488 376 308 559 395 1 403 238 42 979 741 820 940 976 94 918 543 192 300 785 892 62 975 780 996 884 703 235 981 998 429 640 59 489 53 393 538 168 40 545 836 382 471 594 241 133 635 451 894 295 614 589 111 174 987 126 198 358 770 879 385 960 0 19 466 777 35 499 911 750 279 917 221 742 120 9 663 111 
937 139 218 561 793 356 129 890 415 355 729 85 659 196 511 80 897 570 216 148 268 919 164 915 559 277 233 662 351 68 943 104 447 485 123 667 446 196 786 177 228 822 359 750 116 38 252 665 450 429 771 133 88 155 297 763 53 410 730 147 268 906 334 52 342 391 68 521 161 915 111 348 907 826 19 0 40 636 439 917 334 599 975 288 438 165 755 933 718 212 
139 442 962 982 336 907 662 731 562 903 416 101 925 508 759 563 802 775 625 569 316 264 969 937 744 36 291 954 512 638 657 284 461 441 39 512 796 425 929 481 400 334 688 845 566 703 220 202 553 473 223 191 843 253 715 485 969 13 202 49 626 779 858 560 940 838 185 609 201 479 237 779 164 251 466 40 0 512 533 675 437 790 718 752 879 208 529 32 246 836 
604 38 586 850 173 279 741 330 915 240 789 222 10 502 43 270 962 923 762 636 761 107 656 938 105 341 63 278 988 853 884 308 135 429 469 1 253 360 854 530 961 246 896 464 918 677 441 382 621 508 932 775 350 792 456 584 554 625 729 994 494 571 226 500 498 656 90 505 819 845 441 228 824 558 777 636 512 0 67 554 624 968 582 53 80 478 232 549 160 466 
255 133 536 30 870 309 981 339 98 469 291 756 910 199 958 492 132 70 294 163 887 592 139 283 534 277 575 16 94 82 514 142 586 19 755 450 176 1000 361 304 626 494 41 715 646 101 652 178 371 656 990 905 839 96 559 275 345 373 74 866 201 132 453 641 221 536 125 5 318 878 127 503 927 220 35 439 533 67 0 35 635 636 26 143 553 443 801 827 896 409 
358 293 300 892 296 867 159 319 637 527 58 944 857 724 577 239 554 266 150 518 462 633 904 992 74 420 854 90 136 104 472 43 625 723 855 976 730 543 367 523 634 459 441 933 982 812 702 272 206 216 399 988 828 549 418 224 505 542 995 293 300 298 966 267 686 596 749 253 149 913 726 737 151 328 499 917 675 554 35 0 900 883 119 617 521 440 910 254 418 981 
400 37 620 348 473 452 328 309 865 934 877 8 752 914 574 503 626 536 344 718 200 235 721 798 551 246 269 413 479 145 471 201 494 651 536 429 460 707 835 568 874 18 492 142 941 472 246 227 729 277 249 558 835 818 58 815 638 78 821 374 739 385 114 189 792 564 537 735 218 775 352 317 601 459 911 334 437 624 635 900 0 892 304 270 535 302 462 890 448 1 
607 899 789 725 554 478 418 659 130 874 115 702 499 741 914 361 194 364 285 384 125 413 444 492 244 687 239 592 357 970 989 413 673 625 353 837 186 700 146 240 778 804 689 45 948 561 37 679 759 184 676 11 412 268 571 390 547 825 237 348 779 450 433 448 777 113 895 322 840 212 936 466 13 920 750 599 790 968 636 883 892 0 319 515 176 360 705 695 381 206 
25 543 538 62 236 58 177 843 504 244 189 867 208 826 915 956 97 882 954 374 186 532 109 82 333 336 908 144 828 583 553 222 342 955 817 559 392 86 382 976 579 927 403 394 915 51 752 318 685 539 446 368 246 497 196 274 756 790 161 184 697 813 400 42 952 260 469 130 296 920 834 1 710 400 279 975 718 582 26 119 304 319 0 177 237 142 506 192 224 254 
972 488 272 424 435 14 316 182 518 526 321 911 423 24 31 544 74 915 359 285 541 551 863 235 905 249 792 656 438 477 328 667 219 986 590 551 531 820 554 935 438 955 533 275 165 68 948 752 772 398 989 495 877 446 535 994 698 336 422 63 969 952 100 190 213 632 886 69 401 601 433 121 803 117 917 288 752 53 143 617 270 515 177 0 680 220 942 831 53 491 
664 367 870 960 739 386 995 352 270 837 596 487 747 368 882 912 926 600 24 107 169 140 890 391 910 729 23 433 491 716 950 613 274 942 599 559 601 997 19 535 283 595 951 852 704 210 986 383 433 309 665 929 979 10 457 35 333 193 360 231 454 582 1000 50 792 546 615 562 320 651 625 452 618 976 221 438 879 80 553 521 535 176 237 680 0 33 581 933 817 112 
290 565 978 34 876 679 434 750 917 698 465 105 596 486 251 130 745 434 785 1000 818 956 2 171 482 993 768 359 218 965 298 993 335 844 279 859 432 321 142 419 2 726 46 63 504 225 389 25 795 693 605 42 100 573 943 368 394 764 447 436 342 530 990 413 415 25 381 595 403 670 327 810 367 529 742 165 208 478 443 440 302 360 142 220 33 0 176 508 854 64 
963 373 735 526 818 325 972 976 59 252 160 115 335 799 395 65 322 657 719 851 847 517 398 92 191 696 718 137 511 530 385 311 85 22 175 896 165 941 81 241 217 918 839 569 976 388 170 126 931 963 801 692 752 585 528 972 918 757 238 714 740 382 650 444 989 766 793 96 526 482 493 439 109 215 120 755 529 232 801 910 462 705 506 942 581 176 0 894 253 264 
145 179 462 849 899 422 76 165 192 754 673 556 429 836 470 448 891 483 903 909 326 318 798 186 863 228 872 397 465 110 727 473 878 923 333 417 347 900 609 297 735 302 288 940 635 790 516 74 621 740 521 149 415 745 881 904 972 407 353 435 132 658 139 409 497 387 629 227 351 593 969 192 607 566 9 933 32 549 827 254 890 695 192 831 933 508 894 0 975 81 
289 722 27 510 402 29 520 427 830 651 857 364 588 41 424 294 889 650 5 4 173 674 373 978 864 945 825 924 709 988 690 964 931 429 946 229 880 239 671 684 208 330 64 187 597 702 629 137 956 144 65 694 87 108 924 166 986 9 272 848 976 958 878 698 849 198 802 95 284 251 997 104 888 436 663 718 246 160 896 418 448 381 224 53 817 854 253 975 0 947 
578 764 789 817 852 409 39 287 847 548 287 586 461 643 770 494 485 843 490 18 108 246 826 625 853 860 475 783 834 163 613 447 671 131 772 642 511 818 506 842 426 913 891 870 16 882 928 811 697 549 171 351 983 941 236 26 584 691 393 259 599 215 715 556 512 801 631 31 476 704 1 604 675 31 111 212 836 466 409 981 1 206 254 491 112 64 264 81 947 0 
