60 3
0 14 99 112 80 226 826 829 692 877 168 840 462 329 72 860 146 888 763 76 791 822 523 818 392 659 553 634 690 582 118 487 627 877 992 15 580 264 164 366 913 949 160 147 962 650 310 927 702 197 912 23 997 15 986 836 535 715 260 582 
14 0 151 312 761 993 472 164 90 499 61 74 202 854 937 113 933 820 105 132 321 513 752 703 215 223 73 475 513 70 340 287 593 862 882 823 759 689 248 850 171 935 141 261 168 573 361 33 624 610 427 559 30 507 717 124 333 496 861 699 
99 151 0 212 583 175 857 949 482 926 482 353 431 81 190 257 289 638 669 43 360 418 173 548 999 288 992 381 603 823 12 11 697 224 101 53 630 990 286 592 635 629 70 831 512 449 138 852 598 380 986 478 81 208 168 825 792 377 325 1 
112 312 212 0 674 334 674 555 996 312 550 19 976 521 448 189 767 58 308 969 894 209 902 428 505 166 858 801 735 471 685 994 851 17 368 42 142 640 909 499 852 813 901 904 583 402 849 594 868 105 187 916 135 802 15 503 978 124 436 799 
80 761 583 674 0 994 399 932 512 109 893 64 121 509 161 659 108 812 819 488 7 27 124 589 759 568 913 484 871 613 966 52 219 154 662 490 458 170 383 534 147 750 68 270 356 972 558 325 112 548 475 662 132 187 74 140 770 318 953 99 
226 993 175 334 994 0 758 207 308 496 637 211 485 445 899 587 461 806 213 514 257 795 765 545 498 319 59 75 164 651 927 492 589 112 80 32 442 484 457 212 523 444 655 119 754 230 383 221 707 16 555 585 555 511 219 701 533 83 886 111 
826 472 857 674 399 758 0 733 661 783 949 938 857 553 376 252 686 266 3 935 531 921 115 159 103 458 350 181 530 840 114 263 438 630 335 809 532 134 426 613 423 977 436 447 509 936 891 169 620 375 162 169 459 116 26 999 524 357 527 146 
829 164 949 555 932 207 733 0 375 138 553 648 593 109 601 579 639 56 809 401 465 699 762 265 379 14 894 858 179 781 372 963 722 518 875 810 571 152 239 232 851 316 23 26 864 133 919 8 981 644 452 455 315 156 773 656 362 253 336 23 
692 90 482 996 512 308 661 375 0 298 927 406 668 726 285 642 90 970 41 211 68 354 94 795 857 529 189 58 194 113 554 615 993 994 700 252 72 196 627 606 836 411 35 942 849 431 405 158 736 697 394 558 363 699 81 21 899 850 820 536 
877 499 926 312 109 496 783 138 298 0 86 173 687 349 648 513 649 539 265 757 536 32 493 719 464 858 601 410 577 141 501 152 162 112 66 581 607 23 920 744 467 962 855 882 677 863 679 391 566 957 750 805 875 262 665 373 501 8 118 930 
168 61 482 550 893 637 949 553 927 86 0 310 93 948 927 713 77 302 907 776 806 393 627 731 426 855 366 398 149 913 692 126 669 150 829 610 556 459 432 660 270 28 469 719 786 270 955 70 555 679 192 868 436 358 614 778 517 29 697 496 
840 74 353 19 64 211 938 648 406 173 310 0 717 768 299 308 170 832 476 671 833 220 972 222 954 226 398 398 380 336 312 712 707 502 63 545 840 676 72 605 27 401 9 755 689 315 168 823 659 598 409 262 356 586 548 456 189 46 644 990 
462 202 431 976 121 485 857 593 668 687 93 717 0 428 243 632 371 331 380 534 671 969 343 168 824 647 498 914 711 878 261 371 752 312 776 39 901 409 906 156 333 269 724 745 284 125 935 417 555 240 712 315 269 933 124 184 984 299 539 633 
329 854 81 521 509 445 553 109 726 349 948 768 428 0 907 409 457 710 774 200 436 439 699 402 591 44 809 808 234 925 800 312 557 676 496 945 677 281 112 19 497 220 341 737 424 226 612 636 964 465 970 527 339 624 278 316 9 297 764 476 
72 937 190 448 161 899 376 601 285 648 927 299 243 907 0 838 737 76 205 705 827 853 138 811 517 819 818 855 339 21 575 156 19 509 593 958 377 913 825 902 883 795 824 545 842 499 99 220 573 962 543 996 598 754 308 60 728 533 983 153 
860 113 257 189 659 587 252 579 642 513 713 308 632 409 838 0 495 862 904 715 416 847 576 716 922 427 475 714 650 946 164 633 195 58 114 617 987 293 556 67 435 45 272 534 951 507 142 629 9 913 59 648 650 738 180 77 313 954 978 176 
146 933 289 767 108 461 686 639 90 649 77 170 371 457 737 495 0 302 863 230 376 185 303 359 427 180 835 329 820 655 535 813 255 805 802 571 146 103 69 335 333 662 320 871 402 393 426 761 531 160 811 409 595 794 399 108 335 180 564 804 
888 820 638 58 812 806 266 56 970 539 302 832 331 710 76 862 302 0 136 468 885 695 727 473 108 730 24 749 753 902 718 422 523 635 986 55 325 662 539 846 77 422 274 958 639 696 67 113 201 929 66 907 32 986 687 241 320 170 950 320 
763 105 669 308 819 213 3 809 41 265 907 476 380 774 205 904 863 136 0 666 690 110 621 908 99 495 88 711 148 87 355 516 137 534 841 440 793 988 554 513 306 382 250 819 338 868 293 38 207 317 30 516 482 31 779 83 812 358 826 949 
76 132 43 969 488 514 935 401 211 757 776 671 534 200 705 715 230 468 666 0 18 828 151 786 699 823 477 847 929 32 428 178 932 250 651 874 425 850 473 225 684 590 467 265 675 626 113 890 466 82 621 665 781 494 218 996 213 191 370 560 
791 321 360 894 7 257 531 465 68 536 806 833 671 436 827 416 376 885 690 18 0 800 206 170 629 799 69 693 497 943 544 34 945 947 226 441 386 848 970 541 252 515 89 935 711 302 112 444 298 509 307 488 874 344 294 947 600 106 880 468 
822 513 418 209 27 795 921 699 354 32 393 220 969 439 853 847 185 695 110 828 800 0 817 959 918 221 663 215 224 437 852 515 475 922 605 802 984 574 636 572 347 639 149 17 127 828 652 713 145 289 531 983 823 731 855 711 861 802 680 266 
523 752 173 902 124 765 115 762 94 493 627 972 343 699 138 576 303 727 621 151 206 817 0 140 97 656 817 885 804 25 39 531 57 31 400 521 902 598 721 564 295 279 837 388 897 697 204 538 358 506 182 692 930 462 299 107 444 675 618 423 
818 703 548 428 589 545 159 265 795 719 731 222 168 402 811 716 359 473 908 786 170 959 140 0 382 260 408 410 752 677 94 741 954 144 311 62 481 314 82 988 840 37 523 488 345 237 673 881 634 893 736 96 805 412 467 639 871 246 614 810 
392 215 999 505 759 498 103 379 857 464 426 954 824 591 517 922 427 108 99 699 629 918 97 382 0 763 646 221 764 946 146 840 233 369 853 970 344 286 334 517 838 226 445 547 263 352 337 817 851 924 934 116 902 472 29 802 721 834 602 654 
659 223 288 166 568 319 458 14 529 858 855 226 647 44 819 427 180 730 495 823 799 221 656 260 763 0 552 934 225 648 233 697 72 919 616 462 924 762 68 683 3 103 220 614 220 521 461 991 343 982 583 233 765 986 874 858 72 577 584 672 
553 73 992 858 913 59 350 894 189 601 366 398 498 809 818 475 835 24 88 477 69 663 817 408 646 552 0 971 42 713 470 833 498 304 142 446 891 558 51 702 309 812 521 100 999 400 544 12 233 343 963 745 263 916 392 585 559 495 496 431 
634 475 381 801 484 75 181 858 58 410 398 398 914 808 855 714 329 749 711 847 693 215 885 410 221 934 971 0 545 348 921 306 486 453 214 500 888 904 559 271 307 236 75 77 32 957 100 14 172 864 786 661 320 927 811 44 243 945 291 179 
690 513 603 735 871 164 530 179 194 577 149 380 711 234 339 650 820 753 148 929 497 224 804 752 764 225 42 545 0 253 1 337 28 937 13 110 604 738 584 94 141 87 795 827 230 996 80 520 994 286 647 311 3 676 443 286 854 459 532 15 
582 70 823 471 613 651 840 781 113 141 913 336 878 925 21 946 655 902 87 32 943 437 25 677 946 648 713 348 253 0 592 762 453 191 760 813 442 620 95 49 922 342 457 586 899 358 534 214 250 862 929 115 961 732 429 648 46 825 178 90 
118 340 12 685 966 927 114 372 554 501 692 312 261 800 575 164 535 718 355 428 544 852 39 94 146 233 470 921 1 592 0 72 884 864 499 401 937 797 929 128 263 809 399 489 710 145 535 345 239 177 753 457 761 125 387 430 644 641 394 314 
487 287 11 994 52 492 263 963 615 152 126 712 371 312 156 633 813 422 516 178 34 515 531 741 840 697 833 306 337 762 72 0 790 438 364 106 234 240 206 253 889 813 8 330 985 755 539 647 893 579 843 930 924 181 182 144 521 65 44 499 
627 593 697 851 219 589 438 722 993 162 669 707 752 557 19 195 255 523 137 932 945 475 57 954 233 72 498 486 28 453 884 790 0 31 313 921 899 254 611 442 237 498 27 976 551 936 989 576 723 851 307 377 365 453 910 68 582 636 787 477 
877 862 224 17 154 112 630 518 994 112 150 502 312 676 509 58 805 635 534 250 947 922 31 144 369 919 304 453 937 191 864 438 31 0 821 495 638 978 668 228 122 935 507 239 149 351 48 403 73 613 361 699 953 70 485 254 900 907 269 734 
992 882 101 368 662 80 335 875 700 66 829 63 776 496 593 114 802 986 841 651 226 605 400 311 853 616 142 214 13 760 499 364 313 821 0 267 839 605 982 876 524 244 398 786 232 817 593 431 135 120 23 327 207 337 909 159 888 28 878 483 
15 823 53 42 490 32 809 810 252 581 610 545 39 945 958 617 571 55 440 874 441 802 521 62 970 462 446 500 110 813 401 106 921 495 267 0 474 398 137 428 204 307 834 936 38 836 831 919 325 408 772 166 486 493 396 438 611 588 475 696 
580 759 630 142 458 442 532 571 72 607 556 840 901 677 377 987 146 325 793 425 386 984 902 481 344 924 891 888 604 442 937 234 899 638 839 474 0 910 854 940 194 1 290 412 663 841 755 848 704 459 824 547 143 142 375 371 932 871 279 660 
264 689 990 640 170 484 134 152 196 23 459 676 409 281 913 293 103 662 988 850 848 574 598 314 286 762 558 904 738 620 797 240 254 978 605 398 910 0 386 320 861 703 147 569 415 382 732 501 91 367 441 332 158 596 7 251 154 524 101 908 
164 248 286 909 383 457 426 239 627 920 432 72 906 112 825 556 69 539 554 473 970 636 721 82 334 68 51 559 584 95 929 206 611 668 982 137 854 386 0 160 84 81 158 37 517 695 82 75 78 752 904 862 983 236 653 502 579 480 843 694 
366 850 592 499 534 212 613 232 606 744 660 605 156 19 902 67 335 846 513 225 541 572 564 988 517 683 702 271 94 49 128 253 442 228 876 428 940 320 160 0 315 922 95 210 960 433 476 213 950 462 186 383 552 476 235 846 566 336 742 324 
913 171 635 852 147 523 423 851 836 467 270 27 333 497 883 435 333 77 306 684 252 347 295 840 838 3 309 307 141 922 263 889 237 122 524 204 194 861 84 315 0 142 207 866 498 173 38 713 328 677 839 733 249 529 667 478 216 79 48 211 
949 935 629 813 750 444 977 316 411 962 28 401 269 220 795 45 662 422 382 590 515 639 279 37 226 103 812 236 87 342 809 813 498 935 244 307 1 703 81 922 142 0 299 638 287 475 328 800 669 405 817 739 955 924 774 419 594 337 971 413 
160 141 70 901 68 655 436 23 35 855 469 9 724 341 824 272 320 274 250 467 89 149 837 523 445 220 521 75 795 457 399 8 27 507 398 834 290 147 158 95 207 299 0 354 607 27 649 879 775 568 800 264 395 704 512 860 888 718 768 91 
147 261 831 904 270 119 447 26 942 882 719 755 745 737 545 534 871 958 819 265 935 17 388 488 547 614 100 77 827 586 489 330 976 239 786 936 412 569 37 210 866 638 354 0 34 30 571 567 598 848 471 18 413 696 530 782 215 502 336 555 
962 168 512 583 356 754 509 864 849 677 786 689 284 424 842 951 402 639 338 675 711 127 897 345 263 220 999 32 230 899 710 985 551 149 232 38 663 415 517 960 498 287 607 34 0 408 182 951 185 99 745 470 726 697 424 292 800 778 891 191 
650 573 449 402 972 230 936 133 431 863 270 315 125 226 499 507 393 696 868 626 302 828 697 237 352 521 400 957 996 358 145 755 936 351 817 836 841 382 695 433 173 475 27 30 408 0 670 266 296 310 562 755 5 235 169 420 753 273 771 619 
310 361 138 849 558 383 891 919 405 679 955 168 935 612 99 142 426 67 293 113 112 652 204 673 337 461 544 100 80 534 535 539 989 48 593 831 755 732 82 476 38 328 649 571 182 670 0 749 4 453 586 804 780 945 602 771 773 644 6 654 
927 33 852 594 325 221 169 8 158 391 70 823 417 636 220 629 761 113 38 890 444 713 538 881 817 991 12 14 520 214 345 647 576 403 431 919 848 501 75 213 713 800 879 567 951 266 749 0 188 544 590 480 306 935 320 80 145 125 715 923 
702 624 598 868 112 707 620 981 736 566 555 659 555 964 573 9 531 201 207 466 298 145 358 634 851 343 233 172 994 250 239 893 723 73 135 325 704 91 78 950 328 669 775 598 185 296 4 188 0 574 454 968 153 555 454 533 241 39 127 924 
197 610 380 105 548 16 375 644 697 957 679 598 240 465 962 913 160 929 317 82 509 289 506 893 924 982 343 864 286 862 177 579 851 613 120 408 459 367 752 462 677 405 568 848 99 310 453 544 574 0 683 437 727 156 199 589 440 662 318 459 
912 427 986 187 475 555 162 452 394 750 192 409 712 970 543 59 811 66 30 621 307 531 182 736 934 583 963 786 647 929 753 843 307 361 23 772 824 441 904 186 839 817 800 471 745 562 586 590 454 683 0 777 386 488 389 311 404 764 848 253 
23 559 478 916 662 585 169 455 558 805 868 262 315 527 996 648 409 907 516 665 488 983 692 96 116 233 745 661 311 115 457 930 377 699 327 166 547 332 862 383 733 739 264 18 470 755 804 480 968 437 777 0 198 523 308 70 866 801 455 878 
997 30 81 135 132 555 459 315 363 875 436 356 269 339 598 650 595 32 482 781 874 823 930 805 902 765 263 320 3 961 761 924 365 953 207 486 143 158 983 552 249 955 395 413 726 5 780 306 153 727 386 198 0 909 138 156 480 921 754 282 
15 507 208 802 187 511 116 156 699 262 358 586 933 624 754 738 794 986 31 494 344 731 462 412 472 986 916 927 676 732 125 181 453 70 337 493 142 596 236 476 529 924 704 696 697 235 945 935 555 156 488 523 909 0 793 944 102 569 760 188 
986 717 168 15 74 219 26 773 81 665 614 548 124 278 308 180 399 687 779 218 294 855 299 467 29 874 392 811 443 429 387 182 910 485 909 396 375 7 653 235 667 774 512 530 424 169 602 320 454 199 389 308 138 793 0 280 293 402 862 190 
836 124 825 503 140 701 999 656 21 373 778 456 184 316 60 77 108 241 83 996 947 711 107 639 802 858 585 44 286 648 430 144 68 254 159 438 371 251 502 846 478 419 860 782 292 420 771 80 533 589 311 70 156 944 280 0 788 949 108 54 
535 333 792 978 770 533 524 362 899 501 517 189 984 9 728 313 335 320 812 213 600 861 444 871 721 72 559 243 854 46 644 521 582 900 888 611 932 154 579 566 216 594 888 215 800 753 773 145 241 440 404 866 480 102 293 788 0 143 42 460 
715 496 377 124 318 83 357 253 850 8 29 46 299 297 533 954 180 170 358 191 106 802 675 246 834 577 495 945 459 825 641 65 636 907 28 588 871 524 480 336 79 337 718 502 778 273 644 125 39 662 764 801 921 569 402 949 143 0 340 562 
260 861 325 436 953 886 527 336 820 118 697 644 539 764 983 978 564 950 826 370 880 680 618 614 602 584 496 291 532 178 394 44 787 269 878 475 279 101 843 742 48 971 768 336 891 771 6 715 127 318 848 455 754 760 862 108 42 340 0 342 
582 699 1 799 99 111 146 23 536 930 496 990 633 476 153 176 804 320 949 560 468 266 423 810 654 672 431 179 15 90 314 499 477 734 483 696 660 908 694 324 211 413 91 555 191 619 654 923 924 459 253 878 282 188 190 54 460 562 342 0 
0 182 206 570 356 479 900 971 165 689 206 453 310 34 403 586 78 449 355 998 552 786 943 656 906 935 980 846 385 102 730 209 977 445 604 179 533 425 867 537 355 402 95 349 399 602 25 360 304 892 121 63 670 353 812 354 691 300 99 917 
182 0 16 93 157 517 568 947 296 939 959 495 144 582 561 122 256 970 3 940 676 664 829 5 118 274 722 304 979 42 52 79 566 389 64 440 804 582 413 389 998 288 388 934 219 535 692 736 397 421 743 543 778 912 374 182 514 727 964 678 
206 16 0 887 525 744 630 86 162 71 618 290 867 8 944 818 480 873 198 557 375 86 562 855 116 53 448 171 493 728 120 234 483 457 665 497 453 118 768 296 694 208 87 649 816 120 475 663 671 922 460 556 430 665 284 127 910 773 47 955 
570 93 887 0 410 742 959 664 412 601 182 796 485 675 838 246 324 241 426 450 840 222 392 592 516 226 209 702 950 908 578 581 332 877 290 387 93 526 665 277 189 629 425 831 924 15 850 863 448 381 53 304 876 523 917 446 1000 78 988 480 
356 157 525 410 0 614 231 135 241 405 259 264 887 683 144 708 138 951 440 630 889 357 641 534 165 228 488 329 426 929 909 999 800 408 871 819 875 931 369 356 663 811 381 709 99 845 364 365 732 781 586 867 828 518 842 781 211 136 296 860 
479 517 744 742 614 0 181 216 477 300 54 137 774 257 87 139 202 280 442 345 40 197 271 365 68 225 487 744 410 444 831 599 729 276 22 242 419 282 718 511 436 536 29 439 384 585 736 17 164 179 91 438 883 416 319 733 325 532 380 372 
900 568 630 959 231 181 0 546 833 499 141 593 48 403 180 401 545 984 197 905 63 769 643 23 7 59 68 702 832 814 381 653 776 807 928 163 131 368 252 635 104 718 623 201 173 756 512 236 16 886 499 312 5 831 654 901 122 156 671 730 
971 947 86 664 135 216 546 0 422 596 147 239 507 816 610 88 543 155 327 989 744 884 338 978 925 140 590 99 87 64 436 862 588 689 178 234 591 139 259 164 997 778 22 440 562 734 411 678 303 312 825 617 757 389 932 388 415 925 310 206 
165 296 162 412 241 477 833 422 0 373 914 906 325 638 858 121 350 327 757 379 923 352 406 897 508 909 831 126 551 765 349 779 998 658 174 816 33 543 400 935 312 313 435 679 12 985 904 231 405 941 328 979 556 32 630 193 339 249 693 227 
689 939 71 601 405 300 499 596 373 0 385 505 753 5 772 197 751 857 618 121 474 245 951 590 232 70 763 20 759 832 639 68 860 778 373 702 270 639 733 830 461 911 11 114 275 41 34 201 918 583 449 724 432 201 797 190 764 548 18 349 
206 959 618 182 259 54 141 147 914 385 0 443 525 822 748 192 395 333 727 810 910 910 409 780 748 365 449 86 543 659 102 532 88 82 922 157 295 569 492 259 792 58 328 533 814 965 789 938 30 619 743 259 886 905 405 660 570 188 699 816 
453 495 290 796 264 137 593 239 906 505 443 0 146 955 563 810 561 831 48 890 219 996 980 75 185 842 937 197 140 766 13 320 862 2 626 826 930 121 364 941 719 398 295 176 19 958 153 723 480 90 365 413 991 989 795 918 286 802 491 93 
310 144 867 485 887 774 48 507 325 753 525 146 0 862 25 91 838 620 828 284 652 47 432 140 689 779 578 632 741 687 272 231 974 363 685 398 649 356 543 890 281 628 175 487 340 78 494 979 629 276 536 56 567 412 177 34 711 834 668 213 
34 582 8 675 683 257 403 816 638 5 822 955 862 0 580 844 38 300 906 998 884 591 947 152 158 733 223 225 324 927 597 133 428 433 648 645 914 948 528 998 413 29 155 163 618 428 184 668 323 953 910 385 869 635 102 368 616 525 399 901 
403 561 944 838 144 87 180 610 858 772 748 563 25 580 0 960 877 231 972 963 831 524 658 481 77 968 818 957 945 512 876 418 952 161 133 919 604 143 852 676 990 836 616 205 181 545 158 571 329 420 72 141 395 76 571 599 785 243 486 457 
586 122 818 246 708 139 401 88 121 197 192 810 91 844 960 0 379 822 286 280 163 857 423 974 170 302 920 438 905 603 738 629 120 442 834 260 59 23 526 652 594 538 537 847 68 722 307 444 279 173 566 449 894 434 661 353 904 133 959 146 
78 256 480 324 138 202 545 543 350 751 395 561 838 38 877 379 0 866 371 279 784 245 274 787 535 228 730 907 734 660 308 398 27 497 167 158 573 573 295 164 832 570 172 370 61 940 527 926 770 773 656 9 751 433 857 232 484 59 189 57 
449 970 873 241 951 280 984 155 327 857 333 831 620 300 231 822 866 0 662 653 461 658 885 592 136 963 437 149 476 819 313 645 558 314 900 399 327 263 161 258 732 525 897 209 163 974 575 506 144 945 173 720 364 713 107 470 367 604 109 231 
355 3 198 426 440 442 197 327 757 618 727 48 828 906 972 286 371 662 0 743 217 43 976 241 719 583 224 882 12 203 359 22 832 225 348 648 758 243 223 99 867 775 558 765 52 12 353 852 890 632 359 663 979 772 631 993 796 847 358 26 
998 940 557 450 630 345 905 989 379 121 810 890 284 998 963 280 279 653 743 0 663 760 882 118 603 506 726 866 261 714 115 835 393 899 717 881 57 924 134 306 400 555 255 914 288 875 994 291 442 780 522 889 747 278 929 557 609 736 118 234 
552 676 375 840 889 40 63 744 923 474 910 219 652 884 831 163 784 461 217 663 0 539 234 36 649 540 262 263 417 635 816 511 616 519 761 735 271 711 322 837 168 96 892 277 16 27 306 541 145 49 379 105 852 688 239 530 103 865 256 638 
786 664 86 222 357 197 769 884 352 245 910 996 47 591 524 857 245 658 43 760 539 0 704 646 817 262 274 391 893 948 172 220 710 17 779 138 4 849 33 319 915 720 577 856 341 327 945 21 3 278 715 578 833 996 783 836 664 836 419 326 
943 829 562 392 641 271 643 338 406 951 409 980 432 947 658 423 274 885 976 882 234 704 0 667 90 654 657 499 357 231 44 53 653 323 617 67 119 285 806 621 47 182 294 335 855 273 558 168 639 621 458 166 770 746 821 200 212 977 189 905 
656 5 855 592 534 365 23 978 897 590 780 75 140 152 481 974 787 592 241 118 36 646 667 0 857 530 522 238 75 915 504 531 122 932 634 26 963 174 487 864 211 157 28 896 522 707 781 353 915 761 731 404 289 918 402 788 760 445 811 12 
906 118 116 516 165 68 7 925 508 232 748 185 689 158 77 170 535 136 719 603 649 817 90 857 0 85 615 542 543 412 451 754 401 143 687 559 203 28 348 269 369 528 249 56 843 259 151 544 248 40 339 926 76 52 108 306 735 746 908 646 
935 274 53 226 228 225 59 140 909 70 365 842 779 733 968 302 228 963 583 506 540 262 654 530 85 0 207 731 393 380 87 623 448 678 418 638 594 313 902 905 758 925 89 156 795 69 178 769 321 58 410 947 367 298 615 149 268 295 144 809 
980 722 448 209 488 487 68 590 831 763 449 937 578 223 818 920 730 437 224 726 262 274 657 522 615 207 0 927 248 880 317 71 626 2 955 599 78 680 186 32 344 664 150 195 569 220 622 411 486 255 631 95 222 300 201 673 127 355 50 552 
846 304 171 702 329 744 702 99 126 20 86 197 632 225 957 438 907 149 882 866 263 391 499 238 542 731 927 0 413 194 459 921 607 834 608 264 187 963 882 347 53 878 812 619 281 102 788 851 336 490 726 639 20 314 440 859 650 118 426 418 
385 979 493 950 426 410 832 87 551 759 543 140 741 324 945 905 734 476 12 261 417 893 357 75 543 393 248 413 0 888 364 31 298 652 718 352 634 67 192 433 629 100 603 491 729 111 175 274 396 859 60 418 692 121 928 750 322 179 224 390 
102 42 728 908 929 444 814 64 765 832 659 766 687 927 512 603 660 819 203 714 635 948 231 915 412 380 880 194 888 0 679 484 708 987 384 347 884 117 96 795 317 200 261 240 288 876 820 365 504 520 25 60 491 751 48 97 913 154 887 324 
730 52 120 578 909 831 381 436 349 639 102 13 272 597 876 738 308 313 359 115 816 172 44 504 451 87 317 459 364 679 0 800 969 921 988 4 107 497 762 300 604 854 173 165 911 657 287 205 484 260 633 244 571 298 90 789 71 708 847 469 
209 79 234 581 999 599 653 862 779 68 532 320 231 133 418 629 398 645 22 835 511 220 53 531 754 623 71 921 31 484 800 0 964 746 49 435 279 748 484 887 363 793 595 69 261 565 713 563 128 567 93 881 719 777 2 463 209 17 438 81 
977 566 483 332 800 729 776 588 998 860 88 862 974 428 952 120 27 558 832 393 616 710 653 122 401 448 626 607 298 708 969 964 0 200 550 595 181 34 296 745 872 321 241 91 842 401 530 844 461 173 379 828 127 522 233 226 114 402 495 924 
445 389 457 877 408 276 807 689 658 778 82 2 363 433 161 442 497 314 225 899 519 17 323 932 143 678 2 834 652 987 921 746 200 0 97 697 638 374 326 445 5 664 501 752 501 735 181 597 816 368 736 44 153 303 779 681 708 641 430 990 
604 64 665 290 871 22 928 178 174 373 922 626 685 648 133 834 167 900 348 717 761 779 617 634 687 418 955 608 718 384 988 49 550 97 0 460 154 461 757 837 884 462 260 856 568 575 566 867 432 932 627 37 799 35 156 142 523 780 289 442 
179 440 497 387 819 242 163 234 816 702 157 826 398 645 919 260 158 399 648 881 735 138 67 26 559 638 599 264 352 347 4 435 595 697 460 0 782 155 671 68 216 651 29 738 376 809 185 157 957 560 473 884 597 146 100 809 413 827 106 740 
533 804 453 93 875 419 131 591 33 270 295 930 649 914 604 59 573 327 758 57 271 4 119 963 203 594 78 187 634 884 107 279 181 638 154 782 0 859 488 42 742 796 665 475 766 313 914 260 574 482 905 67 64 950 249 702 609 581 193 492 
425 582 118 526 931 282 368 139 543 639 569 121 356 948 143 23 573 263 243 924 711 849 285 174 28 313 680 963 67 117 497 748 34 374 461 155 859 0 619 677 848 164 399 208 521 403 635 207 942 733 273 517 948 568 553 502 150 759 399 56 
867 413 768 665 369 718 252 259 400 733 492 364 543 528 852 526 295 161 223 134 322 33 806 487 348 902 186 882 192 96 762 484 296 326 757 671 488 619 0 428 167 987 579 731 947 263 335 91 683 664 489 359 777 940 57 779 228 832 519 16 
537 389 296 277 356 511 635 164 935 830 259 941 890 998 676 652 164 258 99 306 837 319 621 864 269 905 32 347 433 795 300 887 745 445 837 68 42 677 428 0 703 532 61 532 16 795 855 851 801 925 255 92 554 120 24 26 68 112 42 54 
355 998 694 189 663 436 104 997 312 461 792 719 281 413 990 594 832 732 867 400 168 915 47 211 369 758 344 53 629 317 604 363 872 5 884 216 742 848 167 703 0 44 747 634 27 792 288 698 897 394 290 785 201 418 859 234 233 266 114 961 
402 288 208 629 811 536 718 778 313 911 58 398 628 29 836 538 570 525 775 555 96 720 182 157 528 925 664 878 100 200 854 793 321 664 462 651 796 164 987 532 44 0 486 265 352 965 335 428 637 909 312 943 710 68 112 386 179 842 373 787 
95 388 87 425 381 29 623 22 435 11 328 295 175 155 616 537 172 897 558 255 892 577 294 28 249 89 150 812 603 261 173 595 241 501 260 29 665 399 579 61 747 486 0 662 399 497 728 179 231 101 384 519 387 637 756 187 280 347 765 852 
349 934 649 831 709 439 201 440 679 114 533 176 487 163 205 847 370 209 765 914 277 856 335 896 56 156 195 619 491 240 165 69 91 752 856 738 475 208 731 532 634 265 662 0 387 455 994 513 825 206 91 870 766 146 729 595 796 579 634 254 
399 219 816 924 99 384 173 562 12 275 814 19 340 618 181 68 61 163 52 288 16 341 855 522 843 795 569 281 729 288 911 261 842 501 568 376 766 521 947 16 27 352 399 387 0 538 274 151 764 491 903 823 598 656 493 892 874 714 209 582 
602 535 120 15 845 585 756 734 985 41 965 958 78 428 545 722 940 974 12 875 27 327 273 707 259 69 220 102 111 876 657 565 401 735 575 809 313 403 263 795 792 965 497 455 538 0 870 196 540 673 229 376 26 355 134 419 479 572 167 191 
25 692 475 850 364 736 512 411 904 34 789 153 494 184 158 307 527 575 353 994 306 945 558 781 151 178 622 788 175 820 287 713 530 181 566 185 914 635 335 855 288 335 728 994 274 870 0 408 364 172 753 744 822 853 795 794 597 414 51 626 
360 736 663 863 365 17 236 678 231 201 938 723 979 668 571 444 926 506 852 291 541 21 168 353 544 769 411 851 274 365 205 563 844 597 867 157 260 207 91 851 698 428 179 513 151 196 408 0 373 161 608 275 377 577 991 686 217 321 440 644 
304 397 671 448 732 164 16 303 405 918 30 480 629 323 329 279 770 144 890 442 145 3 639 915 248 321 486 336 396 504 484 128 461 816 432 957 574 942 683 801 897 637 231 825 764 540 364 373 0 562 36 469 403 207 306 815 510 340 932 523 
892 421 922 381 781 179 886 312 941 583 619 90 276 953 420 173 773 945 632 780 49 278 621 761 40 58 255 490 859 520 260 567 173 368 932 560 482 733 664 925 394 909 101 206 491 673 172 161 562 0 222 1000 739 951 837 843 958 240 505 771 
121 743 460 53 586 91 499 825 328 449 743 365 536 910 72 566 656 173 359 522 379 715 458 731 339 410 631 726 60 25 633 93 379 736 627 473 905 273 489 255 290 312 384 91 903 229 753 608 36 222 0 860 335 505 485 505 543 603 307 583 
63 543 556 304 867 438 312 617 979 724 259 413 56 385 141 449 9 720 663 889 105 578 166 404 926 947 95 639 418 60 244 881 828 44 37 884 67 517 359 92 785 943 519 870 823 376 744 275 469 1000 860 0 7 626 489 393 618 395 163 94 
670 778 430 876 828 883 5 757 556 432 886 991 567 869 395 894 751 364 979 747 852 833 770 289 76 367 222 20 692 491 571 719 127 153 799 597 64 948 777 554 201 710 387 766 598 26 822 377 403 739 335 7 0 163 283 18 964 900 62 189 
353 912 665 523 518 416 831 389 32 201 905 989 412 635 76 434 433 713 772 278 688 996 746 918 52 298 300 314 121 751 298 777 522 303 35 146 950 568 940 120 418 68 637 146 656 355 853 577 207 951 505 626 163 0 7 94 10 177 188 124 
812 374 284 917 842 319 654 932 630 797 405 795 177 102 571 661 857 107 631 929 239 783 821 402 108 615 201 440 928 48 90 2 233 779 156 100 249 553 57 24 859 112 756 729 493 134 795 991 306 837 485 489 283 7 0 574 579 147 701 752 
354 182 127 446 781 733 901 388 193 190 660 918 34 368 599 353 232 470 993 557 530 836 200 788 306 149 673 859 750 97 789 463 226 681 142 809 702 502 779 26 234 386 187 595 892 419 794 686 815 843 505 393 18 94 574 0 386 17 578 773 
691 514 910 1000 211 325 122 415 339 764 570 286 711 616 785 904 484 367 796 609 103 664 212 760 735 268 127 650 322 913 71 209 114 708 523 413 609 150 228 68 233 179 280 796 874 479 597 217 510 958 543 618 964 10 579 386 0 446 453 629 
300 727 773 78 136 532 156 925 249 548 188 802 834 525 243 133 59 604 847 736 865 836 977 445 746 295 355 118 179 154 708 17 402 641 780 827 581 759 832 112 266 842 347 579 714 572 414 321 340 240 603 395 900 177 147 17 446 0 41 229 
99 964 47 988 296 380 671 310 693 18 699 491 668 399 486 959 189 109 358 118 256 419 189 811 908 144 50 426 224 887 847 438 495 430 289 106 193 399 519 42 114 373 765 634 209 167 51 440 932 505 307 163 62 188 701 578 453 41 0 712 
917 678 955 480 860 372 730 206 227 349 816 93 213 901 457 146 57 231 26 234 638 326 905 12 646 809 552 418 390 324 469 81 924 990 442 740 492 56 16 54 961 787 852 254 582 191 626 644 523 771 583 94 189 124 752 773 629 229 712 0 
0 558 582 299 482 866 165 78 849 300 958 388 142 960 465 57 10 126 11 960 946 601 353 602 462 124 571 134 92 249 274 198 926 45 863 734 697 498 395 81 156 877 415 217 495 708 552 396 892 441 458 749 374 148 804 38 352 357 748 738 
558 0 67 19 105 70 970 370 697 543 639 684 771 509 218 147 695 505 64 787 873 89 597 128 449 961 821 659 737 539 907 966 777 53 874 299 745 19 64 782 615 780 820 391 833 19 253 880 989 908 176 7 618 628 59 106 737 655 593 120 
582 67 0 537 73 173 489 311 176 412 927 904 452 734 347 190 509 167 523 255 355 199 252 203 652 54 56 761 104 53 457 219 508 160 253 287 365 292 625 788 142 620 377 472 273 687 549 534 42 26 255 625 627 720 540 94 44 115 853 416 
299 19 537 0 516 192 846 400 485 675 399 842 20 744 255 585 286 796 861 79 295 770 919 141 420 882 136 214 570 389 549 286 651 870 766 323 452 526 509 326 148 17 332 814 109 996 118 813 872 379 9 45 871 282 617 233 950 867 169 559 
482 105 73 516 0 43 789 737 427 272 348 212 740 308 215 856 411 806 359 518 141 686 553 345 364 26 516 410 328 580 667 31 325 143 367 871 987 652 893 980 937 609 772 418 90 546 321 975 498 139 437 173 903 852 581 248 226 440 22 95 
866 70 173 192 43 0 655 988 296 474 923 330 398 295 310 871 705 265 933 644 634 583 814 48 589 221 297 835 651 750 482 730 309 765 829 156 123 616 828 383 10 726 585 122 659 507 589 381 8 301 402 669 743 90 437 43 7 258 727 749 
165 970 489 846 789 655 0 514 131 512 248 261 458 140 956 213 704 727 426 54 558 358 155 551 461 635 629 178 979 912 334 302 411 648 298 534 882 736 756 856 500 512 452 80 916 357 841 490 277 781 129 578 758 326 573 169 228 528 890 721 
78 370 311 400 737 988 514 0 743 45 547 663 681 460 681 384 450 393 108 761 906 766 79 501 847 427 53 817 34 973 941 876 156 183 92 89 118 691 778 898 415 15 368 427 544 315 394 750 969 434 702 168 578 859 302 768 1 587 865 887 
849 697 176 485 427 296 131 743 0 808 840 923 541 604 381 98 909 131 101 108 806 265 875 330 189 772 177 626 293 570 522 903 815 758 679 100 940 435 875 71 129 859 452 829 952 931 373 194 411 157 612 73 564 627 1 313 385 357 713 285 
300 543 412 675 272 474 512 45 808 0 860 346 427 535 993 528 899 627 266 130 906 563 371 257 510 210 815 337 249 457 449 755 235 674 562 666 204 613 907 55 694 595 582 934 840 973 471 446 700 553 13 304 548 747 508 167 294 570 936 649 
958 639 927 399 348 923 248 547 840 860 0 545 708 710 872 776 455 936 89 32 196 312 866 2 321 166 29 95 655 666 69 255 613 991 935 674 585 984 100 742 32 36 822 237 520 556 620 811 455 792 263 886 79 572 547 63 705 882 599 13 
388 684 904 842 212 330 261 663 923 346 545 0 917 775 193 53 654 225 208 830 884 816 221 673 591 490 465 633 622 58 28 758 432 742 335 695 953 349 748 410 725 366 711 218 60 659 915 251 474 139 478 967 975 303 379 372 996 518 77 373 
142 771 452 20 740 398 458 681 541 427 708 917 0 456 786 220 288 169 579 773 212 965 988 203 815 577 785 336 139 736 570 477 537 508 919 785 957 874 648 678 368 674 700 925 738 509 896 60 430 762 998 716 653 613 679 451 963 254 216 243 
960 509 734 744 308 295 140 460 604 535 710 775 456 0 309 118 585 997 778 221 615 380 197 264 933 564 915 338 50 968 866 78 470 388 464 745 254 984 881 588 626 214 83 798 206 306 454 964 659 344 846 954 38 982 555 620 138 484 821 646 
465 218 347 255 215 310 956 681 381 993 872 193 786 309 0 198 652 478 452 982 568 636 675 269 104 921 61 706 423 852 659 256 939 370 317 108 257 533 673 696 667 14 667 947 800 701 7 939 353 858 867 938 235 809 775 835 193 863 48 478 
57 147 190 585 856 871 213 384 98 528 776 53 220 118 198 0 628 891 90 606 733 124 221 134 740 865 173 853 582 320 282 371 148 791 997 171 149 626 286 791 691 621 723 601 267 799 894 697 159 657 782 841 950 910 466 917 795 99 935 376 
10 695 509 286 411 705 704 450 909 899 455 654 288 585 652 628 0 427 850 432 543 874 901 130 684 199 247 693 760 765 164 70 884 779 243 896 598 173 599 587 829 313 704 818 405 637 95 883 653 860 339 462 829 299 342 290 510 624 954 350 
126 505 167 796 806 265 727 393 131 627 936 225 169 997 478 891 427 0 655 408 174 790 490 510 772 139 196 402 397 319 334 477 596 751 543 164 445 648 142 398 816 324 773 993 783 152 478 712 551 878 927 226 973 1 801 999 783 622 845 626 
11 64 523 861 359 933 426 108 101 266 89 208 579 778 452 90 850 655 0 952 200 85 797 10 133 130 225 944 415 548 894 510 199 656 204 706 700 393 860 638 499 878 825 258 106 116 590 590 314 614 942 972 711 507 748 498 942 578 730 668 
960 787 255 79 518 644 54 761 108 130 32 830 773 221 982 606 432 408 952 0 736 485 204 679 660 141 226 441 553 41 551 847 933 811 568 166 399 127 623 630 433 33 379 399 318 773 612 162 161 593 937 538 211 641 237 711 112 254 45 685 
946 873 355 295 141 634 558 906 806 906 196 884 212 615 568 733 543 174 200 736 0 993 559 949 141 75 138 902 71 118 587 989 115 907 978 995 141 992 828 11 181 484 421 769 94 824 148 683 452 409 202 340 150 717 372 428 609 229 852 145 
601 89 199 770 686 583 358 766 265 563 312 816 965 380 636 124 874 790 85 485 993 0 503 124 57 961 468 623 23 343 653 67 113 143 993 967 440 845 181 282 482 554 34 925 175 855 317 167 625 761 551 870 910 402 846 788 913 262 837 563 
353 597 252 919 553 814 155 79 875 371 866 221 988 197 675 221 901 490 797 204 559 503 0 75 576 439 317 574 519 91 83 146 462 643 943 972 47 596 985 942 506 271 227 408 335 399 435 691 367 906 742 17 196 282 574 293 123 299 249 784 
602 128 203 141 345 48 551 501 330 257 2 673 203 264 269 134 130 510 10 679 949 124 75 0 978 848 530 927 536 402 834 298 186 782 763 77 855 791 113 85 13 609 370 929 185 352 365 976 782 297 127 11 933 357 797 267 781 679 107 442 
462 449 652 420 364 589 461 847 189 510 321 591 815 933 104 740 684 772 133 660 141 57 576 978 0 968 326 68 720 884 122 447 111 736 419 378 137 97 140 730 364 227 16 652 218 516 963 601 189 747 926 555 554 126 23 740 726 183 429 733 
124 961 54 882 26 221 635 427 772 210 166 490 577 564 921 865 199 139 130 141 75 961 439 848 968 0 750 844 764 970 623 408 351 3 928 890 722 252 621 441 714 911 993 423 618 937 135 796 642 730 21 955 427 780 402 571 368 744 875 837 
571 821 56 136 516 297 629 53 177 815 29 465 785 915 61 173 247 196 225 226 138 468 317 530 326 750 0 35 799 336 611 436 141 567 583 982 20 674 493 398 973 585 212 818 933 903 634 120 344 467 67 978 198 563 66 311 796 218 740 142 
134 659 761 214 410 835 178 817 626 337 95 633 336 338 706 853 693 402 944 441 902 623 574 927 68 844 35 0 672 926 166 361 817 134 411 178 879 456 861 25 420 768 923 634 171 665 381 738 429 603 674 409 970 616 609 953 38 189 907 503 
92 737 104 570 328 651 979 34 293 249 655 622 139 50 423 582 760 397 415 553 71 23 519 536 720 764 799 672 0 420 258 460 952 849 221 368 558 940 339 311 314 243 331 822 341 139 630 805 648 235 550 489 113 738 692 519 675 36 659 402 
249 539 53 389 580 750 912 973 570 457 666 58 736 968 852 320 765 319 548 41 118 343 91 402 884 970 336 926 420 0 176 217 911 654 263 362 154 342 79 611 895 230 77 928 80 799 919 193 281 954 685 739 548 716 937 701 844 674 903 63 
274 907 457 549 667 482 334 941 522 449 69 28 570 866 659 282 164 334 894 551 587 653 83 834 122 623 611 166 258 176 0 789 648 183 865 68 311 130 117 441 497 706 238 83 334 639 745 830 19 586 95 596 847 173 259 471 848 265 799 442 
198 966 219 286 31 730 302 876 903 755 255 758 477 78 256 371 70 477 510 847 989 67 146 298 447 408 436 361 460 217 789 0 998 364 407 336 541 440 920 860 820 96 139 269 982 275 128 385 345 382 867 456 29 649 304 871 629 11 519 450 
926 777 508 651 325 309 411 156 815 235 613 432 537 470 939 148 884 596 199 933 115 113 462 186 111 351 141 817 952 911 648 998 0 551 534 348 219 861 273 439 79 820 703 407 372 224 274 51 679 753 380 700 772 868 180 934 539 981 758 829 
45 53 160 870 143 765 648 183 758 674 991 742 508 388 370 791 779 751 656 811 907 143 643 782 736 3 567 134 849 654 183 364 551 0 644 72 908 551 182 515 536 652 80 8 302 407 551 991 660 882 815 161 707 8 68 275 47 977 779 578 
863 874 253 766 367 829 298 92 679 562 935 335 919 464 317 997 243 543 204 568 978 993 943 763 419 928 583 411 221 263 865 407 534 644 0 217 608 680 482 831 911 179 201 961 718 235 496 754 925 435 590 111 653 390 314 683 288 570 52 432 
734 299 287 323 871 156 534 89 100 666 674 695 785 745 108 171 896 164 706 166 995 967 972 77 378 890 982 178 368 362 68 336 348 72 217 0 621 381 440 691 759 730 877 503 197 440 691 537 183 868 14 426 701 344 71 415 379 208 655 957 
697 745 365 452 987 123 882 118 940 204 585 953 957 254 257 149 598 445 700 399 141 440 47 855 137 722 20 879 558 154 311 541 219 908 608 621 0 537 187 777 280 935 766 432 617 164 579 450 938 29 839 590 42 967 462 538 7 257 957 670 
498 19 292 526 652 616 736 691 435 613 984 349 874 984 533 626 173 648 393 127 992 845 596 791 97 252 674 456 940 342 130 440 861 551 680 381 537 0 42 145 12 674 143 687 682 816 40 961 580 255 845 914 512 383 513 526 852 587 418 455 
395 64 625 509 893 828 756 778 875 907 100 748 648 881 673 286 599 142 860 623 828 181 985 113 140 621 493 861 339 79 117 920 273 182 482 440 187 42 0 140 29 827 265 646 799 84 371 340 676 361 658 170 615 584 572 391 493 557 62 149 
81 782 788 326 980 383 856 898 71 55 742 410 678 588 696 791 587 398 638 630 11 282 942 85 730 441 398 25 311 611 441 860 439 515 831 691 777 145 140 0 532 240 89 988 72 30 507 595 747 394 42 470 607 736 407 600 408 178 283 121 
156 615 142 148 937 10 500 415 129 694 32 725 368 626 667 691 829 816 499 433 181 482 506 13 364 714 973 420 314 895 497 820 79 536 911 759 280 12 29 532 0 66 127 130 44 734 884 39 559 38 441 782 873 992 191 96 820 901 158 692 
877 780 620 17 609 726 512 15 859 595 36 366 674 214 14 621 313 324 878 33 484 554 271 609 227 911 585 768 243 230 706 96 820 652 179 730 935 674 827 240 66 0 929 605 35 443 592 820 619 605 283 451 679 51 510 792 533 164 170 628 
415 820 377 332 772 585 452 368 452 582 822 711 700 83 667 723 704 773 825 379 421 34 227 370 16 993 212 923 331 77 238 139 703 80 201 877 766 143 265 89 127 929 0 266 485 632 243 719 650 293 284 597 575 181 374 862 203 503 105 443 
217 391 472 814 418 122 80 427 829 934 237 218 925 798 947 601 818 993 258 399 769 925 408 929 652 423 818 634 822 928 83 269 407 8 961 503 432 687 646 988 130 605 266 0 838 677 406 576 790 308 658 132 190 865 907 422 312 394 196 619 
495 833 273 109 90 659 916 544 952 840 520 60 738 206 800 267 405 783 106 318 94 175 335 185 218 618 933 171 341 80 334 982 372 302 718 197 617 682 799 72 44 35 485 838 0 847 243 94 320 693 902 860 315 952 162 440 232 562 83 392 
708 19 687 996 546 507 357 315 931 973 556 659 509 306 701 799 637 152 116 773 824 855 399 352 516 937 903 665 139 799 639 275 224 407 235 440 164 816 84 30 734 443 632 677 847 0 599 515 285 62 385 337 342 761 351 438 871 335 108 441 
552 253 549 118 321 589 841 394 373 471 620 915 896 454 7 894 95 478 590 612 148 317 435 365 963 135 634 381 630 919 745 128 274 551 496 691 579 40 371 507 884 592 243 406 243 599 0 72 476 278 196 773 984 816 766 80 694 550 467 966 
396 880 534 813 975 381 490 750 194 446 811 251 60 964 939 697 883 712 590 162 683 167 691 976 601 796 120 738 805 193 830 385 51 991 754 537 450 961 340 595 39 820 719 576 94 515 72 0 978 188 962 548 490 396 676 965 708 158 479 350 
892 989 42 872 498 8 277 969 411 700 455 474 430 659 353 159 653 551 314 161 452 625 367 782 189 642 344 429 648 281 19 345 679 660 925 183 938 580 676 747 559 619 650 790 320 285 476 978 0 201 24 485 192 444 371 342 906 646 83 829 
441 908 26 379 139 301 781 434 157 553 792 139 762 344 858 657 860 878 614 593 409 761 906 297 747 730 467 603 235 954 586 382 753 882 435 868 29 255 361 394 38 605 293 308 693 62 278 188 201 0 479 389 802 27 273 167 82 8 741 366 
458 176 255 9 437 402 129 702 612 13 263 478 998 846 867 782 339 927 942 937 202 551 742 127 926 21 67 674 550 685 95 867 380 815 590 14 839 845 658 42 441 283 284 658 902 385 196 962 24 479 0 311 363 685 388 365 515 220 477 878 
749 7 625 45 173 669 578 168 73 304 886 967 716 954 938 841 462 226 972 538 340 870 17 11 555 955 978 409 489 739 596 456 700 161 111 426 590 914 170 470 782 451 597 132 860 337 773 548 485 389 311 0 403 537 208 413 223 520 265 682 
374 618 627 871 903 743 758 578 564 548 79 975 653 38 235 950 829 973 711 211 150 910 196 933 554 427 198 970 113 548 847 29 772 707 653 701 42 512 615 607 873 679 575 190 315 342 984 490 192 802 363 403 0 664 841 672 463 403 538 659 
148 628 720 282 852 90 326 859 627 747 572 303 613 982 809 910 299 1 507 641 717 402 282 357 126 780 563 616 738 716 173 649 868 8 390 344 967 383 584 736 992 51 181 865 952 761 816 396 444 27 685 537 664 0 370 583 963 351 610 150 
804 59 540 617 581 437 573 302 1 508 547 379 679 555 775 466 342 801 748 237 372 846 574 797 23 402 66 609 692 937 259 304 180 68 314 71 462 513 572 407 191 510 374 907 162 351 766 676 371 273 388 208 841 370 0 621 783 748 797 281 
38 106 94 233 248 43 169 768 313 167 63 372 451 620 835 917 290 999 498 711 428 788 293 267 740 571 311 953 519 701 471 871 934 275 683 415 538 526 391 600 96 792 862 422 440 438 80 965 342 167 365 413 672 583 621 0 237 743 912 176 
352 737 44 950 226 7 228 1 385 294 705 996 963 138 193 795 510 783 942 112 609 913 123 781 726 368 796 38 675 844 848 629 539 47 288 379 7 852 493 408 820 533 203 312 232 871 694 708 906 82 515 223 463 963 783 237 0 461 542 956 
357 655 115 867 440 258 528 587 357 570 882 518 254 484 863 99 624 622 578 254 229 262 299 679 183 744 218 189 36 674 265 11 981 977 570 208 257 587 557 178 901 164 503 394 562 335 550 158 646 8 220 520 403 351 748 743 461 0 349 337 
748 593 853 169 22 727 890 865 713 936 599 77 216 821 48 935 954 845 730 45 852 837 249 107 429 875 740 907 659 903 799 519 758 779 52 655 957 418 62 283 158 170 105 196 83 108 467 479 83 741 477 265 538 610 797 912 542 349 0 721 
738 120 416 559 95 749 721 887 285 649 13 373 243 646 478 376 350 626 668 685 145 563 784 442 733 837 142 503 402 63 442 450 829 578 432 957 670 455 149 121 692 628 443 619 392 441 966 350 829 366 878 682 659 150 281 176 956 337 721 0 
0 767 925 289 464 220 124 303 805 468 697 59 641 468 714 617 771 678 64 428 419 905 819 676 6 818 66 329 857 855 754 748 102 846 545 799 897 553 528 306 412 388 339 907 84 350 322 745 216 472 117 226 469 163 997 256 103 897 848 232 
767 0 167 898 970 581 894 292 967 647 427 824 39 748 654 702 818 577 272 277 755 69 959 491 496 717 678 104 489 366 762 213 435 612 663 755 883 34 987 48 210 525 283 972 988 36 534 678 236 965 622 675 532 801 180 187 285 530 408 541 
925 167 0 230 190 553 474 698 54 711 910 713 249 951 908 639 828 662 38 582 384 21 482 128 831 182 262 858 572 932 911 860 346 17 991 726 929 809 964 154 239 803 442 566 5 970 199 190 807 365 233 905 62 784 269 282 938 75 155 539 
289 898 230 0 923 830 671 958 972 690 752 209 466 875 5 288 203 462 153 121 634 903 404 190 95 931 575 209 397 587 302 345 905 436 666 213 814 105 275 671 96 150 386 50 143 662 995 567 125 7 655 520 991 451 881 565 867 110 143 796 
464 970 190 923 0 825 122 853 384 244 448 567 391 518 543 470 541 275 688 508 200 626 717 688 861 312 822 23 70 115 86 264 377 718 841 786 540 140 702 198 602 970 287 384 241 642 370 795 667 632 819 341 680 173 712 431 789 248 182 791 
220 581 553 830 825 0 875 253 784 536 640 362 490 121 813 561 431 310 162 914 441 485 632 366 252 964 183 408 225 482 384 90 930 26 170 839 890 15 533 17 381 945 582 347 540 94 49 286 361 651 981 76 577 764 901 398 48 506 910 229 
124 894 474 671 122 875 0 243 343 143 580 868 95 434 962 616 256 111 387 478 26 433 593 519 779 97 978 990 838 532 120 934 926 782 351 255 216 969 703 149 108 830 904 82 554 308 770 388 965 300 796 745 744 754 66 707 893 58 177 293 
303 292 698 958 853 253 243 0 271 5 506 23 921 107 8 197 56 261 999 769 708 644 432 380 891 536 934 995 978 992 936 281 137 117 322 304 605 350 153 467 728 30 427 519 31 691 564 423 295 466 85 499 436 606 429 66 946 887 857 193 
805 967 54 972 384 784 343 271 0 353 753 287 858 542 397 97 484 269 481 128 289 792 804 542 281 934 492 987 747 240 266 555 839 982 262 345 809 771 854 486 394 149 714 404 699 754 807 743 969 948 8 769 756 769 69 589 567 886 464 383 
468 647 711 690 244 536 143 5 353 0 889 543 758 956 669 846 911 143 260 811 215 488 436 617 503 159 349 849 51 993 357 73 363 881 488 293 399 925 245 152 942 506 786 912 771 945 10 259 905 53 481 770 64 228 818 238 126 461 252 514 
697 427 910 752 448 640 580 506 753 889 0 816 762 136 674 747 284 372 520 227 976 448 417 818 872 322 426 781 274 801 917 218 26 597 823 926 19 318 756 688 453 635 288 611 656 598 24 643 777 582 815 919 792 692 799 155 270 315 603 5 
59 824 713 209 567 362 868 23 287 543 816 0 30 583 368 17 461 765 113 38 31 723 721 979 477 907 733 924 156 724 651 301 864 8 884 971 249 742 737 865 191 559 644 112 520 55 48 928 140 268 17 933 654 459 815 595 778 283 80 136 
641 39 249 466 391 490 95 921 858 758 762 30 0 746 283 989 786 336 55 917 1 275 412 877 32 750 968 359 361 933 320 55 397 378 365 778 632 927 595 375 949 675 71 45 252 346 843 8 573 974 518 681 871 939 526 302 876 85 773 367 
468 748 951 875 518 121 434 107 542 956 136 583 746 0 991 26 930 815 935 287 606 714 849 455 271 442 162 72 326 877 321 545 10 152 567 213 283 43 684 805 9 494 205 55 760 187 67 520 42 540 114 774 300 722 310 932 844 377 255 735 
714 654 908 5 543 813 962 8 397 669 674 368 283 991 0 236 42 397 796 211 728 429 420 581 735 28 871 703 692 373 404 975 949 982 422 902 916 267 160 76 730 742 308 324 900 277 963 148 762 78 17 282 327 502 566 511 802 381 768 141 
617 702 639 288 470 561 616 197 97 846 747 17 989 26 236 0 438 15 559 629 778 793 22 786 504 862 625 854 857 718 974 286 150 216 195 799 668 863 137 297 566 807 486 671 731 655 609 918 92 452 830 309 136 635 175 485 737 867 780 364 
771 818 828 203 541 431 256 56 484 911 284 461 786 930 42 438 0 161 657 480 396 169 219 521 615 113 678 423 550 647 301 493 401 995 322 766 41 470 137 981 402 738 699 651 19 869 250 260 606 232 934 547 951 496 159 369 888 584 413 88 
678 577 662 462 275 310 111 261 269 143 372 765 336 815 397 15 161 0 223 770 346 840 552 709 906 3 241 20 700 460 299 858 597 511 757 958 407 3 141 913 464 944 602 413 942 65 605 761 883 564 634 389 27 210 628 56 635 513 5 565 
64 272 38 153 688 162 387 999 481 260 520 113 55 935 796 559 657 223 0 189 297 572 785 737 927 126 94 555 987 823 842 146 595 529 639 870 995 173 143 213 683 388 743 671 194 814 757 635 380 144 629 730 919 909 913 835 223 426 442 145 
428 277 582 121 508 914 478 769 128 811 227 38 917 287 211 629 480 770 189 0 778 956 737 693 359 168 857 59 34 842 941 385 360 515 450 706 332 886 630 794 549 544 829 514 256 163 658 279 821 252 726 838 56 109 647 366 307 39 189 314 
419 755 384 634 200 441 26 708 289 215 976 31 1 606 728 778 396 346 297 778 0 637 373 816 21 361 940 307 354 853 182 630 841 913 268 651 356 374 97 198 34 525 197 329 661 111 306 317 721 246 432 926 292 351 195 142 64 161 788 770 
905 69 21 903 626 485 433 644 792 488 448 723 275 714 429 793 169 840 572 956 637 0 664 158 352 267 216 386 504 364 39 197 895 468 318 49 887 975 387 565 800 261 334 325 904 99 405 531 230 33 101 907 255 851 932 617 257 464 515 999 
819 959 482 404 717 632 593 432 804 436 417 721 412 849 420 22 219 552 785 737 373 664 0 660 192 590 480 76 860 765 577 861 881 640 623 349 438 100 289 267 78 627 505 813 86 794 628 595 227 647 459 648 604 955 419 959 957 270 164 458 
676 491 128 190 688 366 519 380 542 617 818 979 877 455 581 786 521 709 737 693 816 158 660 0 684 388 984 541 730 111 925 903 942 370 880 611 679 716 604 79 570 160 483 158 289 295 958 217 15 220 264 220 789 357 343 168 107 700 42 439 
6 496 831 95 861 252 779 891 281 503 872 477 32 271 735 504 615 906 927 359 21 352 192 684 0 200 952 28 801 843 385 84 623 801 505 813 48 931 496 112 835 453 439 370 377 161 826 478 906 788 289 238 314 497 525 638 516 65 206 644 
818 717 182 931 312 964 97 536 934 159 322 907 750 442 28 862 113 3 126 168 361 267 590 388 200 0 839 944 79 451 574 274 326 465 455 977 829 996 729 11 554 144 953 611 246 795 302 797 889 240 645 26 78 708 448 542 725 686 923 367 
66 678 262 575 822 183 978 934 492 349 426 733 968 162 871 625 678 241 94 857 940 216 480 984 952 839 0 553 188 906 542 233 739 432 382 281 202 735 706 476 135 504 294 635 494 592 975 845 778 63 492 913 966 240 258 793 474 58 379 969 
329 104 858 209 23 408 990 995 987 849 781 924 359 72 703 854 423 20 555 59 307 386 76 541 28 944 553 0 900 191 112 352 663 136 548 116 627 16 498 5 342 320 614 432 662 152 797 4 568 499 976 340 418 361 727 97 562 283 341 983 
857 489 572 397 70 225 838 978 747 51 274 156 361 326 692 857 550 700 987 34 354 504 860 730 801 79 188 900 0 859 172 479 309 303 398 207 648 337 543 850 34 992 886 692 194 98 85 865 631 2 513 966 583 526 401 373 728 7 550 868 
855 366 932 587 115 482 532 992 240 993 801 724 933 877 373 718 647 460 823 842 853 364 765 111 843 451 906 191 859 0 609 573 853 110 520 822 391 50 370 169 887 680 658 274 294 204 862 980 349 706 216 554 885 83 790 547 152 316 163 11 
754 762 911 302 86 384 120 936 266 357 917 651 320 321 404 974 301 299 842 941 182 39 577 925 385 574 542 112 172 609 0 895 456 49 833 823 493 1000 791 217 467 130 542 984 650 752 710 174 635 146 895 489 720 39 776 645 587 907 375 675 
748 213 860 345 264 90 934 281 555 73 218 301 55 545 975 286 493 858 146 385 630 197 861 903 84 274 233 352 479 573 895 0 449 689 167 18 308 528 111 992 512 723 404 918 744 710 342 641 854 101 765 656 54 373 214 969 777 989 167 694 
102 435 346 905 377 930 926 137 839 363 26 864 397 10 949 150 401 597 595 360 841 895 881 942 623 326 739 663 309 853 456 449 0 769 237 765 859 612 394 213 909 61 489 938 329 60 293 409 385 994 385 762 722 491 872 565 616 673 772 788 
846 612 17 436 718 26 782 117 982 881 597 8 378 152 982 216 995 511 529 515 913 468 640 370 801 465 432 136 303 110 49 689 769 0 704 682 705 489 837 731 582 788 925 592 264 365 979 951 415 920 232 660 761 18 814 511 566 571 342 219 
545 663 991 666 841 170 351 322 262 488 823 884 365 567 422 195 322 757 639 450 268 318 623 880 505 455 382 548 398 520 833 167 237 704 0 210 775 870 952 364 267 117 452 693 467 272 410 195 443 714 474 786 106 466 811 920 840 737 552 662 
799 755 726 213 786 839 255 304 345 293 926 971 778 213 902 799 766 958 870 706 651 49 349 611 813 977 281 116 207 822 823 18 765 682 210 0 150 195 700 846 242 536 950 126 385 776 472 295 125 122 807 457 517 380 936 642 654 228 133 748 
897 883 929 814 540 890 216 605 809 399 19 249 632 283 916 668 41 407 995 332 356 887 438 679 48 829 202 627 648 391 493 308 859 705 775 150 0 695 589 388 898 472 368 977 640 978 53 605 384 786 580 464 180 41 984 759 47 19 969 709 
553 34 809 105 140 15 969 350 771 925 318 742 927 43 267 863 470 3 173 886 374 975 100 716 931 996 735 16 337 50 1000 528 612 489 870 195 695 0 143 695 82 339 466 197 327 276 557 838 695 248 330 429 936 316 6 12 844 910 55 669 
528 987 964 275 702 533 703 153 854 245 756 737 595 684 160 137 137 141 143 630 97 387 289 604 496 729 706 498 543 370 791 111 394 837 952 700 589 143 0 775 365 789 136 95 355 686 386 811 286 21 553 482 456 202 20 733 185 464 343 54 
306 48 154 671 198 17 149 467 486 152 688 865 375 805 76 297 981 913 213 794 198 565 267 79 112 11 476 5 850 169 217 992 213 731 364 846 388 695 775 0 873 187 314 653 58 123 254 46 980 811 739 850 984 136 335 945 779 276 863 937 
412 210 239 96 602 381 108 728 394 942 453 191 949 9 730 566 402 464 683 549 34 800 78 570 835 554 135 342 34 887 467 512 909 582 267 242 898 82 365 873 0 769 628 695 406 429 216 151 604 831 749 998 326 581 76 703 457 961 27 420 
388 525 803 150 970 945 830 30 149 506 635 559 675 494 742 807 738 944 388 544 525 261 627 160 453 144 504 320 992 680 130 723 61 788 117 536 472 339 789 187 769 0 447 18 245 652 796 333 826 882 473 830 711 906 368 804 265 333 125 711 
339 283 442 386 287 582 904 427 714 786 288 644 71 205 308 486 699 602 743 829 197 334 505 483 439 953 294 614 886 658 542 404 489 925 452 950 368 466 136 314 628 447 0 492 452 63 197 855 769 14 641 125 930 124 459 384 909 872 759 147 
907 972 566 50 384 347 82 519 404 912 611 112 45 55 324 671 651 413 671 514 329 325 813 158 370 611 635 432 692 274 984 918 938 592 693 126 977 197 95 653 695 18 492 0 284 204 376 406 302 175 855 214 166 401 620 580 915 949 446 880 
84 988 5 143 241 540 554 31 699 771 656 520 252 760 900 731 19 942 194 256 661 904 86 289 377 246 494 662 194 294 650 744 329 264 467 385 640 327 355 58 406 245 452 284 0 323 9 125 66 594 767 279 321 917 697 494 784 43 813 444 
350 36 970 662 642 94 308 691 754 945 598 55 346 187 277 655 869 65 814 163 111 99 794 295 161 795 592 152 98 204 752 710 60 365 272 776 978 276 686 123 429 652 63 204 323 0 566 510 202 931 454 81 5 799 432 102 568 86 567 472 
322 534 199 995 370 49 770 564 807 10 24 48 843 67 963 609 250 605 757 658 306 405 628 958 826 302 975 797 85 862 710 342 293 979 410 472 53 557 386 254 216 796 197 376 9 566 0 152 284 13 513 459 110 5 298 524 107 432 871 65 
745 678 190 567 795 286 388 423 743 259 643 928 8 520 148 918 260 761 635 279 317 531 595 217 478 797 845 4 865 980 174 641 409 951 195 295 605 838 811 46 151 333 855 406 125 510 152 0 609 47 454 200 189 837 51 300 759 58 974 756 
216 236 807 125 667 361 965 295 969 905 777 140 573 42 762 92 606 883 380 821 721 230 227 15 906 889 778 568 631 349 635 854 385 415 443 125 384 695 286 980 604 826 769 302 66 202 284 609 0 303 249 608 448 904 310 940 382 864 761 172 
472 965 365 7 632 651 300 466 948 53 582 268 974 540 78 452 232 564 144 252 246 33 647 220 788 240 63 499 2 706 146 101 994 920 714 122 786 248 21 811 831 882 14 175 594 931 13 47 303 0 307 997 168 672 240 641 455 939 89 396 
117 622 233 655 819 981 796 85 8 481 815 17 518 114 17 830 934 634 629 726 432 101 459 264 289 645 492 976 513 216 895 765 385 232 474 807 580 330 553 739 749 473 641 855 767 454 513 454 249 307 0 80 554 118 983 693 796 738 15 710 
226 675 905 520 341 76 745 499 769 770 919 933 681 774 282 309 547 389 730 838 926 907 648 220 238 26 913 340 966 554 489 656 762 660 786 457 464 429 482 850 998 830 125 214 279 81 459 200 608 997 80 0 417 913 835 548 300 526 338 693 
469 532 62 991 680 577 744 436 756 64 792 654 871 300 327 136 951 27 919 56 292 255 604 789 314 78 966 418 583 885 720 54 722 761 106 517 180 936 456 984 326 711 930 166 321 5 110 189 448 168 554 417 0 869 271 926 178 770 812 299 
163 801 784 451 173 764 754 606 769 228 692 459 939 722 502 635 496 210 909 109 351 851 955 357 497 708 240 361 526 83 39 373 491 18 466 380 41 316 202 136 581 906 124 401 917 799 5 837 904 672 118 913 869 0 75 301 724 100 43 49 
997 180 269 881 712 901 66 429 69 818 799 815 526 310 566 175 159 628 913 647 195 932 419 343 525 448 258 727 401 790 776 214 872 814 811 936 984 6 20 335 76 368 459 620 697 432 298 51 310 240 983 835 271 75 0 41 762 617 691 35 
256 187 282 565 431 398 707 66 589 238 155 595 302 932 511 485 369 56 835 366 142 617 959 168 638 542 793 97 373 547 645 969 565 511 920 642 759 12 733 945 703 804 384 580 494 102 524 300 940 641 693 548 926 301 41 0 442 968 284 416 
103 285 938 867 789 48 893 946 567 126 270 778 876 844 802 737 888 635 223 307 64 257 957 107 516 725 474 562 728 152 587 777 616 566 840 654 47 844 185 779 457 265 909 915 784 568 107 759 382 455 796 300 178 724 762 442 0 369 628 713 
897 530 75 110 248 506 58 887 886 461 315 283 85 377 381 867 584 513 426 39 161 464 270 700 65 686 58 283 7 316 907 989 673 571 737 228 19 910 464 276 961 333 872 949 43 86 432 58 864 939 738 526 770 100 617 968 369 0 226 389 
848 408 155 143 182 910 177 857 464 252 603 80 773 255 768 780 413 5 442 189 788 515 164 42 206 923 379 341 550 163 375 167 772 342 552 133 969 55 343 863 27 125 759 446 813 567 871 974 761 89 15 338 812 43 691 284 628 226 0 219 
232 541 539 796 791 229 293 193 383 514 5 136 367 735 141 364 88 565 145 314 770 999 458 439 644 367 969 983 868 11 675 694 788 219 662 748 709 669 54 937 420 711 147 880 444 472 65 756 172 396 710 693 299 49 35 416 713 389 219 0 
