8 2
0 231 751 321 933 355 594 368 
231 0 868 904 256 958 115 220 
751 868 0 490 838 809 601 772 
321 904 490 0 130 703 93 59 
933 256 838 130 0 151 709 265 
355 958 809 703 151 0 322 183 
594 115 601 93 709 322 0 408 
368 220 772 59 265 183 408 0 
0 715 12 517 919 80 489 420 
715 0 40 76 474 195 515 989 
12 40 0 312 850 885 892 119 
517 76 312 0 970 650 31 136 
919 474 850 970 0 154 147 74 
80 195 885 650 154 0 174 118 
489 515 892 31 147 174 0 341 
420 989 119 136 74 118 341 0 
0 766 148 926 449 302 602 735 
766 0 381 779 639 167 687 877 
148 381 0 396 853 392 756 78 
926 779 396 0 815 533 430 329 
449 639 853 815 0 369 376 357 
302 167 392 533 369 0 322 317 
602 687 756 430 376 322 0 279 
735 877 78 329 357 317 279 0 
