80 3
0 508 724 292 602 22 447 515 586 690 410 849 484 994 278 536 617 348 996 328 246 626 456 344 823 475 144 767 743 485 977 767 901 245 849 571 444 992 402 834 179 33 653 398 412 279 946 543 433 182 406 846 685 442 223 229 753 916 904 758 220 633 425 231 556 112 814 71 181 853 990 147 956 338 3 520 240 935 199 874 
508 0 491 948 276 551 751 507 692 757 518 91 879 522 341 433 716 154 134 401 587 624 86 814 603 335 208 293 702 864 371 116 305 1000 201 656 646 449 928 169 684 842 152 785 96 459 143 695 42 284 50 161 700 485 150 44 209 933 567 895 515 16 340 1000 811 24 938 638 977 7 102 285 931 263 468 964 968 825 898 926 
724 491 0 981 682 565 49 536 840 413 528 884 983 791 630 706 695 957 952 964 556 189 460 94 905 942 627 474 794 638 39 630 950 451 578 886 164 925 114 19 249 598 211 369 549 750 925 371 373 666 114 842 712 119 689 323 95 195 179 925 186 420 474 914 628 684 655 940 811 455 182 771 959 871 752 257 21 67 25 950 
292 948 981 0 456 156 116 961 24 340 71 51 107 637 691 47 55 793 926 908 165 701 188 954 737 776 493 740 322 624 378 404 291 498 418 76 63 14 802 965 337 375 70 90 948 458 932 747 689 274 911 756 790 895 232 579 464 547 682 226 246 975 768 790 41 414 470 59 308 291 412 372 733 911 608 851 70 407 64 155 
602 276 682 456 0 581 303 443 548 488 127 567 621 824 571 444 175 737 213 67 690 686 316 692 463 99 570 463 434 67 56 462 478 393 202 399 454 627 245 678 195 628 544 27 914 372 409 840 426 329 60 619 260 437 28 922 864 352 249 861 673 482 847 421 294 674 596 27 314 886 653 985 103 696 91 22 427 265 112 64 
22 551 565 156 581 0 366 856 620 731 74 833 594 947 848 670 564 300 638 145 936 730 535 437 490 89 537 837 755 666 871 512 346 949 56 520 114 242 523 821 705 94 75 139 980 180 47 243 691 756 837 113 82 216 702 458 993 804 605 155 767 477 711 269 976 702 444 669 267 278 694 965 333 876 594 882 290 319 40 527 
447 751 49 116 303 366 0 780 430 37 24 778 396 955 271 450 654 663 469 938 966 347 353 454 23 874 805 525 619 315 56 988 510 111 689 840 684 885 994 839 339 469 961 899 458 502 846 158 500 742 481 952 112 367 535 956 503 14 825 754 66 577 232 392 912 579 991 5 371 172 46 850 80 642 918 113 656 109 418 626 
515 507 536 961 443 856 780 0 972 937 857 972 947 113 230 144 359 649 741 966 858 826 382 361 249 466 35 907 281 263 299 63 741 833 616 616 880 934 911 947 100 113 718 921 793 76 612 411 403 574 205 537 643 387 760 992 130 743 577 304 943 20 462 348 819 160 193 674 736 143 604 634 41 274 53 263 287 875 453 785 
586 692 840 24 548 620 430 972 0 328 147 769 837 600 290 419 400 555 391 681 219 422 883 88 636 390 798 461 268 50 931 612 479 411 132 218 744 404 586 620 450 62 706 686 902 426 99 858 531 594 60 283 733 737 782 653 69 240 172 594 818 782 916 517 820 419 215 888 978 347 58 485 382 377 393 386 382 79 348 842 
690 757 413 340 488 731 37 937 328 0 545 514 233 506 243 218 500 516 404 245 69 264 195 296 686 131 248 276 754 447 185 253 841 571 185 912 169 745 618 830 983 348 955 3 564 908 646 930 595 152 518 123 632 328 490 537 518 618 171 775 378 678 384 596 630 112 94 499 827 285 419 145 643 622 179 6 905 598 667 792 
410 518 528 71 127 74 24 857 147 545 0 776 894 410 187 26 161 601 555 705 400 642 275 166 58 674 511 815 571 238 641 844 138 239 926 160 621 882 641 677 777 735 317 369 575 607 407 659 74 708 727 701 217 462 838 168 17 705 243 509 925 237 462 433 820 776 810 306 516 315 630 175 666 857 359 432 735 284 21 330 
849 91 884 51 567 833 778 972 769 514 776 0 25 164 820 878 495 321 971 352 836 635 299 788 225 236 451 563 221 774 349 909 752 804 93 893 69 556 965 991 224 896 554 414 879 176 5 28 187 982 920 577 979 135 529 432 116 732 307 146 144 943 973 917 42 335 819 261 481 88 428 694 93 224 392 516 324 306 385 481 
484 879 983 107 621 594 396 947 837 233 894 25 0 231 229 816 126 706 908 825 697 386 180 293 154 390 314 710 106 616 101 300 227 227 474 842 982 934 499 902 560 730 292 387 240 923 692 828 787 434 36 600 288 263 742 885 336 834 185 789 755 105 158 497 341 262 28 485 566 82 795 564 151 857 23 484 395 286 535 870 
994 522 791 637 824 947 955 113 600 506 410 164 231 0 505 194 476 582 228 540 798 113 137 717 177 287 541 219 339 416 112 584 365 209 562 355 742 810 527 483 344 12 622 588 504 987 61 227 915 116 539 968 821 440 742 186 17 956 944 231 808 338 4 735 332 255 437 62 908 490 928 374 274 520 154 306 128 356 278 863 
278 341 630 691 571 848 271 230 290 243 187 820 229 505 0 332 244 988 980 981 431 766 3 395 408 528 623 90 592 495 441 618 712 220 297 38 142 857 766 349 628 862 349 146 680 665 332 882 305 837 508 673 311 623 100 723 781 232 49 966 578 733 10 581 164 49 948 932 45 864 367 840 123 456 690 26 596 682 367 422 
536 433 706 47 444 670 450 144 419 218 26 878 816 194 332 0 300 272 133 946 314 599 330 658 680 757 377 993 805 811 654 349 540 791 914 918 190 480 69 840 160 444 775 672 97 732 948 359 514 984 734 659 725 225 200 2 22 40 807 664 201 487 131 654 66 606 942 589 55 934 868 714 599 600 214 309 766 356 861 146 
617 716 695 55 175 564 654 359 400 500 161 495 126 476 244 300 0 658 466 505 948 401 413 49 971 427 264 811 891 88 734 945 873 519 824 420 238 414 980 643 493 69 594 1000 452 126 661 847 665 994 363 949 737 347 238 459 531 186 32 459 19 128 290 488 904 724 560 146 129 843 410 536 570 104 827 548 859 28 764 817 
348 154 957 793 737 300 663 649 555 516 601 321 706 582 988 272 658 0 266 966 901 895 497 519 922 112 995 144 550 533 711 541 232 616 405 119 421 51 197 201 339 750 361 144 632 707 927 297 569 63 782 35 150 712 726 127 334 391 411 908 319 715 731 705 667 312 279 141 867 755 29 23 161 458 915 47 108 663 964 957 
996 134 952 926 213 638 469 741 391 404 555 971 908 228 980 133 466 266 0 37 919 232 212 261 624 998 436 190 325 348 421 422 675 689 106 719 807 619 684 639 142 680 519 838 177 3 82 43 34 703 35 593 487 261 437 6 75 228 544 580 860 290 137 373 961 406 886 503 909 608 638 528 574 858 202 954 554 380 857 417 
328 401 964 908 67 145 938 966 681 245 705 352 825 540 981 946 505 966 37 0 736 889 311 553 640 175 57 481 444 946 160 351 534 87 145 454 987 965 741 836 885 990 58 172 362 924 926 208 944 863 901 520 211 722 118 106 945 606 699 352 681 315 426 276 608 243 236 545 964 404 710 557 908 581 597 114 187 482 12 887 
246 587 556 165 690 936 966 858 219 69 400 836 697 798 431 314 948 901 919 736 0 388 206 425 874 192 438 175 416 343 587 939 873 300 255 925 644 152 769 703 925 988 227 780 482 492 803 633 521 187 646 203 55 706 861 836 905 513 815 26 520 943 771 101 514 598 753 133 474 723 620 428 809 193 945 939 354 752 467 157 
626 624 189 701 686 730 347 826 422 264 642 635 386 113 766 599 401 895 232 889 388 0 9 774 477 182 338 589 760 511 979 178 419 331 422 541 543 40 559 754 725 844 533 931 464 867 620 202 189 680 407 270 519 126 259 766 802 429 454 591 184 256 279 821 519 887 11 251 227 11 348 63 78 199 964 768 477 596 676 679 
456 86 460 188 316 535 353 382 883 195 275 299 180 137 3 330 413 497 212 311 206 9 0 94 995 785 147 443 420 62 749 164 297 349 298 743 313 474 836 544 48 882 402 25 923 709 248 216 627 245 588 815 385 896 718 69 222 495 750 602 793 736 775 45 539 685 789 305 573 941 434 541 136 391 824 25 727 562 930 41 
344 814 94 954 692 437 454 361 88 296 166 788 293 717 395 658 49 519 261 553 425 774 94 0 679 289 769 336 915 327 816 178 510 916 337 834 274 836 841 630 148 7 861 961 2 890 36 6 924 353 180 984 269 928 798 738 745 357 357 91 811 784 273 424 963 247 521 718 796 469 390 587 511 266 318 300 134 624 547 136 
823 603 905 737 463 490 23 249 636 686 58 225 154 177 408 680 971 922 624 640 874 477 995 679 0 161 322 271 512 593 551 959 663 557 787 686 958 78 354 867 770 485 512 324 367 933 990 73 887 526 438 839 703 836 455 440 404 776 695 379 315 494 231 27 900 452 926 660 408 653 448 538 563 838 807 783 516 517 328 638 
475 335 942 776 99 89 874 466 390 131 674 236 390 287 528 757 427 112 998 175 192 182 785 289 161 0 267 720 406 452 983 15 36 880 23 129 694 151 742 546 602 739 745 707 902 314 190 195 165 862 899 339 609 629 777 92 747 173 989 870 717 912 295 944 297 35 119 304 171 908 417 38 26 451 961 932 361 881 849 433 
144 208 627 493 570 537 805 35 798 248 511 451 314 541 623 377 264 995 436 57 438 338 147 769 322 267 0 942 243 662 670 586 951 84 804 509 836 87 742 768 549 396 151 479 357 419 690 711 375 845 695 415 719 851 510 653 621 60 766 936 220 380 342 701 291 801 140 737 152 96 929 430 25 168 97 985 212 933 568 800 
767 293 474 740 463 837 525 907 461 276 815 563 710 219 90 993 811 144 190 481 175 589 443 336 271 720 942 0 844 185 459 426 518 350 866 899 529 213 409 521 779 710 581 369 596 622 949 182 832 89 2 224 604 287 499 580 419 337 881 695 750 965 539 138 384 644 123 173 835 599 358 9 160 892 796 128 493 891 385 445 
743 702 794 322 434 755 619 281 268 754 571 221 106 339 592 805 891 550 325 444 416 760 420 915 512 406 243 844 0 168 500 146 639 87 675 90 707 261 80 869 130 347 428 251 15 430 699 75 875 940 843 152 198 842 581 220 767 164 804 323 540 397 722 108 167 765 146 481 918 628 909 887 298 671 14 341 28 976 396 293 
485 864 638 624 67 666 315 263 50 447 238 774 616 416 495 811 88 533 348 946 343 511 62 327 593 452 662 185 168 0 834 538 531 385 962 573 199 334 520 960 138 600 829 125 249 444 587 520 959 572 88 497 952 124 244 694 433 980 687 572 530 599 589 302 702 628 721 215 128 824 495 621 900 451 119 848 855 942 498 10 
977 371 39 378 56 871 56 299 931 185 641 349 101 112 441 654 734 711 421 160 587 979 749 816 551 983 670 459 500 834 0 887 227 806 478 443 135 250 10 345 640 452 333 695 822 403 424 294 76 664 146 351 436 824 144 556 677 648 210 929 572 479 698 784 576 910 38 361 875 759 322 898 449 654 867 726 780 561 706 988 
767 116 630 404 462 512 988 63 612 253 844 909 300 584 618 349 945 541 422 351 939 178 164 178 959 15 586 426 146 538 887 0 12 843 882 604 677 943 410 667 948 520 341 857 515 1000 116 514 875 653 940 853 220 579 477 487 116 429 321 342 347 305 536 202 852 463 83 486 62 2 943 745 445 990 708 664 305 604 274 212 
901 305 950 291 478 346 510 741 479 841 138 752 227 365 712 540 873 232 675 534 873 419 297 510 663 36 951 518 639 531 227 12 0 307 295 926 135 102 361 141 760 407 468 869 193 57 749 608 594 2 560 939 269 104 94 337 998 483 763 895 441 576 415 728 361 144 757 888 810 420 623 590 800 429 341 565 963 305 949 703 
245 1000 451 498 393 949 111 833 411 571 239 804 227 209 220 791 519 616 689 87 300 331 349 916 557 880 84 350 87 385 806 843 307 0 577 684 264 439 259 102 389 685 27 858 750 730 854 580 69 1 555 578 845 138 524 53 153 393 716 578 752 734 975 699 662 243 831 15 436 982 800 305 711 184 461 243 46 321 568 387 
849 201 578 418 202 56 689 616 132 185 926 93 474 562 297 914 824 405 106 145 255 422 298 337 787 23 804 866 675 962 478 882 295 577 0 753 336 581 325 517 740 990 975 206 937 341 36 961 667 3 329 864 143 542 951 389 890 149 964 138 741 345 104 727 992 851 944 509 453 977 953 519 849 534 883 981 603 943 795 471 
571 656 886 76 399 520 840 616 218 912 160 893 842 355 38 918 420 119 719 454 925 541 743 834 686 129 509 899 90 573 443 604 926 684 753 0 501 593 39 626 203 262 326 473 992 925 132 595 299 48 526 188 308 678 894 942 234 64 338 224 687 931 973 85 707 414 377 189 46 523 211 641 710 991 350 980 256 783 609 243 
444 646 164 63 454 114 684 880 744 169 621 69 982 742 142 190 238 421 807 987 644 543 313 274 958 694 836 529 707 199 135 677 135 264 336 501 0 785 570 674 179 817 97 288 781 691 799 377 167 271 681 41 846 478 544 491 917 155 319 31 76 637 957 576 374 395 913 626 413 495 390 673 76 572 481 255 94 562 175 843 
992 449 925 14 627 242 885 934 404 745 882 556 934 810 857 480 414 51 619 965 152 40 474 836 78 151 87 213 261 334 250 943 102 439 581 593 785 0 979 26 778 323 34 804 971 270 602 509 236 135 236 84 567 167 242 696 269 883 786 739 670 500 298 837 645 88 752 962 390 67 598 165 356 408 173 59 429 995 877 400 
402 928 114 802 245 523 994 911 586 618 641 965 499 527 766 69 980 197 684 741 769 559 836 841 354 742 742 409 80 520 10 410 361 259 325 39 570 979 0 746 319 114 149 448 340 507 247 1 280 932 983 273 465 267 941 802 521 501 931 452 103 721 866 327 818 226 165 325 20 816 754 827 238 546 52 155 53 907 596 556 
834 169 19 965 678 821 839 947 620 830 677 991 902 483 349 840 643 201 639 836 703 754 544 630 867 546 768 521 869 960 345 667 141 102 517 626 674 26 746 0 839 978 825 708 35 850 49 752 430 292 538 787 42 918 624 17 179 448 619 153 993 40 123 314 585 514 89 794 437 309 331 665 849 679 33 716 129 930 549 841 
179 684 249 337 195 705 339 100 450 983 777 224 560 344 628 160 493 339 142 885 925 725 48 148 770 602 549 779 130 138 640 948 760 389 740 203 179 778 319 839 0 680 332 97 683 27 31 571 350 257 346 78 860 621 83 894 58 601 911 471 233 816 623 152 820 529 216 680 545 679 439 105 292 696 794 669 330 663 998 720 
33 842 598 375 628 94 469 113 62 348 735 896 730 12 862 444 69 750 680 990 988 844 882 7 485 739 396 710 347 600 452 520 407 685 990 262 817 323 114 978 680 0 632 264 831 954 685 797 810 560 772 192 558 566 749 98 737 275 225 579 547 995 830 933 28 303 748 54 608 915 71 838 995 930 886 427 672 180 247 333 
653 152 211 70 544 75 961 718 706 955 317 554 292 622 349 775 594 361 519 58 227 533 402 861 512 745 151 581 428 829 333 341 468 27 975 326 97 34 149 825 332 632 0 855 947 57 816 330 373 149 713 608 506 926 283 633 364 566 316 270 326 440 455 364 542 896 104 345 14 261 421 515 711 597 261 784 633 801 807 221 
398 785 369 90 27 139 899 921 686 3 369 414 387 588 146 672 1000 144 838 172 780 931 25 961 324 707 479 369 251 125 695 857 869 858 206 473 288 804 448 708 97 264 855 0 346 285 743 923 730 692 378 333 853 686 89 284 76 592 281 989 601 290 289 657 747 270 12 987 194 511 380 644 398 459 683 714 307 750 817 533 
412 96 549 948 914 980 458 793 902 564 575 879 240 504 680 97 452 632 177 362 482 464 923 2 367 902 357 596 15 249 822 515 193 750 937 992 781 971 340 35 683 831 947 346 0 241 427 954 998 397 272 996 224 37 280 870 666 612 557 299 895 410 553 50 899 695 639 183 706 378 266 609 653 340 198 279 856 647 736 444 
279 459 750 458 372 180 502 76 426 908 607 176 923 987 665 732 126 707 3 924 492 867 709 890 933 314 419 622 430 444 403 1000 57 730 341 925 691 270 507 850 27 954 57 285 241 0 425 170 128 911 164 88 246 363 592 826 99 853 722 879 41 222 778 738 697 564 649 277 483 545 146 222 912 807 917 533 104 161 585 293 
946 143 925 932 409 47 846 612 99 646 407 5 692 61 332 948 661 927 82 926 803 620 248 36 990 190 690 949 699 587 424 116 749 854 36 132 799 602 247 49 31 685 816 743 427 425 0 715 491 846 949 285 864 756 217 680 428 684 311 133 995 937 893 508 605 505 812 8 819 346 488 752 448 260 930 120 600 507 242 199 
543 695 371 747 840 243 158 411 858 930 659 28 828 227 882 359 847 297 43 208 633 202 216 6 73 195 711 182 75 520 294 514 608 580 961 595 377 509 1 752 571 797 330 923 954 170 715 0 573 648 530 862 501 19 468 366 332 206 300 856 273 717 335 78 817 982 915 924 569 806 207 552 739 809 171 85 522 606 774 263 
433 42 373 689 426 691 500 403 531 595 74 187 787 915 305 514 665 569 34 944 521 189 627 924 887 165 375 832 875 959 76 875 594 69 667 299 167 236 280 430 350 810 373 730 998 128 491 573 0 4 758 922 148 919 427 427 758 424 392 941 974 865 519 439 160 122 202 367 912 805 624 946 871 833 314 259 284 148 663 105 
182 284 666 274 329 756 742 574 594 152 708 982 434 116 837 984 994 63 703 863 187 680 245 353 526 862 845 89 940 572 664 653 2 1 3 48 271 135 932 292 257 560 149 692 397 911 846 648 4 0 8 321 985 724 819 896 134 682 560 215 365 27 794 31 818 760 825 389 435 287 110 609 72 455 304 799 513 329 84 72 
406 50 114 911 60 837 481 205 60 518 727 920 36 539 508 734 363 782 35 901 646 407 588 180 438 899 695 2 843 88 146 940 560 555 329 526 681 236 983 538 346 772 713 378 272 164 949 530 758 8 0 191 806 478 65 116 941 507 984 599 144 916 928 452 101 236 387 391 376 207 193 853 243 646 972 864 539 937 967 403 
846 161 842 756 619 113 952 537 283 123 701 577 600 968 673 659 949 35 593 520 203 270 815 984 839 339 415 224 152 497 351 853 939 578 864 188 41 84 273 787 78 192 608 333 996 88 285 862 922 321 191 0 428 322 685 355 495 254 931 921 57 862 605 662 585 924 45 213 908 312 841 108 827 274 153 226 32 92 802 182 
685 700 712 790 260 82 112 643 733 632 217 979 288 821 311 725 737 150 487 211 55 519 385 269 703 609 719 604 198 952 436 220 269 845 143 308 846 567 465 42 860 558 506 853 224 246 864 501 148 985 806 428 0 987 402 769 335 182 415 989 399 195 646 916 894 348 991 901 565 55 672 974 867 742 844 64 118 761 611 850 
442 485 119 895 437 216 367 387 737 328 462 135 263 440 623 225 347 712 261 722 706 126 896 928 836 629 851 287 842 124 824 579 104 138 542 678 478 167 267 918 621 566 926 686 37 363 756 19 919 724 478 322 987 0 733 733 749 647 537 824 892 831 969 777 84 20 225 649 90 510 975 115 734 387 364 607 423 162 149 604 
223 150 689 232 28 702 535 760 782 490 838 529 742 742 100 200 238 726 437 118 861 259 718 798 455 777 510 499 581 244 144 477 94 524 951 894 544 242 941 624 83 749 283 89 280 592 217 468 427 819 65 685 402 733 0 249 506 907 793 175 82 191 35 365 340 524 306 737 441 188 865 935 968 919 113 845 634 704 456 731 
229 44 323 579 922 458 956 992 653 537 168 432 885 186 723 2 459 127 6 106 836 766 69 738 440 92 653 580 220 694 556 487 337 53 389 942 491 696 802 17 894 98 633 284 870 826 680 366 427 896 116 355 769 733 249 0 809 868 179 456 461 694 629 559 459 153 67 278 20 511 313 331 5 168 115 149 214 367 840 60 
753 209 95 464 864 993 503 130 69 518 17 116 336 17 781 22 531 334 75 945 905 802 222 745 404 747 621 419 767 433 677 116 998 153 890 234 917 269 521 179 58 737 364 76 666 99 428 332 758 134 941 495 335 749 506 809 0 640 244 763 677 687 133 133 36 437 25 826 763 9 192 786 2 347 211 134 229 393 563 972 
916 933 195 547 352 804 14 743 240 618 705 732 834 956 232 40 186 391 228 606 513 429 495 357 776 173 60 337 164 980 648 429 483 393 149 64 155 883 501 448 601 275 566 592 612 853 684 206 424 682 507 254 182 647 907 868 640 0 320 282 329 648 833 569 468 965 736 748 843 489 901 534 60 270 859 50 813 518 414 873 
904 567 179 682 249 605 825 577 172 171 243 307 185 944 49 807 32 411 544 699 815 454 750 357 695 989 766 881 804 687 210 321 763 716 964 338 319 786 931 619 911 225 316 281 557 722 311 300 392 560 984 931 415 537 793 179 244 320 0 16 44 599 485 820 358 116 297 117 442 407 645 976 546 177 461 154 327 722 154 660 
758 895 925 226 861 155 754 304 594 775 509 146 789 231 966 664 459 908 580 352 26 591 602 91 379 870 936 695 323 572 929 342 895 578 138 224 31 739 452 153 471 579 270 989 299 879 133 856 941 215 599 921 989 824 175 456 763 282 16 0 251 980 738 56 710 713 938 450 624 595 977 444 101 347 557 514 465 844 759 378 
220 515 186 246 673 767 66 943 818 378 925 144 755 808 578 201 19 319 860 681 520 184 793 811 315 717 220 750 540 530 572 347 441 752 741 687 76 670 103 993 233 547 326 601 895 41 995 273 974 365 144 57 399 892 82 461 677 329 44 251 0 514 7 726 958 633 542 771 856 998 961 475 104 175 516 228 379 876 566 820 
633 16 420 975 482 477 577 20 782 678 237 943 105 338 733 487 128 715 290 315 943 256 736 784 494 912 380 965 397 599 479 305 576 734 345 931 637 500 721 40 816 995 440 290 410 222 937 717 865 27 916 862 195 831 191 694 687 648 599 980 514 0 509 691 632 926 74 943 933 798 438 246 455 152 322 13 975 994 895 606 
425 340 474 768 847 711 232 462 916 384 462 973 158 4 10 131 290 731 137 426 771 279 775 273 231 295 342 539 722 589 698 536 415 975 104 973 957 298 866 123 623 830 455 289 553 778 893 335 519 794 928 605 646 969 35 629 133 833 485 738 7 509 0 376 412 940 905 611 13 930 905 804 450 368 390 28 693 584 911 173 
231 1000 914 790 421 269 392 348 517 596 433 917 497 735 581 654 488 705 373 276 101 821 45 424 27 944 701 138 108 302 784 202 728 699 727 85 576 837 327 314 152 933 364 657 50 738 508 78 439 31 452 662 916 777 365 559 133 569 820 56 726 691 376 0 944 745 983 991 540 764 464 855 468 505 305 815 824 212 383 476 
556 811 628 41 294 976 912 819 820 630 820 42 341 332 164 66 904 667 961 608 514 519 539 963 900 297 291 384 167 702 576 852 361 662 992 707 374 645 818 585 820 28 542 747 899 697 605 817 160 818 101 585 894 84 340 459 36 468 358 710 958 632 412 944 0 790 385 55 673 452 891 293 329 674 429 763 97 121 244 266 
112 24 684 414 674 702 579 160 419 112 776 335 262 255 49 606 724 312 406 243 598 887 685 247 452 35 801 644 765 628 910 463 144 243 851 414 395 88 226 514 529 303 896 270 695 564 505 982 122 760 236 924 348 20 524 153 437 965 116 713 633 926 940 745 790 0 998 220 514 834 347 386 374 617 912 781 305 365 178 772 
814 938 655 470 596 444 991 193 215 94 810 819 28 437 948 942 560 279 886 236 753 11 789 521 926 119 140 123 146 721 38 83 757 831 944 377 913 752 165 89 216 748 104 12 639 649 812 915 202 825 387 45 991 225 306 67 25 736 297 938 542 74 905 983 385 998 0 697 554 283 405 716 385 805 925 217 101 518 688 16 
71 638 940 59 27 669 5 674 888 499 306 261 485 62 932 589 146 141 503 545 133 251 305 718 660 304 737 173 481 215 361 486 888 15 509 189 626 962 325 794 680 54 345 987 183 277 8 924 367 389 391 213 901 649 737 278 826 748 117 450 771 943 611 991 55 220 697 0 668 129 204 86 52 593 545 1 780 666 578 310 
181 977 811 308 314 267 371 736 978 827 516 481 566 908 45 55 129 867 909 964 474 227 573 796 408 171 152 835 918 128 875 62 810 436 453 46 413 390 20 437 545 608 14 194 706 483 819 569 912 435 376 908 565 90 441 20 763 843 442 624 856 933 13 540 673 514 554 668 0 459 979 166 24 352 437 523 744 373 708 844 
853 7 455 291 886 278 172 143 347 285 315 88 82 490 864 934 843 755 608 404 723 11 941 469 653 908 96 599 628 824 759 2 420 982 977 523 495 67 816 309 679 915 261 511 378 545 346 806 805 287 207 312 55 510 188 511 9 489 407 595 998 798 930 764 452 834 283 129 459 0 731 3 293 692 110 208 20 626 129 849 
990 102 182 412 653 694 46 604 58 419 630 428 795 928 367 868 410 29 638 710 620 348 434 390 448 417 929 358 909 495 322 943 623 800 953 211 390 598 754 331 439 71 421 380 266 146 488 207 624 110 193 841 672 975 865 313 192 901 645 977 961 438 905 464 891 347 405 204 979 731 0 497 669 598 605 459 988 113 374 893 
147 285 771 372 985 965 850 634 485 145 175 694 564 374 840 714 536 23 528 557 428 63 541 587 538 38 430 9 887 621 898 745 590 305 519 641 673 165 827 665 105 838 515 644 609 222 752 552 946 609 853 108 974 115 935 331 786 534 976 444 475 246 804 855 293 386 716 86 166 3 497 0 159 61 428 92 547 784 295 943 
956 931 959 733 103 333 80 41 382 643 666 93 151 274 123 599 570 161 574 908 809 78 136 511 563 26 25 160 298 900 449 445 800 711 849 710 76 356 238 849 292 995 711 398 653 912 448 739 871 72 243 827 867 734 968 5 2 60 546 101 104 455 450 468 329 374 385 52 24 293 669 159 0 964 389 171 928 261 882 608 
338 263 871 911 696 876 642 274 377 622 857 224 857 520 456 600 104 458 858 581 193 199 391 266 838 451 168 892 671 451 654 990 429 184 534 991 572 408 546 679 696 930 597 459 340 807 260 809 833 455 646 274 742 387 919 168 347 270 177 347 175 152 368 505 674 617 805 593 352 692 598 61 964 0 215 505 589 932 435 723 
3 468 752 608 91 594 918 53 393 179 359 392 23 154 690 214 827 915 202 597 945 964 824 318 807 961 97 796 14 119 867 708 341 461 883 350 481 173 52 33 794 886 261 683 198 917 930 171 314 304 972 153 844 364 113 115 211 859 461 557 516 322 390 305 429 912 925 545 437 110 605 428 389 215 0 495 12 104 582 15 
520 964 257 851 22 882 113 263 386 6 432 516 484 306 26 309 548 47 954 114 939 768 25 300 783 932 985 128 341 848 726 664 565 243 981 980 255 59 155 716 669 427 784 714 279 533 120 85 259 799 864 226 64 607 845 149 134 50 154 514 228 13 28 815 763 781 217 1 523 208 459 92 171 505 495 0 445 995 359 499 
240 968 21 70 427 290 656 287 382 905 735 324 395 128 596 766 859 108 554 187 354 477 727 134 516 361 212 493 28 855 780 305 963 46 603 256 94 429 53 129 330 672 633 307 856 104 600 522 284 513 539 32 118 423 634 214 229 813 327 465 379 975 693 824 97 305 101 780 744 20 988 547 928 589 12 445 0 578 743 9 
935 825 67 407 265 319 109 875 79 598 284 306 286 356 682 356 28 663 380 482 752 596 562 624 517 881 933 891 976 942 561 604 305 321 943 783 562 995 907 930 663 180 801 750 647 161 507 606 148 329 937 92 761 162 704 367 393 518 722 844 876 994 584 212 121 365 518 666 373 626 113 784 261 932 104 995 578 0 114 81 
199 898 25 64 112 40 418 453 348 667 21 385 535 278 367 861 764 964 857 12 467 676 930 547 328 849 568 385 396 498 706 274 949 568 795 609 175 877 596 549 998 247 807 817 736 585 242 774 663 84 967 802 611 149 456 840 563 414 154 759 566 895 911 383 244 178 688 578 708 129 374 295 882 435 582 359 743 114 0 591 
874 926 950 155 64 527 626 785 842 792 330 481 870 863 422 146 817 957 417 887 157 679 41 136 638 433 800 445 293 10 988 212 703 387 471 243 843 400 556 841 720 333 221 533 444 293 199 263 105 72 403 182 850 604 731 60 972 873 660 378 820 606 173 476 266 772 16 310 844 849 893 943 608 723 15 499 9 81 591 0 
0 304 960 25 34 885 35 270 279 865 624 570 847 29 355 328 179 525 737 629 599 381 629 723 933 74 241 304 371 632 75 507 176 580 674 704 702 795 628 185 861 12 963 990 940 566 738 865 346 46 285 581 593 130 129 561 849 982 253 363 384 435 544 553 912 837 823 334 220 197 801 639 578 933 640 782 149 589 119 752 
304 0 528 317 278 113 600 421 685 657 340 107 870 166 977 60 874 842 817 350 182 37 229 722 493 487 897 831 358 794 174 525 244 933 301 769 994 137 320 925 686 966 566 922 558 424 695 681 782 929 62 215 207 517 429 909 976 662 703 12 281 758 816 144 342 494 752 868 130 677 849 769 819 554 328 727 39 352 955 275 
960 528 0 545 621 707 775 592 916 625 6 378 2 448 381 797 616 242 470 342 916 695 329 738 994 241 142 502 551 904 331 177 335 416 14 280 848 255 956 43 570 88 496 972 180 788 839 786 326 916 831 200 517 210 264 563 148 226 210 976 778 223 783 142 244 200 966 104 340 508 736 879 53 3 457 528 393 380 96 420 
25 317 545 0 980 124 746 465 612 495 790 576 515 662 31 423 369 117 458 9 166 353 606 30 928 915 98 75 986 84 830 996 668 647 858 298 551 963 187 72 676 993 863 213 343 662 45 171 396 479 653 440 533 856 167 702 671 23 218 616 544 233 413 793 594 325 975 264 713 911 492 429 629 300 140 706 317 951 303 630 
34 278 621 980 0 156 409 56 555 198 248 951 620 774 135 381 673 199 992 959 805 741 245 367 437 612 781 339 660 185 329 16 176 841 29 684 454 495 269 620 867 882 838 101 586 904 650 244 640 782 750 311 203 5 499 862 315 115 596 245 294 693 811 648 808 534 493 192 364 146 152 639 202 494 137 761 386 698 454 445 
885 113 707 124 156 0 803 870 780 972 570 221 712 762 620 52 206 862 765 914 515 620 435 998 62 804 132 786 84 354 759 194 170 956 842 155 786 989 476 37 530 550 368 123 463 549 500 897 110 86 632 520 61 825 529 10 657 69 798 464 542 643 441 766 956 262 901 147 544 880 678 828 424 299 200 439 812 601 624 333 
35 600 775 746 409 803 0 681 980 530 518 183 319 782 838 448 500 310 470 973 1000 346 168 221 343 113 871 438 263 352 869 721 271 99 42 839 947 608 21 820 563 613 578 706 692 568 709 156 494 305 29 191 63 366 313 952 780 669 441 298 190 120 520 220 364 356 256 398 137 478 264 837 99 964 7 798 814 7 946 737 
270 421 592 465 56 870 681 0 568 103 949 348 395 572 511 229 98 688 608 270 258 567 443 622 625 830 640 28 740 294 562 807 14 353 320 915 840 991 225 387 687 335 603 769 221 926 977 609 345 304 460 889 658 675 579 298 121 103 688 848 763 149 143 473 381 659 819 295 19 581 636 523 960 158 906 859 803 933 142 608 
279 685 916 612 555 780 980 568 0 856 752 629 447 476 396 420 308 410 553 698 157 389 485 88 345 705 724 217 20 812 663 553 53 199 673 548 596 588 327 457 586 782 40 632 697 170 761 788 356 876 425 240 681 759 710 391 881 126 631 165 764 991 974 278 423 260 557 576 282 504 80 440 558 80 730 959 834 331 206 377 
865 657 625 495 198 972 530 103 856 0 137 973 63 833 766 338 703 722 135 527 656 681 413 897 429 814 337 847 595 780 355 117 132 399 944 86 963 341 391 338 740 748 109 13 50 886 909 340 811 950 831 145 859 262 647 267 116 342 723 186 620 576 656 731 808 523 177 932 103 371 439 716 173 14 88 607 577 159 286 394 
624 340 6 790 248 570 518 949 752 137 0 405 736 804 332 170 945 555 425 631 873 105 845 204 747 503 385 67 59 676 224 340 526 575 656 332 414 758 270 563 874 420 682 592 844 320 694 109 76 773 474 911 811 47 68 514 426 314 220 604 8 860 446 302 413 636 69 818 559 205 97 401 14 153 704 885 465 711 937 273 
570 107 378 576 951 221 183 348 629 973 405 0 379 29 303 125 243 143 993 711 883 674 165 565 696 113 531 98 603 783 322 423 948 886 900 48 831 924 711 141 753 671 107 648 486 625 476 265 200 452 525 526 389 808 13 219 550 426 637 674 773 85 226 959 684 627 912 131 440 470 553 584 21 444 847 116 235 767 689 92 
847 870 2 515 620 712 319 395 447 63 736 379 0 787 685 16 250 252 431 538 832 617 627 745 400 363 595 209 801 649 420 477 96 755 277 544 459 458 701 813 82 346 390 107 239 125 48 68 83 152 297 222 146 384 893 347 299 446 910 452 500 747 1 103 12 620 792 322 455 96 738 271 892 497 23 213 23 436 529 928 
29 166 448 662 774 762 782 572 476 833 804 29 787 0 715 426 425 703 176 361 562 501 715 572 396 440 382 589 136 527 152 675 465 900 138 395 538 428 664 219 627 845 233 528 596 246 888 41 420 112 312 500 437 823 495 928 36 877 576 481 710 546 9 590 439 94 874 81 543 488 697 99 144 495 422 941 845 657 834 674 
355 977 381 31 135 620 838 511 396 766 332 303 685 715 0 893 448 485 349 330 839 545 2 410 228 402 764 704 868 233 185 453 76 287 924 761 83 714 680 447 211 923 440 278 959 992 241 774 906 175 343 239 956 777 65 641 162 286 878 378 225 899 891 751 362 333 591 178 161 795 351 48 593 619 24 419 93 281 573 577 
328 60 797 423 381 52 448 229 420 338 170 125 16 426 893 0 404 166 924 399 741 157 190 936 950 261 830 734 181 30 112 510 618 227 864 549 436 529 917 547 399 95 578 430 152 613 324 191 498 172 830 931 756 852 960 283 68 948 2 621 655 771 497 861 819 431 209 317 343 493 684 933 784 240 823 423 258 622 929 974 
179 874 616 369 673 206 500 98 308 703 945 243 250 425 448 404 0 179 985 126 623 658 124 336 8 855 572 624 19 95 664 618 784 928 172 888 679 399 466 998 348 586 111 428 926 140 705 422 480 165 342 979 204 915 894 410 486 205 764 176 618 30 909 444 131 256 361 788 325 316 236 803 643 147 807 257 159 711 175 776 
525 842 242 117 199 862 310 688 410 722 555 143 252 703 485 166 179 0 820 276 90 967 64 578 805 667 898 949 281 952 527 884 571 10 242 311 608 633 759 743 340 425 590 957 208 638 320 220 395 151 202 527 233 741 20 875 795 25 555 541 776 954 439 983 981 670 628 430 170 618 887 407 486 525 72 565 423 309 822 649 
737 817 470 458 992 765 470 608 553 135 425 993 431 176 349 924 985 820 0 305 443 490 276 694 29 431 907 916 660 591 874 1 11 857 15 189 286 385 336 955 120 109 862 321 940 830 370 847 780 485 954 838 537 924 515 489 317 729 523 689 958 230 506 376 143 299 11 184 105 235 823 206 594 596 694 911 327 276 88 58 
629 350 342 9 959 914 973 270 698 527 631 711 538 361 330 399 126 276 305 0 807 955 539 685 965 396 119 454 630 971 23 484 264 993 191 200 260 649 14 468 263 465 948 993 486 904 369 354 647 912 406 916 32 56 183 813 572 947 225 457 825 865 226 730 577 322 539 55 492 351 621 162 683 42 864 202 318 755 945 8 
599 182 916 166 805 515 1000 258 157 656 873 883 832 562 839 741 623 90 443 807 0 117 337 784 69 597 831 797 937 592 852 693 894 908 12 576 465 84 566 995 421 907 507 110 838 421 98 372 850 932 878 638 14 641 854 982 544 913 586 398 132 672 582 490 206 706 102 62 808 13 24 379 404 646 739 561 565 419 320 15 
381 37 695 353 741 620 346 567 389 681 105 674 617 501 545 157 658 967 490 955 117 0 622 72 441 295 600 289 473 213 441 37 513 777 485 921 860 306 471 289 54 593 345 961 827 958 433 48 5 895 928 648 333 653 346 612 302 735 892 759 946 761 278 985 769 860 186 66 858 172 687 248 377 181 980 834 677 180 421 487 
629 229 329 606 245 435 168 443 485 413 845 165 627 715 2 190 124 64 276 539 337 622 0 535 480 922 392 669 306 449 241 983 877 813 919 480 782 451 739 400 822 148 111 364 819 31 328 694 390 228 738 76 536 380 788 361 956 743 389 345 928 450 315 52 45 136 552 300 126 365 182 213 695 26 392 616 860 375 292 218 
723 722 738 30 367 998 221 622 88 897 204 565 745 572 410 936 336 578 694 685 784 72 535 0 931 920 749 440 962 712 340 424 298 911 571 38 932 245 763 827 761 720 714 547 692 839 776 32 212 841 408 883 652 864 182 131 283 881 957 408 611 848 559 455 681 827 547 73 397 658 193 296 474 776 63 963 809 289 588 58 
933 493 994 928 437 62 343 625 345 429 747 696 400 396 228 950 8 805 29 965 69 441 480 931 0 448 737 454 710 645 769 415 584 459 585 846 161 107 944 526 784 683 687 601 685 45 659 729 460 878 584 600 981 548 180 64 632 394 19 189 284 725 935 337 318 715 181 571 714 938 394 916 458 620 852 754 88 773 99 376 
74 487 241 915 612 804 113 830 705 814 503 113 363 440 402 261 855 667 431 396 597 295 922 920 448 0 908 58 355 333 641 503 929 194 781 712 507 567 22 885 670 515 921 183 607 623 667 500 980 541 54 768 405 493 292 351 706 622 87 751 300 497 327 166 640 460 587 862 758 213 361 507 796 14 983 808 927 658 590 694 
241 897 142 98 781 132 871 640 724 337 385 531 595 382 764 830 572 898 907 119 831 600 392 749 737 908 0 114 870 395 242 689 79 631 907 603 292 311 145 885 554 433 798 733 884 402 242 308 155 252 707 157 191 15 472 768 646 465 75 706 576 544 470 775 611 933 436 187 314 91 124 542 361 939 770 422 355 405 867 607 
304 831 502 75 339 786 438 28 217 847 67 98 209 589 704 734 624 949 916 454 797 289 669 440 454 58 114 0 271 754 992 96 451 329 215 192 35 475 4 981 114 695 977 836 17 300 432 4 762 412 840 178 64 900 375 31 415 898 331 764 18 949 26 743 428 493 288 229 611 199 926 704 947 597 649 272 577 763 989 841 
371 358 551 986 660 84 263 740 20 595 59 603 801 136 868 181 19 281 660 630 937 473 306 962 710 355 870 271 0 825 710 549 235 705 690 857 535 489 934 620 931 681 189 674 67 483 767 533 404 761 601 613 378 545 197 727 904 758 6 61 83 853 390 881 462 849 42 752 858 939 18 146 214 405 403 50 1000 19 16 62 
632 794 904 84 185 354 352 294 812 780 676 783 649 527 233 30 95 952 591 971 592 213 449 712 645 333 395 754 825 0 24 451 328 74 123 408 493 990 195 488 439 808 322 186 357 994 730 477 832 79 70 922 230 128 510 551 694 502 857 584 388 191 966 265 87 834 517 549 195 300 295 842 188 421 132 32 510 745 700 963 
75 174 331 830 329 759 869 562 663 355 224 322 420 152 185 112 664 527 874 23 852 441 241 340 769 641 242 992 710 24 0 397 110 875 619 639 202 35 316 354 179 76 765 662 696 395 930 681 966 422 971 556 357 611 920 836 820 555 217 896 613 846 780 830 193 101 967 563 836 138 379 622 979 177 482 195 369 944 550 445 
507 525 177 996 16 194 721 807 553 117 340 423 477 675 453 510 618 884 1 484 693 37 983 424 415 503 689 96 549 451 397 0 881 950 976 68 334 872 837 117 823 653 224 700 856 643 38 390 279 613 518 415 447 48 81 775 711 355 709 377 316 931 264 197 854 713 832 909 307 136 573 912 795 160 221 409 56 308 578 505 
176 244 335 668 176 170 271 14 53 132 526 948 96 465 76 618 784 571 11 264 894 513 877 298 584 929 79 451 235 328 110 881 0 812 601 394 662 51 597 192 114 932 86 153 576 725 766 801 408 141 121 82 40 582 576 442 126 194 256 547 773 57 732 233 263 530 126 711 268 468 795 893 643 545 140 884 868 623 561 558 
580 933 416 647 841 956 99 353 199 399 575 886 755 900 287 227 928 10 857 993 908 777 813 911 459 194 631 329 705 74 875 950 812 0 857 880 543 947 464 473 687 101 981 55 862 252 695 589 726 42 43 342 537 201 771 694 889 834 180 15 168 597 341 998 681 330 534 345 959 814 171 10 864 754 652 586 67 824 5 542 
674 301 14 858 29 842 42 320 673 944 656 900 277 138 924 864 172 242 15 191 12 485 919 571 585 781 907 215 690 123 619 976 601 857 0 849 536 506 836 84 677 558 304 694 138 452 55 565 835 318 206 346 709 300 744 761 339 291 564 977 24 3 161 317 706 101 697 60 694 181 853 459 572 177 162 325 426 818 115 235 
704 769 280 298 684 155 839 915 548 86 332 48 544 395 761 549 888 311 189 200 576 921 480 38 846 712 603 192 857 408 639 68 394 880 849 0 768 586 861 81 347 235 622 701 373 424 358 78 448 992 310 225 665 308 370 965 760 115 679 919 47 902 656 305 274 913 54 543 3 257 803 731 136 623 350 123 869 446 192 730 
702 994 848 551 454 786 947 840 596 963 414 831 459 538 83 436 679 608 286 260 465 860 782 932 161 507 292 35 535 493 202 334 662 543 536 768 0 698 847 28 559 774 969 163 735 133 152 848 286 118 644 553 227 743 906 164 301 240 634 487 467 752 168 614 565 413 124 65 684 494 156 510 510 264 870 878 912 561 857 564 
795 137 255 963 495 989 608 991 588 341 758 924 458 428 714 529 399 633 385 649 84 306 451 245 107 567 311 475 489 990 35 872 51 947 506 586 698 0 788 174 370 141 191 406 95 436 280 675 417 926 156 715 621 506 849 878 870 444 263 354 927 350 700 399 553 378 397 136 5 793 829 683 751 334 690 44 29 509 513 192 
628 320 956 187 269 476 21 225 327 391 270 711 701 664 680 917 466 759 336 14 566 471 739 763 944 22 145 4 934 195 316 837 597 464 836 861 847 788 0 397 88 281 535 44 309 508 326 950 570 650 219 901 85 744 883 577 770 530 233 374 333 277 795 440 868 584 537 784 88 467 666 58 27 972 345 745 412 583 609 267 
185 925 43 72 620 37 820 387 457 338 563 141 813 219 447 547 998 743 955 468 995 289 400 827 526 885 885 981 620 488 354 117 192 473 84 81 28 174 397 0 86 896 618 642 21 362 898 330 547 148 151 854 216 252 484 396 68 84 224 651 248 923 983 498 188 6 897 411 332 171 400 259 836 280 915 91 535 834 384 774 
861 686 570 676 867 530 563 687 586 740 874 753 82 627 211 399 348 340 120 263 421 54 822 761 784 670 554 114 931 439 179 823 114 687 677 347 559 370 88 86 0 112 940 123 85 859 602 77 180 368 939 105 580 791 423 97 909 17 428 526 643 147 993 525 232 286 92 463 14 264 363 611 253 961 854 384 973 227 569 500 
12 966 88 993 882 550 613 335 782 748 420 671 346 845 923 95 586 425 109 465 907 593 148 720 683 515 433 695 681 808 76 653 932 101 558 235 774 141 281 896 112 0 48 54 55 863 729 320 211 784 83 698 379 927 927 704 254 574 814 632 735 649 983 881 793 748 347 586 961 448 36 688 583 551 520 346 527 794 65 514 
963 566 496 863 838 368 578 603 40 109 682 107 390 233 440 578 111 590 862 948 507 345 111 714 687 921 798 977 189 322 765 224 86 981 304 622 969 191 535 618 940 48 0 976 734 810 610 195 634 711 935 184 332 25 534 229 420 997 589 321 982 535 663 423 65 356 246 403 17 593 630 361 33 912 636 773 602 89 682 537 
990 922 972 213 101 123 706 769 632 13 592 648 107 528 278 430 428 957 321 993 110 961 364 547 601 183 733 836 674 186 662 700 153 55 694 701 163 406 44 642 123 54 976 0 743 74 221 326 913 455 321 854 309 687 279 691 147 749 436 893 541 804 224 217 966 204 366 324 882 504 554 416 731 746 496 778 551 780 425 798 
940 558 180 343 586 463 692 221 697 50 844 486 239 596 959 152 926 208 940 486 838 827 819 692 685 607 884 17 67 357 696 856 576 862 138 373 735 95 309 21 85 55 734 743 0 546 326 387 537 123 74 120 283 904 423 402 753 966 168 7 679 233 629 873 727 37 380 57 799 985 9 388 348 23 179 119 349 96 307 998 
566 424 788 662 904 549 568 926 170 886 320 625 125 246 992 613 140 638 830 904 421 958 31 839 45 623 402 300 483 994 395 643 725 252 452 424 133 436 508 362 859 863 810 74 546 0 732 183 187 248 887 833 442 192 493 92 891 314 342 797 524 608 132 284 424 819 357 769 149 307 912 406 58 564 193 720 366 644 883 600 
738 695 839 45 650 500 709 977 761 909 694 476 48 888 241 324 705 320 370 369 98 433 328 776 659 667 242 432 767 730 930 38 766 695 55 358 152 280 326 898 602 729 610 221 326 732 0 579 901 732 840 388 882 164 430 674 710 552 132 174 667 331 256 425 784 252 810 635 216 277 160 954 456 325 562 302 939 540 303 571 
865 681 786 171 244 897 156 609 788 340 109 265 68 41 774 191 422 220 847 354 372 48 694 32 729 500 308 4 533 477 681 390 801 589 565 78 848 675 950 330 77 320 195 326 387 183 579 0 92 864 805 232 176 36 137 169 100 321 971 404 733 687 411 446 66 599 75 320 329 185 74 745 160 234 901 159 887 690 693 79 
346 782 326 396 640 110 494 345 356 811 76 200 83 420 906 498 480 395 780 647 850 5 390 212 460 980 155 762 404 832 966 279 408 726 835 448 286 417 570 547 180 211 634 913 537 187 901 92 0 873 946 742 355 615 112 4 290 602 355 620 165 291 672 901 35 417 202 912 743 795 680 398 576 185 769 211 492 642 674 85 
46 929 916 479 782 86 305 304 876 950 773 452 152 112 175 172 165 151 485 912 932 895 228 841 878 541 252 412 761 79 422 613 141 42 318 992 118 926 650 148 368 784 711 455 123 248 732 864 873 0 624 846 451 252 892 528 347 794 161 922 363 145 142 377 559 137 394 523 205 409 37 64 279 676 105 234 601 419 91 260 
285 62 831 653 750 632 29 460 425 831 474 525 297 312 343 830 342 202 954 406 878 928 738 408 584 54 707 840 601 70 971 518 121 43 206 310 644 156 219 151 939 83 935 321 74 887 840 805 946 624 0 222 200 684 199 424 520 886 438 155 501 525 992 221 643 730 267 859 201 864 493 566 47 664 331 532 781 522 569 100 
581 215 200 440 311 520 191 889 240 145 911 526 222 500 239 931 979 527 838 916 638 648 76 883 600 768 157 178 613 922 556 415 82 342 346 225 553 715 901 854 105 698 184 854 120 833 388 232 742 846 222 0 332 270 819 769 958 50 540 782 345 566 822 864 205 882 129 404 996 129 216 326 16 769 809 746 728 716 479 896 
593 207 517 533 203 61 63 658 681 859 811 389 146 437 956 756 204 233 537 32 14 333 536 652 981 405 191 64 378 230 357 447 40 537 709 665 227 621 85 216 580 379 332 309 283 442 882 176 355 451 200 332 0 190 501 914 819 9 150 763 181 979 642 488 742 904 285 764 374 459 272 114 102 448 879 775 232 3 631 74 
130 517 210 856 5 825 366 675 759 262 47 808 384 823 777 852 915 741 924 56 641 653 380 864 548 493 15 900 545 128 611 48 582 201 300 308 743 506 744 252 791 927 25 687 904 192 164 36 615 252 684 270 190 0 548 143 448 827 897 473 746 951 26 831 128 903 423 451 288 475 122 250 490 573 968 205 325 18 544 228 
129 429 264 167 499 529 313 579 710 647 68 13 893 495 65 960 894 20 515 183 854 346 788 182 180 292 472 375 197 510 920 81 576 771 744 370 906 849 883 484 423 927 534 279 423 493 430 137 112 892 199 819 501 548 0 37 599 793 258 322 360 961 133 297 437 96 994 192 219 190 541 271 177 796 532 234 343 451 866 691 
561 909 563 702 862 10 952 298 391 267 514 219 347 928 641 283 410 875 489 813 982 612 361 131 64 351 768 31 727 551 836 775 442 694 761 965 164 878 577 396 97 704 229 691 402 92 674 169 4 528 424 769 914 143 37 0 905 807 101 944 562 182 811 655 51 149 688 672 241 416 575 252 625 912 475 715 939 98 258 660 
849 976 148 671 315 657 780 121 881 116 426 550 299 36 162 68 486 795 317 572 544 302 956 283 632 706 646 415 904 694 820 711 126 889 339 760 301 870 770 68 909 254 420 147 753 891 710 100 290 347 520 958 819 448 599 905 0 517 753 237 908 23 454 249 173 739 656 257 877 330 573 670 972 773 613 19 592 157 475 553 
982 662 226 23 115 69 669 103 126 342 314 426 446 877 286 948 205 25 729 947 913 735 743 881 394 622 465 898 758 502 555 355 194 834 291 115 240 444 530 84 17 574 997 749 966 314 552 321 602 794 886 50 9 827 793 807 517 0 978 986 929 28 3 776 430 769 582 457 823 538 424 908 575 867 405 32 369 794 255 275 
253 703 210 218 596 798 441 688 631 723 220 637 910 576 878 2 764 555 523 225 586 892 389 957 19 87 75 331 6 857 217 709 256 180 564 679 634 263 233 224 428 814 589 436 168 342 132 971 355 161 438 540 150 897 258 101 753 978 0 959 219 879 961 361 643 427 181 713 496 11 21 77 832 580 527 670 191 875 147 620 
363 12 976 616 245 464 298 848 165 186 604 674 452 481 378 621 176 541 689 457 398 759 345 408 189 751 706 764 61 584 896 377 547 15 977 919 487 354 374 651 526 632 321 893 7 797 174 404 620 922 155 782 763 473 322 944 237 986 959 0 754 140 176 291 787 271 578 8 499 251 610 61 197 329 439 629 379 889 439 663 
384 281 778 544 294 542 190 763 764 620 8 773 500 710 225 655 618 776 958 825 132 946 928 611 284 300 576 18 83 388 613 316 773 168 24 47 467 927 333 248 643 735 982 541 679 524 667 733 165 363 501 345 181 746 360 562 908 929 219 754 0 945 476 697 499 264 308 568 388 931 997 452 633 35 672 431 347 359 679 444 
435 758 223 233 693 643 120 149 991 576 860 85 747 546 899 771 30 954 230 865 672 761 450 848 725 497 544 949 853 191 846 931 57 597 3 902 752 350 277 923 147 649 535 804 233 608 331 687 291 145 525 566 979 951 961 182 23 28 879 140 945 0 83 533 51 599 572 728 515 875 96 96 322 114 941 607 520 52 826 539 
544 816 783 413 811 441 520 143 974 656 446 226 1 9 891 497 909 439 506 226 582 278 315 559 935 327 470 26 390 966 780 264 732 341 161 656 168 700 795 983 993 983 663 224 629 132 256 411 672 142 992 822 642 26 133 811 454 3 961 176 476 83 0 173 150 366 225 798 997 705 585 865 409 391 804 385 274 842 160 915 
553 144 142 793 648 766 220 473 278 731 302 959 103 590 751 861 444 983 376 730 490 985 52 455 337 166 775 743 881 265 830 197 233 998 317 305 614 399 440 498 525 881 423 217 873 284 425 446 901 377 221 864 488 831 297 655 249 776 361 291 697 533 173 0 813 465 822 95 298 146 415 828 761 337 181 531 379 649 782 588 
912 342 244 594 808 956 364 381 423 808 413 684 12 439 362 819 131 981 143 577 206 769 45 681 318 640 611 428 462 87 193 854 263 681 706 274 565 553 868 188 232 793 65 966 727 424 784 66 35 559 643 205 742 128 437 51 173 430 643 787 499 51 150 813 0 992 46 162 921 705 249 634 589 663 315 203 473 909 276 881 
837 494 200 325 534 262 356 659 260 523 636 627 620 94 333 431 256 670 299 322 706 860 136 827 715 460 933 493 849 834 101 713 530 330 101 913 413 378 584 6 286 748 356 204 37 819 252 599 417 137 730 882 904 903 96 149 739 769 427 271 264 599 366 465 992 0 775 493 594 520 14 618 602 614 890 599 687 313 942 136 
823 752 966 975 493 901 256 819 557 177 69 912 792 874 591 209 361 628 11 539 102 186 552 547 181 587 436 288 42 517 967 832 126 534 697 54 124 397 537 897 92 347 246 366 380 357 810 75 202 394 267 129 285 423 994 688 656 582 181 578 308 572 225 822 46 775 0 516 500 72 233 361 672 437 973 244 644 801 150 656 
334 868 104 264 192 147 398 295 576 932 818 131 322 81 178 317 788 430 184 55 62 66 300 73 571 862 187 229 752 549 563 909 711 345 60 543 65 136 784 411 463 586 403 324 57 769 635 320 912 523 859 404 764 451 192 672 257 457 713 8 568 728 798 95 162 493 516 0 603 271 623 611 404 546 416 806 795 299 125 229 
220 130 340 713 364 544 137 19 282 103 559 440 455 543 161 343 325 170 105 492 808 858 126 397 714 758 314 611 858 195 836 307 268 959 694 3 684 5 88 332 14 961 17 882 799 149 216 329 743 205 201 996 374 288 219 241 877 823 496 499 388 515 997 298 921 594 500 603 0 571 353 969 746 771 991 864 78 507 977 414 
197 677 508 911 146 880 478 581 504 371 205 470 96 488 795 493 316 618 235 351 13 172 365 658 938 213 91 199 939 300 138 136 468 814 181 257 494 793 467 171 264 448 593 504 985 307 277 185 795 409 864 129 459 475 190 416 330 538 11 251 931 875 705 146 705 520 72 271 571 0 118 160 341 683 444 213 362 529 775 1 
801 849 736 492 152 678 264 636 80 439 97 553 738 697 351 684 236 887 823 621 24 687 182 193 394 361 124 926 18 295 379 573 795 171 853 803 156 829 666 400 363 36 630 554 9 912 160 74 680 37 493 216 272 122 541 575 573 424 21 610 997 96 585 415 249 14 233 623 353 118 0 108 920 930 730 77 535 240 799 486 
639 769 879 429 639 828 837 523 440 716 401 584 271 99 48 933 803 407 206 162 379 248 213 296 916 507 542 704 146 842 622 912 893 10 459 731 510 683 58 259 611 688 361 416 388 406 954 745 398 64 566 326 114 250 271 252 670 908 77 61 452 96 865 828 634 618 361 611 969 160 108 0 549 954 710 698 136 142 95 233 
578 819 53 629 202 424 99 960 558 173 14 21 892 144 593 784 643 486 594 683 404 377 695 474 458 796 361 947 214 188 979 795 643 864 572 136 510 751 27 836 253 583 33 731 348 58 456 160 576 279 47 16 102 490 177 625 972 575 832 197 633 322 409 761 589 602 672 404 746 341 920 549 0 858 586 624 25 935 917 51 
933 554 3 300 494 299 964 158 80 14 153 444 497 495 619 240 147 525 596 42 646 181 26 776 620 14 939 597 405 421 177 160 545 754 177 623 264 334 972 280 961 551 912 746 23 564 325 234 185 676 664 769 448 573 796 912 773 867 580 329 35 114 391 337 663 614 437 546 771 683 930 954 858 0 308 476 303 302 541 495 
640 328 457 140 137 200 7 906 730 88 704 847 23 422 24 823 807 72 694 864 739 980 392 63 852 983 770 649 403 132 482 221 140 652 162 350 870 690 345 915 854 520 636 496 179 193 562 901 769 105 331 809 879 968 532 475 613 405 527 439 672 941 804 181 315 890 973 416 991 444 730 710 586 308 0 426 261 521 278 275 
782 727 528 706 761 439 798 859 959 607 885 116 213 941 419 423 257 565 911 202 561 834 616 963 754 808 422 272 50 32 195 409 884 586 325 123 878 44 745 91 384 346 773 778 119 720 302 159 211 234 532 746 775 205 234 715 19 32 670 629 431 607 385 531 203 599 244 806 864 213 77 698 624 476 426 0 684 513 468 309 
149 39 393 317 386 812 814 803 834 577 465 235 23 845 93 258 159 423 327 318 565 677 860 809 88 927 355 577 1000 510 369 56 868 67 426 869 912 29 412 535 973 527 602 551 349 366 939 887 492 601 781 728 232 325 343 939 592 369 191 379 347 520 274 379 473 687 644 795 78 362 535 136 25 303 261 684 0 41 993 826 
589 352 380 951 698 601 7 933 331 159 711 767 436 657 281 622 711 309 276 755 419 180 375 289 773 658 405 763 19 745 944 308 623 824 818 446 561 509 583 834 227 794 89 780 96 644 540 690 642 419 522 716 3 18 451 98 157 794 875 889 359 52 842 649 909 313 801 299 507 529 240 142 935 302 521 513 41 0 33 757 
119 955 96 303 454 624 946 142 206 286 937 689 529 834 573 929 175 822 88 945 320 421 292 588 99 590 867 989 16 700 550 578 561 5 115 192 857 513 609 384 569 65 682 425 307 883 303 693 674 91 569 479 631 544 866 258 475 255 147 439 679 826 160 782 276 942 150 125 977 775 799 95 917 541 278 468 993 33 0 540 
752 275 420 630 445 333 737 608 377 394 273 92 928 674 577 974 776 649 58 8 15 487 218 58 376 694 607 841 62 963 445 505 558 542 235 730 564 192 267 774 500 514 537 798 998 600 571 79 85 260 100 896 74 228 691 660 553 275 620 663 444 539 915 588 881 136 656 229 414 1 486 233 51 495 275 309 826 757 540 0 
0 882 3 976 931 600 872 865 34 93 824 300 248 641 578 644 173 717 638 221 170 631 82 781 669 223 516 404 469 172 591 636 758 200 293 514 357 98 473 823 303 998 313 158 152 143 556 225 579 211 351 428 576 692 540 790 184 91 514 531 456 420 252 407 84 390 300 899 638 874 4 825 234 849 839 156 820 411 716 41 
882 0 365 392 479 273 306 322 141 196 590 577 275 826 371 656 251 131 825 141 945 714 953 589 4 812 334 102 150 195 265 477 861 541 635 50 468 799 251 767 343 445 738 844 825 828 222 196 696 716 3 861 653 353 874 225 396 407 195 733 945 666 43 977 346 488 419 425 917 304 230 593 956 638 438 800 705 939 333 846 
3 365 0 75 142 257 551 121 186 204 873 476 803 281 568 675 520 947 318 501 33 402 525 269 30 567 417 712 378 289 531 547 334 129 441 979 4 953 464 705 312 818 277 768 529 132 190 176 986 371 450 364 766 745 608 823 118 684 789 504 444 903 114 566 582 555 405 526 659 548 121 546 722 835 737 813 331 521 973 988 
976 392 75 0 101 929 971 530 435 399 107 364 748 687 669 199 503 630 930 790 648 13 948 746 286 314 94 408 16 419 353 211 153 147 536 983 161 699 489 607 812 229 132 953 560 410 515 367 386 865 556 383 534 111 715 126 908 887 276 832 235 734 247 89 171 812 720 471 372 483 683 550 730 592 989 909 650 334 684 566 
931 479 142 101 0 808 630 623 857 372 451 369 765 298 890 826 547 980 3 171 407 201 279 728 719 637 389 596 301 574 656 949 482 535 660 90 936 724 691 519 326 120 387 759 178 111 688 517 547 295 508 600 709 902 734 103 758 961 498 693 507 7 743 309 408 941 971 867 826 502 634 600 625 238 444 957 456 890 816 814 
600 273 257 929 808 0 12 576 375 289 360 106 112 656 221 504 954 636 332 1 712 391 807 698 836 465 74 236 946 946 497 401 404 576 220 596 653 520 304 789 793 273 636 636 876 248 600 512 707 549 218 995 451 95 189 653 283 321 680 726 973 910 667 145 706 442 229 522 46 351 327 620 652 897 888 434 162 496 640 918 
872 306 551 971 630 12 0 360 61 341 413 663 789 7 84 179 220 653 442 257 580 977 582 424 774 681 374 153 739 271 129 569 840 506 832 225 641 595 642 426 51 608 194 130 215 192 528 45 942 265 984 929 868 193 369 171 338 765 164 928 879 523 329 891 816 619 211 236 191 380 825 271 714 148 848 452 562 456 300 139 
865 322 121 530 623 576 360 0 314 445 581 471 629 468 98 431 896 761 459 795 795 249 546 508 422 308 759 691 488 922 539 452 627 914 858 157 337 160 595 211 311 250 567 818 639 431 158 378 615 723 468 531 675 432 350 866 831 161 539 487 539 922 970 999 404 279 12 915 929 194 712 699 475 486 41 418 288 139 908 380 
34 141 186 435 857 375 61 314 0 63 66 530 782 3 703 740 833 740 355 588 582 529 668 362 321 93 390 410 528 523 226 744 844 127 543 127 218 271 687 55 589 734 965 362 107 749 860 140 301 306 502 524 794 986 153 317 94 973 736 806 7 482 985 518 557 972 397 128 363 833 983 291 312 745 204 496 93 870 779 957 
93 196 204 399 372 289 341 445 63 0 383 193 861 749 378 943 387 855 674 118 162 344 733 210 591 313 581 365 325 216 805 647 681 384 164 455 845 865 688 905 97 19 856 224 210 720 117 610 69 229 99 399 201 174 106 647 168 988 248 887 846 93 169 302 413 88 616 195 644 405 639 383 693 551 653 424 487 879 900 190 
824 590 873 107 451 360 413 581 66 383 0 468 58 106 113 755 352 642 635 127 102 658 271 736 496 761 789 956 519 314 634 328 993 274 132 237 833 74 827 434 356 769 645 986 35 337 250 626 354 867 427 506 113 640 884 660 333 500 950 633 435 603 987 560 691 551 805 102 559 714 587 207 338 1 767 329 983 697 477 596 
300 577 476 364 369 106 663 471 530 193 468 0 784 731 972 861 332 436 479 613 48 121 317 243 325 454 574 620 82 272 496 213 11 964 385 707 205 646 492 634 260 366 559 220 635 354 916 588 408 703 110 941 229 145 992 955 197 552 888 168 341 941 242 541 180 38 141 883 943 360 404 548 715 886 243 935 924 729 418 978 
248 275 803 748 765 112 789 629 782 861 58 784 0 584 79 710 691 652 748 522 444 290 206 840 119 829 635 467 274 168 656 401 876 402 731 1 550 777 137 714 402 848 395 566 734 587 901 316 525 508 273 505 545 47 45 412 845 873 149 154 81 130 979 693 852 822 318 810 372 993 848 384 17 378 701 544 961 861 527 123 
641 826 281 687 298 656 7 468 3 749 106 731 584 0 553 506 716 921 883 736 910 395 578 464 544 538 748 776 878 406 775 584 536 278 549 398 880 558 388 753 907 22 267 764 79 837 456 934 808 672 887 650 764 97 452 304 8 248 25 708 760 824 626 252 852 471 54 355 857 172 473 795 955 526 461 311 466 935 488 475 
578 371 568 669 890 221 84 98 703 378 113 972 79 553 0 15 859 736 858 551 768 324 901 491 560 511 438 650 402 428 97 210 781 76 173 616 528 315 379 120 874 795 538 878 208 145 445 51 768 574 559 770 55 39 922 655 855 840 124 217 716 27 533 433 701 234 619 774 862 348 266 914 555 128 416 958 515 54 912 64 
644 656 675 199 826 504 179 431 740 943 755 861 710 506 15 0 983 881 831 806 552 951 555 194 263 626 380 213 495 446 984 63 317 321 577 513 696 73 263 441 497 992 105 244 826 706 996 573 137 951 65 877 829 223 209 835 304 176 831 457 83 280 529 658 551 953 882 836 921 726 686 451 373 193 521 2 675 699 75 361 
173 251 520 503 547 954 220 896 833 387 352 332 691 716 859 983 0 616 234 928 164 460 440 558 631 596 333 491 501 509 248 544 156 208 998 563 260 395 276 58 470 103 718 813 127 822 411 699 479 947 624 241 982 5 626 885 958 550 105 334 131 782 352 474 593 767 45 272 385 504 102 607 658 784 210 836 486 313 492 758 
717 131 947 630 980 636 653 761 740 855 642 436 652 921 736 881 616 0 734 820 889 219 829 955 164 658 50 137 479 99 113 23 497 583 36 2 127 946 225 652 705 343 645 236 568 483 406 698 447 931 731 716 328 328 623 62 122 686 209 394 137 281 517 414 843 767 399 213 861 681 39 168 582 668 728 634 593 189 526 202 
638 825 318 930 3 332 442 459 355 674 635 479 748 883 858 831 234 734 0 971 814 470 912 30 238 641 403 502 89 487 98 623 567 114 333 965 857 694 581 88 529 381 343 729 60 275 823 666 818 351 153 84 793 430 603 43 410 576 134 325 388 684 714 486 702 372 750 597 896 982 126 949 601 317 193 264 854 82 841 699 
221 141 501 790 171 1 257 795 588 118 127 613 522 736 551 806 928 820 971 0 226 442 382 860 169 884 954 299 407 429 971 309 251 806 983 952 587 225 705 852 756 458 467 681 960 712 400 611 527 109 436 176 669 976 593 192 313 284 878 65 259 528 560 906 417 559 244 444 800 719 417 841 526 568 250 869 840 142 266 908 
170 945 33 648 407 712 580 795 582 162 102 48 444 910 768 552 164 889 814 226 0 833 161 223 982 275 306 202 338 531 73 166 295 617 689 367 830 668 583 732 415 128 441 896 39 729 437 466 154 222 607 208 737 984 558 518 530 273 859 695 833 627 559 992 927 380 928 643 859 617 763 141 285 60 354 14 628 836 607 816 
631 714 402 13 201 391 977 249 529 344 658 121 290 395 324 951 460 219 470 442 833 0 738 294 592 897 527 894 150 759 828 646 482 408 966 470 391 740 141 977 875 204 341 20 194 52 280 914 410 106 62 41 366 675 586 350 877 105 232 542 255 221 325 287 136 608 233 953 342 754 346 182 419 324 128 377 324 542 588 101 
82 953 525 948 279 807 582 546 668 733 271 317 206 578 901 555 440 829 912 382 161 738 0 575 281 511 231 598 599 844 673 168 208 605 151 789 233 340 30 445 24 756 852 157 439 538 201 669 134 426 405 576 615 622 414 63 179 623 738 553 428 478 546 972 285 729 840 387 260 984 539 581 822 530 691 142 121 89 554 816 
781 589 269 746 728 698 424 508 362 210 736 243 840 464 491 194 558 955 30 860 223 294 575 0 163 276 677 968 375 390 878 350 144 708 271 685 213 769 516 432 359 336 479 558 628 646 197 839 877 779 730 305 50 279 916 710 643 636 203 620 978 593 441 87 136 994 956 813 609 558 698 475 785 324 378 223 471 711 172 613 
669 4 30 286 719 836 774 422 321 591 496 325 119 544 560 263 631 164 238 169 982 592 281 163 0 190 403 368 549 96 402 439 711 430 430 897 701 744 427 138 70 143 836 833 60 351 24 624 683 720 887 617 375 90 115 493 366 483 850 727 961 24 665 757 556 240 853 942 581 496 922 856 371 440 376 71 829 240 797 787 
223 812 567 314 637 465 681 308 93 313 761 454 829 538 511 626 596 658 641 884 275 897 511 276 190 0 503 996 467 682 271 161 66 404 28 962 699 246 419 342 194 491 109 761 705 661 199 837 157 433 567 247 510 464 638 989 811 424 514 250 316 666 900 918 847 790 381 356 974 34 979 674 110 797 519 885 320 418 37 326 
516 334 417 94 389 74 374 759 390 581 789 574 635 748 438 380 333 50 403 954 306 527 231 677 403 503 0 529 509 132 565 986 668 721 93 189 343 916 974 428 879 544 298 115 148 497 989 802 598 572 623 758 453 827 728 122 535 1000 860 136 750 410 607 506 557 164 400 763 677 401 892 411 745 156 206 990 734 468 313 220 
404 102 712 408 596 236 153 691 410 365 956 620 467 776 650 213 491 137 502 299 202 894 598 968 368 996 529 0 937 344 282 884 633 777 687 420 754 670 705 93 649 270 266 121 570 670 959 878 170 947 111 425 552 445 646 665 659 232 827 227 751 56 696 320 488 428 265 631 409 582 393 653 41 500 820 579 332 226 461 57 
469 150 378 16 301 946 739 488 528 325 519 82 274 878 402 495 501 479 89 407 338 150 599 375 549 467 509 937 0 472 504 414 947 45 708 477 191 923 304 864 161 495 788 600 888 768 319 211 586 286 335 13 459 443 357 81 583 69 835 783 938 705 803 465 680 135 502 651 935 12 106 635 567 127 256 499 389 39 786 875 
172 195 289 419 574 946 271 922 523 216 314 272 168 406 428 446 509 99 487 429 531 759 844 390 96 682 132 344 472 0 982 778 933 892 331 483 61 281 687 722 622 17 850 827 878 9 41 812 322 709 726 159 577 682 146 632 580 344 393 605 535 547 288 188 863 395 135 114 885 320 854 84 657 80 890 572 116 384 363 64 
591 265 531 353 656 497 129 539 226 805 634 496 656 775 97 984 248 113 98 971 73 828 673 878 402 271 565 282 504 982 0 979 343 13 182 466 847 641 873 834 910 375 527 46 751 806 495 664 42 593 218 385 815 360 216 25 250 478 585 708 390 191 68 252 963 135 303 112 141 324 53 812 82 560 951 360 648 35 904 940 
636 477 547 211 949 401 569 452 744 647 328 213 401 584 210 63 544 23 623 309 166 646 168 350 439 161 986 884 414 778 979 0 22 305 222 713 516 414 192 608 281 746 961 309 408 555 936 845 758 789 943 917 656 962 880 708 183 791 276 472 629 129 990 813 54 161 599 211 440 522 419 869 642 757 262 908 443 790 74 55 
758 861 334 153 482 404 840 627 844 681 993 11 876 536 781 317 156 497 567 251 295 482 208 144 711 66 668 633 947 933 343 22 0 199 642 460 293 831 574 809 983 109 745 861 727 534 247 277 228 607 796 842 750 153 475 469 967 480 655 776 525 988 793 972 447 901 784 208 684 18 840 246 714 699 756 510 99 660 423 619 
200 541 129 147 535 576 506 914 127 384 274 964 402 278 76 321 208 583 114 806 617 408 605 708 430 404 721 777 45 892 13 305 199 0 808 147 483 80 92 471 149 491 893 926 176 369 268 431 649 356 853 834 657 831 400 645 723 962 862 694 770 816 305 279 165 542 917 632 379 315 365 384 92 458 111 563 910 174 835 226 
293 635 441 536 660 220 832 858 543 164 132 385 731 549 173 577 998 36 333 983 689 966 151 271 430 28 93 687 708 331 182 222 642 808 0 8 728 134 84 658 243 398 314 761 974 849 346 667 17 732 938 260 358 827 367 184 611 500 285 137 163 930 265 923 248 794 521 865 108 613 628 313 358 421 743 331 521 729 341 810 
514 50 979 983 90 596 225 157 127 455 237 707 1 398 616 513 563 2 965 952 367 470 789 685 897 962 189 420 477 483 466 713 460 147 8 0 397 217 75 663 729 607 455 321 700 486 750 533 211 145 976 66 754 971 388 60 302 433 384 189 957 639 494 402 433 333 543 849 750 844 41 627 869 77 762 536 24 625 791 215 
357 468 4 161 936 653 641 337 218 845 833 205 550 880 528 696 260 127 857 587 830 391 233 213 701 699 343 754 191 61 847 516 293 483 728 397 0 865 93 736 846 452 210 687 633 587 669 238 733 514 180 134 825 312 220 860 707 902 420 784 622 413 649 63 966 695 429 376 92 188 264 504 9 827 420 478 533 509 923 351 
98 799 953 699 724 520 595 160 271 865 74 646 777 558 315 73 395 946 694 225 668 740 340 769 744 246 916 670 923 281 641 414 831 80 134 217 865 0 883 445 589 991 819 511 658 377 566 710 884 321 986 350 418 427 29 28 117 909 416 572 145 413 397 598 519 822 633 344 340 30 521 397 59 583 594 821 898 933 126 862 
473 251 464 489 691 304 642 595 687 688 827 492 137 388 379 263 276 225 581 705 583 141 30 516 427 419 974 705 304 687 873 192 574 92 84 75 93 883 0 340 724 959 39 237 884 290 410 19 900 680 233 109 401 6 492 387 71 690 744 488 828 420 383 863 428 826 251 261 309 405 230 975 997 284 102 573 367 414 384 998 
823 767 705 607 519 789 426 211 55 905 434 634 714 753 120 441 58 652 88 852 732 977 445 432 138 342 428 93 864 722 834 608 809 471 658 663 736 445 340 0 723 266 939 396 758 722 28 944 629 842 665 54 655 685 235 545 446 915 630 131 641 385 531 136 605 784 288 379 315 135 338 623 343 890 500 783 733 235 816 436 
303 343 312 812 326 793 51 311 589 97 356 260 402 907 874 497 470 705 529 756 415 875 24 359 70 194 879 649 161 622 910 281 983 149 243 729 846 589 724 723 0 580 612 528 635 847 165 770 968 963 262 961 814 318 557 972 421 878 772 353 123 929 903 642 874 309 980 265 948 95 654 199 697 71 687 853 314 870 593 104 
998 445 818 229 120 273 608 250 734 19 769 366 848 22 795 992 103 343 381 458 128 204 756 336 143 491 544 270 495 17 375 746 109 491 398 607 452 991 959 266 580 0 876 949 633 181 101 237 810 401 522 641 313 83 428 453 642 510 376 715 194 484 26 316 875 379 286 802 156 751 762 596 363 419 460 362 121 252 680 617 
313 738 277 132 387 636 194 567 965 856 645 559 395 267 538 105 718 645 343 467 441 341 852 479 836 109 298 266 788 850 527 961 745 893 314 455 210 819 39 939 612 876 0 224 362 297 690 712 706 458 470 912 439 932 191 955 666 399 657 68 368 194 448 195 973 515 874 425 106 408 275 687 354 106 336 73 331 733 56 115 
158 844 768 953 759 636 130 818 362 224 986 220 566 764 878 244 813 236 729 681 896 20 157 558 833 761 115 121 600 827 46 309 861 926 761 321 687 511 237 396 528 949 224 0 535 686 558 637 169 429 730 186 890 194 178 550 398 46 332 51 756 382 912 597 211 620 559 260 454 676 307 583 758 626 733 243 320 635 327 76 
152 825 529 560 178 876 215 639 107 210 35 635 734 79 208 826 127 568 60 960 39 194 439 628 60 705 148 570 888 878 751 408 727 176 974 700 633 658 884 758 635 633 362 535 0 964 73 216 422 585 782 865 933 18 787 418 17 908 737 406 146 817 516 254 572 857 328 644 416 414 824 159 563 868 182 435 112 983 980 700 
143 828 132 410 111 248 192 431 749 720 337 354 587 837 145 706 822 483 275 712 729 52 538 646 351 661 497 670 768 9 806 555 534 369 849 486 587 377 290 722 847 181 297 686 964 0 207 105 789 890 272 61 718 562 903 530 484 508 458 167 274 892 285 670 255 596 534 399 653 413 150 352 901 462 149 429 66 189 518 503 
556 222 190 515 688 600 528 158 860 117 250 916 901 456 445 996 411 406 823 400 437 280 201 197 24 199 989 959 319 41 495 936 247 268 346 750 669 566 410 28 165 101 690 558 73 207 0 486 248 683 49 768 636 625 597 305 777 231 471 539 998 661 256 149 517 421 443 171 283 412 681 384 816 829 335 899 150 141 337 263 
225 196 176 367 517 512 45 378 140 610 626 588 316 934 51 573 699 698 666 611 466 914 669 839 624 837 802 878 211 812 664 845 277 431 667 533 238 710 19 944 770 237 712 637 216 105 486 0 318 469 41 971 338 784 724 504 85 941 133 779 108 445 807 848 735 557 531 894 864 794 467 161 504 824 762 683 282 835 148 710 
579 696 986 386 547 707 942 615 301 69 354 408 525 808 768 137 479 447 818 527 154 410 134 877 683 157 598 170 586 322 42 758 228 649 17 211 733 884 900 629 968 810 706 169 422 789 248 318 0 46 103 338 635 81 845 669 315 150 371 681 615 601 505 101 116 836 697 219 432 844 866 784 602 703 652 216 970 774 239 276 
211 716 371 865 295 549 265 723 306 229 867 703 508 672 574 951 947 931 351 109 222 106 426 779 720 433 572 947 286 709 593 789 607 356 732 145 514 321 680 842 963 401 458 429 585 890 683 469 46 0 91 35 111 742 248 173 69 258 890 1 503 662 529 473 643 481 577 298 506 640 950 867 977 934 948 243 251 539 857 468 
351 3 450 556 508 218 984 468 502 99 427 110 273 887 559 65 624 731 153 436 607 62 405 730 887 567 623 111 335 726 218 943 796 853 938 976 180 986 233 665 262 522 470 730 782 272 49 41 103 91 0 863 838 391 970 10 544 536 662 943 872 864 374 705 707 191 827 446 616 249 700 394 819 492 801 270 150 628 663 494 
428 861 364 383 600 995 929 531 524 399 506 941 505 650 770 877 241 716 84 176 208 41 576 305 617 247 758 425 13 159 385 917 842 834 260 66 134 350 109 54 961 641 912 186 865 61 768 971 338 35 863 0 721 665 112 229 441 567 894 551 323 554 173 115 968 241 914 745 279 849 996 666 398 129 803 410 861 391 655 44 
576 653 766 534 709 451 868 675 794 201 113 229 545 764 55 829 982 328 793 669 737 366 615 50 375 510 453 552 459 577 815 656 750 657 358 754 825 418 401 655 814 313 439 890 933 718 636 338 635 111 838 721 0 847 657 24 572 978 740 906 180 190 329 711 391 126 623 154 621 549 326 670 972 400 266 676 437 343 425 644 
692 353 745 111 902 95 193 432 986 174 640 145 47 97 39 223 5 328 430 976 984 675 622 279 90 464 827 445 443 682 360 962 153 831 827 971 312 427 6 685 318 83 932 194 18 562 625 784 81 742 391 665 847 0 934 951 797 135 104 656 456 20 718 8 812 657 768 962 217 512 706 886 241 446 277 866 793 907 8 540 
540 874 608 715 734 189 369 350 153 106 884 992 45 452 922 209 626 623 603 593 558 586 414 916 115 638 728 646 357 146 216 880 475 400 367 388 220 29 492 235 557 428 191 178 787 903 597 724 845 248 970 112 657 934 0 116 884 95 789 634 363 314 603 202 547 773 381 792 524 503 632 537 810 377 858 640 476 602 124 624 
790 225 823 126 103 653 171 866 317 647 660 955 412 304 655 835 885 62 43 192 518 350 63 710 493 989 122 665 81 632 25 708 469 645 184 60 860 28 387 545 972 453 955 550 418 530 305 504 669 173 10 229 24 951 116 0 470 552 793 112 535 909 122 710 911 871 59 688 123 508 204 429 568 539 236 587 500 863 875 376 
184 396 118 908 758 283 338 831 94 168 333 197 845 8 855 304 958 122 410 313 530 877 179 643 366 811 535 659 583 580 250 183 967 723 611 302 707 117 71 446 421 642 666 398 17 484 777 85 315 69 544 441 572 797 884 470 0 223 253 845 31 658 723 987 451 389 284 208 171 663 473 712 758 116 841 482 413 713 783 316 
91 407 684 887 961 321 765 161 973 988 500 552 873 248 840 176 550 686 576 284 273 105 623 636 483 424 1000 232 69 344 478 791 480 962 500 433 902 909 690 915 878 510 399 46 908 508 231 941 150 258 536 567 978 135 95 552 223 0 6 890 314 577 850 80 805 576 230 169 140 779 316 168 730 306 652 788 501 490 773 706 
514 195 789 276 498 680 164 539 736 248 950 888 149 25 124 831 105 209 134 878 859 232 738 203 850 514 860 827 835 393 585 276 655 862 285 384 420 416 744 630 772 376 657 332 737 458 471 133 371 890 662 894 740 104 789 793 253 6 0 829 399 86 96 680 54 791 775 985 357 723 893 148 201 571 526 614 768 572 336 622 
531 733 504 832 693 726 928 487 806 887 633 168 154 708 217 457 334 394 325 65 695 542 553 620 727 250 136 227 783 605 708 472 776 694 137 189 784 572 488 131 353 715 68 51 406 167 539 779 681 1 943 551 906 656 634 112 845 890 829 0 448 593 829 853 343 637 320 765 315 516 334 974 845 472 718 305 990 602 514 180 
456 945 444 235 507 973 879 539 7 846 435 341 81 760 716 83 131 137 388 259 833 255 428 978 961 316 750 751 938 535 390 629 525 770 163 957 622 145 828 641 123 194 368 756 146 274 998 108 615 503 872 323 180 456 363 535 31 314 399 448 0 462 590 41 464 669 619 556 743 139 307 911 271 909 521 705 984 655 251 611 
420 666 903 734 7 910 523 922 482 93 603 941 130 824 27 280 782 281 684 528 627 221 478 593 24 666 410 56 705 547 191 129 988 816 930 639 413 413 420 385 929 484 194 382 817 892 661 445 601 662 864 554 190 20 314 909 658 577 86 593 462 0 549 914 780 447 525 463 596 152 564 963 587 678 370 694 377 844 295 210 
252 43 114 247 743 667 329 970 985 169 987 242 979 626 533 529 352 517 714 560 559 325 546 441 665 900 607 696 803 288 68 990 793 305 265 494 649 397 383 531 903 26 448 912 516 285 256 807 505 529 374 173 329 718 603 122 723 850 96 829 590 549 0 828 532 901 907 643 71 352 275 288 979 391 195 863 757 318 952 284 
407 977 566 89 309 145 891 999 518 302 560 541 693 252 433 658 474 414 486 906 992 287 972 87 757 918 506 320 465 188 252 813 972 279 923 402 63 598 863 136 642 316 195 597 254 670 149 848 101 473 705 115 711 8 202 710 987 80 680 853 41 914 828 0 455 832 306 566 290 862 624 312 370 987 724 761 914 26 509 391 
84 346 582 171 408 706 816 404 557 413 691 180 852 852 701 551 593 843 702 417 927 136 285 136 556 847 557 488 680 863 963 54 447 165 248 433 966 519 428 605 874 875 973 211 572 255 517 735 116 643 707 968 391 812 547 911 451 805 54 343 464 780 532 455 0 411 894 853 505 754 171 867 424 17 261 887 467 501 289 190 
390 488 555 812 941 442 619 279 972 88 551 38 822 471 234 953 767 767 372 559 380 608 729 994 240 790 164 428 135 395 135 161 901 542 794 333 695 822 826 784 309 379 515 620 857 596 421 557 836 481 191 241 126 657 773 871 389 576 791 637 669 447 901 832 411 0 326 583 145 649 949 192 643 719 388 133 882 480 398 666 
300 419 405 720 971 229 211 12 397 616 805 141 318 54 619 882 45 399 750 244 928 233 840 956 853 381 400 265 502 135 303 599 784 917 521 543 429 633 251 288 980 286 874 559 328 534 443 531 697 577 827 914 623 768 381 59 284 230 775 320 619 525 907 306 894 326 0 485 39 473 959 740 567 266 270 645 852 211 266 186 
899 425 526 471 867 522 236 915 128 195 102 883 810 355 774 836 272 213 597 444 643 953 387 813 942 356 763 631 651 114 112 211 208 632 865 849 376 344 261 379 265 802 425 260 644 399 171 894 219 298 446 745 154 962 792 688 208 169 985 765 556 463 643 566 853 583 485 0 62 418 489 460 990 4 677 275 306 656 776 939 
638 917 659 372 826 46 191 929 363 644 559 943 372 857 862 921 385 861 896 800 859 342 260 609 581 974 677 409 935 885 141 440 684 379 108 750 92 340 309 315 948 156 106 454 416 653 283 864 432 506 616 279 621 217 524 123 171 140 357 315 743 596 71 290 505 145 39 62 0 258 860 320 619 607 147 237 584 456 559 810 
874 304 548 483 502 351 380 194 833 405 714 360 993 172 348 726 504 681 982 719 617 754 984 558 496 34 401 582 12 320 324 522 18 315 613 844 188 30 405 135 95 751 408 676 414 413 412 794 844 640 249 849 549 512 503 508 663 779 723 516 139 152 352 862 754 649 473 418 258 0 787 816 725 340 885 356 104 579 248 499 
4 230 121 683 634 327 825 712 983 639 587 404 848 473 266 686 102 39 126 417 763 346 539 698 922 979 892 393 106 854 53 419 840 365 628 41 264 521 230 338 654 762 275 307 824 150 681 467 866 950 700 996 326 706 632 204 473 316 893 334 307 564 275 624 171 949 959 489 860 787 0 618 470 235 660 662 208 741 341 397 
825 593 546 550 600 620 271 699 291 383 207 548 384 795 914 451 607 168 949 841 141 182 581 475 856 674 411 653 635 84 812 869 246 384 313 627 504 397 975 623 199 596 687 583 159 352 384 161 784 867 394 666 670 886 537 429 712 168 148 974 911 963 288 312 867 192 740 460 320 816 618 0 742 616 551 642 817 162 199 831 
234 956 722 730 625 652 714 475 312 693 338 715 17 955 555 373 658 582 601 526 285 419 822 785 371 110 745 41 567 657 82 642 714 92 358 869 9 59 997 343 697 363 354 758 563 901 816 504 602 977 819 398 972 241 810 568 758 730 201 845 271 587 979 370 424 643 567 990 619 725 470 742 0 570 400 520 599 701 135 357 
849 638 835 592 238 897 148 486 745 551 1 886 378 526 128 193 784 668 317 568 60 324 530 324 440 797 156 500 127 80 560 757 699 458 421 77 827 583 284 890 71 419 106 626 868 462 829 824 703 934 492 129 400 446 377 539 116 306 571 472 909 678 391 987 17 719 266 4 607 340 235 616 570 0 897 346 232 588 396 993 
839 438 737 989 444 888 848 41 204 653 767 243 701 461 416 521 210 728 193 250 354 128 691 378 376 519 206 820 256 890 951 262 756 111 743 762 420 594 102 500 687 460 336 733 182 149 335 762 652 948 801 803 266 277 858 236 841 652 526 718 521 370 195 724 261 388 270 677 147 885 660 551 400 897 0 58 639 759 475 445 
156 800 813 909 957 434 452 418 496 424 329 935 544 311 958 2 836 634 264 869 14 377 142 223 71 885 990 579 499 572 360 908 510 563 331 536 478 821 573 783 853 362 73 243 435 429 899 683 216 243 270 410 676 866 640 587 482 788 614 305 705 694 863 761 887 133 645 275 237 356 662 642 520 346 58 0 640 171 135 695 
820 705 331 650 456 162 562 288 93 487 983 924 961 466 515 675 486 593 854 840 628 324 121 471 829 320 734 332 389 116 648 443 99 910 521 24 533 898 367 733 314 121 331 320 112 66 150 282 970 251 150 861 437 793 476 500 413 501 768 990 984 377 757 914 467 882 852 306 584 104 208 817 599 232 639 640 0 829 195 286 
411 939 521 334 890 496 456 139 870 879 697 729 861 935 54 699 313 189 82 142 836 542 89 711 240 418 468 226 39 384 35 790 660 174 729 625 509 933 414 235 870 252 733 635 983 189 141 835 774 539 628 391 343 907 602 863 713 490 572 602 655 844 318 26 501 480 211 656 456 579 741 162 701 588 759 171 829 0 634 760 
716 333 973 684 816 640 300 908 779 900 477 418 527 488 912 75 492 526 841 266 607 588 554 172 797 37 313 461 786 363 904 74 423 835 341 791 923 126 384 816 593 680 56 327 980 518 337 148 239 857 663 655 425 8 124 875 783 773 336 514 251 295 952 509 289 398 266 776 559 248 341 199 135 396 475 135 195 634 0 462 
41 846 988 566 814 918 139 380 957 190 596 978 123 475 64 361 758 202 699 908 816 101 816 613 787 326 220 57 875 64 940 55 619 226 810 215 351 862 998 436 104 617 115 76 700 503 263 710 276 468 494 44 644 540 624 376 316 706 622 180 611 210 284 391 190 666 186 939 810 499 397 831 357 993 445 695 286 760 462 0 
0 894 80 984 891 549 627 761 544 66 649 159 353 851 792 246 529 617 343 641 16 78 544 589 228 85 414 801 723 358 615 715 519 514 736 332 704 122 97 96 248 872 356 31 174 647 354 420 609 880 583 342 611 669 746 154 665 93 821 686 499 399 483 785 586 126 387 741 832 288 289 457 778 72 459 180 811 774 922 995 
894 0 551 824 830 348 125 381 314 268 538 612 64 564 125 623 205 455 83 810 753 891 511 579 809 394 420 481 894 768 729 262 322 877 349 313 96 487 494 451 419 140 528 560 477 300 111 16 372 460 767 681 547 622 223 25 137 825 556 571 809 470 47 945 413 403 250 641 722 311 326 153 199 572 683 135 667 94 378 412 
80 551 0 963 168 653 148 577 230 192 753 101 778 884 894 198 92 529 958 549 52 706 171 245 429 524 896 604 594 141 506 437 592 864 636 584 381 441 262 766 368 537 582 158 681 732 290 705 593 72 485 668 593 803 947 673 452 656 612 143 873 280 773 631 709 938 515 814 435 552 459 354 795 706 343 647 617 374 577 482 
984 824 963 0 3 548 123 812 363 970 905 92 762 846 840 493 120 861 494 705 667 611 563 757 485 250 435 485 206 758 276 678 131 154 359 890 421 639 441 831 210 29 183 389 756 666 447 362 972 250 796 461 555 292 389 765 523 568 105 880 556 245 747 259 458 617 118 873 678 510 359 827 927 586 966 588 293 43 385 297 
891 830 168 3 0 673 263 722 351 484 751 103 716 945 663 582 565 938 981 28 403 630 845 984 198 468 413 253 607 945 642 606 841 196 677 292 411 565 449 120 93 342 191 816 487 55 148 943 647 272 502 757 637 980 708 104 397 685 309 920 687 549 256 96 439 255 482 445 993 742 395 449 842 978 878 527 384 200 778 836 
549 348 653 548 673 0 627 330 695 280 120 364 248 235 671 682 487 196 274 312 634 668 331 347 400 453 56 332 308 557 99 885 331 70 59 937 258 392 137 299 181 645 687 985 735 877 864 499 764 972 31 634 751 449 214 570 487 879 297 87 293 108 636 316 271 620 537 443 866 415 659 269 638 443 811 453 630 438 379 608 
627 125 148 123 263 627 0 488 531 659 214 722 787 260 421 538 543 975 380 456 300 553 976 384 715 788 560 728 300 211 764 73 511 992 841 585 575 591 734 408 134 871 124 212 652 693 638 493 5 849 763 705 895 970 541 27 544 307 893 877 569 525 76 761 499 629 409 144 312 157 635 276 566 266 998 36 29 950 92 362 
761 381 577 812 722 330 488 0 463 791 293 101 648 701 412 505 965 200 657 453 636 322 316 881 405 23 753 375 8 576 409 512 977 645 136 392 167 629 641 838 783 542 232 86 920 195 178 123 604 991 341 206 49 186 445 191 125 677 184 778 104 935 243 571 873 497 757 300 826 633 112 277 268 936 431 541 209 499 753 418 
544 314 230 363 351 695 531 463 0 362 592 469 346 303 64 781 603 856 950 383 960 482 538 756 575 662 144 733 930 327 188 824 378 555 336 19 489 137 536 969 227 209 806 410 726 761 242 155 520 667 842 887 75 554 465 616 328 575 287 712 450 90 398 947 25 568 573 724 761 277 81 459 108 938 981 201 788 410 819 473 
66 268 192 970 484 280 659 791 362 0 511 37 712 344 169 437 581 288 550 419 50 196 808 712 418 519 290 606 161 576 779 775 197 836 320 883 373 657 938 453 674 568 484 639 685 238 218 912 24 657 213 870 216 512 594 364 792 868 310 344 679 731 479 138 88 785 838 376 894 792 142 374 603 799 589 228 314 589 723 452 
649 538 753 905 751 120 214 293 592 511 0 144 431 636 793 963 453 217 503 788 29 333 227 476 718 85 306 894 228 244 621 791 11 456 304 947 532 617 662 396 207 948 283 237 572 92 509 437 976 738 586 228 912 799 422 410 636 756 822 811 790 496 159 962 472 404 644 86 473 583 988 757 762 867 567 316 669 518 808 605 
159 612 101 92 103 364 722 101 469 37 144 0 748 615 780 660 471 868 268 626 164 610 699 871 532 959 433 903 849 397 448 726 218 33 894 814 356 263 580 841 356 329 934 731 271 570 784 775 551 270 100 497 782 283 616 775 750 619 848 89 72 705 901 234 701 332 782 981 935 546 69 487 661 727 61 830 535 190 189 836 
353 64 778 762 716 248 787 648 346 712 431 748 0 473 562 999 899 917 242 494 240 56 431 40 644 816 598 932 348 514 181 299 825 4 577 277 878 291 112 484 955 975 810 661 515 725 860 587 901 518 408 440 438 420 383 844 667 892 282 893 450 399 816 571 773 578 433 519 537 535 399 472 80 530 802 90 264 917 7 181 
851 564 884 846 945 235 260 701 303 344 636 615 473 0 789 69 911 476 863 345 37 209 201 630 830 393 852 947 525 383 180 824 608 407 574 375 327 825 126 722 430 237 691 484 723 200 191 875 523 251 918 334 221 238 825 329 974 527 184 321 453 825 744 574 484 731 647 969 637 889 143 699 436 925 811 35 271 453 7 402 
792 125 894 840 663 671 421 412 64 169 793 780 562 789 0 35 681 245 801 729 563 503 837 663 528 889 14 403 255 931 456 96 730 538 658 685 799 784 318 495 230 112 344 794 215 200 680 75 196 919 644 842 1 903 600 314 533 591 338 205 614 66 649 306 365 786 232 508 637 105 267 712 580 452 988 751 982 423 98 189 
246 623 198 493 582 682 538 505 781 437 963 660 999 69 35 0 700 373 519 453 323 767 176 35 609 848 170 283 625 549 377 815 705 617 588 330 676 781 441 830 913 294 693 402 736 258 594 652 319 34 70 431 339 103 828 446 997 776 633 375 240 31 376 85 606 450 596 753 462 157 541 60 728 798 475 807 839 623 37 718 
529 205 92 120 565 487 543 965 603 581 453 471 899 911 681 700 0 236 145 938 188 510 528 531 833 750 261 536 581 555 688 421 465 450 495 219 45 763 662 758 697 233 347 193 642 396 770 566 795 711 483 302 825 433 307 476 669 652 573 824 585 893 241 549 802 724 749 96 82 894 726 572 85 826 440 811 696 199 967 484 
617 455 529 861 938 196 975 200 856 288 217 868 917 476 245 373 236 0 476 671 719 194 368 822 87 70 201 220 514 378 870 343 356 813 68 824 226 450 356 34 840 909 513 294 7 822 668 932 591 604 706 210 592 8 935 684 314 900 425 1000 365 559 745 198 196 327 431 436 989 512 576 839 265 869 688 679 569 575 528 85 
343 83 958 494 981 274 380 657 950 550 503 268 242 863 801 519 145 476 0 704 583 193 103 452 635 50 176 51 144 104 84 480 609 183 845 547 807 290 876 323 689 907 122 631 5 206 458 63 439 527 234 765 258 61 137 232 424 318 325 630 362 281 184 708 920 995 125 735 495 904 606 615 439 755 70 135 407 576 588 716 
641 810 549 705 28 312 456 453 383 419 788 626 494 345 729 453 938 671 704 0 271 268 846 594 88 787 832 688 275 275 934 121 930 6 804 277 608 133 992 929 576 423 447 218 97 479 652 346 615 584 587 76 813 503 995 706 252 215 860 457 47 616 986 171 130 990 534 4 600 369 592 233 63 843 241 999 372 699 419 882 
16 753 52 667 403 634 300 636 960 50 29 164 240 37 563 323 188 719 583 271 0 760 404 213 627 784 479 732 244 443 680 970 371 225 295 85 98 790 249 733 989 338 911 797 43 740 896 407 23 38 166 605 976 899 264 268 235 246 364 380 676 353 497 250 491 637 159 993 969 943 624 948 211 947 175 96 699 921 641 927 
78 891 706 611 630 668 553 322 482 196 333 610 56 209 503 767 510 194 193 268 760 0 259 480 107 676 879 145 710 881 664 443 757 98 751 503 429 421 363 555 442 561 352 211 526 506 967 907 942 179 65 272 451 888 762 215 529 260 625 591 491 423 442 196 93 261 680 256 413 522 238 556 977 744 461 711 6 799 612 697 
544 511 171 563 845 331 976 316 538 808 227 699 431 201 837 176 528 368 103 846 404 259 0 59 978 592 971 714 350 785 627 781 398 120 40 557 171 905 500 475 849 777 695 497 841 939 558 334 514 646 417 919 387 565 592 164 355 261 724 451 102 867 633 479 1000 349 4 509 471 296 266 901 154 864 73 395 5 602 768 125 
589 579 245 757 984 347 384 881 756 712 476 871 40 630 663 35 531 822 452 594 213 480 59 0 235 608 481 496 390 751 269 664 917 537 52 940 547 696 513 76 748 179 150 354 86 215 737 736 555 60 660 240 492 835 889 690 722 227 327 953 45 680 674 124 148 305 38 230 699 914 697 576 709 142 405 213 95 212 452 908 
228 809 429 485 198 400 715 405 575 418 718 532 644 830 528 609 833 87 635 88 627 107 978 235 0 681 562 541 476 107 445 852 354 963 782 265 154 778 287 267 65 940 172 926 818 762 168 68 710 14 536 176 4 508 670 916 524 417 256 732 459 293 249 574 181 861 666 674 672 123 789 288 699 492 444 833 863 339 786 772 
85 394 524 250 468 453 788 23 662 519 85 959 816 393 889 848 750 70 50 787 784 676 592 608 681 0 388 648 626 718 442 714 55 655 789 346 4 784 571 475 887 360 153 208 419 477 333 823 146 197 772 54 499 257 567 577 816 285 629 188 816 324 356 136 992 728 885 78 48 470 265 898 12 533 222 487 258 504 468 468 
414 420 896 435 413 56 560 753 144 290 306 433 598 852 14 170 261 201 176 832 479 879 971 481 562 388 0 859 134 998 319 916 929 134 66 437 836 948 946 18 458 635 675 338 303 324 35 702 718 880 649 783 886 851 670 454 54 916 878 611 150 903 374 135 8 56 860 740 610 925 780 141 869 71 148 684 69 405 568 721 
801 481 604 485 253 332 728 375 733 606 894 903 932 947 403 283 536 220 51 688 732 145 714 496 541 648 859 0 831 181 411 616 796 687 771 815 644 971 825 538 997 115 665 135 479 418 318 993 143 181 769 189 594 39 700 872 957 98 674 907 947 289 950 218 689 405 597 652 231 631 468 26 136 720 546 403 507 446 48 182 
723 894 594 206 607 308 300 8 930 161 228 849 348 525 255 625 581 514 144 275 244 710 350 390 476 626 134 831 0 219 467 230 638 589 375 308 201 886 92 706 282 277 967 526 273 700 281 800 180 675 196 395 905 894 628 515 547 331 331 416 931 140 537 285 308 699 983 459 419 385 728 820 325 388 364 700 60 616 850 796 
358 768 141 758 945 557 211 576 327 576 244 397 514 383 931 549 555 378 104 275 443 881 785 751 107 718 998 181 219 0 437 431 243 624 572 245 432 200 680 972 551 25 802 119 710 353 198 703 162 650 514 4 439 812 354 75 640 697 179 461 632 544 231 249 968 484 102 806 850 713 284 313 254 441 790 958 35 193 26 40 
615 729 506 276 642 99 764 409 188 779 621 448 181 180 456 377 688 870 84 934 680 664 627 269 445 442 319 411 467 437 0 604 778 153 573 73 899 993 488 597 494 554 81 552 306 486 31 428 203 685 266 724 507 596 682 3 771 861 652 142 389 516 176 333 928 585 61 438 466 741 456 540 113 164 622 101 283 161 147 966 
715 262 437 678 606 885 73 512 824 775 791 726 299 824 96 815 421 343 480 121 970 443 781 664 852 714 916 616 230 431 604 0 461 76 370 757 878 523 111 411 563 766 980 221 287 382 587 135 843 2 204 86 302 817 913 413 293 769 17 732 817 65 734 893 422 760 401 53 828 989 680 348 815 837 301 752 929 924 162 748 
519 322 592 131 841 331 511 977 378 197 11 218 825 608 730 705 465 356 609 930 371 757 398 917 354 55 929 796 638 243 778 461 0 31 701 434 341 446 498 614 342 382 422 706 354 155 257 69 620 808 580 899 907 578 452 596 145 575 471 153 629 383 322 972 530 810 887 872 780 298 617 92 335 394 154 8 512 560 606 691 
514 877 864 154 196 70 992 645 555 836 456 33 4 407 538 617 450 813 183 6 225 98 120 537 963 655 134 687 589 624 153 76 31 0 307 433 452 768 534 497 179 29 547 720 256 758 560 406 546 319 725 812 85 777 678 533 445 396 1000 454 341 354 755 130 715 707 680 851 463 178 306 508 87 11 236 302 804 868 738 633 
736 349 636 359 677 59 841 136 336 320 304 894 577 574 658 588 495 68 845 804 295 751 40 52 782 789 66 771 375 572 573 370 701 307 0 408 511 573 334 320 356 311 364 25 547 449 555 684 243 755 567 503 114 812 623 162 108 719 414 135 833 526 853 975 588 594 571 971 170 445 219 145 294 922 225 972 760 698 751 606 
332 313 584 890 292 937 585 392 19 883 947 814 277 375 685 330 219 824 547 277 85 503 557 940 265 346 437 815 308 245 73 757 434 433 408 0 294 194 142 885 465 596 135 279 448 591 552 475 276 201 199 581 337 598 178 193 166 515 983 859 930 606 683 392 587 463 282 441 874 371 122 137 169 315 618 811 204 561 969 455 
704 96 381 421 411 258 575 167 489 373 532 356 878 327 799 676 45 226 807 608 98 429 171 547 154 4 836 644 201 432 899 878 341 452 511 294 0 90 837 773 544 284 207 159 674 895 780 220 971 724 446 456 459 600 142 910 965 987 347 787 673 482 422 848 461 586 450 599 123 795 940 78 163 70 236 170 304 19 649 114 
122 487 441 639 565 392 591 629 137 657 617 263 291 825 784 781 763 450 290 133 790 421 905 696 778 784 948 971 886 200 993 523 446 768 573 194 90 0 208 174 112 891 779 477 607 643 345 441 500 178 836 977 577 426 299 617 216 496 551 73 126 475 347 404 265 839 753 979 742 511 398 426 18 215 80 904 829 561 568 393 
97 494 262 441 449 137 734 641 536 938 662 580 112 126 318 441 662 356 876 992 249 363 500 513 287 571 946 825 92 680 488 111 498 534 334 142 837 208 0 379 572 741 751 547 802 931 801 327 602 169 547 343 577 726 374 646 544 28 466 412 491 955 241 389 59 783 518 401 537 217 587 508 830 697 476 193 615 459 440 749 
96 451 766 831 120 299 408 838 969 453 396 841 484 722 495 830 758 34 323 929 733 555 475 76 267 475 18 538 706 972 597 411 614 497 320 885 773 174 379 0 967 228 100 812 883 466 866 887 679 417 991 101 449 566 663 539 660 938 320 387 536 95 344 948 436 686 714 456 819 157 621 339 70 705 499 959 678 304 826 372 
248 419 368 210 93 181 134 783 227 674 207 356 955 430 230 913 697 840 689 576 989 442 849 748 65 887 458 997 282 551 494 563 342 179 356 465 544 112 572 967 0 922 552 513 748 570 957 273 446 826 28 843 735 23 716 645 46 933 150 386 83 657 376 388 780 232 965 510 839 802 960 305 985 218 133 630 827 155 560 465 
872 140 537 29 342 645 871 542 209 568 948 329 975 237 112 294 233 909 907 423 338 561 777 179 940 360 635 115 277 25 554 766 382 29 311 596 284 891 741 228 922 0 754 997 946 76 445 864 691 455 907 231 268 342 679 466 614 639 478 925 29 759 55 150 1 569 589 389 424 399 377 265 234 307 603 517 328 347 905 178 
356 528 582 183 191 687 124 232 806 484 283 934 810 691 344 693 347 513 122 447 911 352 695 150 172 153 675 665 967 802 81 980 422 547 364 135 207 779 751 100 552 754 0 99 244 349 899 640 356 510 405 305 669 871 636 973 917 606 444 502 685 90 201 353 929 852 54 337 504 483 93 418 465 128 803 309 46 950 412 315 
31 560 158 389 816 985 212 86 410 639 237 731 661 484 794 402 193 294 631 218 797 211 497 354 926 208 338 135 526 119 552 221 706 720 25 279 159 477 547 812 513 997 99 0 567 733 88 264 415 142 160 713 646 505 493 150 332 218 913 547 24 786 532 629 662 314 621 330 55 377 741 315 76 42 57 269 784 354 916 247 
174 477 681 756 487 735 652 920 726 685 572 271 515 723 215 736 642 7 5 97 43 526 841 86 818 419 303 479 273 710 306 287 354 256 547 448 674 607 802 883 748 946 244 567 0 506 206 68 632 674 995 721 448 328 791 397 379 57 801 951 686 488 492 594 20 985 411 991 278 496 823 733 844 942 46 565 577 845 145 238 
647 300 732 666 55 877 693 195 761 238 92 570 725 200 200 258 396 822 206 479 740 506 939 215 762 477 324 418 700 353 486 382 155 758 449 591 895 643 931 466 570 76 349 733 506 0 183 516 536 350 75 763 448 611 693 947 43 656 366 22 624 291 470 697 609 833 350 21 965 850 293 108 420 439 821 143 940 281 170 243 
354 111 290 447 148 864 638 178 242 218 509 784 860 191 680 594 770 668 458 652 896 967 558 737 168 333 35 318 281 198 31 587 257 560 555 552 780 345 801 866 957 445 899 88 206 183 0 99 68 928 142 461 678 700 516 58 355 233 717 650 64 718 367 442 174 742 81 426 706 829 491 498 416 434 315 738 684 833 398 614 
420 16 705 362 943 499 493 123 155 912 437 775 587 875 75 652 566 932 63 346 407 907 334 736 68 823 702 993 800 703 428 135 69 406 684 475 220 441 327 887 273 864 640 264 68 516 99 0 962 468 183 809 807 863 258 922 437 526 69 713 181 642 823 762 673 183 661 610 794 910 925 261 840 733 413 729 512 516 314 271 
609 372 593 972 647 764 5 604 520 24 976 551 901 523 196 319 795 591 439 615 23 942 514 555 710 146 718 143 180 162 203 843 620 546 243 276 971 500 602 679 446 691 356 415 632 536 68 962 0 358 169 180 888 530 837 867 791 500 646 164 532 576 737 263 642 456 558 521 692 26 810 676 646 820 427 373 89 609 286 945 
880 460 72 250 272 972 849 991 667 657 738 270 518 251 919 34 711 604 527 584 38 179 646 60 14 197 880 181 675 650 685 2 808 319 755 201 724 178 169 417 826 455 510 142 674 350 928 468 358 0 26 64 863 383 212 872 801 308 789 280 560 972 621 607 608 230 123 403 806 874 728 793 551 315 270 530 788 72 681 734 
583 767 485 796 502 31 763 341 842 213 586 100 408 918 644 70 483 706 234 587 166 65 417 660 536 772 649 769 196 514 266 204 580 725 567 199 446 836 547 991 28 907 405 160 995 75 142 183 169 26 0 6 605 530 732 304 813 291 949 350 97 316 306 502 631 194 817 429 631 142 512 22 726 487 350 767 282 891 444 403 
342 681 668 461 757 634 705 206 887 870 228 497 440 334 842 431 302 210 765 76 605 272 919 240 176 54 783 189 395 4 724 86 899 812 503 581 456 977 343 101 843 231 305 713 721 763 461 809 180 64 6 0 154 525 282 489 69 860 626 487 561 357 184 356 838 606 612 415 565 655 739 256 684 492 340 366 530 654 775 249 
611 547 593 555 637 751 895 49 75 216 912 782 438 221 1 339 825 592 258 813 976 451 387 492 4 499 886 594 905 439 507 302 907 85 114 337 459 577 577 449 735 268 669 646 448 448 678 807 888 863 605 154 0 786 161 775 1 912 188 595 606 226 644 593 228 376 534 440 506 217 835 958 861 814 55 238 631 313 645 659 
669 622 803 292 980 449 970 186 554 512 799 283 420 238 903 103 433 8 61 503 899 888 565 835 508 257 851 39 894 812 596 817 578 777 812 598 600 426 726 566 23 342 871 505 328 611 700 863 530 383 530 525 786 0 460 758 771 312 391 331 667 221 602 291 569 59 244 541 402 814 518 283 233 619 262 939 846 573 552 996 
746 223 947 389 708 214 541 445 465 594 422 616 383 825 600 828 307 935 137 995 264 762 592 889 670 567 670 700 628 354 682 913 452 678 623 178 142 299 374 663 716 679 636 493 791 693 516 258 837 212 732 282 161 460 0 488 114 217 950 649 848 273 847 693 449 877 247 715 47 919 742 855 683 556 971 767 601 479 456 656 
154 25 673 765 104 570 27 191 616 364 410 775 844 329 314 446 476 684 232 706 268 215 164 690 916 577 454 872 515 75 3 413 596 533 162 193 910 617 646 539 645 466 973 150 397 947 58 922 867 872 304 489 775 758 488 0 514 79 732 292 57 431 554 407 556 109 424 382 825 357 258 564 316 728 508 192 807 760 599 384 
665 137 452 523 397 487 544 125 328 792 636 750 667 974 533 997 669 314 424 252 235 529 355 722 524 816 54 957 547 640 771 293 145 445 108 166 965 216 544 660 46 614 917 332 379 43 355 437 791 801 813 69 1 771 114 514 0 327 504 648 223 727 331 562 735 12 725 244 324 718 587 576 299 413 294 709 122 296 940 156 
93 825 656 568 685 879 307 677 575 868 756 619 892 527 591 776 652 900 318 215 246 260 261 227 417 285 916 98 331 697 861 769 575 396 719 515 987 496 28 938 933 639 606 218 57 656 233 526 500 308 291 860 912 312 217 79 327 0 338 83 58 392 984 892 750 401 458 508 610 557 912 529 330 990 432 811 948 386 808 318 
821 556 612 105 309 297 893 184 287 310 822 848 282 184 338 633 573 425 325 860 364 625 724 327 256 629 878 674 331 179 652 17 471 1000 414 983 347 551 466 320 150 478 444 913 801 366 717 69 646 789 949 626 188 391 950 732 504 338 0 184 913 474 193 950 316 345 753 394 279 977 850 824 207 539 442 194 863 462 851 997 
686 571 143 880 920 87 877 778 712 344 811 89 893 321 205 375 824 1000 630 457 380 591 451 953 732 188 611 907 416 461 142 732 153 454 135 859 787 73 412 387 386 925 502 547 951 22 650 713 164 280 350 487 595 331 649 292 648 83 184 0 520 961 704 433 125 305 961 855 647 408 627 557 646 652 145 247 692 246 563 328 
499 809 873 556 687 293 569 104 450 679 790 72 450 453 614 240 585 365 362 47 676 491 102 45 459 816 150 947 931 632 389 817 629 341 833 930 673 126 491 536 83 29 685 24 686 624 64 181 532 560 97 561 606 667 848 57 223 58 913 520 0 835 676 653 571 279 124 510 117 238 49 520 949 659 363 797 317 879 277 196 
399 470 280 245 549 108 525 935 90 731 496 705 399 825 66 31 893 559 281 616 353 423 867 680 293 324 903 289 140 544 516 65 383 354 526 606 482 475 955 95 657 759 90 786 488 291 718 642 576 972 316 357 226 221 273 431 727 392 474 961 835 0 533 622 499 623 702 873 138 564 389 680 484 960 84 717 715 991 493 387 
483 47 773 747 256 636 76 243 398 479 159 901 816 744 649 376 241 745 184 986 497 442 633 674 249 356 374 950 537 231 176 734 322 755 853 683 422 347 241 344 376 55 201 532 492 470 367 823 737 621 306 184 644 602 847 554 331 984 193 704 676 533 0 831 595 481 584 463 660 645 230 43 781 416 487 866 486 387 707 385 
785 945 631 259 96 316 761 571 947 138 962 234 571 574 306 85 549 198 708 171 250 196 479 124 574 136 135 218 285 249 333 893 972 130 975 392 848 404 389 948 388 150 353 629 594 697 442 762 263 607 502 356 593 291 693 407 562 892 950 433 653 622 831 0 437 843 338 988 998 156 948 665 18 138 869 809 947 378 356 211 
586 413 709 458 439 271 499 873 25 88 472 701 773 484 365 606 802 196 920 130 491 93 1000 148 181 992 8 689 308 968 928 422 530 715 588 587 461 265 59 436 780 1 929 662 20 609 174 673 642 608 631 838 228 569 449 556 735 750 316 125 571 499 595 437 0 91 797 485 581 629 521 764 139 870 138 169 316 31 589 277 
126 403 938 617 255 620 629 497 568 785 404 332 578 731 786 450 724 327 995 990 637 261 349 305 861 728 56 405 699 484 585 760 810 707 594 463 586 839 783 686 232 569 852 314 985 833 742 183 456 230 194 606 376 59 877 109 12 401 345 305 279 623 481 843 91 0 669 450 209 771 675 839 218 429 740 598 755 528 77 512 
387 250 515 118 482 537 409 757 573 838 644 782 433 647 232 596 749 431 125 534 159 680 4 38 666 885 860 597 983 102 61 401 887 680 571 282 450 753 518 714 965 589 54 621 411 350 81 661 558 123 817 612 534 244 247 424 725 458 753 961 124 702 584 338 797 669 0 714 482 337 766 382 51 91 316 446 670 274 590 322 
741 641 814 873 445 443 144 300 724 376 86 981 519 969 508 753 96 436 735 4 993 256 509 230 674 78 740 652 459 806 438 53 872 851 971 441 599 979 401 456 510 389 337 330 991 21 426 610 521 403 429 415 440 541 715 382 244 508 394 855 510 873 463 988 485 450 714 0 114 741 434 321 948 438 963 152 634 715 418 459 
832 722 435 678 993 866 312 826 761 894 473 935 537 637 637 462 82 989 495 600 969 413 471 699 672 48 610 231 419 850 466 828 780 463 170 874 123 742 537 819 839 424 504 55 278 965 706 794 692 806 631 565 506 402 47 825 324 610 279 647 117 138 660 998 581 209 482 114 0 437 776 37 24 359 321 4 588 630 81 219 
288 311 552 510 742 415 157 633 277 792 583 546 535 889 105 157 894 512 904 369 943 522 296 914 123 470 925 631 385 713 741 989 298 178 445 371 795 511 217 157 802 399 483 377 496 850 829 910 26 874 142 655 217 814 919 357 718 557 977 408 238 564 645 156 629 771 337 741 437 0 720 836 440 973 517 897 631 664 494 586 
289 326 459 359 395 659 635 112 81 142 988 69 399 143 267 541 726 576 606 592 624 238 266 697 789 265 780 468 728 284 456 680 617 306 219 122 940 398 587 621 960 377 93 741 823 293 491 925 810 728 512 739 835 518 742 258 587 912 850 627 49 389 230 948 521 675 766 434 776 720 0 385 138 475 269 644 658 97 81 684 
457 153 354 827 449 269 276 277 459 374 757 487 472 699 712 60 572 839 615 233 948 556 901 576 288 898 141 26 820 313 540 348 92 508 145 137 78 426 508 339 305 265 418 315 733 108 498 261 676 793 22 256 958 283 855 564 576 529 824 557 520 680 43 665 764 839 382 321 37 836 385 0 387 27 382 389 784 991 311 804 
778 199 795 927 842 638 566 268 108 603 762 661 80 436 580 728 85 265 439 63 211 977 154 709 699 12 869 136 325 254 113 815 335 87 294 169 163 18 830 70 985 234 465 76 844 420 416 840 646 551 726 684 861 233 683 316 299 330 207 646 949 484 781 18 139 218 51 948 24 440 138 387 0 393 384 862 686 521 609 390 
72 572 706 586 978 443 266 936 938 799 867 727 530 925 452 798 826 869 755 843 947 744 864 142 492 533 71 720 388 441 164 837 394 11 922 315 70 215 697 705 218 307 128 42 942 439 434 733 820 315 487 492 814 619 556 728 413 990 539 652 659 960 416 138 870 429 91 438 359 973 475 27 393 0 506 737 916 604 652 402 
459 683 343 966 878 811 998 431 981 589 567 61 802 811 988 475 440 688 70 241 175 461 73 405 444 222 148 546 364 790 622 301 154 236 225 618 236 80 476 499 133 603 803 57 46 821 315 413 427 270 350 340 55 262 971 508 294 432 442 145 363 84 487 869 138 740 316 963 321 517 269 382 384 506 0 861 614 301 905 834 
180 135 647 588 527 453 36 541 201 228 316 830 90 35 751 807 811 679 135 999 96 711 395 213 833 487 684 403 700 958 101 752 8 302 972 811 170 904 193 959 630 517 309 269 565 143 738 729 373 530 767 366 238 939 767 192 709 811 194 247 797 717 866 809 169 598 446 152 4 897 644 389 862 737 861 0 424 589 537 745 
811 667 617 293 384 630 29 209 788 314 669 535 264 271 982 839 696 569 407 372 699 6 5 95 863 258 69 507 60 35 283 929 512 804 760 204 304 829 615 678 827 328 46 784 577 940 684 512 89 788 282 530 631 846 601 807 122 948 863 692 317 715 486 947 316 755 670 634 588 631 658 784 686 916 614 424 0 573 616 271 
774 94 374 43 200 438 950 499 410 589 518 190 917 453 423 623 199 575 576 699 921 799 602 212 339 504 405 446 616 193 161 924 560 868 698 561 19 561 459 304 155 347 950 354 845 281 833 516 609 72 891 654 313 573 479 760 296 386 462 246 879 991 387 378 31 528 274 715 630 664 97 991 521 604 301 589 573 0 503 223 
922 378 577 385 778 379 92 753 819 723 808 189 7 7 98 37 967 528 588 419 641 612 768 452 786 468 568 48 850 26 147 162 606 738 751 969 649 568 440 826 560 905 412 916 145 170 398 314 286 681 444 775 645 552 456 599 940 808 851 563 277 493 707 356 589 77 590 418 81 494 81 311 609 652 905 537 616 503 0 397 
995 412 482 297 836 608 362 418 473 452 605 836 181 402 189 718 484 85 716 882 927 697 125 908 772 468 721 182 796 40 966 748 691 633 606 455 114 393 749 372 465 178 315 247 238 243 614 271 945 734 403 249 659 996 656 384 156 318 997 328 196 387 385 211 277 512 322 459 219 586 684 804 390 402 834 745 271 223 397 0 
