15 2
0 691 813 340 330 211 409 414 473 732 95 116 47 212 363 
691 0 822 549 990 128 503 394 510 272 92 615 56 192 397 
813 822 0 434 902 862 491 842 441 990 210 558 660 213 848 
340 549 434 0 345 464 999 723 111 641 24 948 547 251 369 
330 990 902 345 0 206 685 569 754 166 154 724 255 62 813 
211 128 862 464 206 0 86 712 815 268 569 491 905 998 282 
409 503 491 999 685 86 0 668 408 610 468 149 790 984 321 
414 394 842 723 569 712 668 0 325 81 515 473 747 783 323 
473 510 441 111 754 815 408 325 0 746 315 252 698 110 535 
732 272 990 641 166 268 610 81 746 0 810 52 543 126 906 
95 92 210 24 154 569 468 515 315 810 0 486 386 285 143 
116 615 558 948 724 491 149 473 252 52 486 0 254 544 992 
47 56 660 547 255 905 790 747 698 543 386 254 0 405 138 
212 192 213 251 62 998 984 783 110 126 285 544 405 0 911 
363 397 848 369 813 282 321 323 535 906 143 992 138 911 0 
0 442 316 437 709 961 190 242 580 844 907 633 308 476 609 
442 0 680 222 762 773 548 687 903 760 727 51 745 606 967 
316 680 0 229 101 755 803 340 470 390 355 118 354 686 111 
437 222 229 0 109 989 247 937 786 937 622 21 566 713 41 
709 762 101 109 0 37 262 239 528 800 321 536 210 768 446 
961 773 755 989 37 0 54 895 24 351 484 443 906 363 855 
190 548 803 247 262 54 0 528 831 833 621 280 695 854 687 
242 687 340 937 239 895 528 0 82 514 894 637 864 275 447 
580 903 470 786 528 24 831 82 0 721 410 164 571 1000 462 
844 760 390 937 800 351 833 514 721 0 23 261 290 479 940 
907 727 355 622 321 484 621 894 410 23 0 696 229 517 630 
633 51 118 21 536 443 280 637 164 261 696 0 295 763 984 
308 745 354 566 210 906 695 864 571 290 229 295 0 144 175 
476 606 686 713 768 363 854 275 1000 479 517 763 144 0 400 
609 967 111 41 446 855 687 447 462 940 630 984 175 400 0 
0 822 909 37 510 145 161 917 596 365 444 427 562 887 933 
822 0 797 917 45 683 555 244 26 278 366 762 71 273 63 
909 797 0 598 756 505 91 270 646 549 282 411 224 456 668 
37 917 598 0 812 153 722 438 591 213 448 927 327 290 498 
510 45 756 812 0 756 821 647 874 785 746 289 789 30 852 
145 683 505 153 756 0 375 111 854 950 18 404 136 467 76 
161 555 91 722 821 375 0 550 608 29 164 479 845 204 160 
917 244 270 438 647 111 550 0 809 708 795 495 371 568 695 
596 26 646 591 874 854 608 809 0 494 723 154 730 298 160 
365 278 549 213 785 950 29 708 494 0 742 325 814 522 83 
444 366 282 448 746 18 164 795 723 742 0 700 714 659 293 
427 762 411 927 289 404 479 495 154 325 700 0 497 331 306 
562 71 224 327 789 136 845 371 730 814 714 497 0 783 347 
887 273 456 290 30 467 204 568 298 522 659 331 783 0 840 
933 63 668 498 852 76 160 695 160 83 293 306 347 840 0 
