20 4
0 463 694 517 533 200 699 288 952 722 662 554 320 536 599 891 610 314 855 201 
463 0 517 805 903 372 641 912 759 278 805 51 862 23 963 167 173 618 983 816 
694 517 0 75 195 313 126 860 876 147 864 99 910 620 792 915 338 473 999 137 
517 805 75 0 917 871 327 333 635 952 396 79 691 651 890 31 846 389 843 601 
533 903 195 917 0 963 814 551 715 19 590 421 824 967 441 446 545 990 624 248 
200 372 313 871 963 0 282 188 781 32 90 719 456 306 613 975 458 654 117 282 
699 641 126 327 814 282 0 10 156 247 989 815 387 23 223 870 183 306 303 151 
288 912 860 333 551 188 10 0 125 96 229 654 132 474 78 364 824 174 839 880 
952 759 876 635 715 781 156 125 0 668 124 900 295 149 624 737 644 960 521 660 
722 278 147 952 19 32 247 96 668 0 835 712 207 51 947 407 487 722 92 363 
662 805 864 396 590 90 989 229 124 835 0 586 898 400 379 328 269 264 235 764 
554 51 99 79 421 719 815 654 900 712 586 0 189 349 23 213 633 550 695 658 
320 862 910 691 824 456 387 132 295 207 898 189 0 890 937 810 878 635 813 277 
536 23 620 651 967 306 23 474 149 51 400 349 890 0 45 30 545 637 622 61 
599 963 792 890 441 613 223 78 624 947 379 23 937 45 0 789 474 680 527 247 
891 167 915 31 446 975 870 364 737 407 328 213 810 30 789 0 3 488 18 676 
610 173 338 846 545 458 183 824 644 487 269 633 878 545 474 3 0 212 941 670 
314 618 473 389 990 654 306 174 960 722 264 550 635 637 680 488 212 0 281 908 
855 983 999 843 624 117 303 839 521 92 235 695 813 622 527 18 941 281 0 488 
201 816 137 601 248 282 151 880 660 363 764 658 277 61 247 676 670 908 488 0 
0 170 900 165 77 351 910 501 364 638 519 915 7 591 459 350 436 669 145 428 
170 0 152 400 377 113 811 312 871 642 1 253 632 426 426 37 53 360 53 541 
900 152 0 294 447 955 262 386 365 884 821 827 807 411 77 676 689 1 355 622 
165 400 294 0 675 664 248 955 503 41 759 346 450 215 168 952 928 36 739 454 
77 377 447 675 0 579 367 390 586 456 39 770 277 948 492 89 516 447 846 697 
351 113 955 664 579 0 928 645 756 655 145 496 275 437 87 616 485 831 68 206 
910 811 262 248 367 928 0 101 431 878 907 451 694 341 395 435 148 926 676 491 
501 312 386 955 390 645 101 0 691 582 874 582 224 226 525 355 685 449 153 804 
364 871 365 503 586 756 431 691 0 186 301 332 68 590 218 389 253 484 991 658 
638 642 884 41 456 655 878 582 186 0 974 480 342 534 161 429 118 856 631 666 
519 1 821 759 39 145 907 874 301 974 0 207 41 705 520 481 463 331 286 765 
915 253 827 346 770 496 451 582 332 480 207 0 238 260 456 886 168 432 808 802 
7 632 807 450 277 275 694 224 68 342 41 238 0 47 127 299 418 83 545 84 
591 426 411 215 948 437 341 226 590 534 705 260 47 0 667 617 735 503 611 62 
459 426 77 168 492 87 395 525 218 161 520 456 127 667 0 389 404 212 10 615 
350 37 676 952 89 616 435 355 389 429 481 886 299 617 389 0 939 649 984 694 
436 53 689 928 516 485 148 685 253 118 463 168 418 735 404 939 0 366 398 781 
669 360 1 36 447 831 926 449 484 856 331 432 83 503 212 649 366 0 630 422 
145 53 355 739 846 68 676 153 991 631 286 808 545 611 10 984 398 630 0 120 
428 541 622 454 697 206 491 804 658 666 765 802 84 62 615 694 781 422 120 0 
0 502 811 333 128 582 610 821 529 536 780 539 418 415 299 410 143 482 39 481 
502 0 787 8 191 18 945 574 928 553 113 323 524 467 305 30 352 188 360 695 
811 787 0 310 477 889 969 778 92 898 616 770 560 438 377 732 280 518 569 270 
333 8 310 0 105 751 540 890 622 196 830 266 910 11 337 920 889 44 498 43 
128 191 477 105 0 751 323 152 108 199 538 472 773 701 835 886 394 470 358 734 
582 18 889 751 751 0 455 409 668 626 151 129 403 90 787 320 893 806 352 227 
610 945 969 540 323 455 0 133 815 593 573 131 921 60 760 462 465 999 455 196 
821 574 778 890 152 409 133 0 396 988 983 821 239 51 485 86 769 806 460 765 
529 928 92 622 108 668 815 396 0 288 361 93 168 541 242 127 230 800 745 312 
536 553 898 196 199 626 593 988 288 0 920 661 803 946 206 409 2 877 682 278 
780 113 616 830 538 151 573 983 361 920 0 292 188 983 529 19 363 217 260 979 
539 323 770 266 472 129 131 821 93 661 292 0 216 520 327 898 111 784 960 957 
418 524 560 910 773 403 921 239 168 803 188 216 0 105 10 80 669 27 689 1 
415 467 438 11 701 90 60 51 541 946 983 520 105 0 879 503 693 532 847 319 
299 305 377 337 835 787 760 485 242 206 529 327 10 879 0 87 136 377 589 322 
410 30 732 920 886 320 462 86 127 409 19 898 80 503 87 0 806 662 449 738 
143 352 280 889 394 893 465 769 230 2 363 111 669 693 136 806 0 299 428 441 
482 188 518 44 470 806 999 806 800 877 217 784 27 532 377 662 299 0 872 663 
39 360 569 498 358 352 455 460 745 682 260 960 689 847 589 449 428 872 0 147 
481 695 270 43 734 227 196 765 312 278 979 957 1 319 322 738 441 663 147 0 
0 509 478 497 120 70 552 262 536 723 236 612 942 825 774 637 565 570 375 380 
509 0 909 696 457 29 661 691 697 450 889 108 828 436 841 409 226 393 288 878 
478 909 0 253 468 834 697 352 301 399 642 489 591 695 332 382 895 8 307 316 
497 696 253 0 267 369 96 839 437 815 561 281 143 357 386 777 919 49 691 122 
120 457 468 267 0 278 266 602 710 415 15 608 381 943 248 52 619 201 637 262 
70 29 834 369 278 0 269 940 930 266 369 686 41 412 321 445 828 711 582 62 
552 661 697 96 266 269 0 492 316 567 975 396 781 551 940 613 63 941 257 329 
262 691 352 839 602 940 492 0 714 659 908 740 274 616 404 98 773 461 68 548 
536 697 301 437 710 930 316 714 0 426 958 390 996 546 233 112 194 901 462 201 
723 450 399 815 415 266 567 659 426 0 859 518 533 507 454 247 160 304 468 791 
236 889 642 561 15 369 975 908 958 859 0 557 271 184 632 879 321 536 556 604 
612 108 489 281 608 686 396 740 390 518 557 0 666 423 297 795 437 303 592 609 
942 828 591 143 381 41 781 274 996 533 271 666 0 463 451 327 861 30 822 813 
825 436 695 357 943 412 551 616 546 507 184 423 463 0 901 505 788 359 176 818 
774 841 332 386 248 321 940 404 233 454 632 297 451 901 0 2 362 338 780 695 
637 409 382 777 52 445 613 98 112 247 879 795 327 505 2 0 219 460 965 657 
565 226 895 919 619 828 63 773 194 160 321 437 861 788 362 219 0 58 554 851 
570 393 8 49 201 711 941 461 901 304 536 303 30 359 338 460 58 0 994 800 
375 288 307 691 637 582 257 68 462 468 556 592 822 176 780 965 554 994 0 673 
380 878 316 122 262 62 329 548 201 791 604 609 813 818 695 657 851 800 673 0 
0 321 589 216 93 340 847 545 310 75 186 913 439 671 336 530 663 599 157 313 
321 0 25 130 434 17 856 566 703 685 384 174 389 214 182 350 334 24 631 148 
589 25 0 8 360 817 31 500 322 674 489 631 617 853 346 662 527 121 479 362 
216 130 8 0 108 176 456 590 554 393 1000 553 74 409 197 871 674 120 803 199 
93 434 360 108 0 157 445 526 470 104 193 770 57 87 390 205 61 567 683 617 
340 17 817 176 157 0 730 79 437 986 646 163 252 642 390 404 641 912 169 60 
847 856 31 456 445 730 0 389 766 647 683 624 865 596 903 467 80 556 994 580 
545 566 500 590 526 79 389 0 679 291 279 822 251 546 571 275 987 776 641 490 
310 703 322 554 470 437 766 679 0 503 245 756 33 388 297 330 426 764 733 587 
75 685 674 393 104 986 647 291 503 0 890 644 175 733 562 715 241 348 940 724 
186 384 489 1000 193 646 683 279 245 890 0 499 349 659 603 648 977 44 661 136 
913 174 631 553 770 163 624 822 756 644 499 0 356 354 831 383 293 279 927 442 
439 389 617 74 57 252 865 251 33 175 349 356 0 800 269 193 202 184 979 67 
671 214 853 409 87 642 596 546 388 733 659 354 800 0 875 864 780 785 587 352 
336 182 346 197 390 390 903 571 297 562 603 831 269 875 0 611 52 227 25 481 
530 350 662 871 205 404 467 275 330 715 648 383 193 864 611 0 733 452 660 588 
663 334 527 674 61 641 80 987 426 241 977 293 202 780 52 733 0 485 571 698 
599 24 121 120 567 912 556 776 764 348 44 279 184 785 227 452 485 0 509 767 
157 631 479 803 683 169 994 641 733 940 661 927 979 587 25 660 571 509 0 117 
313 148 362 199 617 60 580 490 587 724 136 442 67 352 481 588 698 767 117 0 
