80 3
0 147 534 761 735 506 482 77 902 976 452 875 108 696 934 257 750 798 103 981 938 179 348 729 993 937 256 607 620 480 270 809 727 689 755 563 555 851 635 339 70 793 728 28 862 872 640 970 512 456 150 300 265 575 646 64 491 62 237 448 123 322 719 882 994 301 922 834 34 148 710 303 472 908 771 477 470 752 506 902 
147 0 322 583 383 875 996 198 496 121 210 250 461 577 316 531 964 978 379 400 366 194 253 68 162 191 103 556 797 374 27 813 374 284 936 220 964 613 701 598 337 737 313 588 108 606 405 201 211 658 609 670 160 740 307 633 570 393 933 227 892 330 702 228 618 932 733 324 272 79 554 947 120 212 975 824 933 469 783 767 
534 322 0 674 989 644 512 621 537 485 735 990 686 418 699 465 45 159 857 476 894 577 671 28 669 864 748 840 240 898 333 498 287 424 351 831 573 120 63 650 493 153 335 871 42 646 115 548 97 828 79 756 703 564 578 367 538 678 846 79 413 597 787 122 292 655 668 121 225 616 854 801 785 162 952 296 471 907 466 832 
761 583 674 0 143 721 308 288 844 857 700 929 639 293 432 68 969 928 464 950 431 149 18 473 707 438 198 901 254 100 497 935 96 842 817 100 9 408 60 595 142 778 320 524 340 46 803 215 492 446 228 419 458 201 339 958 299 971 877 972 230 666 977 46 644 314 145 746 171 197 924 370 374 962 857 16 14 653 492 225 
735 383 989 143 0 710 661 414 769 593 555 770 90 121 849 536 989 971 426 349 280 380 212 841 752 31 515 677 978 486 883 244 602 951 836 184 531 459 143 32 596 88 812 480 109 609 639 264 378 147 940 63 780 61 111 725 767 859 223 179 346 146 438 633 741 149 134 401 52 762 606 931 143 129 948 784 816 998 645 238 
506 875 644 721 710 0 375 763 907 668 507 182 649 897 795 806 868 199 954 268 975 711 227 60 557 821 610 377 605 988 435 307 385 402 841 809 201 367 279 482 236 322 213 336 582 306 672 806 992 150 563 299 248 678 843 43 289 537 346 595 561 711 839 623 60 982 950 561 929 312 371 292 504 856 242 833 932 74 582 735 
482 996 512 308 661 375 0 556 292 687 671 116 77 607 891 833 839 481 824 662 109 234 666 525 19 603 467 987 398 946 333 1 563 639 382 993 207 752 943 781 476 836 600 79 699 352 199 382 824 76 639 252 986 393 573 128 93 684 151 343 436 869 109 79 259 780 187 629 199 109 623 86 407 693 139 755 390 16 680 392 
77 198 621 288 414 763 556 0 811 93 463 758 170 530 704 671 891 510 591 839 262 339 850 632 195 634 759 146 910 403 77 703 47 338 695 902 466 462 23 874 529 124 861 337 1 363 340 526 676 306 515 524 1 394 496 279 883 794 577 196 995 42 949 481 527 145 942 140 280 125 991 992 531 180 629 131 304 635 779 354 
902 496 537 844 769 907 292 811 0 717 663 557 371 921 544 436 873 663 517 608 279 650 458 567 255 521 69 325 619 236 306 81 53 675 433 927 298 677 559 823 924 825 444 718 799 982 153 956 960 799 227 637 194 428 586 949 19 317 604 121 661 265 438 178 958 754 104 871 228 845 482 311 425 867 107 479 789 334 936 453 
976 121 485 857 593 668 687 93 717 0 817 706 457 691 377 827 41 186 922 814 363 820 704 782 523 912 1000 793 407 424 684 922 147 711 173 33 145 405 478 930 704 503 871 502 99 684 727 873 126 849 174 42 279 263 13 163 814 126 235 691 640 487 956 941 231 134 641 529 26 230 452 166 159 977 281 343 23 971 771 278 
452 210 735 700 555 507 671 463 663 817 0 525 737 409 368 416 939 174 427 403 555 753 563 987 137 129 438 425 464 366 252 142 261 127 475 852 358 568 916 805 696 140 721 778 111 967 787 286 475 374 819 632 18 46 259 796 898 815 986 196 910 776 783 174 316 703 583 324 818 186 407 698 266 612 672 422 286 379 49 92 
875 250 990 929 770 182 116 758 557 706 525 0 495 368 708 376 960 731 108 431 349 148 71 329 932 284 15 386 94 850 347 126 831 897 27 594 634 848 662 902 697 701 72 273 146 61 581 943 421 875 186 592 430 987 934 591 887 340 968 332 214 564 489 878 230 946 655 548 623 507 60 664 841 104 375 927 312 575 232 780 
108 461 686 639 90 649 77 170 371 457 737 495 0 917 397 885 910 394 99 813 895 929 158 487 945 777 823 984 576 592 295 594 904 345 30 325 851 99 585 765 235 999 559 644 23 330 471 753 457 514 711 658 714 725 381 551 205 667 791 528 182 522 226 313 517 540 562 639 561 930 905 198 615 36 484 743 985 129 913 723 
696 577 418 293 121 897 607 530 921 691 409 368 917 0 859 690 574 318 699 707 634 497 120 287 475 41 53 902 966 499 840 880 270 263 408 221 343 310 169 263 945 656 243 125 536 612 363 362 901 305 405 282 983 432 525 107 537 731 915 147 986 586 712 865 969 345 60 636 572 690 897 400 115 836 711 438 139 249 358 656 
934 316 699 432 849 795 891 704 544 377 368 708 397 859 0 18 898 818 629 81 475 224 560 11 57 904 42 481 764 534 838 961 119 220 822 169 233 453 455 320 935 21 854 39 930 60 976 189 271 18 433 56 406 723 46 685 313 899 658 554 232 170 113 666 801 956 717 706 442 292 500 528 464 566 862 271 653 589 361 100 
257 531 465 68 536 806 833 671 436 827 416 376 885 690 18 0 790 703 918 783 381 804 469 994 954 86 490 344 384 212 3 256 447 999 933 8 172 544 558 3 555 373 46 662 496 486 895 959 92 768 274 969 321 248 411 12 230 853 488 338 355 485 91 629 861 51 792 197 821 742 934 958 202 190 636 613 762 445 949 372 
750 964 45 969 989 868 839 891 873 41 939 960 910 574 898 790 0 548 97 281 801 752 795 52 233 410 32 924 567 613 309 995 26 32 796 158 994 574 805 961 156 778 644 764 990 741 528 42 889 658 690 20 331 316 476 360 921 412 277 663 845 681 203 545 51 914 684 9 949 882 464 135 929 93 179 919 606 347 415 898 
798 978 159 928 971 199 481 510 663 186 174 731 394 318 818 703 548 0 382 59 484 764 547 492 72 822 809 891 163 232 307 945 942 230 997 391 250 595 868 761 488 456 521 801 633 241 582 12 688 636 594 479 309 35 910 384 65 917 335 130 253 896 13 857 523 461 482 900 918 365 969 103 430 833 805 139 273 304 549 34 
103 379 857 464 426 954 824 591 517 922 427 108 99 699 629 918 97 382 0 946 75 225 806 263 498 470 810 888 197 606 141 203 882 899 738 70 239 786 262 924 523 184 582 921 476 509 139 568 733 65 20 364 152 898 652 947 387 751 171 467 303 216 625 469 315 871 116 561 782 515 806 737 403 950 554 172 631 617 163 62 
981 400 476 950 349 268 662 839 608 814 403 431 813 707 81 783 281 59 946 0 181 42 319 963 486 420 252 604 134 744 922 496 719 710 146 823 893 276 315 365 909 316 900 569 153 249 975 56 18 973 454 986 240 489 720 581 788 657 378 636 540 246 645 927 973 761 609 165 753 79 660 506 910 785 573 608 858 390 373 380 
938 366 894 431 280 975 109 262 279 363 555 349 895 634 475 381 801 484 75 181 0 545 405 615 28 278 581 442 749 660 263 520 755 985 918 417 723 126 527 953 577 60 888 402 176 411 814 778 447 292 250 981 713 217 376 486 637 608 621 717 309 1 232 385 992 654 683 246 2 51 417 853 834 27 213 288 357 612 257 345 
179 194 577 149 380 711 234 339 650 820 753 148 929 497 224 804 752 764 225 42 545 0 422 152 453 596 610 937 850 605 889 844 745 551 930 636 73 430 996 207 537 77 611 949 804 536 730 20 394 435 408 638 151 542 295 801 961 952 776 462 379 859 357 518 373 686 714 124 41 717 780 216 14 764 189 725 887 667 144 134 
348 253 671 18 212 227 666 850 458 704 563 71 158 120 560 469 795 547 806 319 405 422 0 126 884 511 545 234 890 156 237 554 737 149 259 220 135 764 648 486 973 108 932 143 320 260 441 547 522 159 426 951 206 345 836 399 26 627 204 144 368 758 970 644 174 522 451 568 718 885 138 284 740 639 543 310 672 846 960 254 
729 68 28 473 841 60 525 632 567 782 987 329 487 287 11 994 52 492 263 963 615 152 126 0 790 737 39 899 274 19 122 183 545 232 425 629 325 170 409 143 220 241 154 143 949 215 724 752 588 509 641 508 970 187 12 718 719 270 746 715 406 758 388 520 975 668 780 241 658 14 357 988 701 164 777 310 263 788 556 365 
993 162 669 707 752 557 19 195 255 523 137 932 945 475 57 954 233 72 498 486 28 453 884 790 0 237 945 638 421 902 524 185 534 38 1000 761 704 76 907 158 818 83 579 17 560 137 711 411 333 768 73 728 582 13 326 363 516 144 979 746 984 196 496 714 95 729 490 970 421 189 61 702 513 675 740 26 36 312 286 781 
937 191 864 438 31 821 603 634 521 912 129 284 777 41 904 86 410 822 470 420 278 596 511 737 237 0 958 839 972 67 204 496 871 663 499 113 91 532 516 983 237 996 566 260 468 257 539 385 823 929 990 121 933 246 741 904 121 964 966 358 721 291 78 892 973 379 229 959 327 825 978 253 892 991 810 147 503 461 898 244 
256 103 748 198 515 610 467 759 69 1000 438 15 823 53 42 490 32 809 810 252 581 610 545 39 945 958 0 474 582 335 194 231 958 415 939 38 78 887 665 552 986 947 216 861 266 348 954 473 12 311 712 997 925 738 281 59 802 447 966 612 798 231 308 837 383 365 598 894 432 69 290 546 386 428 283 595 752 535 690 413 
607 556 840 901 677 377 987 146 325 793 425 386 984 902 481 344 924 891 888 604 442 937 234 899 638 839 474 0 478 846 861 120 819 517 206 890 950 912 488 249 717 711 594 325 423 75 874 809 751 516 551 587 16 210 453 736 684 799 507 201 153 962 955 131 481 812 388 630 147 121 873 212 358 796 513 2 793 468 713 381 
620 797 240 254 978 605 398 910 619 407 464 94 576 966 764 384 567 163 197 134 749 850 890 274 421 972 582 478 0 513 84 913 265 960 310 444 328 427 983 955 168 107 888 436 810 337 227 549 186 479 560 367 416 173 147 94 590 585 546 376 956 848 813 402 514 496 503 292 824 953 378 514 384 565 839 806 730 513 811 746 
480 374 898 100 486 988 946 403 236 424 366 850 592 499 534 212 613 232 606 744 660 605 156 19 902 67 335 846 513 0 315 160 935 498 361 713 669 986 692 395 15 639 215 953 654 219 754 906 981 967 860 475 67 439 372 395 508 156 462 225 671 645 319 512 797 587 83 489 362 953 145 374 528 359 512 711 135 863 404 662 
270 27 333 497 883 435 333 77 306 684 252 347 295 840 838 3 309 307 141 922 263 889 237 122 524 204 194 861 84 315 0 141 17 287 138 538 775 187 96 413 74 802 800 886 672 134 609 493 263 1000 145 217 166 193 560 712 971 505 220 321 317 837 92 469 252 668 11 536 602 581 515 243 193 696 493 189 692 346 845 523 
809 813 498 935 244 307 1 703 81 922 142 126 594 880 961 256 995 945 203 496 520 844 554 183 185 496 231 120 913 160 141 0 388 607 849 881 598 475 116 726 219 858 753 527 431 527 714 798 869 37 235 707 167 511 427 499 733 278 118 574 320 417 752 255 103 818 116 474 947 328 246 61 802 212 450 312 179 993 891 546 
727 374 287 96 602 385 563 47 53 147 261 831 904 270 119 447 26 942 882 719 755 745 737 545 534 871 958 819 265 935 17 388 0 34 558 817 185 555 233 5 26 585 773 336 179 132 217 820 317 751 519 466 965 287 920 927 519 347 919 859 968 246 889 100 182 894 302 959 315 183 615 228 452 293 290 476 860 956 110 755 
689 284 424 842 951 402 639 338 675 711 127 897 345 263 220 999 32 230 899 710 985 551 149 232 38 663 415 517 960 498 287 607 34 0 383 991 296 162 745 780 773 44 145 820 15 175 343 262 380 675 360 162 95 323 173 637 706 768 19 820 514 554 692 800 707 341 517 385 984 196 788 368 301 357 766 168 623 63 689 216 
755 936 351 817 836 841 382 695 433 173 475 27 30 408 822 933 796 997 738 146 918 930 259 425 1000 499 939 206 310 361 138 849 558 383 0 12 4 452 661 306 81 286 241 118 90 976 534 84 952 29 387 576 323 562 468 442 103 673 386 83 432 384 855 597 574 672 171 846 487 459 969 692 556 307 929 669 829 324 112 984 
563 220 831 100 184 809 993 902 927 33 852 594 325 221 169 8 158 391 70 823 417 636 220 629 761 113 38 890 444 713 538 881 817 991 12 0 188 394 311 153 665 648 440 697 314 277 448 693 731 810 460 896 602 967 782 549 311 252 164 725 943 462 343 846 274 446 882 887 442 570 453 74 69 629 877 323 332 672 300 46 
555 964 573 9 531 201 207 466 298 145 358 634 851 343 233 172 994 250 239 893 723 73 135 325 704 91 78 950 328 669 775 598 185 296 4 188 0 750 115 727 614 430 404 644 499 755 547 641 25 465 988 664 692 530 294 689 474 613 597 580 130 745 7 30 215 929 46 671 990 658 73 267 733 560 81 893 579 613 774 936 
851 613 120 408 459 367 752 462 677 405 568 848 99 310 453 544 574 595 786 276 126 430 764 170 76 532 887 912 427 986 187 475 555 162 452 394 750 0 457 386 548 144 866 539 477 717 193 336 104 596 39 967 644 377 257 401 278 619 700 294 750 866 434 560 705 97 128 231 186 63 873 658 164 91 914 814 192 681 468 159 
635 701 63 60 143 279 943 23 559 478 916 662 585 169 455 558 805 868 262 315 527 996 648 409 907 516 665 488 983 692 96 116 233 745 661 311 115 457 0 198 124 68 480 764 734 43 250 990 339 654 254 801 405 452 457 799 296 879 253 152 656 383 911 479 51 688 837 13 543 933 24 176 207 337 569 63 695 916 939 97 
339 598 650 595 32 482 781 874 823 930 805 902 765 263 320 3 961 761 924 365 953 207 486 143 158 983 552 249 955 395 413 726 5 780 306 153 727 386 198 0 278 254 102 983 483 708 393 686 594 449 577 817 68 863 647 720 706 512 310 584 305 546 428 602 312 46 123 789 600 592 813 236 228 296 452 667 581 793 25 219 
70 337 493 142 596 236 476 529 924 704 696 697 235 945 935 555 156 488 523 909 577 537 973 220 818 237 986 717 168 15 74 219 26 773 81 665 614 548 124 278 0 159 293 978 696 324 171 803 382 715 234 904 36 152 843 764 760 275 65 451 101 967 160 866 937 823 419 339 399 398 433 290 263 449 108 450 390 478 543 769 
793 737 153 778 88 322 836 124 825 503 140 701 999 656 21 373 778 456 184 316 60 77 108 241 83 996 947 711 107 639 802 858 585 44 286 648 430 144 68 254 159 0 788 564 660 380 18 800 844 633 668 302 111 281 34 542 527 989 799 871 311 830 352 698 890 616 527 122 100 762 352 699 936 622 215 314 8 295 70 18 
728 313 335 320 812 213 600 861 444 871 721 72 559 243 854 46 644 521 582 900 888 611 932 154 579 566 216 594 888 215 800 753 773 145 241 440 404 866 480 102 293 788 0 950 908 520 378 110 693 970 627 433 266 859 572 990 625 434 911 377 187 526 207 220 775 929 535 181 410 740 623 60 149 386 471 484 519 241 647 670 
28 588 871 524 480 336 79 337 718 502 778 273 644 125 39 662 764 801 921 569 402 949 143 143 17 260 861 325 436 953 886 527 336 820 118 697 644 539 764 983 978 564 950 0 694 807 950 843 182 883 4 883 634 879 383 588 189 980 36 722 728 111 106 517 614 898 576 712 782 145 827 767 843 956 616 598 492 341 71 354 
862 108 42 340 109 582 699 1 799 99 111 146 23 536 930 496 990 633 476 153 176 804 320 949 560 468 266 423 810 654 672 431 179 15 90 314 499 477 734 483 696 660 908 694 0 645 360 703 479 616 529 289 346 19 792 469 595 970 184 466 292 62 563 167 167 137 1 655 838 975 397 68 29 806 880 675 214 538 983 521 
872 606 646 46 609 306 352 363 982 684 967 61 330 612 60 486 741 241 509 249 411 536 260 215 137 257 348 75 337 219 134 527 132 175 976 277 755 717 43 708 324 380 520 807 645 0 53 18 558 569 512 944 719 553 126 732 105 296 885 241 541 894 874 70 921 481 861 113 299 137 124 283 673 142 218 920 430 132 412 497 
640 405 115 803 639 672 199 340 153 727 787 581 471 363 976 895 528 582 139 975 814 730 441 724 711 539 954 874 227 754 609 714 217 343 534 448 547 193 250 393 171 18 378 950 360 53 0 364 751 925 244 859 627 867 470 850 470 79 15 822 892 601 594 448 844 622 937 875 411 560 781 789 348 295 581 44 944 221 981 590 
970 201 548 215 264 806 382 526 956 873 286 943 753 362 189 959 42 12 568 56 778 20 547 752 411 385 473 809 549 906 493 798 820 262 84 693 641 336 990 686 803 800 110 843 703 18 364 0 767 89 464 804 641 355 415 697 964 21 650 753 74 897 851 581 622 107 666 307 286 358 99 611 70 882 511 145 742 666 711 727 
512 211 97 492 378 992 824 676 960 126 475 421 457 901 271 92 889 688 733 18 447 394 522 588 333 823 12 751 186 981 263 869 317 380 952 731 25 104 339 594 382 844 693 182 479 558 751 767 0 158 500 527 200 979 758 742 974 602 743 866 584 756 88 744 622 770 470 287 505 275 438 672 953 499 884 697 621 822 601 593 
456 658 828 446 147 150 76 306 799 849 374 875 514 305 18 768 658 636 65 973 292 435 159 509 768 929 311 516 479 967 1000 37 751 675 29 810 465 596 654 449 715 633 970 883 616 569 925 89 158 0 329 656 549 139 698 669 907 347 154 15 188 142 716 467 754 61 937 392 527 590 15 520 702 368 891 856 176 784 772 907 
150 609 79 228 940 563 639 515 227 174 819 186 711 405 433 274 690 594 20 454 250 408 426 641 73 990 712 551 560 860 145 235 519 360 387 460 988 39 254 577 234 668 627 4 529 512 244 464 500 329 0 459 996 726 63 92 570 841 939 254 624 689 862 173 947 297 580 480 954 782 693 923 368 397 279 298 357 857 675 695 
300 670 756 419 63 299 252 524 637 42 632 592 658 282 56 969 20 479 364 986 981 638 951 508 728 121 997 587 367 475 217 707 466 162 576 896 664 967 801 817 904 302 433 883 289 944 859 804 527 656 459 0 448 840 462 381 890 797 892 355 463 420 911 461 263 55 988 751 570 4 143 956 61 416 178 291 924 169 224 636 
265 160 703 458 780 248 986 1 194 279 18 430 714 983 406 321 331 309 152 240 713 151 206 970 582 933 925 16 416 67 166 167 965 95 323 602 692 644 405 68 36 111 266 634 346 719 627 641 200 549 996 448 0 445 666 131 707 697 377 32 495 584 84 553 44 662 766 420 296 385 314 92 567 789 948 986 9 545 690 806 
575 740 564 201 61 678 393 394 428 263 46 987 725 432 723 248 316 35 898 489 217 542 345 187 13 246 738 210 173 439 193 511 287 323 562 967 530 377 452 863 152 281 859 879 19 553 867 355 979 139 726 840 445 0 723 483 899 76 451 881 952 249 8 742 467 281 884 864 705 521 622 173 214 706 507 272 527 219 405 907 
646 307 578 339 111 843 573 496 586 13 259 934 381 525 46 411 476 910 652 720 376 295 836 12 326 741 281 453 147 372 560 427 920 173 468 782 294 257 457 647 843 34 572 383 792 126 470 415 758 698 63 462 666 723 0 710 650 694 127 986 933 906 610 99 678 547 346 294 985 362 573 679 576 934 165 292 603 174 16 218 
64 633 367 958 725 43 128 279 949 163 796 591 551 107 685 12 360 384 947 581 486 801 399 718 363 904 59 736 94 395 712 499 927 637 442 549 689 401 799 720 764 542 990 588 469 732 850 697 742 669 92 381 131 483 710 0 913 364 541 774 321 142 334 192 672 406 689 205 512 360 113 928 890 344 1000 68 413 367 272 392 
491 570 538 299 767 289 93 883 19 814 898 887 205 537 313 230 921 65 387 788 637 961 26 719 516 121 802 684 590 508 971 733 519 706 103 311 474 278 296 706 760 527 625 189 595 105 470 964 974 907 570 890 707 899 650 913 0 692 69 854 584 670 778 748 393 536 834 241 734 590 494 125 632 390 849 910 820 586 165 887 
62 393 678 971 859 537 684 794 317 126 815 340 667 731 899 853 412 917 751 657 608 952 627 270 144 964 447 799 585 156 505 278 347 768 673 252 613 619 879 512 275 989 434 980 970 296 79 21 602 347 841 797 697 76 694 364 692 0 473 832 238 907 774 830 3 706 98 733 17 665 54 760 921 491 657 284 531 989 244 889 
237 933 846 877 223 346 151 577 604 235 986 968 791 915 658 488 277 335 171 378 621 776 204 746 979 966 966 507 546 462 220 118 919 19 386 164 597 700 253 310 65 799 911 36 184 885 15 650 743 154 939 892 377 451 127 541 69 473 0 365 91 20 669 614 187 519 427 412 233 576 687 551 189 565 805 491 284 671 300 161 
448 227 79 972 179 595 343 196 121 691 196 332 528 147 554 338 663 130 467 636 717 462 144 715 746 358 612 201 376 225 321 574 859 820 83 725 580 294 152 584 451 871 377 722 466 241 822 753 866 15 254 355 32 881 986 774 854 832 365 0 333 822 445 724 84 456 541 677 212 939 908 137 241 674 296 787 943 529 879 780 
123 892 413 230 346 561 436 995 661 640 910 214 182 986 232 355 845 253 303 540 309 379 368 406 984 721 798 153 956 671 317 320 968 514 432 943 130 750 656 305 101 311 187 728 292 541 892 74 584 188 624 463 495 952 933 321 584 238 91 333 0 28 3 43 545 732 23 327 61 978 208 662 819 301 976 25 690 119 474 677 
322 330 597 666 146 711 869 42 265 487 776 564 522 586 170 485 681 896 216 246 1 859 758 758 196 291 231 962 848 645 837 417 246 554 384 462 745 866 383 546 967 830 526 111 62 894 601 897 756 142 689 420 584 249 906 142 670 907 20 822 28 0 831 87 645 945 843 534 941 217 697 560 757 742 697 852 157 361 942 799 
719 702 787 977 438 839 109 949 438 956 783 489 226 712 113 91 203 13 625 645 232 357 970 388 496 78 308 955 813 319 92 752 889 692 855 343 7 434 911 428 160 352 207 106 563 874 594 851 88 716 862 911 84 8 610 334 778 774 669 445 3 831 0 825 365 948 275 658 783 328 416 611 436 128 438 814 915 787 536 120 
882 228 122 46 633 623 79 481 178 941 174 878 313 865 666 629 545 857 469 927 385 518 644 520 714 892 837 131 402 512 469 255 100 800 597 846 30 560 479 602 866 698 220 517 167 70 448 581 744 467 173 461 553 742 99 192 748 830 614 724 43 87 825 0 923 675 10 685 651 441 862 290 200 275 967 140 61 120 499 808 
994 618 292 644 741 60 259 527 958 231 316 230 517 969 801 861 51 523 315 973 992 373 174 975 95 973 383 481 514 797 252 103 182 707 574 274 215 705 51 312 937 890 775 614 167 921 844 622 622 754 947 263 44 467 678 672 393 3 187 84 545 645 365 923 0 309 113 534 213 26 480 560 482 672 162 972 721 77 567 652 
301 932 655 314 149 982 780 145 754 134 703 946 540 345 956 51 914 461 871 761 654 686 522 668 729 379 365 812 496 587 668 818 894 341 672 446 929 97 688 46 823 616 929 898 137 481 622 107 770 61 297 55 662 281 547 406 536 706 519 456 732 945 948 675 309 0 782 858 385 924 399 160 147 991 169 941 866 959 512 649 
922 733 668 145 134 950 187 942 104 641 583 655 562 60 717 792 684 482 116 609 683 714 451 780 490 229 598 388 503 83 11 116 302 517 171 882 46 128 837 123 419 527 535 576 1 861 937 666 470 937 580 988 766 884 346 689 834 98 427 541 23 843 275 10 113 782 0 664 257 307 575 683 601 799 176 311 384 530 293 542 
834 324 121 746 401 561 629 140 871 529 324 548 639 636 706 197 9 900 561 165 246 124 568 241 970 959 894 630 292 489 536 474 959 385 846 887 671 231 13 789 339 122 181 712 655 113 875 307 287 392 480 751 420 864 294 205 241 733 412 677 327 534 658 685 534 858 664 0 301 860 434 689 123 519 77 906 246 932 143 404 
34 272 225 171 52 929 199 280 228 26 818 623 561 572 442 821 949 918 782 753 2 41 718 658 421 327 432 147 824 362 602 947 315 984 487 442 990 186 543 600 399 100 410 782 838 299 411 286 505 527 954 570 296 705 985 512 734 17 233 212 61 941 783 651 213 385 257 301 0 212 844 140 576 587 54 441 67 373 596 970 
148 79 616 197 762 312 109 125 845 230 186 507 930 690 292 742 882 365 515 79 51 717 885 14 189 825 69 121 953 953 581 328 183 196 459 570 658 63 933 592 398 762 740 145 975 137 560 358 275 590 782 4 385 521 362 360 590 665 576 939 978 217 328 441 26 924 307 860 212 0 91 760 69 349 412 300 365 176 518 332 
710 554 854 924 606 371 623 991 482 452 407 60 905 897 500 934 464 969 806 660 417 780 138 357 61 978 290 873 378 145 515 246 615 788 969 453 73 873 24 813 433 352 623 827 397 124 781 99 438 15 693 143 314 622 573 113 494 54 687 908 208 697 416 862 480 399 575 434 844 91 0 816 601 768 568 131 923 124 45 749 
303 947 801 370 931 292 86 992 311 166 698 664 198 400 528 958 135 103 737 506 853 216 284 988 702 253 546 212 514 374 243 61 228 368 692 74 267 658 176 236 290 699 60 767 68 283 789 611 672 520 923 956 92 173 679 928 125 760 551 137 662 560 611 290 560 160 683 689 140 760 816 0 188 367 485 510 880 353 500 289 
472 120 785 374 143 504 407 531 425 159 266 841 615 115 464 202 929 430 403 910 834 14 740 701 513 892 386 358 384 528 193 802 452 301 556 69 733 164 207 228 263 936 149 843 29 673 348 70 953 702 368 61 567 214 576 890 632 921 189 241 819 757 436 200 482 147 601 123 576 69 601 188 0 214 45 544 399 283 5 570 
908 212 162 962 129 856 693 180 867 977 612 104 36 836 566 190 93 833 950 785 27 764 639 164 675 991 428 796 565 359 696 212 293 357 307 629 560 91 337 296 449 622 386 956 806 142 295 882 499 368 397 416 789 706 934 344 390 491 565 674 301 742 128 275 672 991 799 519 587 349 768 367 214 0 972 110 500 304 373 925 
771 975 952 857 948 242 139 629 107 281 672 375 484 711 862 636 179 805 554 573 213 189 543 777 740 810 283 513 839 512 493 450 290 766 929 877 81 914 569 452 108 215 471 616 880 218 581 511 884 891 279 178 948 507 165 1000 849 657 805 296 976 697 438 967 162 169 176 77 54 412 568 485 45 972 0 704 311 419 233 820 
477 824 296 16 784 833 755 131 479 343 422 927 743 438 271 613 919 139 172 608 288 725 310 310 26 147 595 2 806 711 189 312 476 168 669 323 893 814 63 667 450 314 484 598 675 920 44 145 697 856 298 291 986 272 292 68 910 284 491 787 25 852 814 140 972 941 311 906 441 300 131 510 544 110 704 0 158 720 808 409 
470 933 471 14 816 932 390 304 789 23 286 312 985 139 653 762 606 273 631 858 357 887 672 263 36 503 752 793 730 135 692 179 860 623 829 332 579 192 695 581 390 8 519 492 214 430 944 742 621 176 357 924 9 527 603 413 820 531 284 943 690 157 915 61 721 866 384 246 67 365 923 880 399 500 311 158 0 233 89 641 
752 469 907 653 998 74 16 635 334 971 379 575 129 249 589 445 347 304 617 390 612 667 846 788 312 461 535 468 513 863 346 993 956 63 324 672 613 681 916 793 478 295 241 341 538 132 221 666 822 784 857 169 545 219 174 367 586 989 671 529 119 361 787 120 77 959 530 932 373 176 124 353 283 304 419 720 233 0 353 702 
506 783 466 492 645 582 680 779 936 771 49 232 913 358 361 949 415 549 163 373 257 144 960 556 286 898 690 713 811 404 845 891 110 689 112 300 774 468 939 25 543 70 647 71 983 412 981 711 601 772 675 224 690 405 16 272 165 244 300 879 474 942 536 499 567 512 293 143 596 518 45 500 5 373 233 808 89 353 0 487 
902 767 832 225 238 735 392 354 453 278 92 780 723 656 100 372 898 34 62 380 345 134 254 365 781 244 413 381 746 662 523 546 755 216 984 46 936 159 97 219 769 18 670 354 521 497 590 727 593 907 695 636 806 907 218 392 887 889 161 780 677 799 120 808 652 649 542 404 970 332 749 289 570 925 820 409 641 702 487 0 
0 960 63 199 317 926 683 323 220 996 807 458 815 468 298 397 963 994 578 145 472 968 606 207 375 693 731 751 454 953 645 421 538 186 210 690 283 690 210 822 506 61 21 800 560 792 568 225 650 149 917 845 207 872 532 13 842 712 740 121 120 149 210 101 444 31 462 722 170 310 462 280 219 371 281 500 757 745 643 167 
960 0 884 815 609 154 961 556 95 193 52 889 433 213 491 188 643 291 937 941 790 327 185 400 931 943 728 965 544 841 471 781 748 427 491 840 365 649 60 332 689 291 8 553 83 463 567 428 235 675 854 309 123 553 666 595 736 745 73 830 765 198 41 564 118 869 88 257 968 281 399 330 826 627 559 602 286 660 416 58 
63 884 0 90 633 919 369 544 164 661 495 571 34 538 1000 982 858 994 872 298 798 216 156 879 720 971 429 409 495 480 235 677 869 255 138 704 566 813 59 468 132 290 126 238 351 938 790 348 153 120 708 561 213 238 519 629 548 496 816 973 633 986 192 629 368 23 541 522 30 925 57 751 712 979 727 786 547 873 971 944 
199 815 90 0 591 1 53 11 596 516 125 716 972 559 475 191 151 888 70 975 244 801 240 541 835 517 531 101 489 964 197 111 671 595 989 73 967 624 964 338 139 38 653 533 617 267 781 95 810 540 460 628 635 733 397 909 856 939 910 116 302 926 710 197 308 485 455 511 568 743 249 384 855 450 877 717 24 176 541 833 
317 609 633 591 0 972 529 912 313 149 296 563 327 232 254 879 910 827 75 792 879 76 47 630 460 974 69 668 730 56 91 594 969 997 721 183 728 853 748 386 218 328 510 420 654 84 248 921 580 148 917 503 232 789 62 270 455 280 141 179 848 68 357 292 851 730 865 626 288 298 403 399 852 561 770 831 569 377 656 828 
926 154 919 1 972 0 810 770 170 539 146 861 540 348 921 384 824 906 947 101 417 532 638 576 687 763 983 219 696 212 225 616 264 244 570 435 335 736 943 177 736 253 405 409 169 327 31 545 194 384 115 457 434 223 999 231 61 509 918 617 611 80 33 479 287 755 502 206 957 285 715 321 187 529 572 41 831 595 592 245 
683 961 369 53 529 810 0 609 214 506 585 262 668 659 122 366 913 25 364 945 838 654 712 58 229 509 970 420 72 762 164 450 157 35 40 418 383 878 737 229 884 707 878 866 792 770 844 327 811 810 25 51 819 121 833 775 242 578 521 677 719 76 180 630 972 665 593 504 334 936 308 919 878 306 220 534 611 463 55 512 
323 556 544 11 912 770 609 0 320 609 2 638 595 589 212 712 771 454 842 29 359 606 137 502 263 702 144 949 136 211 875 666 82 280 528 469 488 554 817 28 21 584 243 28 262 236 144 983 832 262 455 267 667 541 350 318 693 334 174 773 998 181 863 334 789 499 512 753 570 615 98 993 127 169 990 38 338 225 381 823 
220 95 164 596 313 170 214 320 0 273 272 738 160 187 270 842 871 693 358 704 83 780 891 950 767 228 349 697 374 86 532 623 647 332 889 687 853 670 766 183 378 547 835 546 807 340 332 931 630 160 994 893 17 951 942 178 753 484 173 759 452 102 694 774 21 814 56 161 386 710 273 985 912 444 451 775 853 616 360 427 
996 193 661 516 149 539 506 609 273 0 826 570 26 763 753 758 751 781 195 262 858 971 810 852 934 350 114 67 949 706 140 305 779 496 141 242 50 575 524 377 479 945 773 796 97 341 92 330 186 93 718 441 616 512 179 747 228 321 749 208 515 15 295 460 991 320 556 718 628 849 333 776 545 433 811 161 72 743 200 959 
807 52 495 125 296 146 585 2 272 826 0 200 495 2 785 945 695 288 291 223 904 920 741 237 238 790 608 580 412 67 783 510 328 143 352 339 62 561 32 836 384 934 483 123 175 441 97 244 232 268 278 888 869 287 723 100 246 963 798 340 898 631 432 988 998 941 612 611 541 325 799 269 633 86 484 603 495 2 419 570 
458 889 571 716 563 861 262 638 738 570 200 0 274 626 394 550 424 599 237 106 189 833 30 647 200 903 123 824 30 69 281 790 97 869 650 848 611 394 242 543 632 122 300 617 748 691 500 432 2 946 771 87 574 530 991 523 868 769 295 117 14 195 600 150 553 185 213 75 663 174 223 619 983 340 426 449 33 359 961 491 
815 433 34 972 327 540 668 595 160 26 495 274 0 488 735 802 622 308 157 800 382 984 657 909 472 186 745 794 315 316 572 78 902 688 160 805 359 130 391 453 916 368 44 256 224 227 988 191 621 106 868 24 744 673 57 81 601 106 415 262 749 966 462 63 468 664 62 112 840 23 14 29 799 826 224 509 701 877 50 913 
468 213 538 559 232 348 659 589 187 763 2 626 488 0 579 116 521 753 747 845 815 654 945 646 299 266 279 20 149 412 56 935 41 330 799 271 686 164 521 984 243 70 269 50 281 793 817 969 156 931 591 644 265 491 682 660 806 670 671 683 161 827 29 922 425 197 865 770 363 482 34 963 699 404 46 272 729 529 887 94 
298 491 1000 475 254 921 122 212 270 753 785 394 735 579 0 102 863 779 929 677 335 64 443 780 294 862 180 798 627 240 222 312 684 958 460 106 698 915 517 66 995 185 151 372 805 821 895 738 910 766 372 359 604 611 780 825 352 288 745 247 56 165 747 299 175 146 511 319 330 400 429 902 285 643 651 127 757 199 143 27 
397 188 982 191 879 384 366 712 842 758 945 550 802 116 102 0 260 420 596 174 431 516 718 872 706 757 714 496 166 684 900 864 186 848 393 891 911 443 674 924 627 798 154 479 44 303 467 678 158 804 901 973 601 944 805 181 720 614 959 698 578 350 738 488 16 256 404 781 726 673 493 559 204 149 783 26 586 604 639 764 
963 643 858 151 910 824 913 771 871 751 695 424 622 521 863 260 0 735 955 322 754 591 255 23 2 244 793 286 687 165 566 359 748 519 880 583 36 745 372 325 485 899 962 745 597 895 631 255 933 663 268 290 588 374 487 44 121 998 257 871 639 978 951 1 445 614 826 79 90 277 817 651 632 820 30 758 486 3 43 184 
994 291 994 888 827 906 25 454 693 781 288 599 308 753 779 420 735 0 72 411 573 330 713 592 899 921 523 889 77 760 757 499 65 735 473 918 499 814 1000 789 520 242 109 49 33 498 763 85 849 763 405 86 59 630 92 308 100 658 870 799 129 218 929 534 297 285 998 810 913 772 320 559 491 800 284 922 226 154 197 239 
578 937 872 70 75 947 364 842 358 195 291 237 157 747 929 596 955 72 0 854 596 656 179 635 26 218 367 171 207 346 945 650 197 287 84 267 243 531 257 91 353 50 451 304 485 74 262 654 379 75 369 877 205 503 64 83 998 410 385 894 393 298 99 652 752 97 33 591 934 393 487 134 302 928 33 801 244 132 534 676 
145 941 298 975 792 101 945 29 704 262 223 106 800 845 677 174 322 411 854 0 213 893 320 365 31 602 999 765 511 112 448 643 981 34 121 357 258 378 351 503 900 495 676 871 47 33 761 677 721 488 119 779 9 47 969 438 688 66 260 528 257 95 550 625 353 762 488 173 588 595 317 945 221 580 307 897 799 935 90 438 
472 790 798 244 879 417 838 359 83 858 904 189 382 815 335 431 754 573 596 213 0 992 628 126 71 738 517 288 14 665 427 910 655 299 990 411 193 40 647 970 920 341 657 381 568 556 113 779 707 627 756 177 585 749 352 912 860 13 959 700 714 665 895 276 579 148 371 415 644 152 637 733 710 809 239 403 862 476 627 951 
968 327 216 801 76 532 654 606 780 971 920 833 984 654 64 516 591 330 656 893 992 0 561 998 767 162 681 177 499 360 343 153 426 352 250 604 245 357 13 55 862 726 310 825 247 516 589 563 627 607 622 769 14 436 254 931 455 346 658 577 654 798 502 545 143 937 113 298 189 156 377 334 518 826 231 389 860 566 623 148 
606 185 156 240 47 638 712 137 891 810 741 30 657 945 443 718 255 713 179 320 628 561 0 891 138 245 825 395 770 797 771 719 418 429 871 801 366 330 341 197 973 883 936 446 315 754 664 924 491 724 642 957 738 659 927 819 820 382 964 225 13 227 116 554 913 747 926 241 520 317 883 226 34 628 499 691 323 443 324 813 
207 400 879 541 630 576 58 502 950 852 237 647 909 646 780 872 23 592 635 365 126 998 891 0 63 77 409 157 111 130 83 776 286 881 212 170 377 694 577 28 192 489 381 944 43 847 637 949 13 591 888 337 108 325 161 305 302 92 444 812 404 63 714 267 139 702 362 230 745 336 363 136 650 660 949 776 99 658 946 566 
375 931 720 835 460 687 229 263 767 934 238 200 472 299 294 706 2 899 26 31 71 767 138 63 0 546 600 572 41 224 227 385 700 217 671 282 275 164 276 411 459 107 697 876 503 71 84 3 461 314 726 582 371 17 397 491 213 531 658 272 935 87 936 305 196 801 414 405 345 223 80 464 272 696 178 453 703 929 85 889 
693 943 971 517 974 763 509 702 228 350 790 903 186 266 862 757 244 921 218 602 738 162 245 77 546 0 595 662 330 859 440 722 809 894 686 657 746 999 456 559 678 820 391 609 419 878 710 71 655 504 390 371 36 695 462 195 201 514 751 389 453 970 238 265 573 702 737 647 303 557 84 440 188 782 831 418 254 912 735 769 
731 728 429 531 69 983 970 144 349 114 608 123 745 279 180 714 793 523 367 999 517 681 825 409 600 595 0 457 87 261 723 59 621 863 7 303 313 660 106 670 103 425 755 904 774 392 375 373 700 900 662 783 149 127 770 386 749 267 802 668 239 880 180 658 145 931 698 400 454 903 424 42 513 431 84 258 110 688 984 298 
751 965 409 101 668 219 420 949 697 67 580 824 794 20 798 496 286 889 171 765 288 177 395 157 572 662 457 0 710 682 255 758 44 253 780 209 711 539 687 822 838 418 437 798 674 985 1000 16 750 742 74 226 390 406 424 60 296 318 329 651 957 867 588 303 255 732 39 26 326 641 632 136 435 634 765 266 994 287 242 368 
454 544 495 489 730 696 72 136 374 949 412 30 315 149 627 166 687 77 207 511 14 499 770 111 41 330 87 710 0 942 339 281 179 720 21 801 1 586 700 496 541 704 920 118 888 41 187 80 154 762 849 171 214 553 897 233 22 337 146 928 986 660 121 791 541 123 417 438 641 367 920 739 290 171 927 189 176 689 452 727 
953 841 480 964 56 212 762 211 86 706 67 69 316 412 240 684 165 760 346 112 665 360 797 130 224 859 261 682 942 0 953 940 34 443 592 683 626 758 478 464 1 413 799 25 140 94 31 901 262 814 256 452 63 973 29 535 16 259 324 810 558 379 963 387 209 933 936 606 189 381 202 285 870 604 332 272 123 801 762 869 
645 471 235 197 91 225 164 875 532 140 783 281 572 56 222 900 566 757 945 448 427 343 771 83 227 440 723 255 339 953 0 841 314 973 1 29 142 354 601 201 1 422 811 595 466 444 102 616 809 246 868 24 360 537 189 845 168 142 80 956 408 905 203 668 678 678 88 920 705 806 945 898 538 531 207 239 179 138 70 212 
421 781 677 111 594 616 450 666 623 305 510 790 78 935 312 864 359 499 650 643 910 153 719 776 385 722 59 758 281 940 841 0 282 370 935 860 444 748 669 712 261 228 139 260 850 157 243 393 769 190 375 812 650 603 946 433 808 63 336 175 18 185 582 781 592 798 487 873 969 216 68 503 462 462 997 346 851 492 553 299 
538 748 869 671 969 264 157 82 647 779 328 97 902 41 684 186 748 65 197 981 655 426 418 286 700 809 621 44 179 34 314 282 0 565 783 352 588 10 901 914 501 510 942 934 829 797 592 596 694 114 912 133 938 575 562 636 546 455 742 628 683 482 164 678 475 101 125 111 187 444 996 778 305 251 877 949 161 323 295 766 
186 427 255 595 997 244 35 280 332 496 143 869 688 330 958 848 519 735 287 34 299 352 429 881 217 894 863 253 720 443 973 370 565 0 114 406 64 27 273 834 309 762 558 373 984 140 888 187 107 325 970 327 736 808 802 437 488 600 864 468 183 54 438 184 338 278 317 738 994 926 244 624 625 122 682 512 422 15 974 394 
210 491 138 989 721 570 40 528 889 141 352 650 160 799 460 393 880 473 84 121 990 250 871 212 671 686 7 780 21 592 1 935 783 114 0 16 801 45 452 825 83 63 751 923 151 762 430 326 802 543 120 160 693 257 611 119 338 737 462 320 561 966 114 329 397 880 712 678 640 176 851 398 187 297 973 549 253 649 279 205 
690 840 704 73 183 435 418 469 687 242 339 848 805 271 106 891 583 918 267 357 411 604 801 170 282 657 303 209 801 683 29 860 352 406 16 0 277 220 748 228 153 336 628 959 492 395 829 638 74 860 958 932 692 672 313 237 371 217 828 947 262 165 637 469 772 955 501 39 423 955 178 436 967 915 395 190 111 138 241 599 
283 365 566 967 728 335 383 488 853 50 62 611 359 686 698 911 36 499 243 258 193 245 366 377 275 746 313 711 1 626 142 444 588 64 801 277 0 657 924 582 6 248 669 790 218 119 840 195 596 995 963 114 327 325 183 433 870 579 310 236 77 69 845 882 219 961 224 270 691 335 552 959 494 569 470 493 685 971 408 651 
690 649 813 624 853 736 878 554 670 575 561 394 130 164 915 443 745 814 531 378 40 357 330 694 164 999 660 539 586 758 354 748 10 27 45 220 657 0 144 868 14 845 28 235 981 740 446 756 238 957 221 891 51 71 401 565 779 724 562 110 225 409 737 559 853 747 171 516 313 182 758 523 924 532 734 702 942 368 369 29 
210 60 59 964 748 943 737 817 766 524 32 242 391 521 517 674 372 1000 257 351 647 13 341 577 276 456 106 687 700 478 601 669 901 273 452 748 924 144 0 146 111 739 675 330 984 453 173 86 599 820 490 506 886 16 486 132 449 120 546 480 262 797 495 919 174 855 80 714 550 804 371 87 156 884 364 184 529 855 211 57 
822 332 468 338 386 177 229 28 183 377 836 543 453 984 66 924 325 789 91 503 970 55 197 28 411 559 670 822 496 464 201 712 914 834 825 228 582 868 146 0 110 645 726 704 437 696 538 138 16 813 837 163 663 364 945 308 920 867 786 551 246 255 243 829 428 40 599 833 479 23 264 923 782 492 331 591 54 237 944 915 
506 689 132 139 218 736 884 21 378 479 384 632 916 243 995 627 485 520 353 900 920 862 973 192 459 678 103 838 541 1 1 261 501 309 83 153 6 14 111 110 0 763 840 386 831 37 987 877 161 460 576 743 942 476 820 526 671 417 196 673 27 112 417 286 276 256 294 622 548 554 838 703 55 925 59 864 785 196 758 332 
61 291 290 38 328 253 707 584 547 945 934 122 368 70 185 798 899 242 50 495 341 726 883 489 107 820 425 418 704 413 422 228 510 762 63 336 248 845 739 645 763 0 813 436 545 863 412 472 31 726 276 650 333 189 215 172 188 905 118 479 373 92 885 936 946 965 962 452 28 309 152 939 996 29 896 853 717 751 424 72 
21 8 126 653 510 405 878 243 835 773 483 300 44 269 151 154 962 109 451 676 657 310 936 381 697 391 755 437 920 799 811 139 942 558 751 628 669 28 675 726 840 813 0 61 894 242 68 38 438 416 24 819 968 8 279 935 527 386 798 422 629 16 947 913 725 346 162 811 926 559 800 777 975 571 647 260 198 493 574 736 
800 553 238 533 420 409 866 28 546 796 123 617 256 50 372 479 745 49 304 871 381 825 446 944 876 609 904 798 118 25 595 260 934 373 923 959 790 235 330 704 386 436 61 0 539 130 260 150 772 343 875 761 135 387 936 371 401 597 435 710 536 371 419 759 31 157 153 683 958 21 693 124 248 439 246 440 513 582 917 806 
560 83 351 617 654 169 792 262 807 97 175 748 224 281 805 44 597 33 485 47 568 247 315 43 503 419 774 674 888 140 466 850 829 984 151 492 218 981 984 437 831 545 894 539 0 406 354 329 678 818 262 268 123 987 836 736 456 651 40 150 26 489 661 576 230 88 907 918 127 456 294 690 723 357 963 453 548 629 116 889 
792 463 938 267 84 327 770 236 340 341 441 691 227 793 821 303 895 498 74 33 556 516 754 847 71 878 392 985 41 94 444 157 797 140 762 395 119 740 453 696 37 863 242 130 406 0 847 768 602 499 963 841 114 991 348 217 549 713 47 807 771 248 655 92 175 782 602 485 552 489 986 727 159 455 479 903 331 718 627 243 
568 567 790 781 248 31 844 144 332 92 97 500 988 817 895 467 631 763 262 761 113 589 664 637 84 710 375 1000 187 31 102 243 592 888 430 829 840 446 173 538 987 412 68 260 354 847 0 1 982 871 290 816 376 537 226 315 295 259 790 717 106 628 939 658 12 304 310 693 340 827 157 125 94 107 533 945 777 258 212 546 
225 428 348 95 921 545 327 983 931 330 244 432 191 969 738 678 255 85 654 677 779 563 924 949 3 71 373 16 80 901 616 393 596 187 326 638 195 756 86 138 877 472 38 150 329 768 1 0 812 456 76 503 135 400 854 773 686 873 711 520 540 9 741 267 764 178 594 233 615 520 611 760 292 823 554 67 634 712 587 554 
650 235 153 810 580 194 811 832 630 186 232 2 621 156 910 158 933 849 379 721 707 627 491 13 461 655 700 750 154 262 809 769 694 107 802 74 596 238 599 16 161 31 438 772 678 602 982 812 0 156 433 170 500 490 255 882 517 209 818 671 647 62 1 618 528 922 863 919 774 977 413 532 980 636 884 799 415 738 238 70 
149 675 120 540 148 384 810 262 160 93 268 946 106 931 766 804 663 763 75 488 627 607 724 591 314 504 900 742 762 814 246 190 114 325 543 860 995 957 820 813 460 726 416 343 818 499 871 456 156 0 50 939 34 129 634 652 816 845 866 394 448 754 698 873 268 686 656 607 643 16 144 83 744 765 817 226 484 519 41 665 
917 854 708 460 917 115 25 455 994 718 278 771 868 591 372 901 268 405 369 119 756 622 642 888 726 390 662 74 849 256 868 375 912 970 120 958 963 221 490 837 576 276 24 875 262 963 290 76 433 50 0 420 122 754 248 678 170 694 656 59 899 184 587 69 824 296 53 917 198 781 388 987 622 753 577 243 253 714 869 485 
845 309 561 628 503 457 51 267 893 441 888 87 24 644 359 973 290 86 877 779 177 769 957 337 582 371 783 226 171 452 24 812 133 327 160 932 114 891 506 163 743 650 819 761 268 841 816 503 170 939 420 0 328 759 727 492 418 782 170 781 360 135 330 618 481 248 663 806 559 774 323 718 496 391 175 803 414 363 882 241 
207 123 213 635 232 434 819 667 17 616 869 574 744 265 604 601 588 59 205 9 585 14 738 108 371 36 149 390 214 63 360 650 938 736 693 692 327 51 886 663 942 333 968 135 123 114 376 135 500 34 122 328 0 412 468 960 385 419 592 175 659 761 71 844 139 174 409 105 638 952 236 551 499 194 925 463 733 235 344 940 
872 553 238 733 789 223 121 541 951 512 287 530 673 491 611 944 374 630 503 47 749 436 659 325 17 695 127 406 553 973 537 603 575 808 257 672 325 71 16 364 476 189 8 387 987 991 537 400 490 129 754 759 412 0 420 47 494 892 936 908 357 484 94 939 813 300 926 312 769 781 977 851 475 832 462 102 332 722 155 797 
532 666 519 397 62 999 833 350 942 179 723 991 57 682 780 805 487 92 64 969 352 254 927 161 397 462 770 424 897 29 189 946 562 802 611 313 183 401 486 945 820 215 279 936 836 348 226 854 255 634 248 727 468 420 0 38 642 732 50 13 438 753 889 808 761 230 77 991 35 684 330 612 306 788 469 724 649 493 852 821 
13 595 629 909 270 231 775 318 178 747 100 523 81 660 825 181 44 308 83 438 912 931 819 305 491 195 386 60 233 535 845 433 636 437 119 237 433 565 132 308 526 172 935 371 736 217 315 773 882 652 678 492 960 47 38 0 994 983 375 752 458 173 984 486 879 69 918 317 220 468 347 871 26 161 999 555 807 312 186 436 
842 736 548 856 455 61 242 693 753 228 246 868 601 806 352 720 121 100 998 688 860 455 820 302 213 201 749 296 22 16 168 808 546 488 338 371 870 779 449 920 671 188 527 401 456 549 295 686 517 816 170 418 385 494 642 994 0 590 287 179 544 601 729 838 146 1 247 841 542 100 965 433 150 624 886 68 296 709 124 491 
712 745 496 939 280 509 578 334 484 321 963 769 106 670 288 614 998 658 410 66 13 346 382 92 531 514 267 318 337 259 142 63 455 600 737 217 579 724 120 867 417 905 386 597 651 713 259 873 209 845 694 782 419 892 732 983 590 0 284 581 136 225 739 109 331 168 831 291 746 658 382 558 18 773 659 578 60 770 704 613 
740 73 816 910 141 918 521 174 173 749 798 295 415 671 745 959 257 870 385 260 959 658 964 444 658 751 802 329 146 324 80 336 742 864 462 828 310 562 546 786 196 118 798 435 40 47 790 711 818 866 656 170 592 936 50 375 287 284 0 375 151 122 626 12 827 612 535 440 711 263 824 693 376 671 782 101 761 221 919 637 
121 830 973 116 179 617 677 773 759 208 340 117 262 683 247 698 871 799 894 528 700 577 225 812 272 389 668 651 928 810 956 175 628 468 320 947 236 110 480 551 673 479 422 710 150 807 717 520 671 394 59 781 175 908 13 752 179 581 375 0 38 826 48 479 151 620 94 458 881 604 948 87 449 430 87 483 709 599 608 809 
120 765 633 302 848 611 719 998 452 515 898 14 749 161 56 578 639 129 393 257 714 654 13 404 935 453 239 957 986 558 408 18 683 183 561 262 77 225 262 246 27 373 629 536 26 771 106 540 647 448 899 360 659 357 438 458 544 136 151 38 0 867 152 501 793 678 534 445 491 166 474 525 238 469 792 14 581 75 348 610 
149 198 986 926 68 80 76 181 102 15 631 195 966 827 165 350 978 218 298 95 665 798 227 63 87 970 880 867 660 379 905 185 482 54 966 165 69 409 797 255 112 92 16 371 489 248 628 9 62 754 184 135 761 484 753 173 601 225 122 826 867 0 446 109 954 8 542 142 774 973 321 268 834 99 650 118 299 368 209 166 
210 41 192 710 357 33 180 863 694 295 432 600 462 29 747 738 951 929 99 550 895 502 116 714 936 238 180 588 121 963 203 582 164 438 114 637 845 737 495 243 417 885 947 419 661 655 939 741 1 698 587 330 71 94 889 984 729 739 626 48 152 446 0 540 285 747 427 245 742 466 913 707 279 51 991 178 632 214 799 896 
101 564 629 197 292 479 630 334 774 460 988 150 63 922 299 488 1 534 652 625 276 545 554 267 305 265 658 303 791 387 668 781 678 184 329 469 882 559 919 829 286 936 913 759 576 92 658 267 618 873 69 618 844 939 808 486 838 109 12 479 501 109 540 0 167 776 736 16 196 487 861 355 17 207 391 546 455 421 740 792 
444 118 368 308 851 287 972 789 21 991 998 553 468 425 175 16 445 297 752 353 579 143 913 139 196 573 145 255 541 209 678 592 475 338 397 772 219 853 174 428 276 946 725 31 230 175 12 764 528 268 824 481 139 813 761 879 146 331 827 151 793 954 285 167 0 6 360 541 913 872 992 810 105 455 321 362 701 48 820 763 
31 869 23 485 730 755 665 499 814 320 941 185 664 197 146 256 614 285 97 762 148 937 747 702 801 702 931 732 123 933 678 798 101 278 880 955 961 747 855 40 256 965 346 157 88 782 304 178 922 686 296 248 174 300 230 69 1 168 612 620 678 8 747 776 6 0 158 265 299 826 642 746 931 925 876 861 152 757 279 303 
462 88 541 455 865 502 593 512 56 556 612 213 62 865 511 404 826 998 33 488 371 113 926 362 414 737 698 39 417 936 88 487 125 317 712 501 224 171 80 599 294 962 162 153 907 602 310 594 863 656 53 663 409 926 77 918 247 831 535 94 534 542 427 736 360 158 0 511 561 307 214 431 452 345 513 475 775 199 115 949 
722 257 522 511 626 206 504 753 161 718 611 75 112 770 319 781 79 810 591 173 415 298 241 230 405 647 400 26 438 606 920 873 111 738 678 39 270 516 714 833 622 452 811 683 918 485 693 233 919 607 917 806 105 312 991 317 841 291 440 458 445 142 245 16 541 265 511 0 842 60 663 777 466 563 616 959 302 593 465 829 
170 968 30 568 288 957 334 570 386 628 541 663 840 363 330 726 90 913 934 588 644 189 520 745 345 303 454 326 641 189 705 969 187 994 640 423 691 313 550 479 548 28 926 958 127 552 340 615 774 643 198 559 638 769 35 220 542 746 711 881 491 774 742 196 913 299 561 842 0 947 961 526 309 561 404 706 269 426 824 678 
310 281 925 743 298 285 936 615 710 849 325 174 23 482 400 673 277 772 393 595 152 156 317 336 223 557 903 641 367 381 806 216 444 926 176 955 335 182 804 23 554 309 559 21 456 489 827 520 977 16 781 774 952 781 684 468 100 658 263 604 166 973 466 487 872 826 307 60 947 0 113 54 928 129 362 209 351 499 735 29 
462 399 57 249 403 715 308 98 273 333 799 223 14 34 429 493 817 320 487 317 637 377 883 363 80 84 424 632 920 202 945 68 996 244 851 178 552 758 371 264 838 152 800 693 294 986 157 611 413 144 388 323 236 977 330 347 965 382 824 948 474 321 913 861 992 642 214 663 961 113 0 619 132 614 298 990 40 285 82 228 
280 330 751 384 399 321 919 993 985 776 269 619 29 963 902 559 651 559 134 945 733 334 226 136 464 440 42 136 739 285 898 503 778 624 398 436 959 523 87 923 703 939 777 124 690 727 125 760 532 83 987 718 551 851 612 871 433 558 693 87 525 268 707 355 810 746 431 777 526 54 619 0 480 912 44 429 601 25 816 646 
219 826 712 855 852 187 878 127 912 545 633 983 799 699 285 204 632 491 302 221 710 518 34 650 272 188 513 435 290 870 538 462 305 625 187 967 494 924 156 782 55 996 975 248 723 159 94 292 980 744 622 496 499 475 306 26 150 18 376 449 238 834 279 17 105 931 452 466 309 928 132 480 0 231 707 611 40 16 569 703 
371 627 979 450 561 529 306 169 444 433 86 340 826 404 643 149 820 800 928 580 809 826 628 660 696 782 431 634 171 604 531 462 251 122 297 915 569 532 884 492 925 29 571 439 357 455 107 823 636 765 753 391 194 832 788 161 624 773 671 430 469 99 51 207 455 925 345 563 561 129 614 912 231 0 294 46 733 66 336 497 
281 559 727 877 770 572 220 990 451 811 484 426 224 46 651 783 30 284 33 307 239 231 499 949 178 831 84 765 927 332 207 997 877 682 973 395 470 734 364 331 59 896 647 246 963 479 533 554 884 817 577 175 925 462 469 999 886 659 782 87 792 650 991 391 321 876 513 616 404 362 298 44 707 294 0 228 988 727 879 47 
500 602 786 717 831 41 534 38 775 161 603 449 509 272 127 26 758 922 801 897 403 389 691 776 453 418 258 266 189 272 239 346 949 512 549 190 493 702 184 591 864 853 260 440 453 903 945 67 799 226 243 803 463 102 724 555 68 578 101 483 14 118 178 546 362 861 475 959 706 209 990 429 611 46 228 0 630 820 115 511 
757 286 547 24 569 831 611 338 853 72 495 33 701 729 757 586 486 226 244 799 862 860 323 99 703 254 110 994 176 123 179 851 161 422 253 111 685 942 529 54 785 717 198 513 548 331 777 634 415 484 253 414 733 332 649 807 296 60 761 709 581 299 632 455 701 152 775 302 269 351 40 601 40 733 988 630 0 440 135 779 
745 660 873 176 377 595 463 225 616 743 2 359 877 529 199 604 3 154 132 935 476 566 443 658 929 912 688 287 689 801 138 492 323 15 649 138 971 368 855 237 196 751 493 582 629 718 258 712 738 519 714 363 235 722 493 312 709 770 221 599 75 368 214 421 48 757 199 593 426 499 285 25 16 66 727 820 440 0 651 610 
643 416 971 541 656 592 55 381 360 200 419 961 50 887 143 639 43 197 534 90 627 623 324 946 85 735 984 242 452 762 70 553 295 974 279 241 408 369 211 944 758 424 574 917 116 627 212 587 238 41 869 882 344 155 852 186 124 704 919 608 348 209 799 740 820 279 115 465 824 735 82 816 569 336 879 115 135 651 0 323 
167 58 944 833 828 245 512 823 427 959 570 491 913 94 27 764 184 239 676 438 951 148 813 566 889 769 298 368 727 869 212 299 766 394 205 599 651 29 57 915 332 72 736 806 889 243 546 554 70 665 485 241 940 797 821 436 491 613 637 809 610 166 896 792 763 303 949 829 678 29 228 646 703 497 47 511 779 610 323 0 
0 39 975 518 694 122 319 689 817 19 155 528 213 439 648 630 76 163 584 826 441 84 535 880 571 264 188 421 397 74 476 395 358 558 601 291 742 354 676 222 491 958 805 179 511 132 506 739 326 897 146 131 997 104 532 976 303 332 328 881 847 962 717 856 636 924 439 272 939 674 529 707 660 538 682 597 66 334 233 955 
39 0 117 40 510 774 259 430 994 778 994 164 634 761 619 852 209 729 169 67 248 492 585 684 185 194 153 6 528 185 474 287 311 637 421 205 736 481 902 755 511 614 992 562 843 359 450 671 693 598 86 745 864 464 239 376 391 184 920 326 211 812 896 498 805 92 980 787 135 875 722 721 186 600 549 387 625 283 622 818 
975 117 0 905 467 99 637 606 941 337 642 463 974 398 8 143 340 141 163 807 261 831 946 116 276 74 500 742 428 463 839 229 236 788 779 216 567 146 910 282 866 538 851 738 720 144 317 696 718 987 202 450 829 819 573 340 512 479 171 16 480 164 808 532 531 932 429 444 909 66 962 54 225 50 318 252 381 144 77 79 
518 40 905 0 348 863 996 967 301 527 874 401 133 510 529 873 983 232 963 204 733 174 773 362 185 567 508 777 476 104 541 955 375 568 116 848 154 386 161 617 861 828 404 218 426 618 166 921 402 362 609 343 381 192 558 96 360 146 138 914 542 130 183 602 712 588 478 499 598 128 764 445 91 497 89 154 937 709 485 280 
694 510 467 348 0 19 417 18 575 849 779 371 701 658 785 58 251 11 827 412 38 997 944 504 674 68 965 455 285 717 805 587 246 157 281 944 155 273 193 663 819 850 408 632 431 785 706 197 433 817 216 516 901 292 953 656 412 595 933 607 57 990 757 739 178 188 14 363 644 741 665 684 190 322 179 218 296 639 235 161 
122 774 99 863 19 0 276 97 773 385 802 322 352 466 172 537 165 189 36 858 489 336 201 362 123 282 2 679 292 797 689 385 774 634 379 618 566 65 2 921 402 746 586 650 918 721 997 387 821 713 910 633 510 623 71 812 876 499 50 243 562 860 766 558 757 504 277 897 19 652 298 643 740 422 575 703 399 371 404 608 
319 259 637 996 417 276 0 426 785 588 587 931 406 592 909 543 47 778 520 82 81 467 187 756 830 663 233 648 938 4 916 478 737 945 916 568 706 157 315 633 49 272 17 135 154 293 109 585 218 173 987 888 208 744 64 287 608 428 654 291 325 1000 731 332 43 549 380 428 527 154 751 32 268 605 854 344 439 465 881 350 
689 430 606 967 18 97 426 0 698 508 923 373 610 238 647 222 314 646 83 876 639 315 883 438 829 405 835 60 671 762 156 339 999 750 565 562 487 507 140 981 944 540 887 784 823 726 824 60 331 667 460 741 305 452 568 574 174 683 782 305 23 746 13 572 57 534 469 89 302 95 859 81 878 848 12 769 820 698 743 327 
817 994 941 301 575 773 785 698 0 822 483 333 724 965 682 180 69 66 626 397 907 248 35 100 191 852 701 224 507 929 422 494 216 739 71 285 245 253 142 988 530 292 62 439 152 675 717 2 432 639 80 35 952 120 190 631 253 680 657 248 524 657 371 149 893 261 824 878 573 307 415 132 217 540 546 414 195 421 827 578 
19 778 337 527 849 385 588 508 822 0 58 326 846 349 312 152 295 385 852 678 312 73 419 107 203 718 802 923 64 404 907 817 249 529 863 576 951 407 477 744 424 81 263 215 917 529 817 632 847 948 353 549 378 428 808 473 833 671 119 900 609 883 707 362 98 496 608 192 486 193 676 231 330 552 226 794 971 222 746 65 
155 994 642 874 779 802 587 923 483 58 0 826 411 996 218 88 215 639 795 835 244 116 111 622 752 353 365 254 633 877 158 548 762 776 603 706 966 390 930 289 721 71 586 790 745 579 926 732 570 738 587 14 217 740 180 952 893 16 411 505 107 153 622 106 54 30 356 292 640 581 191 700 290 895 496 491 492 996 586 238 
528 164 463 401 371 322 931 373 333 326 826 0 818 426 368 464 590 430 936 863 936 364 1000 107 777 251 896 145 908 853 641 280 758 117 300 161 454 653 818 351 175 819 754 404 347 137 410 417 910 105 187 781 435 575 36 417 37 246 742 836 821 708 419 750 338 919 618 833 466 908 672 433 8 697 530 567 748 733 174 613 
213 634 974 133 701 352 406 610 724 846 411 818 0 863 157 189 321 707 825 225 547 43 357 201 515 575 379 344 645 701 455 732 138 453 643 264 576 760 536 614 207 876 919 681 931 828 180 769 406 858 164 868 238 512 894 844 552 940 571 653 209 2 466 884 495 317 918 909 173 895 880 894 200 196 715 399 138 125 808 142 
439 761 398 510 658 466 592 238 965 349 996 426 863 0 293 898 436 340 208 142 271 329 9 389 733 841 812 878 948 735 952 141 752 744 303 724 358 825 432 19 778 976 762 931 739 172 181 101 839 201 557 301 906 577 366 334 229 448 237 359 893 4 935 162 703 782 200 374 548 519 981 156 253 574 835 726 232 549 89 771 
648 619 8 529 785 172 909 647 682 312 218 368 157 293 0 773 61 94 12 352 751 826 534 203 709 335 943 407 335 823 765 859 525 6 589 863 256 102 357 931 11 916 889 428 322 150 178 201 71 200 608 669 442 197 221 161 527 792 406 738 904 810 333 785 609 757 377 625 904 602 411 20 555 334 349 859 469 810 950 857 
630 852 143 873 58 537 543 222 180 152 88 464 189 898 773 0 562 893 351 980 582 474 259 136 390 377 38 530 728 426 62 226 927 114 704 348 223 735 221 84 344 71 800 358 928 646 513 322 788 169 259 18 304 62 85 955 218 266 24 433 452 639 210 393 934 827 682 75 120 326 543 599 803 967 207 864 347 465 433 356 
76 209 340 983 251 165 47 314 69 295 215 590 321 436 61 562 0 296 171 688 129 489 754 959 970 910 320 619 222 667 231 553 227 470 213 454 987 234 712 605 606 100 78 199 349 122 479 692 81 229 830 684 341 749 356 997 935 192 776 110 375 24 197 986 557 368 238 866 765 898 304 439 298 238 947 184 504 944 959 804 
163 729 141 232 11 189 778 646 66 385 639 430 707 340 94 893 296 0 912 766 416 691 441 568 16 89 597 127 934 272 274 522 884 407 468 69 423 407 27 244 661 781 919 890 968 417 148 935 363 317 665 711 882 311 793 770 999 557 85 90 917 624 206 431 801 822 15 93 119 88 722 416 581 107 812 46 638 817 939 742 
584 169 163 963 827 36 520 83 626 852 795 936 825 208 12 351 171 912 0 187 381 289 838 461 963 827 643 816 795 747 94 236 843 588 782 738 641 521 694 1000 770 983 671 814 438 740 820 435 608 983 659 75 841 443 979 986 25 626 603 20 616 674 852 232 270 860 783 219 45 796 415 853 942 49 880 307 726 876 558 222 
826 67 807 204 412 858 82 876 397 678 835 863 225 142 352 980 688 766 187 0 746 212 725 765 926 463 182 92 550 771 672 414 34 858 751 707 887 680 489 687 193 492 325 265 953 824 356 476 360 386 793 159 922 954 37 583 384 907 858 546 808 885 416 242 406 328 475 894 204 407 657 45 844 585 480 261 131 102 885 478 
441 248 261 733 38 489 81 639 907 312 244 936 547 271 751 582 129 416 381 746 0 75 441 1000 819 212 618 827 994 222 742 169 103 730 195 797 766 979 303 102 48 663 411 699 358 414 772 147 524 44 86 764 501 357 619 120 129 929 98 316 363 426 36 823 433 855 670 362 364 912 397 25 226 121 624 705 112 705 578 140 
84 492 831 174 997 336 467 315 248 73 116 364 43 329 826 474 489 691 289 212 75 0 436 129 217 793 379 744 468 540 583 936 532 694 692 435 704 776 979 957 180 308 502 177 764 370 360 473 384 508 212 81 883 651 707 77 549 790 380 431 549 320 533 321 821 28 968 691 759 842 655 593 388 191 602 764 76 323 120 790 
535 585 946 773 944 201 187 883 35 419 111 1000 357 9 534 259 754 441 838 725 441 436 0 36 709 693 264 594 344 406 206 67 545 392 129 453 663 673 566 665 202 177 9 389 788 174 287 88 510 198 293 107 284 241 114 262 290 458 37 641 969 870 803 519 138 35 14 867 447 623 148 757 764 620 404 345 382 410 594 19 
880 684 116 362 504 362 756 438 100 107 622 107 201 389 203 136 959 568 461 765 1000 129 36 0 938 782 660 955 924 982 900 226 739 281 713 779 648 120 502 824 831 678 570 164 641 34 399 202 983 496 241 752 823 689 910 884 463 834 644 259 580 998 361 779 968 181 817 736 288 734 576 817 515 309 98 217 721 249 18 342 
571 185 276 185 674 123 830 829 191 203 752 777 515 733 709 390 970 16 963 926 819 217 709 938 0 288 345 402 957 933 666 483 39 618 272 746 822 726 761 679 531 938 277 47 282 919 942 776 283 622 423 387 495 894 734 509 777 231 217 778 188 993 121 712 910 7 401 550 769 699 811 616 677 496 817 404 422 179 897 157 
264 194 74 567 68 282 663 405 852 718 353 251 575 841 335 377 910 89 827 463 212 793 693 782 288 0 208 433 539 62 506 233 96 7 370 241 229 161 583 459 211 11 596 478 527 100 228 838 182 509 502 696 921 235 397 773 784 660 307 875 551 94 630 603 488 228 210 300 648 428 939 520 761 197 351 554 582 100 194 192 
188 153 500 508 965 2 233 835 701 802 365 896 379 812 943 38 320 597 643 182 618 379 264 660 345 208 0 666 935 729 403 932 357 89 859 773 697 215 843 524 816 526 371 229 99 490 619 560 232 183 112 19 828 844 137 533 333 641 157 475 755 136 818 168 710 178 342 568 619 139 540 826 619 498 944 791 888 354 41 551 
421 6 742 777 455 679 648 60 224 923 254 145 344 878 407 530 619 127 816 92 827 744 594 955 402 433 666 0 471 272 736 75 768 712 255 628 235 393 198 259 21 609 499 55 333 50 49 1000 276 363 940 733 652 625 427 780 726 680 693 324 119 48 406 572 848 341 887 917 841 464 470 942 761 339 356 848 11 691 646 637 
397 528 428 476 285 292 938 671 507 64 633 908 645 948 335 728 222 934 795 550 994 468 344 924 957 539 935 471 0 75 653 813 676 288 992 235 928 387 387 587 258 292 378 760 198 951 782 929 913 458 234 706 754 458 85 851 873 560 950 134 110 281 909 318 359 784 558 629 385 601 60 340 832 951 116 995 686 218 696 163 
74 185 463 104 717 797 4 762 929 404 877 853 701 735 823 426 667 272 747 771 222 540 406 982 933 62 729 272 75 0 187 199 844 376 538 292 521 129 583 489 981 593 104 970 860 917 909 156 724 418 822 707 1000 85 889 509 973 578 693 248 371 456 129 532 641 218 55 312 839 479 697 742 145 414 705 565 802 333 65 181 
476 474 839 541 805 689 916 156 422 907 158 641 455 952 765 62 231 274 94 672 742 583 206 900 666 506 403 736 653 187 0 203 719 42 844 934 823 610 385 687 917 594 135 527 546 466 969 247 237 701 87 927 464 419 855 277 906 926 718 4 690 110 801 390 202 203 842 219 371 113 88 174 384 540 798 627 943 933 930 692 
395 287 229 955 587 385 478 339 494 817 548 280 732 141 859 226 553 522 236 414 169 936 67 226 483 233 932 75 813 199 203 0 804 515 49 58 573 161 166 248 636 717 866 623 158 796 744 481 352 752 608 274 367 548 30 451 153 921 795 643 938 859 549 181 542 514 472 115 11 789 901 388 521 555 64 508 109 443 412 657 
358 311 236 375 246 774 737 999 216 249 762 758 138 752 525 927 227 884 843 34 103 532 545 739 39 96 357 768 676 844 719 804 0 262 37 539 405 938 152 258 553 496 102 279 28 282 407 588 235 880 171 929 158 501 437 395 366 737 328 483 382 369 878 479 381 893 881 926 783 498 59 148 661 857 183 98 960 852 727 278 
558 637 788 568 157 634 945 750 739 529 776 117 453 744 6 114 470 407 588 858 730 694 392 281 618 7 89 712 288 376 42 515 262 0 923 722 744 898 771 147 869 359 437 814 246 790 127 907 866 567 71 731 183 156 189 447 518 415 200 550 827 965 544 748 477 827 590 43 195 55 849 313 503 926 442 348 422 988 62 650 
601 421 779 116 281 379 916 565 71 863 603 300 643 303 589 704 213 468 782 751 195 692 129 713 272 370 859 255 992 538 844 49 37 923 0 703 70 890 584 93 937 912 94 97 905 286 533 644 212 462 823 821 461 534 193 780 841 297 611 511 379 179 865 733 406 195 280 330 322 974 171 559 754 783 2 313 669 446 546 877 
291 205 216 848 944 618 568 562 285 576 706 161 264 724 863 348 454 69 738 707 797 435 453 779 746 241 773 628 235 292 934 58 539 722 703 0 553 775 178 545 870 766 278 70 652 734 174 474 987 288 159 120 86 331 617 816 717 949 291 49 790 901 383 472 372 147 472 930 493 94 928 610 11 1 608 899 866 880 766 508 
742 736 567 154 155 566 706 487 245 951 966 454 576 358 256 223 987 423 641 887 766 704 663 648 822 229 697 235 928 521 823 573 405 744 70 553 0 299 19 329 872 739 395 344 807 856 172 897 317 59 57 749 834 895 783 588 317 350 959 839 830 772 129 151 717 115 849 847 266 637 517 5 637 324 542 496 134 88 603 493 
354 481 146 386 273 65 157 507 253 407 390 653 760 825 102 735 234 407 521 680 979 776 673 120 726 161 215 393 387 129 610 161 938 898 890 775 299 0 891 105 952 4 919 752 209 339 459 205 875 142 769 114 955 798 458 373 155 348 369 839 874 613 116 351 52 426 965 537 833 769 30 413 178 769 381 421 90 597 743 969 
676 902 910 161 193 2 315 140 142 477 930 818 536 432 357 221 712 27 694 489 303 979 566 502 761 583 843 198 387 583 385 166 152 771 584 178 19 891 0 715 940 433 250 857 111 395 793 969 456 133 459 409 198 773 453 845 347 995 425 441 842 263 479 109 813 96 797 263 348 417 507 804 947 98 547 704 535 19 648 844 
222 755 282 617 663 921 633 981 988 744 289 351 614 19 931 84 605 244 1000 687 102 957 665 824 679 459 524 259 587 489 687 248 258 147 93 545 329 105 715 0 857 453 357 261 591 451 466 849 954 58 247 946 463 725 15 549 171 235 289 205 718 650 778 304 581 850 623 193 526 949 777 100 233 559 724 260 965 940 64 123 
491 511 866 861 819 402 49 944 530 424 721 175 207 778 11 344 606 661 770 193 48 180 202 831 531 211 816 21 258 981 917 636 553 869 937 870 872 952 940 857 0 296 438 884 171 841 289 339 786 642 315 194 214 391 239 514 314 452 776 224 806 793 508 604 832 715 687 383 451 347 168 282 859 396 943 107 126 559 177 614 
958 614 538 828 850 746 272 540 292 81 71 819 876 976 916 71 100 781 983 492 663 308 177 678 938 11 526 609 292 593 594 717 496 359 912 766 739 4 433 453 296 0 191 673 481 301 786 592 969 381 874 339 475 700 782 919 847 118 917 549 554 866 1 70 97 69 123 495 958 587 858 233 146 986 197 228 316 203 661 927 
805 992 851 404 408 586 17 887 62 263 586 754 919 762 889 800 78 919 671 325 411 502 9 570 277 596 371 499 378 104 135 866 102 437 94 278 395 919 250 357 438 191 0 651 46 934 799 777 628 684 798 203 138 718 689 121 512 766 106 682 268 791 3 241 410 639 853 229 98 415 80 250 94 355 330 739 937 392 527 219 
179 562 738 218 632 650 135 784 439 215 790 404 681 931 428 358 199 890 814 265 699 177 389 164 47 478 229 55 760 970 527 623 279 814 97 70 344 752 857 261 884 673 651 0 370 751 667 672 234 601 184 396 935 668 139 497 501 500 596 274 316 568 630 165 873 813 844 274 90 931 481 769 638 583 939 412 411 652 33 156 
511 843 720 426 431 918 154 823 152 917 745 347 931 739 322 928 349 968 438 953 358 764 788 641 282 527 99 333 198 860 546 158 28 246 905 652 807 209 111 591 171 481 46 370 0 591 581 810 367 172 677 549 821 139 178 279 501 367 896 876 858 554 362 593 734 842 125 9 915 485 703 333 355 753 57 526 290 314 833 4 
132 359 144 618 785 721 293 726 675 529 579 137 828 172 150 646 122 417 740 824 414 370 174 34 919 100 490 50 951 917 466 796 282 790 286 734 856 339 395 451 841 301 934 751 591 0 280 136 434 416 334 196 743 16 454 855 433 83 836 127 193 773 368 801 614 378 424 429 718 355 83 483 999 505 355 154 714 363 252 719 
506 450 317 166 706 997 109 824 717 817 926 410 180 181 178 513 479 148 820 356 772 360 287 399 942 228 619 49 782 909 969 744 407 127 533 174 172 459 793 466 289 786 799 667 581 280 0 894 18 173 588 51 437 676 606 925 525 861 457 180 703 315 92 390 981 520 820 292 645 130 950 911 862 804 667 147 293 608 768 459 
739 671 696 921 197 387 585 60 2 632 732 417 769 101 201 322 692 935 435 476 147 473 88 202 776 838 560 1000 929 156 247 481 588 907 644 474 897 205 969 849 339 592 777 672 810 136 894 0 111 618 819 423 994 481 60 264 250 216 223 438 568 934 158 838 177 861 188 681 233 489 552 201 655 210 452 942 456 304 445 439 
326 693 718 402 433 821 218 331 432 847 570 910 406 839 71 788 81 363 608 360 524 384 510 983 283 182 232 276 913 724 237 352 235 866 212 987 317 875 456 954 786 969 628 234 367 434 18 111 0 980 594 743 253 510 713 147 373 673 177 271 501 870 980 231 494 157 78 7 305 70 737 538 169 300 175 242 487 366 806 960 
897 598 987 362 817 713 173 667 639 948 738 105 858 201 200 169 229 317 983 386 44 508 198 496 622 509 183 363 458 418 701 752 880 567 462 288 59 142 133 58 642 381 684 601 172 416 173 618 980 0 740 69 990 893 385 538 387 36 255 418 557 447 377 36 894 344 297 379 194 857 834 943 128 145 358 715 637 741 954 137 
146 86 202 609 216 910 987 460 80 353 587 187 164 557 608 259 830 665 659 793 86 212 293 241 423 502 112 940 234 822 87 608 171 71 823 159 57 769 459 247 315 874 798 184 677 334 588 819 594 740 0 599 884 469 521 258 757 169 226 966 167 794 279 746 257 765 896 38 882 190 632 101 122 225 598 637 707 132 228 635 
131 745 450 343 516 633 888 741 35 549 14 781 868 301 669 18 684 711 75 159 764 81 107 752 387 696 19 733 706 707 927 274 929 731 821 120 749 114 409 946 194 339 203 396 549 196 51 423 743 69 599 0 788 320 325 580 596 20 724 119 578 930 801 324 684 783 597 178 646 254 609 209 717 695 822 82 503 574 95 719 
997 864 829 381 901 510 208 305 952 378 217 435 238 906 442 304 341 882 841 922 501 883 284 823 495 921 828 652 754 1000 464 367 158 183 461 86 834 955 198 463 214 475 138 935 821 743 437 994 253 990 884 788 0 563 634 32 703 689 396 808 161 211 934 202 895 770 561 882 314 236 846 194 540 726 119 507 235 782 864 66 
104 464 819 192 292 623 744 452 120 428 740 575 512 577 197 62 749 311 443 954 357 651 241 689 894 235 844 625 458 85 419 548 501 156 534 331 895 798 773 725 391 700 718 668 139 16 676 481 510 893 469 320 563 0 572 942 476 248 177 149 591 427 934 94 41 645 249 607 180 245 18 209 425 95 683 890 669 267 916 310 
532 239 573 558 953 71 64 568 190 808 180 36 894 366 221 85 356 793 979 37 619 707 114 910 734 397 137 427 85 889 855 30 437 189 193 617 783 458 453 15 239 782 689 139 178 454 606 60 713 385 521 325 634 572 0 834 408 336 826 943 518 261 211 252 303 582 929 72 945 341 530 263 580 200 454 181 253 239 84 251 
976 376 340 96 656 812 287 574 631 473 952 417 844 334 161 955 997 770 986 583 120 77 262 884 509 773 533 780 851 509 277 451 395 447 780 816 588 373 845 549 514 919 121 497 279 855 925 264 147 538 258 580 32 942 834 0 43 42 774 391 705 791 45 446 135 969 92 780 813 697 814 465 919 798 103 420 157 783 973 611 
303 391 512 360 412 876 608 174 253 833 893 37 552 229 527 218 935 999 25 384 129 549 290 463 777 784 333 726 873 973 906 153 366 518 841 717 317 155 347 171 314 847 512 501 501 433 525 250 373 387 757 596 703 476 408 43 0 209 624 806 500 326 473 112 976 997 760 201 421 798 29 607 904 458 241 958 488 83 810 541 
332 184 479 146 595 499 428 683 680 671 16 246 940 448 792 266 192 557 626 907 929 790 458 834 231 660 641 680 560 578 926 921 737 415 297 949 350 348 995 235 452 118 766 500 367 83 861 216 673 36 169 20 689 248 336 42 209 0 893 598 854 877 384 740 628 648 262 673 234 78 566 483 830 273 338 403 888 309 175 390 
328 920 171 138 933 50 654 782 657 119 411 742 571 237 406 24 776 85 603 858 98 380 37 644 217 307 157 693 950 693 718 795 328 200 611 291 959 369 425 289 776 917 106 596 896 836 457 223 177 255 226 724 396 177 826 774 624 893 0 608 779 911 498 972 126 313 458 433 300 867 250 246 675 283 211 845 276 876 126 478 
881 326 16 914 607 243 291 305 248 900 505 836 653 359 738 433 110 90 20 546 316 431 641 259 778 875 475 324 134 248 4 643 483 550 511 49 839 839 441 205 224 549 682 274 876 127 180 438 271 418 966 119 808 149 943 391 806 598 608 0 952 21 948 521 731 353 936 659 156 356 239 815 333 645 613 659 117 301 423 23 
847 211 480 542 57 562 325 23 524 609 107 821 209 893 904 452 375 917 616 808 363 549 969 580 188 551 755 119 110 371 690 938 382 827 379 790 830 874 842 718 806 554 268 316 858 193 703 568 501 557 167 578 161 591 518 705 500 854 779 952 0 185 871 479 202 330 641 481 514 806 579 508 822 437 142 631 534 888 751 300 
962 812 164 130 990 860 1000 746 657 883 153 708 2 4 810 639 24 624 674 885 426 320 870 998 993 94 136 48 281 456 110 859 369 965 179 901 772 613 263 650 793 866 791 568 554 773 315 934 870 447 794 930 211 427 261 791 326 877 911 21 185 0 638 881 184 863 572 742 310 113 715 536 235 833 506 891 756 556 812 620 
717 896 808 183 757 766 731 13 371 707 622 419 466 935 333 210 197 206 852 416 36 533 803 361 121 630 818 406 909 129 801 549 878 544 865 383 129 116 479 778 508 1 3 630 362 368 92 158 980 377 279 801 934 934 211 45 473 384 498 948 871 638 0 538 836 225 419 822 200 482 77 130 747 851 38 806 194 810 156 57 
856 498 532 602 739 558 332 572 149 362 106 750 884 162 785 393 986 431 232 242 823 321 519 779 712 603 168 572 318 532 390 181 479 748 733 472 151 351 109 304 604 70 241 165 593 801 390 838 231 36 746 324 202 94 252 446 112 740 972 521 479 881 538 0 733 60 358 694 838 340 52 668 915 750 491 557 476 565 196 497 
636 805 531 712 178 757 43 57 893 98 54 338 495 703 609 934 557 801 270 406 433 821 138 968 910 488 710 848 359 641 202 542 381 477 406 372 717 52 813 581 832 97 410 873 734 614 981 177 494 894 257 684 895 41 303 135 976 628 126 731 202 184 836 733 0 988 751 398 116 179 138 94 956 390 863 646 208 885 317 139 
924 92 932 588 188 504 549 534 261 496 30 919 317 782 757 827 368 822 860 328 855 28 35 181 7 228 178 341 784 218 203 514 893 827 195 147 115 426 96 850 715 69 639 813 842 378 520 861 157 344 765 783 770 645 582 969 997 648 313 353 330 863 225 60 988 0 832 771 587 230 266 328 143 73 263 136 896 318 599 558 
439 980 429 478 14 277 380 469 824 608 356 618 918 200 377 682 238 15 783 475 670 968 14 817 401 210 342 887 558 55 842 472 881 590 280 472 849 965 797 623 687 123 853 844 125 424 820 188 78 297 896 597 561 249 929 92 760 262 458 936 641 572 419 358 751 832 0 404 415 764 774 697 482 572 347 652 168 675 926 42 
272 787 444 499 363 897 428 89 878 192 292 833 909 374 625 75 866 93 219 894 362 691 867 736 550 300 568 917 629 312 219 115 926 43 330 930 847 537 263 193 383 495 229 274 9 429 292 681 7 379 38 178 882 607 72 780 201 673 433 659 481 742 822 694 398 771 404 0 153 730 680 157 612 367 238 255 519 474 419 139 
939 135 909 598 644 19 527 302 573 486 640 466 173 548 904 120 765 119 45 204 364 759 447 288 769 648 619 841 385 839 371 11 783 195 322 493 266 833 348 526 451 958 98 90 915 718 645 233 305 194 882 646 314 180 945 813 421 234 300 156 514 310 200 838 116 587 415 153 0 145 21 501 784 530 545 429 627 660 65 124 
674 875 66 128 741 652 154 95 307 193 581 908 895 519 602 326 898 88 796 407 912 842 623 734 699 428 139 464 601 479 113 789 498 55 974 94 637 769 417 949 347 587 415 931 485 355 130 489 70 857 190 254 236 245 341 697 798 78 867 356 806 113 482 340 179 230 764 730 145 0 824 970 172 883 533 833 544 673 413 906 
529 722 962 764 665 298 751 859 415 676 191 672 880 981 411 543 304 722 415 657 397 655 148 576 811 939 540 470 60 697 88 901 59 849 171 928 517 30 507 777 168 858 80 481 703 83 950 552 737 834 632 609 846 18 530 814 29 566 250 239 579 715 77 52 138 266 774 680 21 824 0 446 727 266 613 67 984 979 902 789 
707 721 54 445 684 643 32 81 132 231 700 433 894 156 20 599 439 416 853 45 25 593 757 817 616 520 826 942 340 742 174 388 148 313 559 610 5 413 804 100 282 233 250 769 333 483 911 201 538 943 101 209 194 209 263 465 607 483 246 815 508 536 130 668 94 328 697 157 501 970 446 0 564 62 814 620 370 960 334 335 
660 186 225 91 190 740 268 878 217 330 290 8 200 253 555 803 298 581 942 844 226 388 764 515 677 761 619 761 832 145 384 521 661 503 754 11 637 178 947 233 859 146 94 638 355 999 862 655 169 128 122 717 540 425 580 919 904 830 675 333 822 235 747 915 956 143 482 612 784 172 727 564 0 935 262 574 920 997 569 407 
538 600 50 497 322 422 605 848 540 552 895 697 196 574 334 967 238 107 49 585 121 191 620 309 496 197 498 339 951 414 540 555 857 926 783 1 324 769 98 559 396 986 355 583 753 505 804 210 300 145 225 695 726 95 200 798 458 273 283 645 437 833 851 750 390 73 572 367 530 883 266 62 935 0 733 967 313 918 585 552 
682 549 318 89 179 575 854 12 546 226 496 530 715 835 349 207 947 812 880 480 624 602 404 98 817 351 944 356 116 705 798 64 183 442 2 608 542 381 547 724 943 197 330 939 57 355 667 452 175 358 598 822 119 683 454 103 241 338 211 613 142 506 38 491 863 263 347 238 545 533 613 814 262 733 0 734 125 200 245 898 
597 387 252 154 218 703 344 769 414 794 491 567 399 726 859 864 184 46 307 261 705 764 345 217 404 554 791 848 995 565 627 508 98 348 313 899 496 421 704 260 107 228 739 412 526 154 147 942 242 715 637 82 507 890 181 420 958 403 845 659 631 891 806 557 646 136 652 255 429 833 67 620 574 967 734 0 304 259 887 539 
66 625 381 937 296 399 439 820 195 971 492 748 138 232 469 347 504 638 726 131 112 76 382 721 422 582 888 11 686 802 943 109 960 422 669 866 134 90 535 965 126 316 937 411 290 714 293 456 487 637 707 503 235 669 253 157 488 888 276 117 534 756 194 476 208 896 168 519 627 544 984 370 920 313 125 304 0 407 780 196 
334 283 144 709 639 371 465 698 421 222 996 733 125 549 810 465 944 817 876 102 705 323 410 249 179 100 354 691 218 333 933 443 852 988 446 880 88 597 19 940 559 203 392 652 314 363 608 304 366 741 132 574 782 267 239 783 83 309 876 301 888 556 810 565 885 318 675 474 660 673 979 960 997 918 200 259 407 0 248 293 
233 622 77 485 235 404 881 743 827 746 586 174 808 89 950 433 959 939 558 885 578 120 594 18 897 194 41 646 696 65 930 412 727 62 546 766 603 743 648 64 177 661 527 33 833 252 768 445 806 954 228 95 864 916 84 973 810 175 126 423 751 812 156 196 317 599 926 419 65 413 902 334 569 585 245 887 780 248 0 772 
955 818 79 280 161 608 350 327 578 65 238 613 142 771 857 356 804 742 222 478 140 790 19 342 157 192 551 637 163 181 692 657 278 650 877 508 493 969 844 123 614 927 219 156 4 719 459 439 960 137 635 719 66 310 251 611 541 390 478 23 300 620 57 497 139 558 42 139 124 906 789 335 407 552 898 539 196 293 772 0 
0 15 782 833 825 30 201 649 497 216 189 555 155 736 757 340 25 90 162 743 525 120 491 936 591 283 138 306 470 151 192 754 441 951 685 296 728 265 653 246 383 879 777 172 434 127 493 727 354 891 218 232 805 5 310 923 207 224 301 756 842 916 865 718 664 967 602 310 725 703 486 779 736 674 807 513 490 206 173 883 
15 0 79 247 487 982 127 460 885 694 777 191 593 815 410 635 211 708 75 123 334 739 687 669 38 120 366 22 519 207 348 118 177 640 531 201 614 325 892 522 167 691 945 320 880 417 468 546 760 203 49 499 837 418 439 255 147 421 857 102 253 657 828 312 778 159 931 485 18 720 454 610 261 403 435 649 639 429 727 951 
782 79 0 723 375 202 833 424 757 275 506 513 817 486 86 61 212 12 131 809 383 733 879 173 274 163 647 809 522 545 550 291 201 737 908 188 389 271 957 526 621 673 925 718 718 156 152 606 973 922 250 637 847 759 441 494 367 381 218 76 355 55 867 398 632 991 356 710 852 49 945 330 231 30 51 234 532 289 43 17 
833 247 723 0 451 934 781 922 341 439 781 407 52 407 485 832 937 263 787 95 721 106 691 319 269 541 426 872 383 65 880 751 325 438 200 778 128 228 194 561 824 922 316 398 336 633 135 937 169 499 591 488 501 308 542 257 126 159 12 925 733 85 353 856 663 448 434 505 506 336 851 683 178 547 269 354 943 813 479 137 
825 487 375 451 0 105 452 160 642 887 629 628 769 926 621 97 258 211 939 319 32 967 741 305 549 282 845 391 283 882 852 409 46 168 416 963 84 11 246 647 653 697 506 386 224 832 627 122 259 896 89 386 680 258 917 690 567 783 908 980 213 940 465 655 87 317 181 306 793 820 447 443 289 436 250 228 492 742 270 346 
30 982 202 934 105 0 139 107 869 435 848 104 507 571 237 538 221 228 7 826 342 598 321 483 324 354 57 922 344 996 895 439 599 777 522 439 868 143 37 775 242 952 714 547 936 462 962 646 852 650 852 698 580 680 44 740 996 504 230 178 319 830 872 463 631 49 500 800 108 613 258 625 876 650 624 970 222 396 469 799 
201 127 833 781 452 139 0 411 722 461 258 658 351 223 902 750 77 731 790 69 334 417 240 919 794 366 48 588 793 157 877 470 621 928 942 830 609 129 261 864 219 317 124 283 30 89 312 641 107 200 968 923 81 771 250 84 641 468 518 256 188 824 814 221 247 334 339 627 622 153 659 62 56 793 602 353 331 527 983 610 
649 460 424 922 160 107 411 0 743 222 790 445 225 630 734 206 117 522 112 979 918 411 875 520 418 345 812 51 843 740 208 183 742 849 549 455 461 486 66 965 750 395 583 899 900 926 854 161 165 753 698 703 385 506 606 822 175 648 767 279 76 665 236 656 148 485 413 108 635 403 896 38 723 909 106 836 709 740 746 138 
497 885 757 341 642 869 722 743 0 769 813 428 852 829 411 66 54 138 589 314 831 263 210 270 380 846 584 428 747 945 362 531 337 625 179 75 144 273 34 895 642 330 187 374 205 724 814 76 326 864 14 41 881 155 149 730 108 511 796 208 665 932 446 236 867 298 805 817 420 339 683 101 292 660 433 164 450 427 507 595 
216 694 275 439 887 435 461 222 769 0 240 259 1000 275 193 339 108 358 931 728 146 14 247 303 162 625 851 940 69 207 761 631 304 402 880 925 858 529 393 647 407 74 115 233 1000 562 877 779 841 874 176 654 362 436 858 142 647 748 171 898 372 999 538 322 125 601 455 361 484 97 787 200 544 872 40 981 938 381 982 66 
189 777 506 781 629 848 258 790 813 240 0 957 458 959 39 104 264 657 769 772 66 54 185 851 828 401 416 637 639 847 45 476 650 860 777 852 834 442 936 364 494 109 561 811 793 414 900 629 666 706 707 307 108 661 337 921 792 74 222 568 134 554 592 28 114 124 319 391 593 718 202 798 433 929 560 589 385 900 661 449 
555 191 513 407 628 104 658 445 428 259 957 0 725 332 615 413 375 515 712 842 753 163 951 257 699 31 805 261 831 808 708 351 971 196 335 227 443 659 783 584 323 892 693 350 227 408 523 481 930 8 71 825 299 137 99 396 248 319 648 854 917 735 384 896 459 784 734 981 193 750 703 391 132 547 757 652 868 656 379 539 
155 593 817 52 769 507 351 225 852 1000 458 725 0 519 272 345 352 807 909 141 374 126 372 146 420 889 371 387 655 664 483 983 187 338 872 84 587 909 308 614 6 563 903 914 713 546 155 770 479 789 307 1000 343 280 694 965 408 918 639 695 145 290 677 918 550 272 967 759 149 893 798 833 53 173 876 725 296 291 987 192 
736 815 486 407 926 571 223 630 829 275 959 332 519 0 473 975 468 308 120 119 107 479 305 251 850 946 776 990 926 510 950 97 684 590 351 613 223 849 517 141 708 866 577 775 877 282 219 105 975 174 508 466 714 631 388 322 250 365 164 315 813 132 962 212 566 735 10 386 706 334 954 3 282 603 827 809 276 468 163 733 
757 410 86 485 621 237 902 734 411 193 39 615 272 473 0 873 180 223 175 405 796 987 468 255 875 192 750 117 429 753 768 629 236 113 535 704 387 168 588 860 87 900 862 748 83 183 106 291 182 292 604 638 312 340 201 5 538 743 434 655 985 781 268 531 826 767 601 676 533 605 591 221 773 568 359 806 297 724 953 830 
340 635 61 832 97 538 750 206 66 339 104 413 345 975 873 0 852 498 438 953 726 416 267 107 200 347 279 648 922 505 189 190 883 84 754 238 87 502 185 13 386 221 743 512 897 617 424 376 872 413 108 44 396 76 107 821 257 297 96 263 436 743 229 469 994 724 612 236 132 198 334 539 989 862 92 946 583 503 563 381 
25 211 212 937 258 221 77 117 54 108 264 375 352 468 180 852 0 133 203 514 351 305 709 845 939 841 153 782 181 961 484 625 275 602 177 278 722 305 623 740 478 199 94 391 337 100 244 809 113 276 658 640 255 679 741 993 783 56 654 119 417 128 56 913 293 472 283 912 920 670 59 236 568 113 860 247 510 847 771 690 
90 708 12 263 211 228 731 522 138 358 657 515 807 308 223 498 133 0 886 514 666 801 321 311 18 226 327 98 907 330 351 404 989 178 517 120 395 59 75 205 425 723 855 941 736 402 233 793 83 344 785 895 884 200 722 597 896 355 244 215 803 858 250 315 460 810 41 299 229 250 528 352 560 71 553 187 705 804 747 612 
162 75 131 787 939 7 790 112 589 931 769 712 909 120 175 438 203 886 0 290 255 389 678 287 812 634 609 783 757 480 60 444 958 453 993 873 839 221 812 814 717 886 592 620 705 806 771 344 405 884 747 270 539 462 774 931 160 416 480 46 862 608 812 321 108 912 988 554 143 526 414 650 643 138 866 15 769 819 246 329 
743 123 809 95 319 826 69 979 314 728 772 842 141 119 405 953 514 514 290 0 714 91 688 631 701 543 101 300 371 976 341 307 24 803 822 886 802 587 667 431 48 494 356 228 818 747 258 192 414 240 646 176 928 859 19 477 212 772 571 341 756 843 602 368 614 100 538 942 387 333 730 150 838 296 761 39 247 157 895 663 
525 334 383 721 32 342 334 918 831 146 66 753 374 107 796 726 351 666 255 714 0 193 392 925 950 279 413 629 859 358 632 3 425 774 56 455 788 908 475 52 176 676 387 446 621 521 799 403 416 203 123 841 376 251 677 259 186 981 212 268 288 385 218 662 376 830 516 575 487 885 430 392 241 270 725 522 259 504 399 61 
120 739 733 106 967 598 417 411 263 14 54 163 126 479 987 416 305 801 389 91 193 0 352 37 283 870 244 877 287 640 754 814 558 655 507 564 716 647 991 957 275 387 640 344 715 298 294 445 174 380 271 243 829 546 682 88 606 752 337 580 354 481 493 328 932 25 679 497 860 955 679 699 368 244 778 793 78 484 374 826 
491 687 879 691 741 321 240 875 210 247 185 951 372 305 468 267 709 321 678 688 392 352 0 67 928 789 308 498 223 187 214 180 587 664 82 197 815 721 657 748 47 76 47 690 588 200 268 227 486 385 342 313 195 286 15 81 330 690 325 727 938 785 917 329 169 249 148 735 542 620 25 639 867 471 563 273 503 392 635 339 
936 669 173 319 305 483 919 520 270 303 851 257 146 251 255 107 845 311 287 631 925 37 67 0 993 885 504 914 931 970 800 162 800 446 588 917 581 266 522 945 877 544 583 115 971 52 291 58 840 544 109 709 908 606 853 816 638 805 536 299 508 962 536 744 803 171 566 646 229 728 753 792 237 436 10 18 902 354 117 493 
591 38 274 269 549 324 794 418 380 162 828 699 420 850 875 200 939 18 812 701 950 283 928 993 0 564 255 430 891 861 778 783 301 586 253 706 600 842 890 551 666 787 307 103 632 953 742 993 601 520 207 568 757 993 629 633 783 420 301 808 52 871 168 726 812 237 614 630 566 765 973 578 827 227 887 585 300 92 873 78 
283 120 163 541 282 354 366 345 846 625 401 31 889 946 192 347 841 226 634 543 279 870 789 885 564 0 295 383 467 292 684 278 184 219 325 70 243 29 500 529 350 97 525 313 558 207 399 841 488 456 720 649 954 285 547 891 954 417 107 609 596 8 788 517 466 354 429 50 636 369 955 599 772 135 115 474 624 20 283 213 
138 366 647 426 845 57 48 812 584 851 416 805 371 776 750 279 153 327 609 101 413 244 308 504 255 295 0 592 932 794 171 753 471 126 960 671 670 285 778 296 962 593 284 210 338 601 432 606 283 124 330 187 757 709 311 478 417 798 152 271 918 160 636 220 948 195 445 716 582 161 577 897 298 658 975 714 850 326 194 677 
306 22 809 872 391 922 588 51 428 940 637 261 387 990 117 648 782 98 783 300 629 877 498 914 430 383 592 0 147 441 888 224 960 750 88 767 378 549 74 84 123 509 538 98 533 158 137 771 313 313 881 924 736 561 701 885 657 533 447 270 149 174 324 821 641 284 848 849 670 180 477 992 620 322 207 851 28 759 834 643 
470 519 522 383 283 344 793 843 747 69 639 831 655 926 429 922 181 907 757 371 859 287 223 931 891 467 932 147 0 193 729 718 827 9 847 192 961 461 297 570 403 272 142 861 165 817 864 929 926 46 291 990 734 215 151 678 989 682 667 53 8 317 879 206 490 947 635 433 355 568 39 351 411 854 95 823 732 170 563 269 
151 207 545 65 882 996 157 740 945 207 847 808 664 510 753 505 961 330 480 976 358 640 187 970 861 292 794 441 193 0 167 112 962 421 255 528 253 195 405 452 902 638 93 982 936 890 882 194 727 215 708 536 873 69 906 465 933 849 812 284 311 627 52 764 656 64 46 465 703 788 606 800 89 467 600 753 930 72 236 96 
192 348 550 880 852 895 877 208 362 761 45 708 483 950 768 189 484 351 60 341 632 754 214 800 778 684 171 888 729 167 0 175 703 73 946 896 982 727 289 747 991 430 245 245 528 478 871 392 227 989 252 945 651 378 863 105 923 754 964 98 555 90 710 556 446 133 947 88 166 180 168 251 415 606 804 837 952 870 832 948 
754 118 291 751 409 439 470 183 531 631 476 351 983 97 629 190 625 404 444 307 3 814 180 162 783 278 753 224 718 112 175 0 730 770 143 93 483 227 310 250 598 729 845 846 297 896 685 671 440 952 613 356 143 435 100 529 244 991 769 602 968 863 348 204 362 136 632 140 75 697 996 579 478 660 51 849 125 558 474 623 
441 177 201 325 46 599 621 742 337 304 650 971 187 684 236 883 275 989 958 24 425 558 587 800 301 184 471 960 827 962 703 730 0 434 299 511 524 959 258 232 438 552 1 251 265 147 447 351 140 860 194 895 249 347 571 462 481 477 189 318 328 249 878 387 398 988 978 916 735 471 159 287 509 905 183 86 655 717 595 104 
951 640 737 438 168 777 928 849 625 402 860 196 338 590 113 84 602 178 453 803 774 655 664 446 586 219 126 750 9 421 73 770 434 0 852 477 855 912 660 166 786 135 444 722 158 854 218 904 773 635 166 777 304 91 268 372 408 444 208 595 733 863 617 723 740 642 757 308 128 123 807 491 591 836 188 451 515 851 101 592 
685 531 908 200 416 522 942 549 179 880 777 335 872 351 535 754 177 517 993 822 56 507 82 588 253 325 960 88 847 255 946 143 299 852 0 875 299 981 259 412 801 705 337 107 616 229 449 656 157 377 885 626 265 762 296 916 616 92 452 560 430 352 759 687 472 30 249 403 325 636 91 586 897 553 20 572 780 427 753 1000 
296 201 188 778 963 439 830 455 75 925 852 227 84 613 704 238 278 120 873 886 455 564 197 917 706 70 671 767 192 528 896 93 511 477 875 0 784 929 107 848 731 663 388 164 456 677 116 361 900 176 12 231 263 328 595 889 638 921 188 73 715 811 342 436 286 295 455 965 566 34 871 586 150 428 623 567 848 856 678 372 
728 614 389 128 84 868 609 461 144 858 834 443 587 223 387 87 722 395 839 802 788 716 815 581 600 243 670 378 961 253 982 483 524 855 299 784 0 291 100 399 762 901 455 135 757 597 315 904 498 23 75 978 573 647 741 610 234 472 671 706 993 882 133 287 796 238 844 702 161 731 612 129 429 391 761 465 298 168 508 317 
265 325 271 228 11 143 129 486 273 529 442 659 909 849 168 502 305 59 221 587 908 647 721 266 842 29 285 549 461 195 727 227 959 912 981 929 291 0 803 135 844 169 965 737 74 249 487 336 810 89 890 298 868 801 621 380 315 285 457 761 803 570 256 446 120 120 797 602 753 646 480 384 32 494 148 445 77 654 780 913 
653 892 957 194 246 37 261 66 34 393 936 783 308 517 588 185 623 75 812 667 475 991 657 522 890 500 778 74 297 405 289 310 258 660 259 107 100 803 0 777 805 274 310 721 12 487 856 989 321 56 618 266 141 929 550 781 665 905 363 504 672 139 414 175 724 54 950 223 155 55 739 907 666 30 696 739 745 144 911 988 
246 522 526 561 647 775 864 965 895 647 364 584 614 141 860 13 740 205 814 431 52 957 748 945 551 529 296 84 570 452 747 250 232 166 412 848 399 135 777 0 869 260 379 246 482 313 437 714 1000 84 338 758 342 515 55 624 225 121 134 375 535 621 698 230 666 986 286 338 528 942 751 42 220 483 766 429 717 871 32 242 
383 167 621 824 653 242 219 750 642 407 494 323 6 708 87 386 478 425 717 48 176 275 47 877 666 350 962 123 403 902 991 598 438 786 801 731 762 844 805 869 0 221 222 577 112 871 165 54 772 703 429 234 138 639 267 355 395 543 894 339 977 942 455 455 731 873 723 390 407 383 55 237 894 154 928 128 356 589 270 434 
879 691 673 922 697 952 317 395 330 74 109 892 563 866 900 221 199 723 886 494 676 387 76 544 787 97 593 509 272 638 430 729 552 135 705 663 901 169 274 260 221 0 375 638 451 88 588 661 943 141 628 432 639 851 581 674 769 148 817 444 542 989 49 19 47 84 145 571 927 727 715 16 69 935 79 92 210 286 642 916 
777 945 925 316 506 714 124 583 187 115 561 693 903 577 862 743 94 855 592 356 387 640 47 583 307 525 284 538 142 93 245 845 1 444 337 388 455 965 310 379 222 375 0 890 103 957 912 963 467 581 947 236 141 888 609 216 530 644 217 417 213 959 141 125 475 581 938 270 157 307 213 227 69 314 215 900 838 649 474 283 
172 320 718 398 386 547 283 899 374 233 811 350 914 775 748 512 391 941 620 228 446 344 690 115 103 313 210 98 861 982 245 846 251 722 107 164 135 737 721 246 577 638 890 0 540 791 809 919 377 697 227 259 604 662 163 679 671 457 487 164 401 601 631 158 955 731 907 391 31 899 337 891 704 448 517 598 619 287 275 51 
434 880 718 336 224 936 30 900 205 1000 793 227 713 877 83 897 337 736 705 818 621 715 588 971 632 558 338 533 165 936 528 297 265 158 616 456 757 74 12 482 112 451 103 540 0 698 575 660 442 164 636 905 936 49 195 162 583 322 954 906 868 528 405 511 603 928 54 338 929 519 619 413 256 548 16 501 583 536 807 172 
127 417 156 633 832 462 89 926 724 562 414 408 546 282 183 617 100 402 806 747 521 298 200 52 953 207 601 158 817 890 478 896 147 854 229 677 597 249 487 313 871 88 957 791 698 0 19 125 251 617 18 268 893 163 593 860 641 332 807 225 214 852 271 906 889 308 359 710 421 401 113 317 849 385 516 291 627 62 331 689 
493 468 152 135 627 962 312 854 814 877 900 523 155 219 106 424 244 233 771 258 799 294 268 291 742 399 432 137 864 882 871 685 447 218 449 116 315 487 856 437 165 588 912 809 575 19 0 873 156 154 658 104 566 541 659 789 706 918 34 235 837 402 42 153 980 773 814 310 640 265 686 961 878 922 458 43 272 911 653 388 
727 546 606 937 122 646 641 161 76 779 629 481 770 105 291 376 809 793 344 192 403 445 227 58 993 841 606 771 929 194 392 671 351 904 656 361 904 336 989 714 54 661 963 919 660 125 873 0 223 595 886 529 804 682 291 355 477 133 286 439 487 743 334 602 228 806 329 569 500 491 371 310 715 179 450 843 288 460 464 601 
354 760 973 169 259 852 107 165 326 841 666 930 479 975 182 872 113 83 405 414 416 174 486 840 601 488 283 313 926 727 227 440 140 773 157 900 498 810 321 1000 772 943 467 377 442 251 156 223 0 955 346 888 373 638 726 251 457 817 345 418 122 1000 959 354 301 130 352 21 306 14 657 483 126 404 112 223 514 86 790 978 
891 203 922 499 896 650 200 753 864 874 706 8 789 174 292 413 276 344 884 240 203 380 385 544 520 456 124 313 46 215 989 952 860 635 377 176 23 89 56 84 703 141 581 697 164 617 154 595 955 0 951 84 914 744 308 351 150 223 57 452 496 258 256 205 784 569 561 289 406 955 820 766 199 447 2 786 360 519 799 241 
218 49 250 591 89 852 968 698 14 176 707 71 307 508 604 108 658 785 747 646 123 271 342 109 207 720 330 881 291 708 252 613 194 166 885 12 75 890 618 338 429 628 947 227 636 18 658 886 346 951 0 409 955 225 680 555 885 253 291 817 67 853 536 771 81 774 864 62 695 194 705 13 440 65 404 758 705 267 102 548 
232 499 637 488 386 698 923 703 41 654 307 825 1000 466 638 44 640 895 270 176 841 243 313 709 568 649 187 924 990 536 945 356 895 777 626 231 978 298 266 758 234 432 236 259 905 268 104 529 888 84 409 0 613 220 440 518 721 436 826 265 688 782 583 378 474 589 364 73 454 162 698 252 459 574 735 282 505 545 194 703 
805 837 847 501 680 580 81 385 881 362 108 299 343 714 312 396 255 884 539 928 376 829 195 908 757 954 757 736 734 873 651 143 249 304 265 263 573 868 141 342 138 639 141 604 936 893 566 804 373 914 955 613 0 656 448 167 661 663 480 858 170 175 876 25 829 564 483 930 192 225 627 303 616 850 138 602 147 754 613 33 
5 418 759 308 258 680 771 506 155 436 661 137 280 631 340 76 679 200 462 859 251 546 286 606 993 285 709 561 215 69 378 435 347 91 762 328 647 801 929 515 639 851 888 662 49 163 541 682 638 744 225 220 656 0 445 925 515 255 285 17 654 301 840 178 241 689 22 785 183 154 67 171 592 223 395 906 914 110 852 206 
310 439 441 542 917 44 250 606 149 858 337 99 694 388 201 107 741 722 774 19 677 682 15 853 629 547 311 701 151 906 863 100 571 268 296 595 741 621 550 55 267 581 609 163 195 593 659 291 726 308 680 440 448 445 0 832 265 290 945 960 776 382 60 219 243 581 995 134 832 435 428 524 628 278 553 207 514 322 155 166 
923 255 494 257 690 740 84 822 730 142 921 396 965 322 5 821 993 597 931 477 259 88 81 816 633 891 478 885 678 465 105 529 462 372 916 889 610 380 781 624 355 674 216 679 162 860 789 355 251 351 555 518 167 925 832 0 97 146 733 206 476 886 186 274 185 771 65 662 904 524 696 103 983 819 96 518 169 937 771 573 
207 147 367 126 567 996 641 175 108 647 792 248 408 250 538 257 783 896 160 212 186 606 330 638 783 954 417 657 989 933 923 244 481 408 616 638 234 315 665 225 395 769 530 671 583 641 706 477 457 150 885 721 661 515 265 97 0 417 817 673 564 516 234 180 996 897 841 137 451 954 131 555 735 202 38 991 824 332 768 536 
224 421 381 159 783 504 468 648 511 748 74 319 918 365 743 297 56 355 416 772 981 752 690 805 420 417 798 533 682 849 754 991 477 444 92 921 472 285 905 121 543 148 644 457 322 332 918 133 817 223 253 436 663 255 290 146 417 0 835 575 808 791 306 987 721 941 357 738 325 474 713 492 901 199 383 537 930 82 312 273 
301 857 218 12 908 230 518 767 796 171 222 648 639 164 434 96 654 244 480 571 212 337 325 536 301 107 152 447 667 812 964 769 189 208 452 188 671 457 363 134 894 817 217 487 954 807 34 286 345 57 291 826 480 285 945 733 817 835 0 955 729 882 476 866 174 465 435 381 292 784 264 337 773 354 219 805 423 901 330 316 
756 102 76 925 980 178 256 279 208 898 568 854 695 315 655 263 119 215 46 341 268 580 727 299 808 609 271 270 53 284 98 602 318 595 560 73 706 761 504 375 339 444 417 164 906 225 235 439 418 452 817 265 858 17 960 206 673 575 955 0 746 88 910 559 925 246 986 563 93 260 242 982 384 552 917 417 294 536 299 21 
842 253 355 733 213 319 188 76 665 372 134 917 145 813 985 436 417 803 862 756 288 354 938 508 52 596 918 149 8 311 555 968 328 733 430 715 993 803 672 535 977 542 213 401 868 214 837 487 122 496 67 688 170 654 776 476 564 808 729 746 0 45 870 600 50 424 461 503 368 814 473 479 682 445 319 958 338 897 626 494 
916 657 55 85 940 830 824 665 932 999 554 735 290 132 781 743 128 858 608 843 385 481 785 962 871 8 160 174 317 627 90 863 249 863 352 811 882 570 139 621 942 989 959 601 528 852 402 743 1000 258 853 782 175 301 382 886 516 791 882 88 45 0 635 911 131 916 793 917 234 44 597 711 222 849 396 898 718 868 765 882 
865 828 867 353 465 872 814 236 446 538 592 384 677 962 268 229 56 250 812 602 218 493 917 536 168 788 636 324 879 52 710 348 878 617 759 342 133 256 414 698 455 49 141 631 405 271 42 334 959 256 536 583 876 840 60 186 234 306 476 910 870 635 0 336 847 253 546 786 338 576 74 173 721 780 3 729 442 630 185 172 
718 312 398 856 655 463 221 656 236 322 28 896 918 212 531 469 913 315 321 368 662 328 329 744 726 517 220 821 206 764 556 204 387 723 687 436 287 446 175 230 455 19 125 158 511 906 153 602 354 205 771 378 25 178 219 274 180 987 866 559 600 911 336 0 887 235 350 825 786 318 138 571 996 788 714 521 388 666 219 110 
664 778 632 663 87 631 247 148 867 125 114 459 550 566 826 994 293 460 108 614 376 932 169 803 812 466 948 641 490 656 446 362 398 740 472 286 796 120 724 666 731 47 475 955 603 889 980 228 301 784 81 474 829 241 243 185 996 721 174 925 50 131 847 887 0 950 664 491 95 93 122 460 925 538 859 882 498 868 195 312 
967 159 991 448 317 49 334 485 298 601 124 784 272 735 767 724 472 810 912 100 830 25 249 171 237 354 195 284 947 64 133 136 988 642 30 295 238 120 54 986 873 84 581 731 928 308 773 806 130 569 774 589 564 689 581 771 897 941 465 246 424 916 253 235 950 0 871 675 710 201 624 243 85 170 21 51 955 99 749 625 
602 931 356 434 181 500 339 413 805 455 319 734 967 10 601 612 283 41 988 538 516 679 148 566 614 429 445 848 635 46 947 632 978 757 249 455 844 797 950 286 723 145 938 907 54 359 814 329 352 561 864 364 483 22 995 65 841 357 435 986 461 793 546 350 664 871 0 571 502 577 681 548 434 624 460 539 355 911 976 103 
310 485 710 505 306 800 627 108 817 361 391 981 759 386 676 236 912 299 554 942 575 497 735 646 630 50 716 849 433 465 88 140 916 308 403 965 702 602 223 338 390 571 270 391 338 710 310 569 21 289 62 73 930 785 134 662 137 738 381 563 503 917 786 825 491 675 571 0 271 893 530 189 571 495 261 37 878 327 485 261 
725 18 852 506 793 108 622 635 420 484 593 193 149 706 533 132 920 229 143 387 487 860 542 229 566 636 582 670 355 703 166 75 735 128 325 566 161 753 155 528 407 927 157 31 929 421 640 500 306 406 695 454 192 183 832 904 451 325 292 93 368 234 338 786 95 710 502 271 0 120 16 618 699 554 411 356 752 525 311 410 
703 720 49 336 820 613 153 403 339 97 718 750 893 334 605 198 670 250 526 333 885 955 620 728 765 369 161 180 568 788 180 697 471 123 636 34 731 646 55 942 383 727 307 899 519 401 265 491 14 955 194 162 225 154 435 524 954 474 784 260 814 44 576 318 93 201 577 893 120 0 866 789 2 896 734 968 581 632 217 890 
486 454 945 851 447 258 659 896 683 787 202 703 798 954 591 334 59 528 414 730 430 679 25 753 973 955 577 477 39 606 168 996 159 807 91 871 612 480 739 751 55 715 213 337 619 113 686 371 657 820 705 698 627 67 428 696 131 713 264 242 473 597 74 138 122 624 681 530 16 866 0 187 843 487 870 17 912 470 838 729 
779 610 330 683 443 625 62 38 101 200 798 391 833 3 221 539 236 352 650 150 392 699 639 792 578 599 897 992 351 800 251 579 287 491 586 586 129 384 907 42 237 16 227 891 413 317 961 310 483 766 13 252 303 171 524 103 555 492 337 982 479 711 173 571 460 243 548 189 618 789 187 0 535 80 883 630 386 952 101 459 
736 261 231 178 289 876 56 723 292 544 433 132 53 282 773 989 568 560 643 838 241 368 867 237 827 772 298 620 411 89 415 478 509 591 897 150 429 32 666 220 894 69 69 704 256 849 878 715 126 199 440 459 616 592 628 983 735 901 773 384 682 222 721 996 925 85 434 571 699 2 843 535 0 773 263 427 917 958 386 104 
674 403 30 547 436 650 793 909 660 872 929 547 173 603 568 862 113 71 138 296 270 244 471 436 227 135 658 322 854 467 606 660 905 836 553 428 391 494 30 483 154 935 314 448 548 385 922 179 404 447 65 574 850 223 278 819 202 199 354 552 445 849 780 788 538 170 624 495 554 896 487 80 773 0 621 929 349 975 575 515 
807 435 51 269 250 624 602 106 433 40 560 757 876 827 359 92 860 553 866 761 725 778 563 10 887 115 975 207 95 600 804 51 183 188 20 623 761 148 696 766 928 79 215 517 16 516 458 450 112 2 404 735 138 395 553 96 38 383 219 917 319 396 3 714 859 21 460 261 411 734 870 883 263 621 0 827 139 157 183 978 
513 649 234 354 228 970 353 836 164 981 589 652 725 809 806 946 247 187 15 39 522 793 273 18 585 474 714 851 823 753 837 849 86 451 572 567 465 445 739 429 128 92 900 598 501 291 43 843 223 786 758 282 602 906 207 518 991 537 805 417 958 898 729 521 882 51 539 37 356 968 17 630 427 929 827 0 436 279 868 614 
490 639 532 943 492 222 331 709 450 938 385 868 296 276 297 583 510 705 769 247 259 78 503 902 300 624 850 28 732 930 952 125 655 515 780 848 298 77 745 717 356 210 838 619 583 627 272 288 514 360 705 505 147 914 514 169 824 930 423 294 338 718 442 388 498 955 355 878 752 581 912 386 917 349 139 436 0 566 830 282 
206 429 289 813 742 396 527 740 427 381 900 656 291 468 724 503 847 804 819 157 504 484 392 354 92 20 326 759 170 72 870 558 717 851 427 856 168 654 144 871 589 286 649 287 536 62 911 460 86 519 267 545 754 110 322 937 332 82 901 536 897 868 630 666 868 99 911 327 525 632 470 952 958 975 157 279 566 0 306 257 
173 727 43 479 270 469 983 746 507 982 661 379 987 163 953 563 771 747 246 895 399 374 635 117 873 283 194 834 563 236 832 474 595 101 753 678 508 780 911 32 270 642 474 275 807 331 653 464 790 799 102 194 613 852 155 771 768 312 330 299 626 765 185 219 195 749 976 485 311 217 838 101 386 575 183 868 830 306 0 709 
883 951 17 137 346 799 610 138 595 66 449 539 192 733 830 381 690 612 329 663 61 826 339 493 78 213 677 643 269 96 948 623 104 592 1000 372 317 913 988 242 434 916 283 51 172 689 388 601 978 241 548 703 33 206 166 573 536 273 316 21 494 882 172 110 312 625 103 261 410 890 729 459 104 515 978 614 282 257 709 0 
