70 2
0 220 896 992 329 860 302 427 348 445 773 136 134 579 278 600 864 338 940 649 483 116 966 858 348 49 493 676 452 425 264 525 920 770 509 886 891 36 791 56 650 24 501 735 325 867 628 628 749 377 120 346 730 36 227 689 901 285 508 608 269 896 742 323 485 247 254 225 342 184 
220 0 671 138 352 501 990 35 515 757 397 957 165 165 801 506 314 479 665 927 615 264 37 219 915 267 953 275 198 11 995 907 975 170 311 639 549 951 519 689 446 760 656 917 39 546 160 94 782 605 882 913 341 990 882 426 705 888 162 333 845 928 742 579 670 486 182 316 895 793 
896 671 0 911 750 886 440 479 507 527 324 316 462 509 23 410 278 319 496 814 211 991 331 69 289 4 459 289 910 508 436 461 958 389 507 808 107 518 616 616 61 629 19 543 570 768 493 469 127 444 571 937 925 190 359 691 950 554 627 996 143 836 100 922 18 906 647 281 578 811 
992 138 911 0 282 668 747 235 536 240 207 707 214 555 363 164 341 479 495 115 51 363 628 400 626 354 806 877 232 3 57 276 725 908 977 476 488 639 689 132 922 153 607 499 979 521 339 113 746 448 67 917 691 690 847 500 877 131 718 88 308 629 200 458 589 790 907 557 138 315 
329 352 750 282 0 702 14 104 961 280 993 626 312 692 647 231 630 153 918 672 240 644 721 836 624 475 10 594 621 917 438 815 743 7 277 15 273 531 87 185 403 381 45 654 992 869 142 62 667 214 572 833 270 949 297 403 503 915 598 285 846 851 238 956 282 533 868 722 224 717 
860 501 886 668 702 0 69 242 443 449 186 386 909 296 683 941 691 517 197 662 130 246 437 697 189 31 975 700 23 486 338 563 702 806 917 845 134 227 300 926 571 409 153 89 501 960 885 348 722 811 731 663 507 699 43 531 746 282 593 862 567 287 726 992 719 453 640 311 31 220 
302 990 440 747 14 69 0 559 856 860 241 8 598 485 259 899 571 954 630 6 51 141 39 798 701 98 230 725 253 81 147 710 794 62 832 861 340 12 331 93 656 531 450 712 667 345 925 735 653 3 735 900 850 587 208 595 669 700 313 922 465 842 437 653 96 802 742 300 739 750 
427 35 479 235 104 242 559 0 780 241 187 658 404 575 707 810 848 342 156 49 979 70 580 431 686 46 133 580 148 327 769 219 322 26 83 667 379 982 349 474 886 819 112 431 746 667 725 896 152 833 711 714 27 424 633 74 182 632 85 321 42 124 118 537 643 970 129 392 452 540 
348 515 507 536 961 443 856 780 0 498 261 998 146 919 97 504 271 652 708 906 634 741 774 314 730 332 585 423 244 749 322 90 434 811 577 568 413 972 916 562 76 286 580 415 542 141 48 730 211 749 565 687 954 116 202 187 284 818 824 191 860 824 861 168 753 540 390 560 153 530 
445 757 527 240 280 449 860 241 498 0 124 472 61 166 189 847 230 763 912 496 300 359 520 948 347 150 86 689 69 724 267 993 755 190 779 412 589 271 557 297 399 720 47 860 626 102 148 12 70 126 858 467 57 749 216 787 666 482 602 734 558 579 259 432 209 927 621 984 471 572 
773 397 324 207 993 186 241 187 261 124 0 273 287 426 127 178 290 826 984 915 113 505 942 901 826 342 151 709 381 573 379 811 619 369 424 414 243 938 880 914 520 755 500 296 338 517 770 862 544 99 954 274 285 854 6 915 274 956 23 755 506 104 718 885 95 796 17 931 579 347 
136 957 316 707 626 386 8 658 998 472 273 0 723 808 967 261 243 162 310 552 62 140 390 919 422 661 159 280 74 715 804 144 281 929 742 853 300 110 84 824 840 838 499 71 421 626 602 444 75 852 393 408 241 36 73 305 329 322 496 576 853 138 798 186 464 219 553 415 270 441 
134 165 462 214 312 909 598 404 146 61 287 723 0 757 741 153 187 536 139 739 816 409 505 736 264 400 271 142 733 975 148 190 268 121 258 378 901 985 350 405 616 473 642 428 624 674 549 69 961 854 63 985 78 132 195 514 756 465 122 633 224 542 455 723 864 346 106 537 989 752 
579 165 509 555 692 296 485 575 919 166 426 808 757 0 973 676 820 433 400 733 801 481 971 361 642 456 819 589 615 3 315 481 754 195 640 891 805 632 87 106 218 464 133 614 207 26 779 750 718 558 218 591 449 799 711 665 742 914 742 726 246 678 777 2 993 737 32 793 299 741 
278 801 23 363 647 683 259 707 97 189 127 967 741 973 0 466 229 706 231 876 266 156 196 155 635 86 598 525 305 960 39 175 571 485 961 473 220 315 385 145 912 338 48 375 66 746 130 680 706 493 753 803 792 602 182 569 574 443 220 256 864 478 510 459 503 953 160 179 879 687 
600 506 410 164 231 941 899 810 504 847 178 261 153 676 466 0 505 47 476 916 567 792 540 85 386 460 117 370 492 251 93 589 221 864 352 491 655 823 806 255 160 444 197 289 724 474 138 990 955 258 724 394 843 247 75 34 594 598 430 525 501 167 499 127 130 67 208 244 133 76 
864 314 278 341 630 691 571 848 271 230 290 243 187 820 229 505 0 444 559 347 669 613 616 360 113 188 897 279 121 299 463 443 106 638 672 798 604 249 843 422 893 646 309 978 216 60 640 988 317 398 676 803 29 49 520 944 152 226 64 508 148 267 581 6 69 847 403 320 856 670 
338 479 319 479 153 517 954 342 652 763 826 162 536 433 706 47 444 0 683 282 136 666 439 662 766 316 688 682 183 263 313 336 339 624 199 282 358 813 307 298 842 164 303 162 431 229 948 844 554 785 120 704 689 31 294 521 708 406 509 398 985 918 244 106 518 110 126 845 941 103 
940 665 496 495 918 197 630 156 708 912 984 310 139 400 231 476 559 683 0 844 127 351 534 552 599 535 957 778 286 395 118 271 592 67 72 789 870 889 155 337 355 63 73 585 54 35 760 882 292 369 578 349 273 685 514 189 982 50 6 872 806 621 144 836 17 916 749 198 215 993 
649 927 814 115 672 662 6 49 906 496 915 552 739 733 876 916 347 282 844 0 614 35 66 361 401 353 586 782 475 624 991 720 805 666 812 263 357 100 741 787 38 454 134 600 166 129 389 7 622 90 585 695 821 816 608 627 434 114 813 611 428 566 477 766 116 933 293 929 599 233 
483 615 211 51 240 130 51 979 634 300 113 62 816 801 266 567 669 136 127 614 0 70 439 15 895 382 789 511 953 799 121 942 891 315 235 539 493 844 906 23 918 114 294 181 802 515 740 485 349 27 754 662 550 743 580 924 116 911 365 605 882 926 94 69 336 195 759 536 921 547 
116 264 991 363 644 246 141 70 741 359 505 140 409 481 156 792 613 666 351 35 70 0 900 216 232 883 167 102 313 37 586 441 550 263 342 18 726 321 207 804 420 684 969 91 589 690 203 739 775 139 946 246 494 427 961 887 837 60 750 293 733 686 524 738 17 547 373 210 989 326 
966 37 331 628 721 437 39 580 774 520 942 390 505 971 196 540 616 439 534 66 439 900 0 803 889 195 857 361 902 288 381 185 325 50 686 556 68 492 623 866 119 880 948 932 471 666 179 396 594 899 564 313 248 425 595 165 984 837 566 226 992 37 951 440 781 352 70 124 824 601 
858 219 69 400 836 697 798 431 314 948 901 919 736 361 155 85 360 662 552 361 15 216 803 0 388 275 344 502 865 161 837 849 444 447 500 583 247 35 652 675 719 744 420 105 181 164 778 710 361 921 553 558 249 4 377 375 994 481 733 643 746 363 894 92 22 804 645 185 175 895 
348 915 289 626 624 189 701 686 730 347 826 422 264 642 635 386 113 766 599 401 895 232 889 388 0 299 814 731 816 643 589 835 416 238 977 789 450 483 818 962 454 169 960 108 331 686 319 347 519 686 173 786 395 710 509 832 63 205 456 436 409 756 544 653 531 14 814 809 456 41 
49 267 4 354 475 31 98 46 332 150 342 661 400 456 86 460 188 316 535 353 382 883 195 275 299 0 94 278 159 414 914 199 760 774 371 966 588 719 759 478 925 621 992 835 142 179 839 600 58 3 957 874 230 988 1 875 703 60 558 776 27 19 242 580 334 743 447 311 763 995 
493 953 459 806 10 975 230 133 585 86 151 159 271 819 598 117 897 688 957 586 789 167 857 344 814 94 0 824 997 266 825 661 420 616 39 339 553 795 479 882 541 69 449 113 188 345 498 452 227 369 412 281 556 512 752 959 863 518 699 333 77 919 941 220 75 240 570 742 282 273 
676 275 289 877 594 700 725 580 423 689 709 280 142 589 525 370 279 682 778 782 511 102 361 502 731 278 824 0 513 729 885 758 915 416 378 625 879 594 813 295 743 982 925 99 667 742 737 520 533 414 96 908 753 187 571 76 187 727 846 859 176 724 624 694 945 618 717 274 16 974 
452 198 910 232 621 23 253 148 244 69 381 74 733 615 305 492 121 183 286 475 953 313 902 865 816 159 997 513 0 376 523 366 512 495 56 157 674 236 105 577 834 742 14 267 789 338 865 407 402 387 549 724 668 541 797 875 680 920 161 293 961 478 83 556 905 705 904 483 134 365 
425 11 508 3 917 486 81 327 749 724 573 715 975 3 960 251 299 263 395 624 799 37 288 161 643 414 266 729 376 0 125 699 406 811 871 498 383 455 267 217 686 142 627 641 160 433 598 685 861 588 948 907 3 991 330 594 245 36 842 428 580 322 749 487 802 732 567 223 836 144 
264 995 436 57 438 338 147 769 322 267 379 804 148 315 39 93 463 313 118 991 121 586 381 837 589 914 825 885 523 125 0 596 243 88 56 812 914 678 453 166 129 190 242 110 368 154 209 990 512 146 914 897 858 511 923 69 353 539 756 82 37 987 283 337 222 834 179 667 79 57 
525 907 461 276 815 563 710 219 90 993 811 144 190 481 175 589 443 336 271 720 942 441 185 849 835 199 661 758 366 699 596 0 844 533 299 760 159 30 48 331 509 238 885 543 414 873 475 262 745 672 980 178 247 423 954 667 526 508 619 4 500 377 89 53 745 956 682 581 140 399 
920 975 958 725 743 702 794 322 434 755 619 281 268 754 571 221 106 339 592 805 891 550 325 444 416 760 420 915 512 406 243 844 0 348 931 809 300 424 727 965 899 421 934 67 40 738 300 817 151 1000 458 972 639 74 170 299 862 734 113 802 212 686 280 389 404 232 249 583 110 892 
770 170 389 908 7 806 62 26 811 190 369 929 121 195 485 864 638 624 67 666 315 263 50 447 238 774 616 416 495 811 88 533 348 0 185 900 878 631 187 87 90 807 404 590 182 856 543 323 581 144 793 350 362 655 715 167 845 363 952 568 397 221 592 942 747 40 605 614 354 82 
509 311 507 977 277 917 832 83 577 779 424 742 258 640 961 352 672 199 72 812 235 342 686 500 977 371 39 378 56 871 56 299 931 185 0 767 430 414 54 936 573 987 745 550 57 693 154 114 428 838 902 119 242 665 69 236 89 782 537 615 535 652 217 491 621 186 825 356 862 461 
886 639 808 476 15 845 861 667 568 412 414 853 378 891 473 491 798 282 789 263 539 18 556 583 789 966 339 625 157 498 812 760 809 900 767 0 300 846 35 15 443 644 882 402 150 31 135 978 829 172 564 303 803 624 613 280 940 35 283 695 401 704 468 696 419 391 577 938 159 677 
891 549 107 488 273 134 340 379 413 589 243 300 901 805 220 655 604 358 870 357 493 726 68 247 450 588 553 879 674 383 914 159 300 878 430 300 0 763 553 905 604 543 556 928 226 899 593 680 333 780 575 279 903 301 3 430 572 901 123 968 39 510 427 802 767 228 172 410 524 329 
36 951 518 639 531 227 12 982 972 271 938 110 985 632 315 823 249 813 889 100 844 321 492 35 483 719 795 594 236 455 678 30 424 631 414 846 763 0 245 529 926 313 934 114 914 195 314 309 341 931 879 459 174 112 251 350 664 646 701 685 784 704 819 17 433 606 171 456 103 44 
791 519 616 689 87 300 331 349 916 557 880 84 350 87 385 806 843 307 155 741 906 207 623 652 818 759 479 813 105 267 453 48 727 187 54 35 553 245 0 564 684 274 810 802 674 727 177 248 468 25 240 750 275 929 487 810 653 407 577 700 218 53 65 894 677 513 243 758 109 251 
56 689 616 132 185 926 93 474 562 297 914 824 405 106 145 255 422 298 337 787 23 804 866 675 962 478 882 295 577 217 166 331 965 87 936 15 905 529 564 0 753 958 857 245 724 413 445 601 27 961 504 458 659 192 617 373 2 588 600 712 972 617 685 98 116 429 307 895 526 647 
650 446 61 922 403 571 656 886 76 399 520 840 616 218 912 160 893 842 355 38 918 420 119 719 454 925 541 743 834 686 129 509 899 90 573 443 604 926 684 753 0 694 480 523 400 897 160 766 975 324 680 372 243 861 470 730 1 180 968 790 581 334 402 633 998 495 185 925 491 208 
24 760 629 153 381 409 531 819 286 720 755 838 473 464 338 444 646 164 63 454 114 684 880 744 169 621 69 982 742 142 190 238 421 807 987 644 543 313 274 958 694 0 414 994 136 766 291 242 326 707 97 180 583 555 763 998 3 438 673 260 53 18 733 284 153 357 944 226 58 858 
501 656 19 607 45 153 450 112 580 47 500 499 642 133 48 197 309 303 73 134 294 969 948 420 960 992 449 925 14 627 242 885 934 404 745 882 556 934 810 857 480 414 0 911 105 872 477 1000 97 479 452 502 593 244 61 128 48 899 659 82 714 116 349 870 890 776 49 861 486 590 
735 917 543 499 654 89 712 431 415 860 296 71 428 614 375 289 978 162 585 600 181 91 932 105 108 835 113 99 267 641 110 543 67 590 550 402 928 114 802 245 523 994 911 0 580 757 387 907 34 369 632 76 401 520 717 491 271 695 949 112 5 304 47 826 234 173 807 155 262 791 
325 39 570 979 992 501 667 746 542 626 338 421 624 207 66 724 216 431 54 166 802 589 471 181 331 142 188 667 789 160 368 414 40 182 57 150 226 914 674 724 400 136 105 580 0 303 931 199 149 251 177 426 632 948 188 573 135 2 35 643 920 113 341 680 917 60 32 754 929 575 
867 546 768 521 869 960 345 667 141 102 517 626 674 26 746 474 60 229 35 129 515 690 666 164 686 179 345 742 338 433 154 873 738 856 693 31 899 195 727 413 897 766 872 757 303 0 213 807 825 125 362 908 122 487 593 718 932 843 593 733 349 387 647 366 269 337 411 304 502 96 
628 160 493 339 142 885 925 725 48 148 770 602 549 779 130 138 640 948 760 389 740 203 179 778 319 839 498 737 865 598 209 475 300 543 154 135 593 314 177 445 160 291 477 387 931 213 0 48 332 695 482 607 946 183 239 817 292 88 520 632 498 428 117 427 521 164 544 594 491 106 
628 94 469 113 62 348 735 896 730 12 862 444 69 750 680 990 988 844 882 7 485 739 396 710 347 600 452 520 407 685 990 262 817 323 114 978 680 309 248 601 766 242 1000 907 199 807 48 0 632 857 464 176 143 351 275 281 257 146 203 217 442 21 138 896 179 980 699 775 676 194 
749 782 127 746 667 722 653 152 211 70 544 75 961 718 706 955 317 554 292 622 349 775 594 361 519 58 227 533 402 861 512 745 151 581 428 829 333 341 468 27 975 326 97 34 149 825 332 632 0 869 923 923 925 110 357 610 560 940 270 979 485 63 941 116 58 648 815 509 220 1 
377 605 444 448 214 811 3 833 749 126 99 852 854 558 493 258 398 785 369 90 27 139 899 921 686 3 369 414 387 588 146 672 1000 144 838 172 780 931 25 961 324 707 479 369 251 125 695 857 869 0 2 987 932 60 625 952 149 560 815 288 119 972 159 355 737 429 454 146 515 846 
120 882 571 67 572 731 735 711 565 858 954 393 63 218 753 724 676 120 578 585 754 946 564 553 173 957 412 96 549 948 914 980 458 793 902 564 575 879 240 504 680 97 452 632 177 362 482 464 923 2 0 665 409 303 485 950 692 555 984 821 895 497 36 769 364 483 750 789 186 527 
346 913 937 917 833 663 900 714 687 467 274 408 985 591 803 394 803 704 349 695 662 246 313 558 786 874 281 908 724 907 897 178 972 350 119 303 279 459 750 458 372 180 502 76 426 908 607 176 923 987 665 0 47 859 273 89 397 329 839 311 437 957 373 733 76 393 357 231 246 400 
730 341 925 691 270 507 850 27 954 57 285 241 78 449 792 843 29 689 273 821 550 494 248 249 395 230 556 753 668 3 858 247 639 362 242 803 903 174 275 659 243 583 593 401 632 122 946 143 925 932 409 47 0 116 133 524 911 526 339 725 216 324 220 249 666 149 695 966 673 689 
36 990 190 690 949 699 587 424 116 749 854 36 132 799 602 247 49 31 685 816 743 427 425 4 710 988 512 187 541 991 511 423 74 655 665 624 301 112 929 192 861 555 244 520 948 487 183 351 110 60 303 859 116 0 397 497 846 681 415 737 367 747 679 91 99 64 989 664 767 968 
227 882 359 847 297 43 208 633 202 216 6 73 195 711 182 75 520 294 514 608 580 961 595 377 509 1 752 571 797 330 923 954 170 715 69 613 3 251 487 617 470 763 61 717 188 593 239 275 357 625 485 273 133 397 0 17 648 236 224 150 387 334 74 832 428 155 766 459 66 322 
689 426 691 500 403 531 595 74 187 787 915 305 514 665 569 34 944 521 189 627 924 887 165 375 832 875 959 76 875 594 69 667 299 167 236 280 430 350 810 373 730 998 128 491 573 718 817 281 610 952 950 89 524 497 17 0 4 983 152 487 737 103 831 561 332 883 881 908 943 124 
901 705 950 877 503 746 669 182 284 666 274 329 756 742 574 594 152 708 982 434 116 837 984 994 63 703 863 187 680 245 353 526 862 845 89 940 572 664 653 2 1 3 48 271 135 932 292 257 560 149 692 397 911 846 648 4 0 538 497 211 328 626 262 78 758 501 804 580 818 654 
285 888 554 131 915 282 700 632 818 482 956 322 465 914 443 598 226 406 50 114 911 60 837 481 205 60 518 727 920 36 539 508 734 363 782 35 901 646 407 588 180 438 899 695 2 843 88 146 940 560 555 329 526 681 236 983 538 0 351 55 462 223 51 447 134 448 687 352 378 298 
508 162 627 718 598 593 313 85 824 602 23 496 122 742 220 430 64 509 6 813 365 750 566 733 456 558 699 846 161 842 756 619 113 952 537 283 123 701 577 600 968 673 659 949 35 593 520 203 270 815 984 839 339 415 224 152 497 351 0 519 135 150 468 24 941 601 210 26 925 633 
608 333 996 88 285 862 922 321 191 734 755 576 633 726 256 525 508 398 872 611 605 293 226 643 436 776 333 859 293 428 82 4 802 568 615 695 968 685 700 712 790 260 82 112 643 733 632 217 979 288 821 311 725 737 150 487 211 55 519 0 263 689 46 536 495 275 321 591 144 16 
269 845 143 308 846 567 465 42 860 558 506 853 224 246 864 501 148 985 806 428 882 733 992 746 409 27 77 176 961 580 37 500 212 397 535 401 39 784 218 972 581 53 714 5 920 349 498 442 485 119 895 437 216 367 387 737 328 462 135 263 0 232 991 583 335 566 763 602 755 420 
896 928 836 629 851 287 842 124 824 579 104 138 542 678 478 167 267 918 621 566 926 686 37 363 756 19 919 724 478 322 987 377 686 221 652 704 510 704 53 617 334 18 116 304 113 387 428 21 63 972 497 957 324 747 334 103 626 223 150 689 232 0 993 445 749 592 716 91 808 975 
742 742 100 200 238 726 437 118 861 259 718 798 455 777 510 499 581 244 144 477 94 524 951 894 544 242 941 624 83 749 283 89 280 592 217 468 427 819 65 685 402 733 349 47 341 647 117 138 941 159 36 373 220 679 74 831 262 51 468 46 991 993 0 709 506 612 964 379 578 482 
323 579 922 458 956 992 653 537 168 432 885 186 723 2 459 127 6 106 836 766 69 738 440 92 653 580 220 694 556 487 337 53 389 942 491 696 802 17 894 98 633 284 870 826 680 366 427 896 116 355 769 733 249 91 832 561 78 447 24 536 583 445 709 0 809 853 338 870 201 477 
485 670 18 589 282 719 96 643 753 209 95 464 864 993 503 130 69 518 17 116 336 17 781 22 531 334 75 945 905 802 222 745 404 747 621 419 767 433 677 116 998 153 890 234 917 269 521 179 58 737 364 76 666 99 428 332 758 134 941 495 335 749 506 809 0 684 319 936 19 577 
247 486 906 790 533 453 802 970 540 927 796 219 346 737 953 67 847 110 916 933 195 547 352 804 14 743 240 618 705 732 834 956 232 40 186 391 228 606 513 429 495 357 776 173 60 337 164 980 648 429 483 393 149 64 155 883 501 448 601 275 566 592 612 853 684 0 786 695 319 20 
254 182 647 907 868 640 742 129 390 621 17 553 106 32 160 208 403 126 749 293 759 373 70 645 814 447 570 717 904 567 179 682 249 605 825 577 172 171 243 307 185 944 49 807 32 411 544 699 815 454 750 357 695 989 766 881 804 687 210 321 763 716 964 338 319 786 0 323 860 782 
225 316 281 557 722 311 300 392 560 984 931 415 537 793 179 244 320 845 198 929 536 210 124 185 809 311 742 274 483 223 667 581 583 614 356 938 410 456 758 895 925 226 861 155 754 304 594 775 509 146 789 231 966 664 459 908 580 352 26 591 602 91 379 870 936 695 323 0 681 678 
342 895 578 138 224 31 739 452 153 471 579 270 989 299 879 133 856 941 215 599 921 989 824 175 456 763 282 16 134 836 79 140 110 354 862 159 524 103 109 526 491 58 486 262 929 502 491 676 220 515 186 246 673 767 66 943 818 378 925 144 755 808 578 201 19 319 860 681 0 237 
184 793 811 315 717 220 750 540 530 572 347 441 752 741 687 76 670 103 993 233 547 326 601 895 41 995 273 974 365 144 57 399 892 82 461 677 329 44 251 647 208 858 590 791 575 96 106 194 1 846 527 400 689 968 322 124 654 298 633 16 420 975 482 477 577 20 782 678 237 0 
0 54 886 85 499 208 88 94 89 609 387 863 259 288 714 502 359 510 192 334 819 390 813 321 499 113 171 354 865 134 860 807 800 472 268 42 289 66 430 866 322 813 708 3 420 600 755 221 120 111 607 788 257 738 173 111 956 907 808 589 682 24 60 682 883 786 476 564 331 189 
54 0 778 607 762 455 634 424 679 307 704 212 199 628 977 379 533 448 91 680 549 612 315 429 235 346 659 199 733 611 667 417 937 977 599 850 945 956 132 121 111 954 482 589 890 474 882 843 429 264 315 499 911 480 597 251 907 669 541 186 635 122 431 127 633 663 488 790 334 617 
886 778 0 50 274 49 621 254 399 308 664 971 390 748 445 575 517 829 63 189 471 168 180 680 49 943 610 407 40 367 720 110 566 830 174 966 797 577 45 72 920 812 544 150 561 517 31 830 955 218 603 846 854 844 979 343 403 615 477 447 565 92 465 79 359 113 941 574 691 176 
85 607 50 0 631 700 726 461 450 142 95 503 65 312 785 405 4 506 845 600 5 98 486 189 347 109 769 816 211 408 148 661 947 397 872 126 433 281 744 372 927 493 516 218 466 745 875 830 329 337 800 71 301 488 430 429 400 169 960 598 653 482 694 25 894 52 535 821 660 874 
499 762 274 631 0 645 651 936 798 291 454 686 878 704 522 343 313 637 99 236 11 136 451 514 153 157 813 744 251 712 759 951 618 705 656 83 160 400 680 102 93 152 805 438 59 684 452 42 497 377 490 411 475 285 910 951 820 564 596 788 680 701 99 785 582 376 691 23 514 30 
208 455 49 700 645 0 309 815 564 375 430 489 906 798 47 615 298 348 928 320 491 374 675 965 151 996 747 947 670 460 406 346 183 880 871 268 127 117 442 894 107 595 649 246 948 996 893 11 899 990 145 429 63 691 814 117 880 357 408 949 428 135 143 538 330 334 288 1000 319 269 
88 634 621 726 651 309 0 893 160 743 317 854 573 29 941 757 12 591 333 434 367 980 57 304 51 924 757 420 785 443 474 823 210 786 957 937 939 154 519 503 235 651 271 173 811 990 603 842 795 131 248 66 362 594 509 450 325 636 754 822 415 801 23 737 755 163 80 980 18 335 
94 424 254 461 936 815 893 0 483 936 398 165 954 494 756 488 641 34 721 733 182 607 784 830 734 825 460 468 977 872 7 225 463 449 955 60 250 455 832 353 218 425 685 752 831 408 729 273 778 679 395 995 819 697 50 706 216 392 513 599 367 254 370 783 907 420 988 832 510 649 
89 679 399 450 798 564 160 483 0 403 661 794 644 948 537 943 407 936 761 590 127 749 3 453 930 321 596 206 967 442 227 947 215 205 1000 452 258 309 834 164 223 71 541 142 464 106 628 936 158 849 283 233 3 562 544 133 393 603 892 846 10 283 382 585 580 649 298 807 535 763 
609 307 308 142 291 375 743 936 403 0 601 38 137 420 336 229 919 995 727 219 978 525 44 58 174 787 137 423 354 752 150 315 874 384 827 236 423 536 205 135 640 131 644 618 916 182 749 471 933 744 240 219 295 833 738 217 642 759 265 911 91 655 501 487 126 473 509 884 79 546 
387 704 664 95 454 430 317 398 661 601 0 802 149 276 359 113 730 629 94 123 648 787 284 875 158 384 215 748 180 523 758 856 455 627 442 716 104 75 310 392 924 155 360 206 477 853 508 374 472 538 322 268 571 709 384 502 252 376 34 38 475 633 563 189 260 669 247 214 322 176 
863 212 971 503 686 489 854 165 794 38 802 0 34 327 828 422 9 409 133 522 225 54 187 532 855 171 962 869 847 200 675 575 59 384 895 609 69 464 837 238 58 926 639 456 892 905 918 544 996 247 888 816 109 157 554 883 458 737 625 269 339 868 65 237 208 757 257 203 604 684 
259 199 390 65 878 906 573 954 644 137 149 34 0 874 718 324 43 707 504 342 60 17 779 48 757 130 784 890 447 485 117 121 433 262 639 980 661 797 105 180 781 521 531 804 334 168 836 961 302 323 380 687 190 630 540 920 418 396 671 107 315 858 881 545 19 185 837 177 215 403 
288 628 748 312 704 798 29 494 948 420 276 327 874 0 18 667 961 480 971 790 615 642 775 172 834 471 848 116 663 982 852 703 653 296 548 842 843 140 785 521 105 155 1 312 5 981 585 6 80 424 401 334 135 393 286 444 708 420 530 85 962 192 252 606 347 87 760 535 730 670 
714 977 445 785 522 47 941 756 537 336 359 828 718 18 0 923 515 908 605 150 967 566 35 575 520 375 842 541 478 55 260 878 728 460 246 867 646 553 510 962 695 888 452 928 627 321 794 828 589 416 749 859 311 395 956 602 780 613 317 744 47 19 999 70 593 359 109 661 247 161 
502 379 575 405 343 615 757 488 943 229 113 422 324 667 923 0 501 31 265 662 31 527 935 717 582 16 237 93 913 257 762 885 991 947 782 556 696 695 595 715 372 504 745 341 1000 406 603 115 528 710 341 915 358 619 224 139 143 220 195 74 8 206 891 555 252 705 899 582 823 905 
359 533 517 4 313 298 12 641 407 919 730 9 43 961 515 501 0 990 421 166 814 680 923 889 364 486 384 313 2 898 502 824 771 609 395 424 532 5 156 332 467 200 242 686 864 820 853 664 336 51 538 721 301 743 131 553 273 283 838 287 705 939 427 509 234 664 148 434 104 623 
510 448 829 506 637 348 591 34 936 995 629 409 707 480 908 31 990 0 120 85 815 251 642 877 270 428 155 680 780 152 979 859 161 47 259 881 784 938 263 224 470 39 58 20 545 968 841 471 460 334 474 119 181 489 785 153 923 747 326 33 358 660 488 875 672 429 849 423 157 613 
192 91 63 845 99 928 333 721 761 727 94 133 504 971 605 265 421 120 0 589 555 718 495 153 527 49 900 4 631 763 572 82 111 460 836 345 732 356 881 406 875 1000 238 715 157 397 874 264 819 913 775 332 159 432 181 73 576 772 919 57 290 939 489 952 756 7 548 496 153 24 
334 680 189 600 236 320 434 733 590 219 123 522 342 790 150 662 166 85 589 0 763 228 81 88 887 368 557 320 15 384 205 241 623 33 995 722 970 556 937 511 444 353 545 757 545 227 839 977 614 868 461 319 777 487 929 216 933 7 911 460 861 519 650 625 693 131 630 371 852 322 
819 549 471 5 11 491 367 182 127 978 648 225 60 615 967 31 814 815 555 763 0 565 379 929 836 893 943 944 239 541 698 172 387 22 755 885 899 943 141 360 980 203 206 922 951 460 336 481 968 888 375 607 64 91 680 394 264 203 276 741 885 920 514 602 424 514 815 958 189 323 
390 612 168 98 136 374 980 607 749 525 787 54 17 642 566 527 680 251 718 228 565 0 950 466 624 196 221 422 236 969 192 305 838 942 204 12 493 950 117 281 988 865 349 172 899 680 609 66 890 83 56 852 868 640 165 265 686 315 475 218 194 937 967 521 818 811 826 675 446 130 
813 315 180 486 451 675 57 784 3 44 284 187 779 775 35 935 923 642 495 81 379 950 0 626 1 341 920 302 262 864 30 491 356 664 435 829 220 428 653 356 244 975 525 508 198 917 350 490 622 477 661 937 882 106 102 903 333 168 25 997 892 171 583 971 780 761 974 591 18 526 
321 429 680 189 514 965 304 830 453 58 875 532 48 172 575 717 889 877 153 88 929 466 626 0 623 914 552 388 61 638 56 804 235 665 803 949 302 772 469 632 8 360 14 98 802 468 923 22 243 780 967 36 751 745 543 546 547 439 155 435 793 386 41 469 990 108 327 448 66 965 
499 235 49 347 153 151 51 734 930 174 158 855 757 834 520 582 364 270 527 887 836 624 1 623 0 487 279 543 212 311 365 111 589 329 802 395 364 66 842 206 667 676 963 247 327 846 286 353 908 847 346 513 929 433 79 419 678 500 81 99 223 703 552 739 661 852 495 966 2 783 
113 346 943 109 157 996 924 825 321 787 384 171 130 471 375 16 486 428 49 368 893 196 341 914 487 0 530 405 669 920 270 590 298 14 403 497 281 678 767 361 727 489 388 138 832 356 232 427 458 982 907 165 944 262 432 329 144 197 444 555 81 421 829 213 797 980 221 510 307 541 
171 659 610 769 813 747 757 460 596 137 215 962 784 848 842 237 384 155 900 557 943 221 920 552 279 530 0 51 633 498 245 271 857 23 145 833 828 922 422 240 8 95 60 132 726 477 274 416 59 965 245 148 335 375 413 244 181 777 622 306 781 861 984 303 154 963 914 729 11 789 
354 199 407 816 744 947 420 468 206 423 748 869 890 116 541 93 313 680 4 320 944 422 302 388 543 405 51 0 51 874 563 487 332 70 497 142 616 166 745 731 445 618 361 524 21 143 353 722 151 321 302 3 7 354 86 17 603 925 721 911 840 568 149 304 184 798 196 637 213 393 
865 733 40 211 251 670 785 977 967 354 180 847 447 663 478 913 2 780 631 15 239 236 262 61 212 669 633 51 0 444 528 120 98 36 748 436 513 18 117 827 107 854 955 305 329 328 992 372 583 342 140 629 332 509 534 746 392 132 700 650 26 611 955 216 904 226 322 884 932 241 
134 611 367 408 712 460 443 872 442 752 523 200 485 982 55 257 898 152 763 384 541 969 864 638 311 920 498 874 444 0 284 551 470 783 503 726 799 729 279 810 553 913 177 982 839 240 537 826 371 172 466 699 796 501 44 363 670 725 49 236 192 326 35 549 956 516 645 720 9 296 
860 667 720 148 759 406 474 7 227 150 758 675 117 852 260 762 502 979 572 205 698 192 30 56 365 270 245 563 528 284 0 502 479 837 390 423 806 322 327 161 638 622 272 91 61 121 620 169 449 760 10 92 994 48 480 182 52 870 102 63 674 949 973 72 258 241 616 554 616 32 
807 417 110 661 951 346 823 225 947 315 856 575 121 703 878 885 824 859 82 241 172 305 491 804 111 590 271 487 120 551 502 0 685 424 822 508 673 215 103 613 873 69 195 540 217 986 43 496 283 528 816 888 96 350 552 238 392 631 814 599 1 448 356 299 413 311 499 636 50 11 
800 937 566 947 618 183 210 463 215 874 455 59 433 653 728 991 771 161 111 623 387 838 356 235 589 298 857 332 98 470 479 685 0 942 229 6 779 694 862 274 554 50 869 962 678 208 321 324 437 42 907 111 97 872 421 117 611 60 825 848 980 375 722 333 842 583 953 446 360 625 
472 977 830 397 705 880 786 449 205 384 627 384 262 296 460 947 609 47 460 33 22 942 664 665 329 14 23 70 36 783 837 424 942 0 18 254 779 862 926 160 451 789 63 682 31 645 448 36 682 777 151 878 321 949 110 985 910 646 660 651 369 106 493 557 234 732 242 715 259 592 
268 599 174 872 656 871 957 955 1000 827 442 895 639 548 246 782 395 259 836 995 755 204 435 803 802 403 145 497 748 503 390 822 229 18 0 142 130 926 358 507 366 224 181 102 837 454 752 461 919 808 68 298 57 922 889 724 495 596 465 769 704 41 721 343 926 599 964 329 918 773 
42 850 966 126 83 268 937 60 452 236 716 609 980 842 867 556 424 881 345 722 885 12 829 949 395 497 833 142 436 726 423 508 6 254 142 0 500 876 688 37 591 150 790 181 917 434 138 363 280 230 412 468 110 637 305 607 172 9 289 169 383 127 148 3 651 988 839 521 277 706 
289 945 797 433 160 127 939 250 258 423 104 69 661 843 646 696 532 784 732 970 899 493 220 302 364 281 828 616 513 799 806 673 779 779 130 500 0 446 606 386 895 721 756 995 333 647 681 187 329 212 412 959 511 888 455 576 561 822 438 107 483 881 988 657 529 973 539 692 842 861 
66 956 577 281 400 117 154 455 309 536 75 464 797 140 553 695 5 938 356 556 943 950 428 772 66 678 922 166 18 729 322 215 694 862 926 876 446 0 996 782 733 557 650 324 596 599 785 548 374 229 333 195 712 381 240 496 699 761 608 317 106 514 897 20 789 242 985 338 282 793 
430 132 45 744 680 442 519 832 834 205 310 837 105 785 510 595 156 263 881 937 141 117 653 469 842 767 422 745 117 279 327 103 862 926 358 688 606 996 0 826 942 981 567 681 282 749 638 569 492 725 628 112 938 174 16 3 937 505 334 81 592 434 564 782 399 251 782 31 686 836 
866 121 72 372 102 894 503 353 164 135 392 238 180 521 962 715 332 224 406 511 360 281 356 632 206 361 240 731 827 810 161 613 274 160 507 37 386 782 826 0 583 252 524 90 187 321 970 303 438 457 10 947 574 240 96 988 485 834 422 177 1000 631 922 495 889 388 443 209 434 274 
322 111 920 927 93 107 235 218 223 640 924 58 781 105 695 372 467 470 875 444 980 988 244 8 667 727 8 445 107 553 638 873 554 451 366 591 895 733 942 583 0 785 655 38 68 346 674 382 666 485 484 200 601 986 261 313 711 92 314 857 653 803 142 100 810 163 696 931 678 772 
813 954 812 493 152 595 651 425 71 131 155 926 521 155 888 504 200 39 1000 353 203 865 975 360 676 489 95 618 854 913 622 69 50 789 224 150 721 557 981 252 785 0 630 125 730 38 238 107 75 269 757 778 527 128 311 949 258 765 140 82 382 730 805 135 758 710 547 424 692 660 
708 482 544 516 805 649 271 685 541 644 360 639 531 1 452 745 242 58 238 545 206 349 525 14 963 388 60 361 955 177 272 195 869 63 181 790 756 650 567 524 655 630 0 552 58 976 430 253 419 401 384 262 562 201 664 985 581 217 219 936 729 181 640 573 320 173 490 544 945 929 
3 589 150 218 438 246 173 752 142 618 206 456 804 312 928 341 686 20 715 757 922 172 508 98 247 138 132 524 305 982 91 540 962 682 102 181 995 324 681 90 38 125 552 0 283 377 935 451 141 334 17 849 370 649 6 17 614 642 422 298 723 798 143 115 875 909 553 397 363 516 
420 890 561 466 59 948 811 831 464 916 477 892 334 5 627 1000 864 545 157 545 951 899 198 802 327 832 726 21 329 839 61 217 678 31 837 917 333 596 282 187 68 730 58 283 0 559 501 295 116 357 139 727 596 571 447 308 887 864 556 497 51 872 661 628 329 376 804 149 416 548 
600 474 517 745 684 996 990 408 106 182 853 905 168 981 321 406 820 968 397 227 460 680 917 468 846 356 477 143 328 240 121 986 208 645 454 434 647 599 749 321 346 38 976 377 559 0 685 372 485 100 37 369 989 334 49 313 16 69 988 366 440 857 774 474 338 564 754 840 364 814 
755 882 31 875 452 893 603 729 628 749 508 918 836 585 794 603 853 841 874 839 336 609 350 923 286 232 274 353 992 537 620 43 321 448 752 138 681 785 638 970 674 238 430 935 501 685 0 291 936 305 617 357 714 161 813 863 446 528 312 454 919 813 314 769 243 35 348 101 662 799 
221 843 830 830 42 11 842 273 936 471 374 544 961 6 828 115 664 471 264 977 481 66 490 22 353 427 416 722 372 826 169 496 324 36 461 363 187 548 569 303 382 107 253 451 295 372 291 0 411 978 493 379 232 650 148 340 996 224 441 162 168 636 929 556 359 541 138 96 71 254 
120 429 955 329 497 899 795 778 158 933 472 996 302 80 589 528 336 460 819 614 968 890 622 243 908 458 59 151 583 371 449 283 437 682 919 280 329 374 492 438 666 75 419 141 116 485 936 411 0 426 249 533 843 524 687 239 871 453 831 565 688 34 891 154 189 424 668 664 845 661 
111 264 218 337 377 990 131 679 849 744 538 247 323 424 416 710 51 334 913 868 888 83 477 780 847 982 965 321 342 172 760 528 42 777 808 230 212 229 725 457 485 269 401 334 357 100 305 978 426 0 113 749 505 948 148 191 953 492 443 545 762 913 696 200 602 726 815 44 950 758 
607 315 603 800 490 145 248 395 283 240 322 888 380 401 749 341 538 474 775 461 375 56 661 967 346 907 245 302 140 466 10 816 907 151 68 412 412 333 628 10 484 757 384 17 139 37 617 493 249 113 0 526 220 964 850 832 140 908 340 185 382 549 960 227 933 812 690 771 915 190 
788 499 846 71 411 429 66 995 233 219 268 816 687 334 859 915 721 119 332 319 607 852 937 36 513 165 148 3 629 699 92 888 111 878 298 468 959 195 112 947 200 778 262 849 727 369 357 379 533 749 526 0 469 253 804 38 724 415 332 68 313 430 406 523 862 721 614 337 906 288 
257 911 854 301 475 63 362 819 3 295 571 109 190 135 311 358 301 181 159 777 64 868 882 751 929 944 335 7 332 796 994 96 97 321 57 110 511 712 938 574 601 527 562 370 596 989 714 232 843 505 220 469 0 936 705 758 855 4 75 500 600 170 516 71 59 928 404 218 575 558 
738 480 844 488 285 691 594 697 562 833 709 157 630 393 395 619 743 489 432 487 91 640 106 745 433 262 375 354 509 501 48 350 872 949 922 637 888 381 174 240 986 128 201 649 571 334 161 650 524 948 964 253 936 0 676 92 14 288 47 334 536 125 169 344 12 606 116 382 694 540 
173 597 979 430 910 814 509 50 544 738 384 554 540 286 956 224 131 785 181 929 680 165 102 543 79 432 413 86 534 44 480 552 421 110 889 305 455 240 16 96 261 311 664 6 447 49 813 148 687 148 850 804 705 676 0 440 212 682 249 234 901 817 213 546 298 748 952 557 52 958 
111 251 343 429 951 117 450 706 133 217 502 883 920 444 602 139 553 153 73 216 394 265 903 546 419 329 244 17 746 363 182 238 117 985 724 607 576 496 3 988 313 949 985 17 308 313 863 340 239 191 832 38 758 92 440 0 891 250 786 181 532 613 42 400 10 176 432 55 660 712 
956 907 403 400 820 880 325 216 393 642 252 458 418 708 780 143 273 923 576 933 264 686 333 547 678 144 181 603 392 670 52 392 611 910 495 172 561 699 937 485 711 258 581 614 887 16 446 996 871 953 140 724 855 14 212 891 0 972 635 268 40 95 767 781 75 314 163 944 965 422 
907 669 615 169 564 357 636 392 603 759 376 737 396 420 613 220 283 747 772 7 203 315 168 439 500 197 777 925 132 725 870 631 60 646 596 9 822 761 505 834 92 765 217 642 864 69 528 224 453 492 908 415 4 288 682 250 972 0 859 211 107 902 426 789 568 272 145 531 404 526 
808 541 477 960 596 408 754 513 892 265 34 625 671 530 317 195 838 326 919 911 276 475 25 155 81 444 622 721 700 49 102 814 825 660 465 289 438 608 334 422 314 140 219 422 556 988 312 441 831 443 340 332 75 47 249 786 635 859 0 651 623 667 135 60 517 151 745 420 817 217 
589 186 447 598 788 949 822 599 846 911 38 269 107 85 744 74 287 33 57 460 741 218 997 435 99 555 306 911 650 236 63 599 848 651 769 169 107 317 81 177 857 82 936 298 497 366 454 162 565 545 185 68 500 334 234 181 268 211 651 0 267 418 806 389 331 375 7 919 331 170 
682 635 565 653 680 428 415 367 10 91 475 339 315 962 47 8 705 358 290 861 885 194 892 793 223 81 781 840 26 192 674 1 980 369 704 383 483 106 592 1000 653 382 729 723 51 440 919 168 688 762 382 313 600 536 901 532 40 107 623 267 0 570 268 138 806 762 548 451 822 51 
24 122 92 482 701 135 801 254 283 655 633 868 858 192 19 206 939 660 939 519 920 937 171 386 703 421 861 568 611 326 949 448 375 106 41 127 881 514 434 631 803 730 181 798 872 857 813 636 34 913 549 430 170 125 817 613 95 902 667 418 570 0 447 54 342 437 146 130 797 641 
60 431 465 694 99 143 23 370 382 501 563 65 881 252 999 891 427 488 489 650 514 967 583 41 552 829 984 149 955 35 973 356 722 493 721 148 988 897 564 922 142 805 640 143 661 774 314 929 891 696 960 406 516 169 213 42 767 426 135 806 268 447 0 687 580 115 990 528 331 333 
682 127 79 25 785 538 737 783 585 487 189 237 545 606 70 555 509 875 952 625 602 521 971 469 739 213 303 304 216 549 72 299 333 557 343 3 657 20 782 495 100 135 573 115 628 474 769 556 154 200 227 523 71 344 546 400 781 789 60 389 138 54 687 0 329 349 362 677 736 341 
883 633 359 894 582 330 755 907 580 126 260 208 19 347 593 252 234 672 756 693 424 818 780 990 661 797 154 184 904 956 258 413 842 234 926 651 529 789 399 889 810 758 320 875 329 338 243 359 189 602 933 862 59 12 298 10 75 568 517 331 806 342 580 329 0 806 179 517 755 135 
786 663 113 52 376 334 163 420 649 473 669 757 185 87 359 705 664 429 7 131 514 811 761 108 852 980 963 798 226 516 241 311 583 732 599 988 973 242 251 388 163 710 173 909 376 564 35 541 424 726 812 721 928 606 748 176 314 272 151 375 762 437 115 349 806 0 286 375 666 215 
476 488 941 535 691 288 80 988 298 509 247 257 837 760 109 899 148 849 548 630 815 826 974 327 495 221 914 196 322 645 616 499 953 242 964 839 539 985 782 443 696 547 490 553 804 754 348 138 668 815 690 614 404 116 952 432 163 145 745 7 548 146 990 362 179 286 0 316 294 600 
564 790 574 821 23 1000 980 832 807 884 214 203 177 535 661 582 434 423 496 371 958 675 591 448 966 510 729 637 884 720 554 636 446 715 329 521 692 338 31 209 931 424 544 397 149 840 101 96 664 44 771 337 218 382 557 55 944 531 420 919 451 130 528 677 517 375 316 0 394 23 
331 334 691 660 514 319 18 510 535 79 322 604 215 730 247 823 104 157 153 852 189 446 18 66 2 307 11 213 932 9 616 50 360 259 918 277 842 282 686 434 678 692 945 363 416 364 662 71 845 950 915 906 575 694 52 660 965 404 817 331 822 797 331 736 755 666 294 394 0 577 
189 617 176 874 30 269 335 649 763 546 176 684 403 670 161 905 623 613 24 322 323 130 526 965 783 541 789 393 241 296 32 11 625 592 773 706 861 793 836 274 772 660 929 516 548 814 799 254 661 758 190 288 558 540 958 712 422 526 217 170 51 641 333 341 135 215 600 23 577 0 
0 786 251 775 443 832 534 568 718 560 797 468 618 496 261 431 203 208 783 835 437 752 213 701 535 952 616 325 337 764 181 387 541 763 357 918 225 776 835 256 377 69 282 936 746 293 202 595 343 871 45 88 76 107 704 768 550 403 275 776 517 408 94 406 435 409 41 535 483 674 
786 0 36 852 176 559 611 421 479 704 337 543 631 480 117 660 651 647 728 306 915 398 399 924 669 972 552 299 104 757 122 133 598 124 308 581 93 720 257 486 771 148 604 850 483 180 136 861 843 852 779 294 753 281 792 334 147 43 682 844 19 382 486 707 447 226 311 592 561 612 
251 36 0 487 881 588 251 682 896 659 587 707 609 140 428 619 754 10 771 902 555 187 789 954 775 311 472 524 317 930 172 993 268 53 709 22 80 604 928 686 571 205 832 965 573 805 865 303 331 846 621 307 914 385 14 858 940 494 700 989 526 942 975 726 988 463 489 480 133 758 
775 852 487 0 244 910 430 180 280 610 815 432 424 82 119 934 246 317 418 180 675 681 743 669 969 820 775 986 681 632 704 112 71 495 225 580 665 680 431 584 413 270 911 552 550 578 486 304 511 161 70 731 907 609 467 720 589 170 682 267 216 238 266 991 121 777 981 986 75 126 
443 176 881 244 0 926 103 141 711 907 168 459 176 292 253 747 961 109 466 259 740 367 339 553 642 816 458 733 859 5 379 339 834 90 718 801 892 199 45 967 764 370 82 618 756 355 444 716 972 326 403 445 465 544 407 605 219 306 1 536 522 187 657 103 404 634 408 812 696 605 
832 559 588 910 926 0 611 145 536 986 984 64 15 670 985 540 957 303 345 791 33 921 922 551 829 87 287 325 48 314 729 630 498 765 411 842 636 250 575 742 658 476 929 843 402 525 141 386 162 804 509 128 833 235 199 439 6 807 682 137 318 849 668 770 407 381 568 201 656 322 
534 611 251 430 103 611 0 14 892 244 392 313 104 703 76 287 878 591 710 444 692 187 803 864 634 599 724 412 253 749 283 570 245 127 579 355 52 768 608 726 562 546 653 671 162 544 169 142 298 956 857 999 207 573 480 600 307 879 168 52 364 274 593 244 317 448 699 401 437 334 
568 421 682 180 141 145 14 0 913 111 974 605 851 129 388 420 758 928 118 633 582 335 453 116 454 515 108 288 23 428 703 724 403 490 192 807 317 482 12 917 796 64 897 746 267 442 330 561 830 863 869 230 102 565 785 228 315 231 359 547 599 796 705 272 581 656 280 73 848 175 
718 479 896 280 711 536 892 913 0 693 963 482 748 16 502 308 434 324 16 211 720 549 207 856 241 672 483 927 440 305 753 374 424 676 288 881 822 871 130 700 178 836 784 756 753 733 77 273 986 271 17 990 747 167 821 927 260 625 223 24 461 387 232 350 391 830 599 452 23 423 
560 704 659 610 907 986 244 111 693 0 249 513 809 833 211 288 83 417 548 995 124 363 583 799 567 267 914 892 924 624 835 665 173 902 210 715 254 511 356 788 265 900 128 720 33 790 167 931 256 260 899 979 348 264 236 706 825 164 882 299 720 154 725 474 835 175 769 373 907 131 
797 337 587 815 168 984 392 974 963 249 0 191 251 576 359 535 556 100 477 744 178 94 772 647 810 154 932 109 835 46 481 268 837 771 766 393 902 562 432 92 323 628 651 615 238 406 181 230 722 486 538 193 468 547 409 719 530 481 943 704 353 525 312 602 962 23 734 709 982 482 
468 543 707 432 459 64 313 605 482 513 191 0 931 442 69 415 945 431 816 944 456 820 381 538 5 667 142 95 248 515 553 528 620 465 277 163 777 715 266 222 544 118 141 719 29 96 516 815 159 116 254 148 490 489 246 592 618 403 675 712 350 402 627 975 546 180 908 882 444 261 
618 631 609 424 176 15 104 851 748 809 251 931 0 355 550 994 447 19 577 442 879 985 619 890 633 251 497 493 306 226 687 676 626 392 268 191 666 73 865 709 984 80 624 781 407 489 101 531 946 466 566 88 669 839 599 276 809 750 441 875 653 90 227 879 956 97 141 884 504 820 
496 480 140 82 292 670 703 129 16 833 576 442 355 0 782 719 355 475 383 707 722 604 270 932 326 302 231 852 155 135 12 11 104 391 384 189 46 565 119 76 638 849 432 297 833 184 145 609 707 512 782 953 283 538 356 225 95 518 550 551 612 625 834 547 254 535 306 647 934 730 
261 117 428 119 253 985 76 388 502 211 359 69 550 782 0 386 393 74 163 687 214 6 765 587 325 362 332 395 577 458 945 753 488 605 869 456 587 735 681 502 218 386 790 131 634 934 107 631 275 615 139 280 372 797 214 449 821 35 720 283 877 501 181 971 249 670 643 144 591 816 
431 660 619 934 747 540 287 420 308 288 535 415 994 719 386 0 646 930 761 450 614 740 196 89 267 676 577 721 64 894 656 448 72 192 268 857 363 485 518 375 992 865 672 553 580 208 337 1000 238 722 587 312 154 613 572 681 530 605 408 721 568 554 74 68 930 377 921 163 571 15 
203 651 754 246 961 957 878 758 434 83 556 945 447 355 393 646 0 309 322 40 460 384 206 610 568 410 933 844 803 398 648 810 380 64 820 656 349 625 717 739 83 523 1 415 27 652 545 667 637 352 321 169 606 513 621 533 705 457 98 561 290 514 475 471 891 248 846 791 377 33 
208 647 10 317 109 303 591 928 324 417 100 431 19 475 74 930 309 0 905 912 363 525 192 113 278 102 523 730 280 529 260 250 866 758 332 221 635 129 546 769 318 853 913 812 636 271 840 553 586 453 417 726 701 64 432 752 161 276 736 718 320 89 573 555 513 431 550 213 190 398 
783 728 771 418 466 345 710 118 16 548 477 816 577 383 163 761 322 905 0 796 857 95 399 614 829 722 364 814 281 232 468 147 691 215 146 531 148 841 106 746 324 153 721 206 582 829 495 973 182 374 367 796 571 2 148 664 739 187 928 877 889 227 709 99 82 775 671 201 799 948 
835 306 902 180 259 791 444 633 211 995 744 944 442 707 687 450 40 912 796 0 695 832 647 405 531 450 888 290 437 644 699 471 149 433 233 314 256 74 263 175 250 863 731 260 214 937 275 314 473 449 773 814 199 796 6 947 158 991 617 579 319 299 722 205 58 300 415 547 208 844 
437 915 555 675 740 33 692 582 720 124 178 456 879 722 214 614 460 363 857 695 0 388 561 343 278 584 103 290 381 259 168 355 671 991 656 722 579 553 490 630 2 767 832 43 128 827 577 114 529 764 758 129 463 983 158 317 672 78 477 297 120 275 502 22 739 964 143 299 642 731 
752 398 187 681 367 921 187 335 549 363 94 820 985 604 6 740 384 525 95 832 388 0 484 293 824 611 106 722 853 454 749 961 84 86 782 903 293 667 895 914 9 619 708 725 261 225 511 920 860 974 688 57 701 563 598 849 414 846 636 874 342 338 833 104 229 301 208 584 855 197 
213 399 789 743 339 922 803 453 207 583 772 381 619 270 765 196 206 192 399 647 561 484 0 836 995 426 510 766 813 117 883 147 905 329 675 669 510 668 299 836 455 443 840 548 706 280 556 712 384 913 745 572 721 672 661 538 547 30 839 42 102 931 262 429 345 698 212 838 720 993 
701 924 954 669 553 551 864 116 856 799 647 538 890 932 587 89 610 113 614 405 343 293 836 0 322 501 604 612 682 283 618 458 530 435 578 170 697 14 617 240 579 655 995 481 923 822 714 594 881 357 842 671 87 698 420 264 157 868 908 123 511 560 696 858 320 934 900 951 761 359 
535 669 775 969 642 829 634 454 241 567 810 5 633 326 325 267 568 278 829 531 278 824 995 322 0 382 653 695 549 234 972 684 605 714 488 845 977 970 131 583 209 198 290 545 164 294 503 143 279 6 410 245 253 582 269 385 569 343 413 944 894 396 210 443 743 73 885 96 793 48 
952 972 311 820 816 87 599 515 672 267 154 667 251 302 362 676 410 102 722 450 584 611 426 501 382 0 825 135 588 313 780 699 897 764 997 285 822 949 802 486 531 322 479 416 444 791 969 810 209 232 92 510 29 797 381 941 231 984 222 920 496 345 258 759 315 444 990 63 784 686 
616 552 472 775 458 287 724 108 483 914 932 142 497 231 332 577 933 523 364 888 103 106 510 604 653 825 0 727 569 780 54 960 169 117 949 21 205 539 502 394 811 605 494 855 637 399 706 282 877 11 654 849 68 700 435 492 736 483 858 221 112 404 545 942 553 14 362 237 904 698 
325 299 524 986 733 325 412 288 927 892 109 95 493 852 395 721 844 730 814 290 290 722 766 612 695 135 727 0 676 59 695 523 113 728 780 844 520 420 529 199 968 138 736 416 306 563 13 533 661 594 266 39 905 38 678 628 682 577 161 738 83 680 559 984 774 668 687 421 879 781 
337 104 317 681 859 48 253 23 440 924 835 248 306 155 577 64 803 280 281 437 381 853 813 682 549 588 569 676 0 481 124 229 788 931 604 536 655 522 630 851 657 267 161 407 37 999 46 380 115 617 326 521 670 122 541 33 558 833 330 827 751 291 260 390 290 539 553 23 464 690 
764 757 930 632 5 314 749 428 305 624 46 515 226 135 458 894 398 529 232 644 259 454 117 283 234 313 780 59 481 0 883 496 42 243 553 171 192 532 751 169 355 130 261 810 768 685 630 197 396 809 670 254 809 127 457 643 821 362 813 594 426 549 636 79 135 664 854 270 966 217 
181 122 172 704 379 729 283 703 753 835 481 553 687 12 945 656 648 260 468 699 168 749 883 618 972 780 54 695 124 883 0 37 780 472 538 199 120 753 106 227 133 485 602 175 729 106 391 406 899 466 869 782 30 394 825 947 440 745 884 749 306 506 188 899 951 673 175 370 259 756 
387 133 993 112 339 630 570 724 374 665 268 528 676 11 753 448 810 250 147 471 355 961 147 458 684 699 960 523 229 496 37 0 79 699 538 323 547 831 938 663 651 723 651 50 964 470 612 740 607 175 447 498 778 304 880 828 559 515 197 244 673 506 480 107 798 553 953 240 680 990 
541 598 268 71 834 498 245 403 424 173 837 620 626 104 488 72 380 866 691 149 671 84 905 530 605 897 169 113 788 42 780 79 0 226 431 871 214 516 636 497 990 836 710 613 378 108 542 732 492 698 530 793 117 771 29 361 819 405 425 214 387 509 587 682 149 230 365 651 91 465 
763 124 53 495 90 765 127 490 676 902 771 465 392 391 605 192 64 758 215 433 991 86 329 435 714 764 117 728 931 243 472 699 226 0 591 677 220 184 126 828 576 307 725 190 715 388 434 808 372 903 679 435 366 326 392 6 131 192 869 403 182 995 806 31 437 232 907 461 328 567 
357 308 709 225 718 411 579 192 288 210 766 277 268 384 869 268 820 332 146 233 656 782 675 578 488 997 949 780 604 553 538 538 431 591 0 816 487 823 975 798 517 773 890 648 125 577 256 981 538 39 867 952 719 193 424 25 841 446 664 915 283 831 514 697 117 349 279 763 206 107 
918 581 22 580 801 842 355 807 881 715 393 163 191 189 456 857 656 221 531 314 722 903 669 170 845 285 21 844 536 171 199 323 871 677 816 0 220 460 761 546 849 1000 362 930 68 48 482 56 511 450 279 646 884 907 919 450 897 923 636 836 556 864 712 863 268 407 119 517 721 930 
225 93 80 665 892 636 52 317 822 254 902 777 666 46 587 363 349 635 148 256 579 293 510 697 977 822 205 520 655 192 120 547 214 220 487 220 0 161 857 119 655 17 546 276 430 306 344 394 525 413 793 77 416 53 232 349 294 522 724 941 489 356 548 137 313 442 764 606 774 124 
776 720 604 680 199 250 768 482 871 511 562 715 73 565 735 485 625 129 841 74 553 667 668 14 970 949 539 420 522 532 753 831 516 184 823 460 161 0 47 786 748 507 543 588 266 597 10 610 787 570 77 568 169 668 513 370 755 511 705 699 818 290 475 675 500 565 509 637 144 127 
835 257 928 431 45 575 608 12 130 356 432 266 865 119 681 518 717 546 106 263 490 895 299 617 131 802 502 529 630 751 106 938 636 126 975 761 857 47 0 239 391 116 400 612 558 20 655 410 931 216 492 929 452 480 163 419 760 164 274 615 888 674 61 860 803 824 71 964 44 417 
256 486 686 584 967 742 726 917 700 788 92 222 709 76 502 375 739 769 746 175 630 914 836 240 583 486 394 199 851 169 227 663 497 828 798 546 119 786 239 0 173 775 342 158 856 620 333 934 756 922 971 90 399 269 484 41 667 746 829 359 217 352 206 306 72 866 691 646 357 711 
377 771 571 413 764 658 562 796 178 265 323 544 984 638 218 992 83 318 324 250 2 9 455 579 209 531 811 968 657 355 133 651 990 576 517 849 655 748 391 173 0 6 736 944 946 813 121 902 279 817 746 139 658 275 866 787 512 487 383 94 648 300 42 670 364 411 74 781 991 209 
69 148 205 270 370 476 546 64 836 900 628 118 80 849 386 865 523 853 153 863 767 619 443 655 198 322 605 138 267 130 485 723 836 307 773 1000 17 507 116 775 6 0 375 845 62 447 880 382 833 399 561 465 429 378 856 420 901 341 318 786 180 547 483 487 371 504 448 350 250 844 
282 604 832 911 82 929 653 897 784 128 651 141 624 432 790 672 1 913 721 731 832 708 840 995 290 479 494 736 161 261 602 651 710 725 890 362 546 543 400 342 736 375 0 960 754 183 147 473 251 282 700 645 514 568 401 141 417 709 487 152 473 426 230 407 737 647 663 414 48 318 
936 850 965 552 618 843 671 746 756 720 615 719 781 297 131 553 415 812 206 260 43 725 548 481 545 416 855 416 407 810 175 50 613 190 648 930 276 588 612 158 944 845 960 0 760 378 56 238 855 638 698 600 763 560 812 492 873 179 627 301 385 261 643 860 584 47 219 592 490 668 
746 483 573 550 756 402 162 267 753 33 238 29 407 833 634 580 27 636 582 214 128 261 706 923 164 444 637 306 37 768 729 964 378 715 125 68 430 266 558 856 946 62 754 760 0 474 395 117 316 949 912 553 656 208 311 508 101 58 807 220 964 470 762 249 645 200 110 498 455 56 
293 180 805 578 355 525 544 442 733 790 406 96 489 184 934 208 652 271 829 937 827 225 280 822 294 791 399 563 999 685 106 470 108 388 577 48 306 597 20 620 813 447 183 378 474 0 296 915 668 719 465 871 321 389 854 312 874 800 604 743 379 893 632 136 986 71 829 519 669 396 
202 136 865 486 444 141 169 330 77 167 181 516 101 145 107 337 545 840 495 275 577 511 556 714 503 969 706 13 46 630 391 612 542 434 256 482 344 10 655 333 121 880 147 56 395 296 0 734 189 678 379 250 512 662 335 628 365 599 518 416 197 478 869 468 841 509 193 916 524 947 
595 861 303 304 716 386 142 561 273 931 230 815 531 609 631 1000 667 553 973 314 114 920 712 594 143 810 282 533 380 197 406 740 732 808 981 56 394 610 410 934 902 382 473 238 117 915 734 0 294 729 82 525 918 587 86 568 56 59 801 412 269 708 328 771 217 697 710 884 416 225 
343 843 331 511 972 162 298 830 986 256 722 159 946 707 275 238 637 586 182 473 529 860 384 881 279 209 877 661 115 396 899 607 492 372 538 511 525 787 931 756 279 833 251 855 316 668 189 294 0 920 778 697 254 547 112 725 374 465 102 37 673 798 488 763 634 654 278 625 354 290 
871 852 846 161 326 804 956 863 271 260 486 116 466 512 615 722 352 453 374 449 764 974 913 357 6 232 11 594 617 809 466 175 698 903 39 450 413 570 216 922 817 399 282 638 949 719 678 729 920 0 756 465 976 344 632 716 15 293 338 416 25 210 454 609 878 745 333 709 310 343 
45 779 621 70 403 509 857 869 17 899 538 254 566 782 139 587 321 417 367 773 758 688 745 842 410 92 654 266 326 670 869 447 530 679 867 279 793 77 492 971 746 561 700 698 912 465 379 82 778 756 0 437 152 196 468 363 753 265 913 543 552 859 209 696 182 614 284 380 229 884 
88 294 307 731 445 128 999 230 990 979 193 148 88 953 280 312 169 726 796 814 129 57 572 671 245 510 849 39 521 254 782 498 793 435 952 646 77 568 929 90 139 465 645 600 553 871 250 525 697 465 437 0 601 680 465 893 390 850 604 700 767 162 897 448 166 48 660 604 679 189 
76 753 914 907 465 833 207 102 747 348 468 490 669 283 372 154 606 701 571 199 463 701 721 87 253 29 68 905 670 809 30 778 117 366 719 884 416 169 452 399 658 429 514 763 656 321 512 918 254 976 152 601 0 373 423 636 409 883 408 396 669 728 165 886 506 290 942 285 98 85 
107 281 385 609 544 235 573 565 167 264 547 489 839 538 797 613 513 64 2 796 983 563 672 698 582 797 700 38 122 127 394 304 771 326 193 907 53 668 480 269 275 378 568 560 208 389 662 587 547 344 196 680 373 0 463 470 616 400 911 495 630 727 693 508 334 313 566 884 551 834 
704 792 14 467 407 199 480 785 821 236 409 246 599 356 214 572 621 432 148 6 158 598 661 420 269 381 435 678 541 457 825 880 29 392 424 919 232 513 163 484 866 856 401 812 311 854 335 86 112 632 468 465 423 463 0 840 460 101 253 531 177 429 527 344 561 739 205 593 984 232 
768 334 858 720 605 439 600 228 927 706 719 592 276 225 449 681 533 752 664 947 317 849 538 264 385 941 492 628 33 643 947 828 361 6 25 450 349 370 419 41 787 420 141 492 508 312 628 568 725 716 363 893 636 470 840 0 369 927 236 980 597 205 694 387 629 889 630 456 492 980 
550 147 940 589 219 6 307 315 260 825 530 618 809 95 821 530 705 161 739 158 672 414 547 157 569 231 736 682 558 821 440 559 819 131 841 897 294 755 760 667 512 901 417 873 101 874 365 56 374 15 753 390 409 616 460 369 0 499 143 215 887 795 352 432 591 221 568 98 110 701 
403 43 494 170 306 807 879 231 625 164 481 403 750 518 35 605 457 276 187 991 78 846 30 868 343 984 483 577 833 362 745 515 405 192 446 923 522 511 164 746 487 341 709 179 58 800 599 59 465 293 265 850 883 400 101 927 499 0 57 803 450 220 727 293 790 812 659 126 394 877 
275 682 700 682 1 682 168 359 223 882 943 675 441 550 720 408 98 736 928 617 477 636 839 908 413 222 858 161 330 813 884 197 425 869 664 636 724 705 274 829 383 318 487 627 807 604 518 801 102 338 913 604 408 911 253 236 143 57 0 542 856 247 207 773 729 82 630 882 285 967 
776 844 989 267 536 137 52 547 24 299 704 712 875 551 283 721 561 718 877 579 297 874 42 123 944 920 221 738 827 594 749 244 214 403 915 836 941 699 615 359 94 786 152 301 220 743 416 412 37 416 543 700 396 495 531 980 215 803 542 0 577 664 495 257 531 669 651 260 521 828 
517 19 526 216 522 318 364 599 461 720 353 350 653 612 877 568 290 320 889 319 120 342 102 511 894 496 112 83 751 426 306 673 387 182 283 556 489 818 888 217 648 180 473 385 964 379 197 269 673 25 552 767 669 630 177 597 887 450 856 577 0 258 839 936 9 804 432 150 419 712 
408 382 942 238 187 849 274 796 387 154 525 402 90 625 501 554 514 89 227 299 275 338 931 560 396 345 404 680 291 549 506 506 509 995 831 864 356 290 674 352 300 547 426 261 470 893 478 708 798 210 859 162 728 727 429 205 795 220 247 664 258 0 706 478 570 598 856 236 82 418 
94 486 975 266 657 668 593 705 232 725 312 627 227 834 181 74 475 573 709 722 502 833 262 696 210 258 545 559 260 636 188 480 587 806 514 712 548 475 61 206 42 483 230 643 762 632 869 328 488 454 209 897 165 693 527 694 352 727 207 495 839 706 0 402 276 631 17 49 290 937 
406 707 726 991 103 770 244 272 350 474 602 975 879 547 971 68 471 555 99 205 22 104 429 858 443 759 942 984 390 79 899 107 682 31 697 863 137 675 860 306 670 487 407 860 249 136 468 771 763 609 696 448 886 508 344 387 432 293 773 257 936 478 402 0 656 618 460 401 544 748 
435 447 988 121 404 407 317 581 391 835 962 546 956 254 249 930 891 513 82 58 739 229 345 320 743 315 553 774 290 135 951 798 149 437 117 268 313 500 803 72 364 371 737 584 645 986 841 217 634 878 182 166 506 334 561 629 591 790 729 531 9 570 276 656 0 143 497 850 20 795 
409 226 463 777 634 381 448 656 830 175 23 180 97 535 670 377 248 431 775 300 964 301 698 934 73 444 14 668 539 664 673 553 230 232 349 407 442 565 824 866 411 504 647 47 200 71 509 697 654 745 614 48 290 313 739 889 221 812 82 669 804 598 631 618 143 0 476 369 557 741 
41 311 489 981 408 568 699 280 599 769 734 908 141 306 643 921 846 550 671 415 143 208 212 900 885 990 362 687 553 854 175 953 365 907 279 119 764 509 71 691 74 448 663 219 110 829 193 710 278 333 284 660 942 566 205 630 568 659 630 651 432 856 17 460 497 476 0 525 985 304 
535 592 480 986 812 201 401 73 452 373 709 882 884 647 144 163 791 213 201 547 299 584 838 951 96 63 237 421 23 270 370 240 651 461 763 517 606 637 964 646 781 350 414 592 498 519 916 884 625 709 380 604 285 884 593 456 98 126 882 260 150 236 49 401 850 369 525 0 816 822 
483 561 133 75 696 656 437 848 23 907 982 444 504 934 591 571 377 190 799 208 642 855 720 761 793 784 904 879 464 966 259 680 91 328 206 721 774 144 44 357 991 250 48 490 455 669 524 416 354 310 229 679 98 551 984 492 110 394 285 521 419 82 290 544 20 557 985 816 0 705 
674 612 758 126 605 322 334 175 423 131 482 261 820 730 816 15 33 398 948 844 731 197 993 359 48 686 698 781 690 217 756 990 465 567 107 930 124 127 417 711 209 844 318 668 56 396 947 225 290 343 884 189 85 834 232 980 701 877 967 828 712 418 937 748 795 741 304 822 705 0 
