30 2
0 822 902 999 754 569 790 323 197 326 706 456 668 249 214 79 623 689 60 661 914 582 430 856 241 434 307 866 498 617 
822 0 345 685 815 468 747 535 972 705 388 607 702 359 397 964 179 197 237 348 703 16 972 439 187 895 705 355 792 258 
902 345 0 86 408 515 698 906 706 434 713 322 447 80 356 308 729 472 791 515 864 191 971 957 261 792 375 899 20 349 
999 685 86 0 325 315 543 143 558 265 624 764 805 399 731 222 710 709 927 507 789 245 647 803 124 890 711 786 886 126 
754 815 408 325 0 810 386 992 934 707 22 379 934 825 403 783 796 73 799 536 839 952 446 953 487 520 558 556 613 213 
569 468 515 315 810 0 254 138 292 147 816 926 399 190 775 749 952 491 71 961 726 683 881 170 606 528 136 8 373 636 
790 747 698 543 386 254 0 911 948 495 61 14 84 432 189 500 483 717 957 443 245 442 803 301 466 363 957 887 221 460 
323 535 906 143 992 138 911 0 981 169 85 169 743 896 502 84 970 762 55 856 510 967 200 184 647 451 316 410 771 760 
197 972 706 558 934 292 948 981 0 886 614 749 712 417 302 152 26 389 860 780 296 360 85 24 242 760 707 518 104 574 
326 705 434 265 707 147 495 169 886 0 706 631 584 994 990 229 769 245 303 773 402 618 897 480 740 168 626 528 90 723 
706 388 713 624 22 816 61 85 614 706 0 572 193 331 440 990 447 976 988 770 677 21 910 283 84 256 386 71 735 812 
456 607 322 764 379 926 14 169 749 631 572 0 512 849 747 403 751 956 611 175 173 733 828 763 559 964 8 127 369 390 
668 702 447 805 934 399 84 743 712 584 193 512 0 458 14 818 49 441 379 938 567 445 247 666 687 886 658 74 833 904 
249 359 80 399 825 190 432 896 417 994 331 849 458 0 69 604 116 101 132 318 581 757 901 643 943 284 998 24 494 452 
214 397 356 731 403 775 189 502 302 990 440 747 14 69 0 977 303 899 364 306 314 527 279 862 269 135 472 857 376 399 
79 964 308 222 783 749 500 84 152 229 990 403 818 604 977 0 366 431 595 755 526 240 963 569 690 900 273 147 45 937 
623 179 729 710 796 952 483 970 26 769 447 751 49 116 303 366 0 880 87 109 904 280 262 930 757 827 580 545 134 762 
689 197 472 709 73 491 717 762 389 245 976 956 441 101 899 431 880 0 102 7 672 449 248 680 413 363 34 831 165 788 
60 237 791 927 799 71 957 55 860 303 988 611 379 132 364 595 87 102 0 469 42 860 180 395 340 594 136 93 462 399 
661 348 515 507 536 961 443 856 780 773 770 175 938 318 306 755 109 7 469 0 833 241 639 494 488 404 690 393 214 800 
914 703 864 789 839 726 245 510 296 402 677 173 567 581 314 526 904 672 42 833 0 498 54 895 731 676 405 114 312 177 
582 16 191 245 952 683 442 967 360 618 21 733 445 757 527 240 280 449 860 241 498 0 438 525 37 410 315 82 909 197 
430 972 971 647 446 881 803 200 85 897 910 828 247 901 279 963 262 248 180 639 54 438 0 943 937 237 903 841 598 327 
856 439 957 803 953 170 301 184 24 480 283 763 666 643 862 569 930 680 395 494 895 525 943 0 328 358 999 192 404 216 
241 187 261 124 487 606 466 647 242 740 84 559 687 943 269 690 757 413 340 488 731 37 937 328 0 519 975 336 146 173 
434 895 792 890 520 528 363 451 760 168 256 964 886 284 135 900 827 363 594 404 676 410 237 358 519 0 698 474 61 351 
307 705 375 711 558 136 957 316 707 626 386 8 658 998 472 273 580 34 136 690 405 315 903 999 975 698 0 421 287 241 
866 355 899 786 556 8 887 410 518 528 71 127 74 24 857 147 545 831 93 393 114 82 841 192 336 474 421 0 723 1 
498 792 20 886 613 373 221 771 104 90 735 369 833 494 376 45 134 165 462 214 312 909 598 404 146 61 287 723 0 849 
617 258 349 126 213 636 460 760 574 723 812 390 904 452 399 937 762 788 399 800 177 197 327 216 173 351 241 1 849 0 
0 280 275 115 546 198 694 562 805 674 424 870 843 573 213 840 94 139 246 112 281 582 846 349 666 210 925 474 904 789 
280 0 1000 49 577 232 319 593 511 743 507 914 623 684 943 754 348 414 350 555 497 627 860 117 758 931 578 916 514 140 
275 1000 0 29 46 916 304 642 623 434 577 583 479 616 727 546 750 672 459 487 415 313 148 220 335 316 520 10 900 38 
115 49 29 0 55 299 562 910 438 268 258 296 453 450 660 960 7 961 180 60 71 122 77 262 45 311 220 137 374 216 
546 577 46 55 0 348 960 253 379 106 72 901 54 249 499 102 978 369 908 841 930 64 212 991 193 984 572 342 542 639 
198 232 916 299 348 0 91 381 39 416 686 478 178 110 860 474 807 857 732 747 950 365 39 44 737 244 741 415 160 991 
694 319 304 562 960 91 0 305 118 512 39 479 372 392 289 129 799 473 924 411 284 456 714 432 547 929 995 866 894 25 
562 593 642 910 253 381 305 0 381 663 56 712 448 473 600 179 812 708 890 359 756 113 498 2 743 185 144 553 412 905 
805 511 623 438 379 39 118 381 0 394 441 675 151 153 835 873 575 744 444 208 152 123 895 106 732 274 677 519 568 870 
674 743 434 268 106 416 512 663 394 0 421 297 22 819 543 31 749 49 730 6 984 520 722 738 40 581 858 7 898 877 
424 507 577 258 72 686 39 56 441 421 0 951 849 838 402 413 653 571 270 182 680 224 629 694 606 938 96 503 548 64 
870 914 583 296 901 478 479 712 675 297 951 0 202 444 994 188 544 735 954 514 862 853 138 53 357 226 846 123 511 669 
843 623 479 453 54 178 372 448 151 22 849 202 0 454 980 845 292 954 29 595 653 84 918 98 337 304 124 7 702 499 
573 684 616 450 249 110 392 473 153 819 838 444 454 0 836 179 594 676 395 752 48 192 363 826 393 231 16 1000 255 62 
213 943 727 660 499 860 289 600 835 543 402 994 980 836 0 195 227 754 668 923 292 862 322 896 883 908 678 269 243 141 
840 754 546 960 102 474 129 179 873 31 413 188 845 179 195 0 512 173 639 133 692 734 221 91 853 591 338 596 35 251 
94 348 750 7 978 807 799 812 575 749 653 544 292 594 227 512 0 549 275 12 791 726 617 447 254 870 715 735 243 173 
139 414 672 961 369 857 473 708 744 49 571 735 954 676 754 173 549 0 593 80 486 398 304 445 390 572 912 705 88 486 
246 350 459 180 908 732 924 890 444 730 270 954 29 395 668 639 275 593 0 433 632 293 21 512 106 224 599 821 564 962 
112 555 487 60 841 747 411 359 208 6 182 514 595 752 923 133 12 80 433 0 914 776 223 485 403 579 734 944 760 54 
281 497 415 71 930 950 284 756 152 984 680 862 653 48 292 692 791 486 632 914 0 428 28 96 759 879 500 85 20 924 
582 627 313 122 64 365 456 113 123 520 224 853 84 192 862 734 726 398 293 776 428 0 238 864 570 215 222 933 965 278 
846 860 148 77 212 39 714 498 895 722 629 138 918 363 322 221 617 304 21 223 28 238 0 69 179 456 831 738 926 450 
349 117 220 262 991 44 432 2 106 738 694 53 98 826 896 91 447 445 512 485 96 864 69 0 825 134 648 777 504 220 
666 758 335 45 193 737 547 743 732 40 606 357 337 393 883 853 254 390 106 403 759 570 179 825 0 110 901 569 673 439 
210 931 316 311 984 244 929 185 274 581 938 226 304 231 908 591 870 572 224 579 879 215 456 134 110 0 677 757 90 181 
925 578 520 220 572 741 995 144 677 858 96 846 124 16 678 338 715 912 599 734 500 222 831 648 901 677 0 16 54 371 
474 916 10 137 342 415 866 553 519 7 503 123 7 1000 269 596 735 705 821 944 85 933 738 777 569 757 16 0 810 566 
904 514 900 374 542 160 894 412 568 898 548 511 702 255 243 35 243 88 564 760 20 965 926 504 673 90 54 810 0 129 
789 140 38 216 639 991 25 905 870 877 64 669 499 62 141 251 173 486 962 54 924 278 450 220 439 181 371 566 129 0 
0 479 568 339 479 347 146 123 203 43 492 327 95 397 667 165 888 998 823 809 912 493 536 660 573 682 246 769 40 75 
479 0 298 804 638 988 774 699 687 207 169 571 183 644 144 371 557 413 698 481 335 403 137 965 60 90 141 843 462 855 
568 298 0 818 434 71 317 549 565 382 577 370 896 362 427 480 157 70 543 650 812 978 592 927 495 444 686 711 9 836 
339 804 818 0 727 919 141 380 679 430 329 933 274 804 84 334 678 294 925 647 599 781 964 533 873 609 461 770 181 897 
479 638 434 727 0 712 455 757 853 676 766 51 448 712 570 975 94 876 14 306 100 995 466 550 782 208 560 303 396 614 
347 988 71 919 712 0 991 268 538 581 24 491 330 721 387 772 289 143 294 758 332 435 420 464 68 156 106 44 900 695 
146 774 317 141 455 991 0 880 880 664 945 774 819 716 839 837 69 197 134 774 727 245 81 815 197 791 27 546 43 459 
123 699 549 380 757 268 880 0 478 110 900 128 302 241 896 568 136 88 379 704 427 464 516 874 383 690 919 108 997 458 
203 687 565 679 853 538 880 478 0 539 267 128 347 592 360 145 592 864 1 799 885 966 289 235 45 778 354 516 877 251 
43 207 382 430 676 581 664 110 539 0 331 338 286 281 411 806 334 881 76 806 138 662 73 421 610 387 210 966 101 106 
492 169 577 329 766 24 945 900 267 331 0 362 423 537 756 244 790 429 151 481 648 504 422 514 572 106 807 392 156 942 
327 571 370 933 51 491 774 128 128 338 362 0 869 837 235 645 684 436 209 421 429 813 834 984 828 846 33 946 587 327 
95 183 896 274 448 330 819 302 347 286 423 869 0 257 232 139 652 248 753 492 1000 214 315 717 572 855 703 382 666 740 
397 644 362 804 712 721 716 241 592 281 537 837 257 0 259 752 482 423 445 204 866 913 277 635 937 337 981 211 689 412 
667 144 427 84 570 387 839 896 360 411 756 235 232 259 0 662 599 437 143 516 441 680 624 268 409 649 58 653 754 456 
165 371 480 334 975 772 837 568 145 806 244 645 139 752 662 0 850 589 98 920 353 425 297 440 319 910 514 84 538 697 
888 557 157 678 94 289 69 136 592 334 790 684 652 482 599 850 0 543 758 897 277 476 983 465 259 306 217 347 587 786 
998 413 70 294 876 143 197 88 864 881 429 436 248 423 437 589 543 0 369 860 719 390 614 84 984 423 36 725 731 812 
823 698 543 925 14 294 134 379 1 76 151 209 753 445 143 98 758 369 0 628 679 358 898 47 841 848 696 577 19 207 
809 481 650 647 306 758 774 704 799 806 481 421 492 204 516 920 897 860 628 0 403 142 312 719 252 12 70 302 77 724 
912 335 812 599 100 332 727 427 885 138 648 429 1000 866 441 353 277 719 679 403 0 433 901 906 187 145 711 687 848 352 
493 403 978 781 995 435 245 464 966 662 504 813 214 913 680 425 476 390 358 142 433 0 564 498 97 177 139 344 288 253 
536 137 592 964 466 420 81 516 289 73 422 834 315 277 624 297 983 614 898 312 901 564 0 984 752 719 307 339 256 10 
660 965 927 533 550 464 815 874 235 421 514 984 717 635 268 440 465 84 47 719 906 498 984 0 829 922 21 442 643 60 
573 60 495 873 782 68 197 383 45 610 572 828 572 937 409 319 259 984 841 252 187 97 752 829 0 477 589 310 950 672 
682 90 444 609 208 156 791 690 778 387 106 846 855 337 649 910 306 423 848 12 145 177 719 922 477 0 57 410 999 687 
246 141 686 461 560 106 27 919 354 210 807 33 703 981 58 514 217 36 696 70 711 139 307 21 589 57 0 373 786 485 
769 843 711 770 303 44 546 108 516 966 392 946 382 211 653 84 347 725 577 302 687 344 339 442 310 410 373 0 441 956 
40 462 9 181 396 900 43 997 877 101 156 587 666 689 754 538 587 731 19 77 848 288 256 643 950 999 786 441 0 527 
75 855 836 897 614 695 459 458 251 106 942 327 740 412 456 697 786 812 207 724 352 253 10 60 672 687 485 956 527 0 
