70 4
0 220 896 992 329 860 302 427 348 445 773 136 134 579 278 600 864 338 940 649 483 116 966 858 348 49 493 676 452 425 264 525 920 770 509 886 891 36 791 56 650 24 501 735 325 867 628 628 749 377 120 346 730 36 227 689 901 285 508 608 269 896 742 323 485 247 254 225 342 184 
220 0 671 138 352 501 990 35 515 757 397 957 165 165 801 506 314 479 665 927 615 264 37 219 915 267 953 275 198 11 995 907 975 170 311 639 549 951 519 689 446 760 656 917 39 546 160 94 782 605 882 913 341 990 882 426 705 888 162 333 845 928 742 579 670 486 182 316 895 793 
896 671 0 911 750 886 440 479 507 527 324 316 462 509 23 410 278 319 496 814 211 991 331 69 289 4 459 289 910 508 436 461 958 389 507 808 107 518 616 616 61 629 19 543 570 768 493 469 127 444 571 937 925 190 359 691 950 554 627 996 143 836 100 922 18 906 647 281 578 811 
992 138 911 0 282 668 747 235 536 240 207 707 214 555 363 164 341 479 495 115 51 363 628 400 626 354 806 877 232 3 57 276 725 908 977 476 488 639 689 132 922 153 607 499 979 521 339 113 746 448 67 917 691 690 847 500 877 131 718 88 308 629 200 458 589 790 907 557 138 315 
329 352 750 282 0 702 14 104 961 280 993 626 312 692 647 231 630 153 918 672 240 644 721 836 624 475 10 594 621 917 438 815 743 7 277 15 273 531 87 185 403 381 45 654 992 869 142 62 667 214 572 833 270 949 297 403 503 915 598 285 846 851 238 956 282 533 868 722 224 717 
860 501 886 668 702 0 69 242 443 449 186 386 909 296 683 941 691 517 197 662 130 246 437 697 189 31 975 700 23 486 338 563 702 806 917 845 134 227 300 926 571 409 153 89 501 960 885 348 722 811 731 663 507 699 43 531 746 282 593 862 567 287 726 992 719 453 640 311 31 220 
302 990 440 747 14 69 0 559 856 860 241 8 598 485 259 899 571 954 630 6 51 141 39 798 701 98 230 725 253 81 147 710 794 62 832 861 340 12 331 93 656 531 450 712 667 345 925 735 653 3 735 900 850 587 208 595 669 700 313 922 465 842 437 653 96 802 742 300 739 750 
427 35 479 235 104 242 559 0 780 241 187 658 404 575 707 810 848 342 156 49 979 70 580 431 686 46 133 580 148 327 769 219 322 26 83 667 379 982 349 474 886 819 112 431 746 667 725 896 152 833 711 714 27 424 633 74 182 632 85 321 42 124 118 537 643 970 129 392 452 540 
348 515 507 536 961 443 856 780 0 498 261 998 146 919 97 504 271 652 708 906 634 741 774 314 730 332 585 423 244 749 322 90 434 811 577 568 413 972 916 562 76 286 580 415 542 141 48 730 211 749 565 687 954 116 202 187 284 818 824 191 860 824 861 168 753 540 390 560 153 530 
445 757 527 240 280 449 860 241 498 0 124 472 61 166 189 847 230 763 912 496 300 359 520 948 347 150 86 689 69 724 267 993 755 190 779 412 589 271 557 297 399 720 47 860 626 102 148 12 70 126 858 467 57 749 216 787 666 482 602 734 558 579 259 432 209 927 621 984 471 572 
773 397 324 207 993 186 241 187 261 124 0 273 287 426 127 178 290 826 984 915 113 505 942 901 826 342 151 709 381 573 379 811 619 369 424 414 243 938 880 914 520 755 500 296 338 517 770 862 544 99 954 274 285 854 6 915 274 956 23 755 506 104 718 885 95 796 17 931 579 347 
136 957 316 707 626 386 8 658 998 472 273 0 723 808 967 261 243 162 310 552 62 140 390 919 422 661 159 280 74 715 804 144 281 929 742 853 300 110 84 824 840 838 499 71 421 626 602 444 75 852 393 408 241 36 73 305 329 322 496 576 853 138 798 186 464 219 553 415 270 441 
134 165 462 214 312 909 598 404 146 61 287 723 0 757 741 153 187 536 139 739 816 409 505 736 264 400 271 142 733 975 148 190 268 121 258 378 901 985 350 405 616 473 642 428 624 674 549 69 961 854 63 985 78 132 195 514 756 465 122 633 224 542 455 723 864 346 106 537 989 752 
579 165 509 555 692 296 485 575 919 166 426 808 757 0 973 676 820 433 400 733 801 481 971 361 642 456 819 589 615 3 315 481 754 195 640 891 805 632 87 106 218 464 133 614 207 26 779 750 718 558 218 591 449 799 711 665 742 914 742 726 246 678 777 2 993 737 32 793 299 741 
278 801 23 363 647 683 259 707 97 189 127 967 741 973 0 466 229 706 231 876 266 156 196 155 635 86 598 525 305 960 39 175 571 485 961 473 220 315 385 145 912 338 48 375 66 746 130 680 706 493 753 803 792 602 182 569 574 443 220 256 864 478 510 459 503 953 160 179 879 687 
600 506 410 164 231 941 899 810 504 847 178 261 153 676 466 0 505 47 476 916 567 792 540 85 386 460 117 370 492 251 93 589 221 864 352 491 655 823 806 255 160 444 197 289 724 474 138 990 955 258 724 394 843 247 75 34 594 598 430 525 501 167 499 127 130 67 208 244 133 76 
864 314 278 341 630 691 571 848 271 230 290 243 187 820 229 505 0 444 559 347 669 613 616 360 113 188 897 279 121 299 463 443 106 638 672 798 604 249 843 422 893 646 309 978 216 60 640 988 317 398 676 803 29 49 520 944 152 226 64 508 148 267 581 6 69 847 403 320 856 670 
338 479 319 479 153 517 954 342 652 763 826 162 536 433 706 47 444 0 683 282 136 666 439 662 766 316 688 682 183 263 313 336 339 624 199 282 358 813 307 298 842 164 303 162 431 229 948 844 554 785 120 704 689 31 294 521 708 406 509 398 985 918 244 106 518 110 126 845 941 103 
940 665 496 495 918 197 630 156 708 912 984 310 139 400 231 476 559 683 0 844 127 351 534 552 599 535 957 778 286 395 118 271 592 67 72 789 870 889 155 337 355 63 73 585 54 35 760 882 292 369 578 349 273 685 514 189 982 50 6 872 806 621 144 836 17 916 749 198 215 993 
649 927 814 115 672 662 6 49 906 496 915 552 739 733 876 916 347 282 844 0 614 35 66 361 401 353 586 782 475 624 991 720 805 666 812 263 357 100 741 787 38 454 134 600 166 129 389 7 622 90 585 695 821 816 608 627 434 114 813 611 428 566 477 766 116 933 293 929 599 233 
483 615 211 51 240 130 51 979 634 300 113 62 816 801 266 567 669 136 127 614 0 70 439 15 895 382 789 511 953 799 121 942 891 315 235 539 493 844 906 23 918 114 294 181 802 515 740 485 349 27 754 662 550 743 580 924 116 911 365 605 882 926 94 69 336 195 759 536 921 547 
116 264 991 363 644 246 141 70 741 359 505 140 409 481 156 792 613 666 351 35 70 0 900 216 232 883 167 102 313 37 586 441 550 263 342 18 726 321 207 804 420 684 969 91 589 690 203 739 775 139 946 246 494 427 961 887 837 60 750 293 733 686 524 738 17 547 373 210 989 326 
966 37 331 628 721 437 39 580 774 520 942 390 505 971 196 540 616 439 534 66 439 900 0 803 889 195 857 361 902 288 381 185 325 50 686 556 68 492 623 866 119 880 948 932 471 666 179 396 594 899 564 313 248 425 595 165 984 837 566 226 992 37 951 440 781 352 70 124 824 601 
858 219 69 400 836 697 798 431 314 948 901 919 736 361 155 85 360 662 552 361 15 216 803 0 388 275 344 502 865 161 837 849 444 447 500 583 247 35 652 675 719 744 420 105 181 164 778 710 361 921 553 558 249 4 377 375 994 481 733 643 746 363 894 92 22 804 645 185 175 895 
348 915 289 626 624 189 701 686 730 347 826 422 264 642 635 386 113 766 599 401 895 232 889 388 0 299 814 731 816 643 589 835 416 238 977 789 450 483 818 962 454 169 960 108 331 686 319 347 519 686 173 786 395 710 509 832 63 205 456 436 409 756 544 653 531 14 814 809 456 41 
49 267 4 354 475 31 98 46 332 150 342 661 400 456 86 460 188 316 535 353 382 883 195 275 299 0 94 278 159 414 914 199 760 774 371 966 588 719 759 478 925 621 992 835 142 179 839 600 58 3 957 874 230 988 1 875 703 60 558 776 27 19 242 580 334 743 447 311 763 995 
493 953 459 806 10 975 230 133 585 86 151 159 271 819 598 117 897 688 957 586 789 167 857 344 814 94 0 824 997 266 825 661 420 616 39 339 553 795 479 882 541 69 449 113 188 345 498 452 227 369 412 281 556 512 752 959 863 518 699 333 77 919 941 220 75 240 570 742 282 273 
676 275 289 877 594 700 725 580 423 689 709 280 142 589 525 370 279 682 778 782 511 102 361 502 731 278 824 0 513 729 885 758 915 416 378 625 879 594 813 295 743 982 925 99 667 742 737 520 533 414 96 908 753 187 571 76 187 727 846 859 176 724 624 694 945 618 717 274 16 974 
452 198 910 232 621 23 253 148 244 69 381 74 733 615 305 492 121 183 286 475 953 313 902 865 816 159 997 513 0 376 523 366 512 495 56 157 674 236 105 577 834 742 14 267 789 338 865 407 402 387 549 724 668 541 797 875 680 920 161 293 961 478 83 556 905 705 904 483 134 365 
425 11 508 3 917 486 81 327 749 724 573 715 975 3 960 251 299 263 395 624 799 37 288 161 643 414 266 729 376 0 125 699 406 811 871 498 383 455 267 217 686 142 627 641 160 433 598 685 861 588 948 907 3 991 330 594 245 36 842 428 580 322 749 487 802 732 567 223 836 144 
264 995 436 57 438 338 147 769 322 267 379 804 148 315 39 93 463 313 118 991 121 586 381 837 589 914 825 885 523 125 0 596 243 88 56 812 914 678 453 166 129 190 242 110 368 154 209 990 512 146 914 897 858 511 923 69 353 539 756 82 37 987 283 337 222 834 179 667 79 57 
525 907 461 276 815 563 710 219 90 993 811 144 190 481 175 589 443 336 271 720 942 441 185 849 835 199 661 758 366 699 596 0 844 533 299 760 159 30 48 331 509 238 885 543 414 873 475 262 745 672 980 178 247 423 954 667 526 508 619 4 500 377 89 53 745 956 682 581 140 399 
920 975 958 725 743 702 794 322 434 755 619 281 268 754 571 221 106 339 592 805 891 550 325 444 416 760 420 915 512 406 243 844 0 348 931 809 300 424 727 965 899 421 934 67 40 738 300 817 151 1000 458 972 639 74 170 299 862 734 113 802 212 686 280 389 404 232 249 583 110 892 
770 170 389 908 7 806 62 26 811 190 369 929 121 195 485 864 638 624 67 666 315 263 50 447 238 774 616 416 495 811 88 533 348 0 185 900 878 631 187 87 90 807 404 590 182 856 543 323 581 144 793 350 362 655 715 167 845 363 952 568 397 221 592 942 747 40 605 614 354 82 
509 311 507 977 277 917 832 83 577 779 424 742 258 640 961 352 672 199 72 812 235 342 686 500 977 371 39 378 56 871 56 299 931 185 0 767 430 414 54 936 573 987 745 550 57 693 154 114 428 838 902 119 242 665 69 236 89 782 537 615 535 652 217 491 621 186 825 356 862 461 
886 639 808 476 15 845 861 667 568 412 414 853 378 891 473 491 798 282 789 263 539 18 556 583 789 966 339 625 157 498 812 760 809 900 767 0 300 846 35 15 443 644 882 402 150 31 135 978 829 172 564 303 803 624 613 280 940 35 283 695 401 704 468 696 419 391 577 938 159 677 
891 549 107 488 273 134 340 379 413 589 243 300 901 805 220 655 604 358 870 357 493 726 68 247 450 588 553 879 674 383 914 159 300 878 430 300 0 763 553 905 604 543 556 928 226 899 593 680 333 780 575 279 903 301 3 430 572 901 123 968 39 510 427 802 767 228 172 410 524 329 
36 951 518 639 531 227 12 982 972 271 938 110 985 632 315 823 249 813 889 100 844 321 492 35 483 719 795 594 236 455 678 30 424 631 414 846 763 0 245 529 926 313 934 114 914 195 314 309 341 931 879 459 174 112 251 350 664 646 701 685 784 704 819 17 433 606 171 456 103 44 
791 519 616 689 87 300 331 349 916 557 880 84 350 87 385 806 843 307 155 741 906 207 623 652 818 759 479 813 105 267 453 48 727 187 54 35 553 245 0 564 684 274 810 802 674 727 177 248 468 25 240 750 275 929 487 810 653 407 577 700 218 53 65 894 677 513 243 758 109 251 
56 689 616 132 185 926 93 474 562 297 914 824 405 106 145 255 422 298 337 787 23 804 866 675 962 478 882 295 577 217 166 331 965 87 936 15 905 529 564 0 753 958 857 245 724 413 445 601 27 961 504 458 659 192 617 373 2 588 600 712 972 617 685 98 116 429 307 895 526 647 
650 446 61 922 403 571 656 886 76 399 520 840 616 218 912 160 893 842 355 38 918 420 119 719 454 925 541 743 834 686 129 509 899 90 573 443 604 926 684 753 0 694 480 523 400 897 160 766 975 324 680 372 243 861 470 730 1 180 968 790 581 334 402 633 998 495 185 925 491 208 
24 760 629 153 381 409 531 819 286 720 755 838 473 464 338 444 646 164 63 454 114 684 880 744 169 621 69 982 742 142 190 238 421 807 987 644 543 313 274 958 694 0 414 994 136 766 291 242 326 707 97 180 583 555 763 998 3 438 673 260 53 18 733 284 153 357 944 226 58 858 
501 656 19 607 45 153 450 112 580 47 500 499 642 133 48 197 309 303 73 134 294 969 948 420 960 992 449 925 14 627 242 885 934 404 745 882 556 934 810 857 480 414 0 911 105 872 477 1000 97 479 452 502 593 244 61 128 48 899 659 82 714 116 349 870 890 776 49 861 486 590 
735 917 543 499 654 89 712 431 415 860 296 71 428 614 375 289 978 162 585 600 181 91 932 105 108 835 113 99 267 641 110 543 67 590 550 402 928 114 802 245 523 994 911 0 580 757 387 907 34 369 632 76 401 520 717 491 271 695 949 112 5 304 47 826 234 173 807 155 262 791 
325 39 570 979 992 501 667 746 542 626 338 421 624 207 66 724 216 431 54 166 802 589 471 181 331 142 188 667 789 160 368 414 40 182 57 150 226 914 674 724 400 136 105 580 0 303 931 199 149 251 177 426 632 948 188 573 135 2 35 643 920 113 341 680 917 60 32 754 929 575 
867 546 768 521 869 960 345 667 141 102 517 626 674 26 746 474 60 229 35 129 515 690 666 164 686 179 345 742 338 433 154 873 738 856 693 31 899 195 727 413 897 766 872 757 303 0 213 807 825 125 362 908 122 487 593 718 932 843 593 733 349 387 647 366 269 337 411 304 502 96 
628 160 493 339 142 885 925 725 48 148 770 602 549 779 130 138 640 948 760 389 740 203 179 778 319 839 498 737 865 598 209 475 300 543 154 135 593 314 177 445 160 291 477 387 931 213 0 48 332 695 482 607 946 183 239 817 292 88 520 632 498 428 117 427 521 164 544 594 491 106 
628 94 469 113 62 348 735 896 730 12 862 444 69 750 680 990 988 844 882 7 485 739 396 710 347 600 452 520 407 685 990 262 817 323 114 978 680 309 248 601 766 242 1000 907 199 807 48 0 632 857 464 176 143 351 275 281 257 146 203 217 442 21 138 896 179 980 699 775 676 194 
749 782 127 746 667 722 653 152 211 70 544 75 961 718 706 955 317 554 292 622 349 775 594 361 519 58 227 533 402 861 512 745 151 581 428 829 333 341 468 27 975 326 97 34 149 825 332 632 0 869 923 923 925 110 357 610 560 940 270 979 485 63 941 116 58 648 815 509 220 1 
377 605 444 448 214 811 3 833 749 126 99 852 854 558 493 258 398 785 369 90 27 139 899 921 686 3 369 414 387 588 146 672 1000 144 838 172 780 931 25 961 324 707 479 369 251 125 695 857 869 0 2 987 932 60 625 952 149 560 815 288 119 972 159 355 737 429 454 146 515 846 
120 882 571 67 572 731 735 711 565 858 954 393 63 218 753 724 676 120 578 585 754 946 564 553 173 957 412 96 549 948 914 980 458 793 902 564 575 879 240 504 680 97 452 632 177 362 482 464 923 2 0 665 409 303 485 950 692 555 984 821 895 497 36 769 364 483 750 789 186 527 
346 913 937 917 833 663 900 714 687 467 274 408 985 591 803 394 803 704 349 695 662 246 313 558 786 874 281 908 724 907 897 178 972 350 119 303 279 459 750 458 372 180 502 76 426 908 607 176 923 987 665 0 47 859 273 89 397 329 839 311 437 957 373 733 76 393 357 231 246 400 
730 341 925 691 270 507 850 27 954 57 285 241 78 449 792 843 29 689 273 821 550 494 248 249 395 230 556 753 668 3 858 247 639 362 242 803 903 174 275 659 243 583 593 401 632 122 946 143 925 932 409 47 0 116 133 524 911 526 339 725 216 324 220 249 666 149 695 966 673 689 
36 990 190 690 949 699 587 424 116 749 854 36 132 799 602 247 49 31 685 816 743 427 425 4 710 988 512 187 541 991 511 423 74 655 665 624 301 112 929 192 861 555 244 520 948 487 183 351 110 60 303 859 116 0 397 497 846 681 415 737 367 747 679 91 99 64 989 664 767 968 
227 882 359 847 297 43 208 633 202 216 6 73 195 711 182 75 520 294 514 608 580 961 595 377 509 1 752 571 797 330 923 954 170 715 69 613 3 251 487 617 470 763 61 717 188 593 239 275 357 625 485 273 133 397 0 17 648 236 224 150 387 334 74 832 428 155 766 459 66 322 
689 426 691 500 403 531 595 74 187 787 915 305 514 665 569 34 944 521 189 627 924 887 165 375 832 875 959 76 875 594 69 667 299 167 236 280 430 350 810 373 730 998 128 491 573 718 817 281 610 952 950 89 524 497 17 0 4 983 152 487 737 103 831 561 332 883 881 908 943 124 
901 705 950 877 503 746 669 182 284 666 274 329 756 742 574 594 152 708 982 434 116 837 984 994 63 703 863 187 680 245 353 526 862 845 89 940 572 664 653 2 1 3 48 271 135 932 292 257 560 149 692 397 911 846 648 4 0 538 497 211 328 626 262 78 758 501 804 580 818 654 
285 888 554 131 915 282 700 632 818 482 956 322 465 914 443 598 226 406 50 114 911 60 837 481 205 60 518 727 920 36 539 508 734 363 782 35 901 646 407 588 180 438 899 695 2 843 88 146 940 560 555 329 526 681 236 983 538 0 351 55 462 223 51 447 134 448 687 352 378 298 
508 162 627 718 598 593 313 85 824 602 23 496 122 742 220 430 64 509 6 813 365 750 566 733 456 558 699 846 161 842 756 619 113 952 537 283 123 701 577 600 968 673 659 949 35 593 520 203 270 815 984 839 339 415 224 152 497 351 0 519 135 150 468 24 941 601 210 26 925 633 
608 333 996 88 285 862 922 321 191 734 755 576 633 726 256 525 508 398 872 611 605 293 226 643 436 776 333 859 293 428 82 4 802 568 615 695 968 685 700 712 790 260 82 112 643 733 632 217 979 288 821 311 725 737 150 487 211 55 519 0 263 689 46 536 495 275 321 591 144 16 
269 845 143 308 846 567 465 42 860 558 506 853 224 246 864 501 148 985 806 428 882 733 992 746 409 27 77 176 961 580 37 500 212 397 535 401 39 784 218 972 581 53 714 5 920 349 498 442 485 119 895 437 216 367 387 737 328 462 135 263 0 232 991 583 335 566 763 602 755 420 
896 928 836 629 851 287 842 124 824 579 104 138 542 678 478 167 267 918 621 566 926 686 37 363 756 19 919 724 478 322 987 377 686 221 652 704 510 704 53 617 334 18 116 304 113 387 428 21 63 972 497 957 324 747 334 103 626 223 150 689 232 0 993 445 749 592 716 91 808 975 
742 742 100 200 238 726 437 118 861 259 718 798 455 777 510 499 581 244 144 477 94 524 951 894 544 242 941 624 83 749 283 89 280 592 217 468 427 819 65 685 402 733 349 47 341 647 117 138 941 159 36 373 220 679 74 831 262 51 468 46 991 993 0 709 506 612 964 379 578 482 
323 579 922 458 956 992 653 537 168 432 885 186 723 2 459 127 6 106 836 766 69 738 440 92 653 580 220 694 556 487 337 53 389 942 491 696 802 17 894 98 633 284 870 826 680 366 427 896 116 355 769 733 249 91 832 561 78 447 24 536 583 445 709 0 809 853 338 870 201 477 
485 670 18 589 282 719 96 643 753 209 95 464 864 993 503 130 69 518 17 116 336 17 781 22 531 334 75 945 905 802 222 745 404 747 621 419 767 433 677 116 998 153 890 234 917 269 521 179 58 737 364 76 666 99 428 332 758 134 941 495 335 749 506 809 0 684 319 936 19 577 
247 486 906 790 533 453 802 970 540 927 796 219 346 737 953 67 847 110 916 933 195 547 352 804 14 743 240 618 705 732 834 956 232 40 186 391 228 606 513 429 495 357 776 173 60 337 164 980 648 429 483 393 149 64 155 883 501 448 601 275 566 592 612 853 684 0 786 695 319 20 
254 182 647 907 868 640 742 129 390 621 17 553 106 32 160 208 403 126 749 293 759 373 70 645 814 447 570 717 904 567 179 682 249 605 825 577 172 171 243 307 185 944 49 807 32 411 544 699 815 454 750 357 695 989 766 881 804 687 210 321 763 716 964 338 319 786 0 323 860 782 
225 316 281 557 722 311 300 392 560 984 931 415 537 793 179 244 320 845 198 929 536 210 124 185 809 311 742 274 483 223 667 581 583 614 356 938 410 456 758 895 925 226 861 155 754 304 594 775 509 146 789 231 966 664 459 908 580 352 26 591 602 91 379 870 936 695 323 0 681 678 
342 895 578 138 224 31 739 452 153 471 579 270 989 299 879 133 856 941 215 599 921 989 824 175 456 763 282 16 134 836 79 140 110 354 862 159 524 103 109 526 491 58 486 262 929 502 491 676 220 515 186 246 673 767 66 943 818 378 925 144 755 808 578 201 19 319 860 681 0 237 
184 793 811 315 717 220 750 540 530 572 347 441 752 741 687 76 670 103 993 233 547 326 601 895 41 995 273 974 365 144 57 399 892 82 461 677 329 44 251 647 208 858 590 791 575 96 106 194 1 846 527 400 689 968 322 124 654 298 633 16 420 975 482 477 577 20 782 678 237 0 
0 133 451 556 69 383 717 126 150 893 475 768 332 159 678 89 167 472 273 822 226 581 526 242 503 430 437 680 170 635 924 442 110 66 143 293 819 790 549 601 174 363 780 606 447 665 798 169 258 424 807 817 190 844 458 869 678 230 725 801 587 334 881 28 996 994 354 107 373 694 
133 0 572 293 523 524 153 568 868 251 805 696 26 680 307 128 252 452 513 117 214 419 436 65 390 285 78 335 215 898 584 150 639 670 318 795 183 239 407 301 18 726 299 288 318 167 102 538 762 919 553 842 155 507 564 12 311 531 264 327 927 4 465 228 951 549 994 390 391 701 
451 572 0 850 779 251 917 23 644 623 490 480 298 865 746 376 522 925 855 551 304 489 264 288 215 502 563 143 876 190 457 706 643 91 121 93 582 862 788 159 538 906 840 598 333 81 813 129 77 707 939 128 167 931 942 688 258 561 768 118 734 979 203 798 201 76 690 233 558 200 
556 293 850 0 814 876 551 575 798 750 812 482 526 755 440 60 923 574 70 271 955 166 987 51 515 204 690 532 432 601 382 10 222 839 185 285 483 466 672 430 884 680 398 683 98 490 485 124 490 158 900 644 865 966 861 305 176 402 788 417 500 478 135 532 740 537 820 294 67 789 
69 523 779 814 0 194 200 150 198 940 375 430 243 305 713 361 35 212 520 545 223 102 654 568 828 29 783 58 229 713 695 1000 29 182 893 733 1 956 71 338 433 865 329 386 822 542 791 456 651 534 661 378 956 724 574 571 836 357 161 525 631 298 555 219 327 405 631 854 684 295 
383 524 251 876 194 0 348 852 475 370 708 858 213 743 350 21 309 469 670 144 101 478 961 233 534 265 438 745 200 559 577 885 861 248 53 241 461 568 131 868 544 111 191 736 781 505 271 595 149 986 760 363 424 765 164 585 704 134 480 667 191 574 891 413 13 913 306 622 393 399 
717 153 917 551 200 348 0 294 123 681 32 911 445 365 768 447 284 206 270 367 367 203 450 442 626 92 331 87 554 948 683 166 350 249 647 136 969 811 155 742 612 526 678 263 950 492 273 744 198 682 423 833 170 199 397 781 769 1 952 228 970 714 412 953 590 873 538 597 769 342 
126 568 23 575 150 852 294 0 374 825 943 344 132 275 267 387 252 94 922 435 154 780 38 640 380 269 614 491 427 866 458 542 354 892 654 791 818 920 338 249 604 429 134 601 434 250 619 606 288 661 477 332 429 446 826 907 688 962 36 951 863 309 726 517 741 79 560 60 788 454 
150 868 644 798 198 475 123 374 0 2 628 375 210 922 118 444 604 636 470 645 280 515 56 638 329 958 42 512 497 443 999 555 334 117 381 688 583 388 66 488 948 71 319 35 38 932 95 147 630 33 702 467 333 165 505 215 933 243 381 720 764 927 651 316 599 907 770 356 608 922 
893 251 623 750 940 370 681 825 2 0 562 519 492 6 159 144 209 758 869 944 852 620 385 527 316 291 112 24 920 372 624 754 690 5 968 24 759 920 781 335 647 401 693 502 696 980 882 61 464 519 177 505 31 545 789 690 217 792 184 202 715 145 167 555 46 353 528 658 297 412 
475 805 490 812 375 708 32 943 628 562 0 812 355 366 360 626 76 56 1 203 361 712 458 95 310 207 126 180 936 633 546 881 331 919 554 151 394 369 11 501 352 398 52 586 107 452 337 128 356 414 966 358 796 8 136 123 945 643 932 48 605 901 175 741 571 287 416 624 453 288 
768 696 480 482 430 858 911 344 375 519 812 0 875 129 773 306 982 696 885 272 987 510 766 966 100 285 569 183 113 503 669 53 449 1000 949 830 69 596 502 990 943 502 937 569 136 995 889 902 880 8 554 915 568 89 824 800 123 966 644 302 393 330 589 544 771 149 346 554 727 470 
332 26 298 526 243 213 445 132 210 492 355 875 0 720 826 191 244 570 288 96 354 235 727 100 356 932 646 14 583 969 8 277 589 701 623 159 463 752 132 997 983 922 488 829 74 652 827 591 970 314 764 199 23 400 314 165 654 164 936 495 908 657 538 813 790 369 766 90 834 210 
159 680 865 755 305 743 365 275 922 6 366 129 720 0 753 24 461 408 248 342 381 413 923 868 234 224 178 346 114 135 608 509 669 365 503 859 872 81 572 994 814 920 84 238 409 113 14 897 834 512 580 450 891 723 552 390 184 655 370 989 214 395 623 648 399 215 59 649 915 850 
678 307 746 440 713 350 768 267 118 159 360 773 826 753 0 780 243 233 96 940 816 893 940 585 396 644 716 681 499 598 344 852 449 703 48 12 374 600 334 270 867 76 104 824 57 147 738 726 602 888 554 169 423 362 659 580 915 923 154 46 845 728 400 98 212 643 118 364 735 222 
89 128 376 60 361 21 447 387 444 144 626 306 191 24 780 0 707 235 251 219 605 335 446 889 766 56 234 673 889 779 239 655 463 787 38 70 164 706 680 97 830 552 23 751 717 353 610 558 81 433 919 342 287 339 236 538 640 834 334 188 975 158 52 826 225 424 52 739 637 894 
167 252 522 923 35 309 284 252 604 209 76 982 244 461 243 707 0 673 578 555 268 570 366 344 332 296 367 436 980 761 554 29 330 448 594 900 722 200 551 198 738 772 485 88 981 391 256 120 179 814 540 205 948 860 135 860 49 587 123 286 466 195 347 200 697 629 454 359 814 869 
472 452 925 574 212 469 206 94 636 758 56 696 570 408 233 235 673 0 689 844 43 898 921 431 208 16 921 130 387 49 295 658 959 198 931 470 720 391 521 437 843 702 367 808 353 51 56 216 358 509 133 716 547 400 110 611 581 277 368 528 41 321 997 879 809 571 353 554 8 246 
273 513 855 70 520 670 270 922 470 869 1 885 288 248 96 251 578 689 0 800 206 570 369 824 479 330 545 277 847 812 152 878 245 89 391 464 168 883 275 62 333 730 581 348 142 430 26 881 719 615 395 648 940 311 728 4 807 759 162 513 30 826 617 905 69 334 606 234 854 119 
822 117 551 271 545 144 367 435 645 944 203 272 96 342 940 219 555 844 800 0 421 253 928 336 29 182 145 987 534 715 409 400 218 557 989 337 25 800 884 832 831 394 974 319 733 168 198 102 524 93 84 797 278 10 966 527 871 185 573 841 391 935 185 668 195 850 198 288 26 119 
226 214 304 955 223 101 367 154 280 852 361 987 354 381 816 605 268 43 206 421 0 999 62 182 294 460 345 470 667 601 253 505 804 185 765 20 685 906 607 956 841 707 16 106 99 35 333 91 584 465 931 299 80 413 805 798 294 121 658 730 169 6 540 362 712 109 955 100 606 134 
581 419 489 166 102 478 203 780 515 620 712 510 235 413 893 335 570 898 570 253 999 0 339 325 847 297 639 168 79 224 996 388 989 839 955 28 463 248 413 527 7 463 286 596 809 976 747 343 42 121 833 736 121 311 496 728 544 235 977 136 16 25 96 900 728 390 598 928 406 251 
526 436 264 987 654 961 450 38 56 385 458 766 727 923 940 446 366 921 369 928 62 339 0 348 84 729 29 614 609 702 349 708 341 413 949 60 707 434 857 625 159 679 523 608 780 445 772 86 48 484 77 281 727 857 843 364 395 981 376 758 96 863 718 171 822 539 287 151 374 499 
242 65 288 51 568 233 442 640 638 527 95 966 100 868 585 889 344 431 824 336 182 325 348 0 219 786 719 945 44 360 924 848 10 217 588 490 192 240 258 596 51 244 628 513 550 332 153 366 848 155 415 444 364 993 638 154 761 731 82 293 658 777 460 833 860 121 674 474 931 676 
503 390 215 515 828 534 626 380 329 316 310 100 356 234 396 766 332 208 479 29 294 847 84 219 0 47 12 382 870 570 985 150 189 822 6 217 631 891 491 374 12 540 945 513 407 382 987 79 431 860 503 610 848 695 221 119 316 980 431 306 430 415 640 106 32 755 212 40 667 487 
430 285 502 204 29 265 92 269 958 291 207 285 932 224 644 56 296 16 330 182 460 297 729 786 47 0 634 184 447 632 829 792 542 286 179 495 698 463 636 847 187 363 123 34 661 40 670 495 550 330 689 407 340 867 703 390 671 242 549 6 51 759 248 679 350 132 648 314 741 199 
437 78 563 690 783 438 331 614 42 112 126 569 646 178 716 234 367 921 545 145 345 639 29 719 12 634 0 303 166 269 582 469 922 472 661 392 663 999 480 902 594 738 986 327 787 743 999 287 324 648 96 856 1 411 171 793 782 464 897 458 764 948 37 159 253 786 477 680 970 722 
680 335 143 532 58 745 87 491 512 24 180 183 14 346 681 673 436 130 277 987 470 168 614 945 382 184 303 0 714 240 267 953 44 596 393 468 303 401 619 220 279 919 85 451 419 267 764 573 98 370 549 306 277 153 490 70 851 459 556 428 351 999 664 853 800 590 848 62 441 347 
170 215 876 432 229 200 554 427 497 920 936 113 583 114 499 889 980 387 847 534 667 79 609 44 870 447 166 714 0 497 823 765 424 191 666 453 824 348 503 756 216 760 141 645 129 705 488 822 508 506 771 471 101 83 709 473 109 471 780 714 156 154 506 154 930 678 451 384 50 297 
635 898 190 601 713 559 948 866 443 372 633 503 969 135 598 779 761 49 812 715 601 224 702 360 570 632 269 240 497 0 844 504 507 491 95 169 934 780 598 134 877 22 797 75 543 700 549 962 300 974 570 243 15 129 346 143 32 518 509 959 421 650 811 810 470 77 45 54 796 150 
924 584 457 382 695 577 683 458 999 624 546 669 8 608 344 239 554 295 152 409 253 996 349 924 985 829 582 267 823 844 0 527 138 824 609 137 885 943 298 47 592 333 32 194 317 84 713 128 775 438 397 244 38 903 920 920 234 146 563 87 931 706 387 688 789 285 810 222 395 30 
442 150 706 10 1000 885 166 542 555 754 881 53 277 509 852 655 29 658 878 400 505 388 708 848 150 792 469 953 765 504 527 0 63 939 603 718 190 851 931 542 488 576 695 73 642 693 34 230 813 221 164 679 531 881 823 692 523 487 995 44 181 316 457 503 815 556 489 956 161 372 
110 639 643 222 29 861 350 354 334 690 331 449 589 669 449 463 330 959 245 218 804 989 341 10 189 542 922 44 424 507 138 63 0 171 865 957 825 84 195 812 645 716 568 78 907 915 772 736 222 775 408 117 716 28 245 268 188 459 540 243 678 457 338 431 782 183 509 50 38 945 
66 670 91 839 182 248 249 892 117 5 919 1000 701 365 703 787 448 198 89 557 185 839 413 217 822 286 472 596 191 491 824 939 171 0 448 20 473 56 684 370 587 762 164 365 923 291 729 227 483 196 398 578 979 711 698 100 212 23 232 917 264 461 974 913 439 772 855 791 863 619 
143 318 121 185 893 53 647 654 381 968 554 949 623 503 48 38 594 931 391 989 765 955 949 588 6 179 661 393 666 95 609 603 865 448 0 190 258 635 273 168 380 432 42 424 849 620 5 314 675 251 531 501 719 464 9 999 444 519 781 294 618 43 359 175 450 29 674 226 844 939 
293 795 93 285 733 241 136 791 688 24 151 830 159 859 12 70 900 470 464 337 20 28 60 490 217 495 392 468 453 169 137 718 957 20 190 0 200 291 973 240 597 960 316 588 568 473 698 71 986 24 811 403 12 38 106 251 61 18 313 3 45 844 410 688 166 550 181 334 377 436 
819 183 582 483 1 461 969 818 583 759 394 69 463 872 374 164 722 720 168 25 685 463 707 192 631 698 663 303 824 934 885 190 825 473 258 200 0 887 536 535 929 518 740 367 454 71 955 989 473 982 741 269 75 61 904 512 100 379 989 851 328 307 226 781 972 613 865 744 13 255 
790 239 862 466 956 568 811 920 388 920 369 596 752 81 600 706 200 391 883 800 906 248 434 240 891 463 999 401 348 780 943 851 84 56 635 291 887 0 230 805 280 17 183 840 98 558 619 493 256 953 875 986 833 913 285 240 859 429 300 211 751 420 177 582 720 335 635 346 27 583 
549 407 788 672 71 131 155 338 66 781 11 502 132 572 334 680 551 521 275 884 607 413 857 258 491 636 480 619 503 598 298 931 195 684 273 973 536 230 0 965 102 248 28 589 585 781 813 342 904 721 528 93 55 280 482 160 938 977 260 580 792 747 766 323 114 782 202 862 668 201 
601 301 159 430 338 868 742 249 488 335 501 990 997 994 270 97 198 437 62 832 956 527 625 596 374 847 902 220 756 134 47 542 812 370 168 240 535 805 965 0 177 689 898 102 257 917 562 789 112 839 950 322 75 224 120 885 45 184 873 439 426 457 256 569 138 792 551 895 328 493 
174 18 538 884 433 544 612 604 948 647 352 943 983 814 867 830 738 843 333 831 841 7 159 51 12 187 594 279 216 877 592 488 645 587 380 597 929 280 102 177 0 289 463 923 500 773 721 146 516 594 517 132 508 154 117 827 980 63 404 665 719 359 233 343 536 426 273 758 950 167 
363 726 906 680 865 111 526 429 71 401 398 502 922 920 76 552 772 702 730 394 707 463 679 244 540 363 738 919 760 22 333 576 716 762 432 960 518 17 248 689 289 0 394 825 297 152 641 744 341 492 704 804 446 130 905 327 186 863 889 573 30 263 943 682 941 759 167 935 435 117 
780 299 840 398 329 191 678 134 319 693 52 937 488 84 104 23 485 367 581 974 16 286 523 628 945 123 986 85 141 797 32 695 568 164 42 316 740 183 28 898 463 394 0 244 787 653 897 478 844 313 950 990 391 832 904 348 204 74 427 107 448 7 243 924 306 358 565 157 340 685 
606 288 598 683 386 736 263 601 35 502 586 569 829 238 824 751 88 808 348 319 106 596 608 513 513 34 327 451 645 75 194 73 78 365 424 588 367 840 589 102 923 825 244 0 303 655 769 599 429 927 450 783 472 109 607 805 821 385 256 805 272 809 447 431 927 830 996 911 517 321 
447 318 333 98 822 781 950 434 38 696 107 136 74 409 57 717 981 353 142 733 99 809 780 550 407 661 787 419 129 543 317 642 907 923 849 568 454 98 585 257 500 297 787 303 0 961 199 528 701 680 518 888 260 875 260 527 419 882 976 257 999 802 941 955 92 11 968 898 507 806 
665 167 81 490 542 505 492 250 932 980 452 995 652 113 147 353 391 51 430 168 35 976 445 332 382 40 743 267 705 700 84 693 915 291 620 473 71 558 781 917 773 152 653 655 961 0 702 690 989 804 657 315 282 950 398 657 558 332 605 755 104 289 776 77 300 354 484 515 670 102 
798 102 813 485 791 271 273 619 95 882 337 889 827 14 738 610 256 56 26 198 333 747 772 153 987 670 999 764 488 549 713 34 772 729 5 698 955 619 813 562 721 641 897 769 199 702 0 163 108 916 660 358 481 15 675 114 68 945 17 854 650 985 124 112 277 501 688 424 461 780 
169 538 129 124 456 595 744 606 147 61 128 902 591 897 726 558 120 216 881 102 91 343 86 366 79 495 287 573 822 962 128 230 736 227 314 71 989 493 342 789 146 744 478 599 528 690 163 0 749 138 671 241 582 689 637 9 574 252 697 53 995 373 225 579 719 9 554 888 505 630 
258 762 77 490 651 149 198 288 630 464 356 880 970 834 602 81 179 358 719 524 584 42 48 848 431 550 324 98 508 300 775 813 222 483 675 986 473 256 904 112 516 341 844 429 701 989 108 749 0 869 18 123 458 324 895 369 38 840 275 18 857 804 52 104 34 898 952 602 571 746 
424 919 707 158 534 986 682 661 33 519 414 8 314 512 888 433 814 509 615 93 465 121 484 155 860 330 648 370 506 974 438 221 775 196 251 24 982 953 721 839 594 492 313 927 680 804 916 138 869 0 564 845 453 123 747 510 311 65 321 911 635 551 831 502 807 658 894 321 926 792 
807 553 939 900 661 760 423 477 702 177 966 554 764 580 554 919 540 133 395 84 931 833 77 415 503 689 96 549 771 570 397 164 408 398 531 811 741 875 528 950 517 704 950 450 518 657 660 671 18 564 0 571 325 538 861 655 372 348 472 528 266 308 578 395 669 773 30 312 903 311 
817 842 128 644 378 363 833 332 467 505 358 915 199 450 169 342 205 716 648 797 299 736 281 444 610 407 856 306 471 243 244 679 117 578 501 403 269 986 93 322 132 804 990 783 888 315 358 241 123 845 571 0 480 330 412 909 912 360 756 234 89 503 679 815 13 465 213 569 105 895 
190 155 167 865 956 424 170 429 333 31 796 568 23 891 423 287 948 547 940 278 80 121 727 364 848 340 1 277 101 15 38 531 716 979 719 12 75 833 55 75 508 446 391 472 260 282 481 582 458 453 325 480 0 764 873 222 617 840 841 86 972 683 569 529 123 907 281 969 961 380 
844 507 931 966 724 765 199 446 165 545 8 89 400 723 362 339 860 400 311 10 413 311 857 993 695 867 411 153 83 129 903 881 28 711 464 38 61 913 280 224 154 130 832 109 875 950 15 689 324 123 538 330 764 0 210 194 247 596 497 660 406 558 526 259 633 318 130 569 364 629 
458 564 942 861 574 164 397 826 505 789 136 824 314 552 659 236 135 110 728 966 805 496 843 638 221 703 171 490 709 346 920 823 245 698 9 106 904 285 482 120 117 905 904 607 260 398 675 637 895 747 861 412 873 210 0 114 516 963 37 328 314 628 734 311 678 540 219 121 504 676 
869 12 688 305 571 585 781 907 215 690 123 800 165 390 580 538 860 611 4 527 798 728 364 154 119 390 793 70 473 143 920 692 268 100 999 251 512 240 160 885 827 327 348 805 527 657 114 9 369 510 655 909 222 194 114 0 4 628 466 929 313 867 29 209 50 167 972 353 614 483 
678 311 258 176 836 704 769 688 933 217 945 123 654 184 915 640 49 581 807 871 294 544 395 761 316 671 782 851 109 32 234 523 188 212 444 61 100 859 938 45 980 186 204 821 419 558 68 574 38 311 372 912 617 247 516 4 0 469 397 170 174 941 273 272 267 955 15 522 211 679 
230 531 561 402 357 134 1 962 243 792 643 966 164 655 923 834 587 277 759 185 121 235 981 731 980 242 464 459 471 518 146 487 459 23 519 18 379 429 977 184 63 863 74 385 882 332 945 252 840 65 348 360 840 596 963 628 469 0 40 62 131 339 46 309 77 190 531 772 243 264 
725 264 768 788 161 480 952 36 381 184 932 644 936 370 154 334 123 368 162 573 658 977 376 82 431 549 897 556 780 509 563 995 540 232 781 313 989 300 260 873 404 889 427 256 976 605 17 697 275 321 472 756 841 497 37 466 397 40 0 662 421 527 481 203 253 119 997 978 355 83 
801 327 118 417 525 667 228 951 720 202 48 302 495 989 46 188 286 528 513 841 730 136 758 293 306 6 458 428 714 959 87 44 243 917 294 3 851 211 580 439 665 573 107 805 257 755 854 53 18 911 528 234 86 660 328 929 170 62 662 0 775 495 106 11 590 747 863 766 80 81 
587 927 734 500 631 191 970 863 764 715 605 393 908 214 845 975 466 41 30 391 169 16 96 658 430 51 764 351 156 421 931 181 678 264 618 45 328 751 792 426 719 30 448 272 999 104 650 995 857 635 266 89 972 406 314 313 174 131 421 775 0 399 548 118 141 457 838 189 102 589 
334 4 979 478 298 574 714 309 927 145 901 330 657 395 728 158 195 321 826 935 6 25 863 777 415 759 948 999 154 650 706 316 457 461 43 844 307 420 747 457 359 263 7 809 802 289 985 373 804 551 308 503 683 558 628 867 941 339 527 495 399 0 165 115 780 974 368 974 674 372 
881 465 203 135 555 891 412 726 651 167 175 589 538 623 400 52 347 997 617 185 540 96 718 460 640 248 37 664 506 811 387 457 338 974 359 410 226 177 766 256 233 943 243 447 941 776 124 225 52 831 578 679 569 526 734 29 273 46 481 106 548 165 0 282 304 211 578 457 475 465 
28 228 798 532 219 413 953 517 316 555 741 544 813 648 98 826 200 879 905 668 362 900 171 833 106 679 159 853 154 810 688 503 431 913 175 688 781 582 323 569 343 682 924 431 955 77 112 579 104 502 395 815 529 259 311 209 272 309 203 11 118 115 282 0 45 558 603 479 47 566 
996 951 201 740 327 13 590 741 599 46 571 771 790 399 212 225 697 809 69 195 712 728 822 860 32 350 253 800 930 470 789 815 782 439 450 166 972 720 114 138 536 941 306 927 92 300 277 719 34 807 669 13 123 633 678 50 267 77 253 590 141 780 304 45 0 430 40 251 387 619 
994 549 76 537 405 913 873 79 907 353 287 149 369 215 643 424 629 571 334 850 109 390 539 121 755 132 786 590 678 77 285 556 183 772 29 550 613 335 782 792 426 759 358 830 11 354 501 9 898 658 773 465 907 318 540 167 955 190 119 747 457 974 211 558 430 0 313 926 843 525 
354 994 690 820 631 306 538 560 770 528 416 346 766 59 118 52 454 353 606 198 955 598 287 674 212 648 477 848 451 45 810 489 509 855 674 181 865 635 202 551 273 167 565 996 968 484 688 554 952 894 30 213 281 130 219 972 15 531 997 863 838 368 578 603 40 313 0 679 885 884 
107 390 233 294 854 622 597 60 356 658 624 554 90 649 364 739 359 554 234 288 100 928 151 474 40 314 680 62 384 54 222 956 50 791 226 334 744 346 862 895 758 935 157 911 898 515 424 888 602 321 312 569 969 569 121 353 522 772 978 766 189 974 457 479 251 926 679 0 41 910 
373 391 558 67 684 393 769 788 608 297 453 727 834 915 735 637 814 8 854 26 606 406 374 931 667 741 970 441 50 796 395 161 38 863 844 377 13 27 668 328 950 435 340 517 507 670 461 505 571 926 903 105 961 364 504 614 211 243 355 80 102 674 475 47 387 843 885 41 0 929 
694 701 200 789 295 399 342 454 922 412 288 470 210 850 222 894 869 246 119 119 134 251 499 676 487 199 722 347 297 150 30 372 945 619 939 436 255 583 201 493 167 117 685 321 806 102 780 630 746 792 311 895 380 629 676 483 679 264 83 81 589 372 465 566 619 525 884 910 929 0 
0 305 990 720 330 158 757 279 305 703 806 717 678 14 190 239 295 436 760 253 913 53 672 394 210 867 891 934 694 65 586 720 379 742 438 807 614 309 685 656 936 620 180 522 12 177 740 617 50 478 549 323 117 93 392 755 165 689 447 912 29 752 422 497 348 430 34 442 453 240 
305 0 546 263 7 369 944 964 913 871 4 813 438 683 647 877 540 272 187 184 383 978 5 667 183 791 374 843 618 987 571 917 39 575 33 335 712 272 784 395 343 185 906 201 406 881 946 231 832 375 257 227 979 425 702 39 981 512 575 3 775 763 321 174 180 914 603 606 862 680 
990 546 0 731 327 1000 589 660 600 565 553 50 44 80 947 624 462 649 996 424 415 158 848 784 582 551 652 301 541 690 781 432 575 585 984 543 141 16 72 11 726 608 576 646 260 363 523 577 414 512 119 502 958 99 426 755 667 311 834 236 255 483 183 930 973 824 235 717 538 722 
720 263 731 0 685 569 310 650 49 284 299 814 182 250 694 122 664 523 313 667 315 847 709 274 675 627 266 652 898 646 396 987 264 831 743 955 852 796 162 777 231 112 921 146 720 223 520 288 561 348 624 678 47 926 508 850 845 81 159 840 315 566 114 717 904 745 405 310 73 842 
330 7 327 685 0 994 194 565 13 720 613 897 407 808 281 96 722 715 676 224 596 648 62 544 455 203 400 159 573 717 783 160 933 801 645 117 722 349 906 876 649 153 686 610 453 481 549 850 733 531 857 40 300 744 255 730 454 460 300 385 381 71 523 220 874 804 717 358 495 524 
158 369 1000 569 994 0 639 459 808 390 779 949 634 448 301 787 887 134 445 717 312 424 973 88 543 459 477 899 300 485 769 252 770 916 156 147 880 263 626 104 378 233 789 415 916 781 87 399 429 370 673 204 746 87 882 571 487 509 847 239 32 399 318 178 30 297 249 464 724 904 
757 944 589 310 194 639 0 20 885 348 918 679 9 66 500 605 981 822 723 93 559 327 538 202 375 389 812 333 157 692 875 783 877 524 695 76 276 411 556 192 161 349 432 185 454 655 125 722 889 207 788 430 943 874 775 973 367 269 82 360 260 22 874 481 54 801 607 681 933 740 
279 964 660 650 565 459 20 0 838 906 114 440 394 835 662 814 835 481 219 28 756 721 558 999 934 844 124 302 17 745 948 214 228 52 528 993 964 511 728 914 531 281 590 682 479 192 699 454 128 391 600 662 113 399 586 908 280 274 996 305 811 587 380 395 193 41 137 253 671 642 
305 913 600 49 13 808 885 838 0 437 938 1 292 621 203 137 903 554 836 281 520 253 703 592 929 609 83 855 850 595 988 711 392 568 346 854 886 750 456 418 657 704 392 31 852 675 206 115 320 439 675 105 387 575 397 314 417 757 134 373 384 574 217 984 244 357 184 215 451 742 
703 871 565 284 720 390 348 906 437 0 344 949 375 132 80 763 770 640 323 362 223 236 96 226 54 934 962 281 3 417 223 411 139 168 629 221 61 49 475 744 546 706 462 344 551 614 401 40 821 340 453 245 63 886 893 293 111 979 515 367 998 27 832 256 627 997 115 564 80 797 
806 4 553 299 613 779 918 114 938 344 0 694 240 673 417 650 986 430 545 606 481 889 236 949 623 679 421 472 207 878 8 446 3 992 976 106 437 428 219 381 628 534 561 427 474 350 570 307 338 358 239 189 206 968 700 670 343 383 357 886 112 752 934 114 211 206 228 534 982 58 
717 813 50 814 897 949 679 440 1 949 694 0 782 812 269 980 313 152 737 181 497 753 143 787 314 36 70 254 222 832 79 991 884 421 930 697 119 57 772 970 297 104 190 484 223 445 601 625 648 138 391 772 429 997 347 429 859 623 800 421 592 598 987 88 399 71 660 507 509 307 
678 438 44 182 407 634 9 394 292 375 240 782 0 155 334 627 74 336 128 486 676 850 595 607 96 888 60 855 361 111 559 37 151 258 559 272 280 666 50 347 308 490 870 292 966 222 65 858 861 559 637 326 179 727 524 946 812 665 4 277 808 375 912 391 88 885 118 345 848 972 
14 683 80 250 808 448 66 835 621 132 673 812 155 0 921 197 328 206 790 35 992 633 297 110 903 86 551 799 281 522 542 444 887 157 795 273 682 85 754 239 581 725 126 926 659 1000 677 971 266 535 723 52 330 890 964 476 548 34 473 481 411 176 673 486 586 130 101 111 524 935 
190 647 947 694 281 301 500 662 203 80 417 269 334 921 0 781 506 377 248 756 313 678 98 808 298 996 608 498 683 564 553 339 438 41 94 411 214 390 48 128 360 393 561 18 980 176 860 592 159 480 631 765 955 479 911 597 282 41 143 609 816 508 969 381 40 410 795 861 657 894 
239 877 624 122 96 787 605 814 137 763 650 980 627 197 781 0 127 47 250 287 85 835 257 951 623 34 175 149 10 180 783 764 289 951 342 374 363 813 725 884 350 139 208 847 733 382 899 213 186 80 809 655 244 17 319 700 609 804 932 954 4 697 696 827 104 472 248 835 243 43 
295 540 462 664 722 887 981 835 903 770 986 313 74 328 506 127 0 357 292 239 947 395 36 568 888 495 812 206 348 892 11 945 752 293 950 528 75 214 689 67 172 923 37 332 5 232 498 449 835 304 329 160 176 81 851 301 982 187 662 450 121 314 373 980 482 806 501 311 907 686 
436 272 649 523 715 134 822 481 554 640 430 152 336 206 377 47 357 0 633 103 482 937 173 225 303 766 637 514 74 92 391 84 206 295 336 6 194 607 669 282 646 379 667 623 114 840 676 712 373 232 817 331 473 506 654 472 181 969 218 450 288 316 527 921 312 554 576 542 235 410 
760 187 996 313 676 445 723 219 836 323 545 737 128 790 248 250 292 633 0 303 74 379 786 699 221 634 556 131 967 724 895 348 618 963 41 333 419 526 332 997 381 69 142 258 238 848 694 250 440 744 338 243 460 793 271 668 554 198 496 291 745 923 779 220 425 240 538 872 344 659 
253 184 424 667 224 717 93 28 281 362 606 181 486 35 756 287 239 103 303 0 566 644 903 856 439 427 600 397 295 183 324 87 4 726 224 1 443 61 534 938 778 250 105 477 150 891 278 299 650 837 568 50 745 867 737 403 102 171 390 824 670 797 178 634 12 409 47 56 147 191 
913 383 415 315 596 312 559 756 520 223 481 497 676 992 313 85 947 482 74 566 0 872 937 198 212 83 470 348 768 432 942 808 220 91 851 404 485 341 872 749 944 883 941 959 586 342 23 105 372 395 137 203 159 90 767 128 197 526 74 377 731 222 905 668 396 54 238 866 597 341 
53 978 158 847 648 424 327 721 253 236 889 753 850 633 678 835 395 937 379 644 872 0 659 703 294 898 130 897 363 232 118 897 80 549 152 977 413 144 66 227 211 546 395 75 382 382 328 586 386 695 802 457 955 418 776 365 1000 101 107 455 927 890 550 552 599 709 949 935 39 718 
672 5 848 709 62 973 538 558 703 96 236 143 595 297 98 257 36 173 786 903 937 659 0 126 944 307 528 181 231 920 143 467 970 142 145 122 139 715 713 50 173 110 127 167 911 941 769 792 272 959 651 146 756 887 261 686 603 187 651 405 528 503 697 106 235 868 878 562 571 523 
394 667 784 274 544 88 202 999 592 226 949 787 607 110 808 951 568 225 699 856 198 703 126 0 54 389 900 201 8 371 170 205 903 986 805 908 666 498 955 345 418 967 397 642 29 536 982 864 44 849 562 294 544 819 180 349 385 633 647 827 349 387 679 554 186 221 100 493 732 562 
210 183 582 675 455 543 375 934 929 54 623 314 96 903 298 623 888 303 221 439 212 294 944 54 0 133 98 178 791 424 612 38 715 83 494 82 994 84 148 426 189 130 871 630 63 599 977 573 580 22 840 744 186 7 73 898 549 953 918 420 710 886 301 163 38 882 233 403 814 805 
867 791 551 627 203 459 389 844 609 934 679 36 888 86 996 34 495 766 634 427 83 898 307 389 133 0 747 853 981 761 638 581 30 837 375 858 774 888 7 83 637 358 441 58 688 763 325 695 574 630 15 348 797 897 564 367 888 884 805 355 592 900 482 22 585 988 104 230 990 928 
891 374 652 266 400 477 812 124 83 962 421 70 60 551 608 175 812 637 556 600 470 130 528 900 98 747 0 434 132 640 432 987 958 813 458 161 364 739 699 284 814 493 140 912 651 57 820 876 397 8 117 498 772 510 538 225 311 752 838 224 468 65 954 703 784 658 18 960 922 231 
934 843 301 652 159 899 333 302 855 281 472 254 855 799 498 149 206 514 131 397 348 897 181 201 178 853 434 0 138 607 185 895 893 735 676 372 510 219 329 639 889 173 470 317 284 868 799 594 117 150 150 189 995 173 156 514 177 123 62 443 825 194 876 583 823 944 894 599 972 835 
694 618 541 898 573 300 157 17 850 3 207 222 361 281 683 10 348 74 967 295 768 363 231 8 791 981 132 138 0 87 260 51 520 489 516 888 728 147 111 372 544 246 592 596 204 610 428 652 198 440 451 312 220 963 822 877 454 195 281 686 613 118 22 651 783 12 948 108 843 638 
65 987 690 646 717 485 692 745 595 417 878 832 111 522 564 180 892 92 724 183 432 232 920 371 424 761 640 607 87 0 168 708 971 145 909 900 113 680 916 280 404 412 558 903 315 153 600 752 124 789 397 874 7 684 25 486 738 452 847 36 469 853 360 395 91 688 793 411 757 407 
586 571 781 396 783 769 875 948 988 223 8 79 559 542 553 783 11 391 895 324 942 118 143 170 612 638 432 185 260 168 0 537 893 350 341 746 836 841 49 83 554 327 541 7 302 958 499 96 113 852 218 946 77 813 862 384 644 207 103 878 644 275 790 222 321 994 253 461 373 618 
720 917 432 987 160 252 783 214 711 411 446 991 37 444 339 764 945 84 348 87 808 897 467 205 38 581 987 895 51 708 537 0 948 58 548 955 446 634 783 577 447 309 531 911 80 263 922 154 355 985 501 335 245 911 270 341 774 316 652 288 256 375 946 723 685 285 532 508 98 363 
379 39 575 264 933 770 877 228 392 139 3 884 151 887 438 289 752 206 618 4 220 80 970 903 715 30 958 893 520 971 893 948 0 37 31 981 124 991 433 608 956 877 595 742 82 353 506 323 224 582 55 409 962 420 348 539 409 781 303 489 570 472 96 280 840 38 708 820 823 463 
742 575 585 831 801 916 524 52 568 168 992 421 258 157 41 951 293 295 963 726 91 549 142 986 83 837 813 735 489 145 350 58 37 0 524 363 64 945 135 484 736 350 403 25 711 1 647 771 380 946 998 546 40 625 335 36 13 729 596 442 945 424 548 4 379 999 981 576 161 13 
438 33 984 743 645 156 695 528 346 629 976 930 559 795 94 342 950 336 41 224 851 152 145 805 494 375 458 676 516 909 341 548 31 524 0 234 927 674 333 805 785 827 769 408 298 249 484 823 710 987 875 338 592 459 414 772 38 920 798 202 401 719 14 636 179 881 983 467 443 655 
807 335 543 955 117 147 76 993 854 221 106 697 272 273 411 374 528 6 333 1 404 977 122 908 82 858 161 372 888 900 746 955 981 363 234 0 722 570 291 318 483 313 519 444 128 24 15 608 147 147 307 181 241 194 786 953 846 4 570 542 247 987 291 779 528 728 757 311 639 357 
614 712 141 852 722 880 276 964 886 61 437 119 280 682 214 363 75 194 419 443 485 413 139 666 994 774 364 510 728 113 836 446 124 64 927 722 0 990 262 101 995 305 484 52 585 595 223 955 826 650 451 428 844 836 883 94 328 694 165 752 620 34 340 894 950 393 469 65 228 360 
309 272 16 796 349 263 411 511 750 49 428 57 666 85 390 813 214 607 526 61 341 144 715 498 84 888 739 219 147 680 841 634 991 945 674 570 990 0 740 728 696 962 242 700 650 619 326 546 649 636 848 623 259 969 118 495 747 504 11 306 545 403 888 872 691 751 158 163 993 508 
685 784 72 162 906 626 556 728 456 475 219 772 50 754 48 725 689 669 332 534 872 66 713 955 148 7 699 329 111 916 49 783 433 135 333 291 262 740 0 832 777 733 668 753 185 164 356 40 87 608 998 620 566 77 965 55 919 957 93 451 23 471 248 200 919 267 502 718 290 444 
656 395 11 777 876 104 192 914 418 744 381 970 347 239 128 884 67 282 997 938 749 227 50 345 426 83 284 639 372 280 83 577 608 484 805 318 101 728 832 0 179 863 684 877 717 763 450 708 17 882 259 157 335 34 251 551 861 603 203 671 176 707 185 112 659 748 756 588 365 933 
936 343 726 231 649 378 161 531 657 546 628 297 308 581 360 350 172 646 381 778 944 211 173 418 189 637 814 889 544 404 554 447 956 736 785 483 995 696 777 179 0 34 47 213 605 603 487 535 624 416 151 320 779 157 452 99 581 249 921 648 635 967 559 927 822 433 323 746 101 868 
620 185 608 112 153 233 349 281 704 706 534 104 490 725 393 139 923 379 69 250 883 546 110 967 130 358 493 173 246 412 327 309 877 350 827 313 305 962 733 863 34 0 562 576 963 801 86 138 313 782 670 526 958 412 139 346 857 800 90 552 199 390 336 61 967 931 661 525 87 319 
180 906 576 921 686 789 432 590 392 462 561 190 870 126 561 208 37 667 142 105 941 395 127 397 871 441 140 470 592 558 541 531 595 403 769 519 484 242 668 684 47 562 0 962 21 136 526 668 226 326 244 948 957 883 560 551 329 765 290 996 650 696 743 932 885 10 315 790 528 973 
522 201 646 146 610 415 185 682 31 344 427 484 292 926 18 847 332 623 258 477 959 75 167 642 630 58 912 317 596 903 7 911 742 25 408 444 52 700 753 877 213 576 962 0 224 31 267 896 612 547 996 96 981 310 365 802 366 941 169 959 121 878 407 714 649 69 663 830 278 120 
12 406 260 720 453 916 454 479 852 551 474 223 966 659 980 733 5 114 238 150 586 382 911 29 63 688 651 284 204 315 302 80 82 711 298 128 585 650 185 717 605 963 21 224 0 3 319 517 514 301 334 882 150 988 642 877 635 348 728 659 147 892 366 457 149 787 320 56 207 457 
177 881 363 223 481 781 655 192 675 614 350 445 222 1000 176 382 232 840 848 891 342 382 941 536 599 763 57 868 610 153 958 263 353 1 249 24 595 619 164 763 603 801 136 31 3 0 702 352 751 891 120 789 364 195 676 644 969 214 700 545 203 536 26 50 21 588 602 521 313 740 
740 946 523 520 549 87 125 699 206 401 570 601 65 677 860 899 498 676 694 278 23 328 769 982 977 325 820 799 428 600 499 922 506 647 484 15 223 326 356 450 487 86 526 267 319 702 0 297 67 39 926 593 3 233 272 205 288 306 895 568 458 350 408 360 510 16 437 253 959 368 
617 231 577 288 850 399 722 454 115 40 307 625 858 971 592 213 449 712 250 299 105 586 792 864 573 695 876 594 652 752 96 154 323 771 823 608 955 546 40 708 535 138 668 896 517 352 297 0 748 291 175 619 454 990 74 795 244 626 43 475 406 682 91 378 278 740 129 675 559 288 
50 832 414 561 733 429 889 128 320 821 338 648 861 266 159 186 835 373 440 650 372 386 272 44 580 574 397 117 198 124 113 355 224 380 710 147 826 649 87 17 624 313 226 612 514 751 67 748 0 193 564 658 920 525 25 737 567 517 521 30 673 655 325 50 628 878 837 125 140 474 
478 375 512 348 531 370 207 391 439 340 358 138 559 535 480 80 304 232 744 837 395 695 959 849 22 630 8 150 440 789 852 985 582 946 987 147 650 636 608 882 416 782 326 547 301 891 39 291 193 0 141 858 435 322 5 125 887 244 411 420 950 185 959 300 816 788 554 763 955 597 
549 257 119 624 857 673 788 600 675 453 239 391 637 723 631 809 329 817 338 568 137 802 651 562 840 15 117 150 451 397 218 501 55 998 875 307 451 848 998 259 151 670 244 996 334 120 926 175 564 141 0 504 908 363 86 221 663 700 33 429 394 116 482 608 90 620 776 373 760 863 
323 227 502 678 40 204 430 662 105 245 189 772 326 52 765 655 160 331 243 50 203 457 146 294 744 348 498 189 312 874 946 335 409 546 338 181 428 623 620 157 320 526 948 96 882 789 593 619 658 858 504 0 77 157 665 45 831 227 117 15 962 340 928 451 543 543 793 232 962 17 
117 979 958 47 300 746 943 113 387 63 206 429 179 330 955 244 176 473 460 745 159 955 756 544 186 797 772 995 220 7 77 245 962 40 592 241 844 259 566 335 779 958 957 981 150 364 3 454 920 435 908 77 0 401 681 969 234 664 629 418 659 688 99 603 359 300 253 719 981 990 
93 425 99 926 744 87 874 399 575 886 968 997 727 890 479 17 81 506 793 867 90 418 887 819 7 897 510 173 963 684 813 911 420 625 459 194 836 969 77 34 157 412 883 310 988 195 233 990 525 322 363 157 401 0 206 82 485 783 89 608 427 102 879 498 673 663 157 33 844 45 
392 702 426 508 255 882 775 586 397 893 700 347 524 964 911 319 851 654 271 737 767 776 261 180 73 564 538 156 822 25 862 270 348 335 414 786 883 118 965 251 452 139 560 365 642 676 272 74 25 5 86 665 681 206 0 298 88 156 426 478 378 682 885 471 709 144 543 207 547 946 
755 39 755 850 730 571 973 908 314 293 670 429 946 476 597 700 301 472 668 403 128 365 686 349 898 367 225 514 877 486 384 341 539 36 772 953 94 495 55 551 99 346 551 802 877 644 205 795 737 125 221 45 969 82 298 0 964 414 885 887 637 597 526 203 318 544 570 795 647 767 
165 981 667 845 454 487 367 280 417 111 343 859 812 548 282 609 982 181 554 102 197 1000 603 385 549 888 311 177 454 738 644 774 409 13 38 846 328 747 919 861 581 857 329 366 635 969 288 244 567 887 663 831 234 485 88 964 0 831 245 427 931 703 983 174 809 72 139 938 75 136 
689 512 311 81 460 509 269 274 757 979 383 623 665 34 41 804 187 969 198 171 526 101 187 633 953 884 752 123 195 452 207 316 781 729 920 4 694 504 957 603 249 800 765 941 348 214 306 626 517 244 700 227 664 783 156 414 831 0 828 834 842 592 383 560 536 368 531 864 793 745 
447 575 834 159 300 847 82 996 134 515 357 800 4 473 143 932 662 218 496 390 74 107 651 647 918 805 838 62 281 847 103 652 303 596 798 570 165 11 93 203 921 90 290 169 728 700 895 43 521 411 33 117 629 89 426 885 245 828 0 233 701 614 127 199 663 699 724 86 785 681 
912 3 236 840 385 239 360 305 373 367 886 421 277 481 609 954 450 450 291 824 377 455 405 827 420 355 224 443 686 36 878 288 489 442 202 542 752 306 451 671 648 552 996 959 659 545 568 475 30 420 429 15 418 608 478 887 427 834 233 0 889 512 837 591 793 143 869 779 829 663 
29 775 255 315 381 32 260 811 384 998 112 592 808 411 816 4 121 288 745 670 731 927 528 349 710 592 468 825 613 469 644 256 570 945 401 247 620 545 23 176 635 199 650 121 147 203 458 406 673 950 394 962 659 427 378 637 931 842 701 889 0 21 454 753 785 960 614 737 880 782 
752 763 483 566 71 399 22 587 574 27 752 598 375 176 508 697 314 316 923 797 222 890 503 387 886 900 65 194 118 853 275 375 472 424 719 987 34 403 471 707 967 390 696 878 892 536 350 682 655 185 116 340 688 102 682 597 703 592 614 512 21 0 767 866 708 745 365 228 184 564 
422 321 183 114 523 318 874 380 217 832 934 987 912 673 969 696 373 527 779 178 905 550 697 679 301 482 954 876 22 360 790 946 96 548 14 291 340 888 248 185 559 336 743 407 366 26 408 91 325 959 482 928 99 879 885 526 983 383 127 837 454 767 0 227 815 886 807 124 186 773 
497 174 930 717 220 178 481 395 984 256 114 88 391 486 381 827 980 921 220 634 668 552 106 554 163 22 703 583 651 395 222 723 280 4 636 779 894 872 200 112 927 61 932 714 457 50 360 378 50 300 608 451 603 498 471 203 174 560 199 591 753 866 227 0 697 724 434 520 423 879 
348 180 973 904 874 30 54 193 244 627 211 399 88 586 40 104 482 312 425 12 396 599 235 186 38 585 784 823 783 91 321 685 840 379 179 528 950 691 919 659 822 967 885 649 149 21 510 278 628 816 90 543 359 673 709 318 809 536 663 793 785 708 815 697 0 290 1000 882 47 289 
430 914 824 745 804 297 801 41 357 997 206 71 885 130 410 472 806 554 240 409 54 709 868 221 882 988 658 944 12 688 994 285 38 999 881 728 393 751 267 748 433 931 10 69 787 588 16 740 878 788 620 543 300 663 144 544 72 368 699 143 960 745 886 724 290 0 195 97 427 415 
34 603 235 405 717 249 607 137 184 115 228 660 118 101 795 248 501 576 538 47 238 949 878 100 233 104 18 894 948 793 253 532 708 981 983 757 469 158 502 756 323 661 315 663 320 602 437 129 837 554 776 793 253 157 543 570 139 531 724 869 614 365 807 434 1000 195 0 786 101 758 
442 606 717 310 358 464 681 253 215 564 534 507 345 111 861 835 311 542 872 56 866 935 562 493 403 230 960 599 108 411 461 508 820 576 467 311 65 163 718 588 746 525 790 830 56 521 253 675 125 763 373 232 719 33 207 795 938 864 86 779 737 228 124 520 882 97 786 0 732 857 
453 862 538 73 495 724 933 671 451 80 982 509 848 524 657 243 907 235 344 147 597 39 571 732 814 990 922 972 843 757 373 98 823 161 443 639 228 993 290 365 101 87 528 278 207 313 959 559 140 955 760 962 981 844 547 647 75 793 785 829 880 184 186 423 47 427 101 732 0 685 
240 680 722 842 524 904 740 642 742 797 58 307 972 935 894 43 686 410 659 191 341 718 523 562 805 928 231 835 638 407 618 363 463 13 655 357 360 508 444 933 868 319 973 120 457 740 368 288 474 597 863 17 990 45 946 767 136 745 681 663 782 564 773 879 289 415 758 857 685 0 
0 660 184 221 250 552 499 132 917 576 817 9 755 766 309 933 770 337 174 58 929 972 414 4 925 401 127 518 485 592 678 956 894 766 328 490 528 380 141 754 521 931 143 581 598 878 872 94 413 442 884 944 288 223 528 561 656 70 185 186 49 471 292 265 360 98 564 169 752 507 
660 0 696 72 847 139 294 629 780 812 10 558 889 400 729 648 543 458 876 510 16 967 576 640 156 623 550 955 898 969 959 1 101 421 60 808 338 426 778 181 359 440 699 528 718 194 377 737 689 969 73 282 452 996 88 272 567 44 726 82 327 638 278 556 856 294 72 517 864 932 
184 696 0 972 516 194 128 799 163 800 34 106 12 586 635 951 443 622 757 833 792 143 630 253 577 389 431 612 446 796 17 247 325 468 895 544 622 230 913 977 128 402 262 34 319 333 636 419 852 903 177 553 769 495 84 404 166 781 507 69 407 501 124 827 726 207 779 837 382 163 
221 72 972 0 739 223 591 315 971 973 621 667 707 876 692 615 232 346 908 615 320 753 705 205 674 227 425 784 945 633 705 168 979 316 315 322 643 702 715 802 268 261 86 536 923 951 589 651 858 197 779 10 545 892 979 906 107 188 598 351 680 25 147 622 132 351 774 440 403 406 
250 847 516 739 0 550 39 564 442 32 768 544 567 241 923 457 722 712 582 53 224 870 226 588 164 863 289 123 650 705 372 328 846 56 613 168 458 773 494 731 262 855 587 144 949 27 4 698 529 776 582 771 526 618 740 537 255 590 875 380 515 609 360 733 242 93 141 657 757 44 
552 139 194 223 550 0 132 531 494 699 975 813 754 678 962 31 587 494 620 10 166 913 445 825 622 105 991 200 590 462 64 226 804 69 662 596 968 527 482 300 35 251 484 151 499 889 353 237 540 349 434 511 932 316 639 580 975 608 507 94 538 728 933 439 681 196 497 154 413 33 
499 294 128 591 39 132 0 279 986 130 609 10 668 13 33 811 452 683 527 543 219 750 164 318 653 665 760 169 765 624 677 732 872 949 599 956 774 942 429 816 339 931 144 601 846 842 274 573 495 950 496 37 173 483 316 461 951 632 997 974 875 838 86 744 533 403 551 58 744 946 
132 629 799 315 564 531 279 0 528 986 504 469 313 174 359 541 238 571 806 86 353 631 123 808 838 605 258 988 308 121 625 105 670 631 257 421 809 625 876 929 646 951 932 900 940 575 275 70 364 343 157 477 714 617 126 597 22 913 427 566 777 909 720 364 603 424 378 591 543 387 
917 780 163 971 442 494 986 528 0 89 240 296 40 59 816 887 881 801 549 213 48 93 646 82 771 216 850 913 262 643 460 958 948 846 188 760 371 236 2 567 964 214 872 5 551 407 902 452 264 463 417 75 64 727 833 488 298 708 372 364 435 464 476 991 424 545 517 215 635 133 
576 812 800 973 32 699 130 986 89 0 863 450 647 766 220 121 454 107 131 907 980 148 45 26 162 970 796 179 922 102 192 972 542 627 981 406 286 668 607 933 229 773 531 169 305 369 352 530 359 476 791 647 480 37 709 263 684 165 640 494 651 860 908 633 94 334 295 500 206 78 
817 10 34 621 768 975 609 504 240 863 0 395 596 340 449 535 915 944 834 597 207 576 41 127 852 273 83 874 396 426 422 552 233 570 818 512 509 471 497 66 524 333 392 776 126 313 262 15 935 188 905 912 215 755 299 133 709 37 535 397 66 55 260 372 127 464 340 778 765 722 
9 558 106 667 544 813 10 469 296 450 395 0 374 207 307 244 419 677 256 987 889 319 675 242 761 517 658 796 405 275 10 443 323 864 789 42 357 498 278 331 502 282 73 178 195 483 347 796 507 78 186 906 782 900 194 619 348 744 493 323 370 426 612 346 504 267 139 560 955 315 
755 889 12 707 567 754 668 313 40 647 596 374 0 448 166 470 780 842 962 297 199 214 348 255 235 638 194 163 988 464 454 238 150 206 527 173 717 498 298 639 112 844 495 122 280 62 34 514 160 329 580 20 577 714 558 428 360 674 569 567 461 961 370 905 348 894 581 660 615 896 
766 400 586 876 241 678 13 174 59 766 340 207 448 0 645 538 411 321 894 50 823 353 734 703 294 582 122 952 814 579 98 933 552 519 738 440 784 302 947 622 459 444 857 697 487 259 205 572 931 20 658 17 314 324 713 467 597 153 931 524 480 934 758 384 905 536 602 149 194 264 
309 729 635 692 923 962 33 359 816 220 449 307 166 645 0 134 31 451 697 759 429 655 420 368 97 871 609 750 127 104 646 2 383 656 550 760 492 440 859 572 883 448 707 972 124 857 708 470 150 875 636 731 543 594 890 338 844 20 482 608 344 531 681 544 672 403 253 306 836 61 
933 648 951 615 457 31 811 541 887 121 535 244 470 538 134 0 558 189 570 485 895 325 207 662 424 217 433 454 88 575 51 50 303 873 915 771 272 107 46 321 951 320 187 46 773 821 532 242 302 302 529 4 950 463 38 123 548 896 485 915 572 969 229 403 610 311 664 851 586 279 
770 543 443 232 722 587 452 238 881 454 915 419 780 411 31 558 0 84 881 233 676 569 207 147 98 707 867 813 420 277 451 156 22 972 820 469 883 785 721 999 170 683 334 603 704 935 60 157 59 231 238 201 628 764 382 152 86 651 100 954 581 958 807 112 88 607 375 829 500 625 
337 458 622 346 712 494 683 571 801 107 944 677 842 321 451 189 84 0 863 439 476 322 957 277 524 423 604 500 284 354 498 692 674 802 476 392 887 956 290 110 660 249 606 279 472 37 856 611 200 247 769 764 292 700 786 967 608 411 660 391 633 829 566 850 263 12 915 848 916 740 
174 876 757 908 582 620 527 806 549 131 834 256 962 894 697 570 881 863 0 808 423 217 298 681 685 756 144 969 150 221 192 196 281 118 149 7 846 838 894 669 992 280 584 929 28 587 735 645 10 787 364 947 481 348 90 359 84 103 683 473 56 282 756 366 421 251 886 489 107 822 
58 510 833 615 53 10 543 86 213 907 597 987 297 50 759 485 233 439 808 0 372 928 441 733 715 315 64 101 839 941 695 433 521 364 636 664 455 931 850 549 760 684 98 301 933 732 343 894 562 860 925 31 725 959 828 224 78 973 169 182 119 490 279 688 54 622 71 562 322 411 
929 16 792 320 224 166 219 353 48 980 207 889 199 823 429 895 676 476 423 372 0 897 739 629 304 519 722 991 329 378 610 544 312 906 751 835 333 136 852 341 502 175 622 755 57 585 408 926 75 623 50 618 839 509 891 702 878 654 519 609 128 226 925 389 897 185 474 713 833 543 
972 967 143 753 870 913 750 631 93 148 576 319 214 353 655 325 569 322 217 928 897 0 454 324 366 95 226 964 417 406 33 107 441 211 44 687 127 395 65 572 652 737 297 1000 37 822 217 304 174 109 38 755 304 314 87 925 230 954 960 676 262 597 43 976 795 65 1 863 49 373 
414 576 630 705 226 445 164 123 646 45 41 675 348 734 420 207 207 957 298 441 739 454 0 41 837 864 136 956 631 489 9 371 448 21 146 970 769 5 496 579 297 117 446 679 263 662 501 577 331 55 544 872 252 741 43 104 669 69 158 927 368 464 528 687 365 883 981 443 939 481 
4 640 253 205 588 825 318 808 82 26 127 242 255 703 368 662 147 277 681 733 629 324 41 0 411 97 820 7 530 281 982 374 751 883 761 289 1000 708 730 989 548 509 546 892 651 371 514 20 495 87 177 16 663 545 972 213 98 753 57 550 923 467 832 13 192 817 177 787 90 165 
925 156 577 674 164 622 653 838 771 162 852 761 235 294 97 424 98 524 685 715 304 366 837 411 0 485 829 233 535 457 299 22 61 97 101 475 782 859 152 429 987 944 627 34 865 607 374 776 725 94 87 445 128 280 780 659 488 583 363 367 648 667 595 968 582 561 10 743 772 891 
401 623 389 227 863 105 665 605 216 970 273 517 638 582 871 217 707 423 756 315 519 95 864 97 485 0 171 234 451 206 475 33 609 876 403 427 165 137 322 843 250 182 640 625 423 114 721 100 359 586 213 893 688 157 547 787 438 618 329 610 198 859 888 482 912 64 303 591 843 273 
127 550 431 425 289 991 760 258 850 796 83 658 194 122 609 433 867 604 144 64 722 226 136 820 829 171 0 781 620 44 327 747 172 90 144 337 883 29 747 796 802 18 248 778 154 863 891 813 902 647 664 280 567 689 230 722 999 467 297 662 553 269 212 955 495 750 288 938 157 399 
518 955 612 784 123 200 169 988 913 179 874 796 163 952 750 454 813 500 969 101 991 964 956 7 233 234 781 0 818 731 966 591 848 282 422 621 684 749 402 849 421 117 883 281 354 424 664 115 172 39 587 327 272 776 251 361 189 525 788 739 478 43 968 925 936 495 200 858 233 61 
485 898 446 945 650 590 765 308 262 922 396 405 988 814 127 88 420 284 150 839 329 417 631 530 535 451 620 818 0 939 57 733 247 418 712 544 674 373 978 491 180 484 14 537 86 657 489 676 286 291 223 578 634 604 709 330 200 155 569 274 123 640 574 974 114 370 206 190 213 919 
592 969 796 633 705 462 624 121 643 102 426 275 464 579 104 575 277 354 221 941 378 406 489 281 457 206 44 731 939 0 930 62 726 68 502 829 768 474 560 877 629 995 390 326 545 744 415 474 251 327 22 875 364 671 558 545 724 471 540 114 726 365 387 858 543 840 238 454 612 844 
678 959 17 705 372 64 677 625 460 192 422 10 454 98 646 51 451 498 192 695 610 33 9 982 299 475 327 966 57 930 0 997 525 81 755 578 590 289 468 505 291 250 891 794 81 55 967 125 975 736 961 140 927 396 623 718 916 53 475 122 905 202 333 402 556 182 483 637 185 56 
956 1 247 168 328 226 732 105 958 972 552 443 238 933 2 50 156 692 196 433 544 107 371 374 22 33 747 591 733 62 997 0 817 247 92 269 218 461 700 786 195 652 427 384 375 865 386 849 196 671 749 828 166 393 817 95 880 936 820 609 752 461 302 422 667 403 757 113 16 60 
894 101 325 979 846 804 872 670 948 542 233 323 150 552 383 303 22 674 281 521 312 441 448 751 61 609 172 848 247 726 525 817 0 53 570 226 561 813 112 301 320 817 366 347 850 635 305 812 376 373 545 668 604 142 636 585 564 11 645 934 29 108 536 588 305 541 55 458 261 662 
766 421 468 316 56 69 949 631 846 627 570 864 206 519 656 873 972 802 118 364 906 211 21 883 97 876 90 282 418 68 81 247 53 0 417 945 991 499 735 812 821 582 382 162 677 855 158 802 322 592 797 870 159 635 76 252 926 129 533 803 185 679 563 567 170 62 248 980 106 897 
328 60 895 315 613 662 599 257 188 981 818 789 527 738 550 915 820 476 149 636 751 44 146 761 101 403 144 422 712 502 755 92 570 417 0 766 829 27 666 81 607 634 149 828 700 905 743 942 553 198 420 160 843 571 729 772 316 978 471 855 986 646 605 177 908 386 443 794 363 31 
490 808 544 322 168 596 956 421 760 406 512 42 173 440 760 771 469 392 7 664 835 687 970 289 475 427 337 621 544 829 578 269 226 945 766 0 219 159 168 914 212 214 356 779 532 619 337 770 820 616 843 670 969 950 728 758 454 930 242 241 32 375 160 136 805 50 473 222 996 970 
528 338 622 643 458 968 774 809 371 286 509 357 717 784 492 272 883 887 846 455 333 127 769 1000 782 165 883 684 674 768 590 218 561 991 829 219 0 118 356 796 680 197 861 777 162 410 741 936 669 34 851 891 477 641 124 650 212 890 759 333 710 597 517 115 518 5 885 250 674 991 
380 426 230 702 773 527 942 625 236 668 471 498 498 302 440 107 785 956 838 931 136 395 5 708 859 137 29 749 373 474 289 461 813 499 27 159 118 0 284 795 792 635 445 671 229 92 830 657 22 242 842 968 169 482 739 177 32 895 78 261 710 998 298 387 382 619 87 901 362 405 
141 778 913 715 494 482 429 876 2 607 497 278 298 947 859 46 721 290 894 850 852 65 496 730 152 322 747 402 978 560 468 700 112 735 666 168 356 284 0 219 340 445 957 732 872 125 521 155 947 275 59 705 626 123 322 370 761 516 262 898 995 858 20 709 808 334 9 184 927 104 
754 181 977 802 731 300 816 929 567 933 66 331 639 622 572 321 999 110 669 549 341 572 579 989 429 843 796 849 491 877 505 786 301 812 81 914 796 795 219 0 475 86 951 968 886 701 589 60 777 539 55 323 285 425 287 629 521 335 506 96 172 347 367 888 687 982 525 97 486 208 
521 359 128 268 262 35 339 646 964 229 524 502 112 459 883 951 170 660 992 760 502 652 297 548 987 250 802 421 180 629 291 195 320 821 607 212 680 792 340 475 0 13 800 428 334 919 148 426 664 970 375 342 396 956 903 512 154 308 338 869 267 139 274 719 677 420 715 942 726 851 
931 440 402 261 855 251 931 951 214 773 333 282 844 444 448 320 683 249 280 684 175 737 117 509 944 182 18 117 484 995 250 652 817 582 634 214 197 635 445 86 13 0 333 660 569 727 437 65 527 363 861 8 291 74 494 305 524 573 126 979 317 250 465 483 925 53 558 926 658 692 
143 699 262 86 587 484 144 932 872 531 392 73 495 857 707 187 334 606 584 98 622 297 446 546 627 640 248 883 14 390 891 427 366 382 149 356 861 445 957 951 800 333 0 696 268 876 564 409 131 603 286 990 918 496 560 212 693 96 336 774 347 923 143 764 585 672 728 553 237 417 
581 528 34 536 144 151 601 900 5 169 776 178 122 697 972 46 603 279 929 301 755 1000 679 892 34 625 778 281 537 326 794 384 347 162 828 779 777 671 732 968 428 660 696 0 584 847 470 671 687 553 248 125 377 278 858 112 957 114 838 171 505 982 76 337 386 805 555 247 123 674 
598 718 319 923 949 499 846 940 551 305 126 195 280 487 124 773 704 472 28 933 57 37 263 651 865 423 154 354 86 545 81 375 850 677 700 532 162 229 872 886 334 569 268 584 0 679 795 635 37 294 986 391 492 788 29 709 812 398 657 494 480 306 86 314 812 166 271 818 430 27 
878 194 333 951 27 889 842 575 407 369 313 483 62 259 857 821 935 37 587 732 585 822 662 371 607 114 863 424 657 744 55 865 635 855 905 619 410 92 125 701 919 727 876 847 679 0 2 801 856 754 485 218 86 696 840 811 649 269 286 526 904 708 131 558 162 10 333 956 599 404 
872 377 636 589 4 353 274 275 902 352 262 347 34 205 708 532 60 856 735 343 408 217 501 514 374 721 891 664 489 415 967 386 305 158 743 337 741 830 521 589 148 437 564 470 795 2 0 808 852 366 514 718 467 925 892 964 91 873 294 85 507 471 58 310 470 338 295 963 121 578 
94 737 419 651 698 237 573 70 452 530 15 796 514 572 470 242 157 611 645 894 926 304 577 20 776 100 813 115 676 474 125 849 812 802 942 770 936 657 155 60 426 65 409 671 635 801 808 0 392 668 770 772 498 733 410 658 394 92 27 953 739 55 303 676 944 187 987 712 663 18 
413 689 852 858 529 540 495 364 264 359 935 507 160 931 150 302 59 200 10 562 75 174 331 495 725 359 902 172 286 251 975 196 376 322 553 820 669 22 947 777 664 527 131 687 37 856 852 392 0 186 510 55 699 26 988 896 880 663 974 489 560 99 268 396 742 358 524 405 897 480 
442 969 903 197 776 349 950 343 463 476 188 78 329 20 875 302 231 247 787 860 623 109 55 87 94 586 647 39 291 327 736 671 373 592 198 616 34 242 275 539 970 363 603 553 294 754 366 668 186 0 217 633 392 590 513 321 568 511 969 115 251 267 715 828 136 405 640 141 159 809 
884 73 177 779 582 434 496 157 417 791 905 186 580 658 636 529 238 769 364 925 50 38 544 177 87 213 664 587 223 22 961 749 545 797 420 843 851 842 59 55 375 861 286 248 986 485 514 770 510 217 0 532 279 682 458 802 593 528 237 644 378 747 216 518 805 853 222 15 138 757 
944 282 553 10 771 511 37 477 75 647 912 906 20 17 731 4 201 764 947 31 618 755 872 16 445 893 280 327 578 875 140 828 668 870 160 670 891 968 705 323 342 8 990 125 391 218 718 772 55 633 532 0 289 790 944 610 654 478 642 17 292 665 466 1 803 236 161 495 751 883 
288 452 769 545 526 932 173 714 64 480 215 782 577 314 543 950 628 292 481 725 839 304 252 663 128 688 567 272 634 364 927 166 604 159 843 969 477 169 626 285 396 291 918 377 492 86 467 498 699 392 279 289 0 460 656 628 181 487 80 693 611 564 548 395 779 873 205 632 103 41 
223 996 495 892 618 316 483 617 727 37 755 900 714 324 594 463 764 700 348 959 509 314 741 545 280 157 689 776 604 671 396 393 142 635 571 950 641 482 123 425 956 74 496 278 788 696 925 733 26 590 682 790 460 0 299 713 491 393 377 737 229 365 863 776 383 593 648 788 886 535 
528 88 84 979 740 639 316 126 833 709 299 194 558 713 890 38 382 786 90 828 891 87 43 972 780 547 230 251 709 558 623 817 636 76 729 728 124 739 322 287 903 494 560 858 29 840 892 410 988 513 458 944 656 299 0 950 772 814 573 51 779 301 327 734 206 440 628 589 220 226 
561 272 404 906 537 580 461 597 488 263 133 619 428 467 338 123 152 967 359 224 702 925 104 213 659 787 722 361 330 545 718 95 585 252 772 758 650 177 370 629 512 305 212 112 709 811 964 658 896 321 802 610 628 713 950 0 202 168 529 907 510 351 885 526 694 224 784 157 601 110 
656 567 166 107 255 975 951 22 298 684 709 348 360 597 844 548 86 608 84 78 878 230 669 98 488 438 999 189 200 724 916 880 564 926 316 454 212 32 761 521 154 524 693 957 812 649 91 394 880 568 593 654 181 491 772 202 0 690 524 257 541 699 981 949 21 218 668 287 183 660 
70 44 781 188 590 608 632 913 708 165 37 744 674 153 20 896 651 411 103 973 654 954 69 753 583 618 467 525 155 471 53 936 11 129 978 930 890 895 516 335 308 573 96 114 398 269 873 92 663 511 528 478 487 393 814 168 690 0 734 195 509 808 463 529 837 875 731 619 733 109 
185 726 507 598 875 507 997 427 372 640 535 493 569 931 482 485 100 660 683 169 519 960 158 57 363 329 297 788 569 540 475 820 645 533 471 242 759 78 262 506 338 126 336 838 657 286 294 27 974 969 237 642 80 377 573 529 524 734 0 506 358 543 295 953 540 399 276 457 663 578 
186 82 69 351 380 94 974 566 364 494 397 323 567 524 608 915 954 391 473 182 609 676 927 550 367 610 662 739 274 114 122 609 934 803 855 241 333 261 898 96 869 979 774 171 494 526 85 953 489 115 644 17 693 737 51 907 257 195 506 0 664 338 29 861 726 812 549 174 561 82 
49 327 407 680 515 538 875 777 435 651 66 370 461 480 344 572 581 633 56 119 128 262 368 923 648 198 553 478 123 726 905 752 29 185 986 32 710 710 995 172 267 317 347 505 480 904 507 739 560 251 378 292 611 229 779 510 541 509 358 664 0 174 404 686 568 867 737 873 530 244 
471 638 501 25 609 728 838 909 464 860 55 426 961 934 531 969 958 829 282 490 226 597 464 467 667 859 269 43 640 365 202 461 108 679 646 375 597 998 858 347 139 250 923 982 306 708 471 55 99 267 747 665 564 365 301 351 699 808 543 338 174 0 365 582 225 731 878 412 401 89 
292 278 124 147 360 933 86 720 476 908 260 612 370 758 681 229 807 566 756 279 925 43 528 832 595 888 212 968 574 387 333 302 536 563 605 160 517 298 20 367 274 465 143 76 86 131 58 303 268 715 216 466 548 863 327 885 981 463 295 29 404 365 0 633 974 681 108 25 355 163 
265 556 827 622 733 439 744 364 991 633 372 346 905 384 544 403 112 850 366 688 389 976 687 13 968 482 955 925 974 858 402 422 588 567 177 136 115 387 709 888 719 483 764 337 314 558 310 676 396 828 518 1 395 776 734 526 949 529 953 861 686 582 633 0 620 808 429 547 882 239 
360 856 726 132 242 681 533 603 424 94 127 504 348 905 672 610 88 263 421 54 897 795 365 192 582 912 495 936 114 543 556 667 305 170 908 805 518 382 808 687 677 925 585 386 812 162 470 944 742 136 805 803 779 383 206 694 21 837 540 726 568 225 974 620 0 148 36 355 265 219 
98 294 207 351 93 196 403 424 545 334 464 267 894 536 403 311 607 12 251 622 185 65 883 817 561 64 750 495 370 840 182 403 541 62 386 50 5 619 334 982 420 53 672 805 166 10 338 187 358 405 853 236 873 593 440 224 218 875 399 812 867 731 681 808 148 0 109 578 912 971 
564 72 779 774 141 497 551 378 517 295 340 139 581 602 253 664 375 915 886 71 474 1 981 177 10 303 288 200 206 238 483 757 55 248 443 473 885 87 9 525 715 558 728 555 271 333 295 987 524 640 222 161 205 648 628 784 668 731 276 549 737 878 108 429 36 109 0 799 249 242 
169 517 837 440 657 154 58 591 215 500 778 560 660 149 306 851 829 848 489 562 713 863 443 787 743 591 938 858 190 454 637 113 458 980 794 222 250 901 184 97 942 926 553 247 818 956 963 712 405 141 15 495 632 788 589 157 287 619 457 174 873 412 25 547 355 578 799 0 646 915 
752 864 382 403 757 413 744 543 635 206 765 955 615 194 836 586 500 916 107 322 833 49 939 90 772 843 157 233 213 612 185 16 261 106 363 996 674 362 927 486 726 658 237 123 430 599 121 663 897 159 138 751 103 886 220 601 183 733 663 561 530 401 355 882 265 912 249 646 0 542 
507 932 163 406 44 33 946 387 133 78 722 315 896 264 61 279 625 740 822 411 543 373 481 165 891 273 399 61 919 844 56 60 662 897 31 970 991 405 104 208 851 692 417 674 27 404 578 18 480 809 757 883 41 535 226 110 660 109 578 82 244 89 163 239 219 971 242 915 542 0 
0 737 991 444 60 224 348 125 879 78 876 80 313 125 116 631 798 269 434 246 211 432 631 810 993 302 99 781 862 291 58 839 158 296 902 891 968 893 241 375 240 172 471 881 734 952 531 425 203 788 628 416 812 306 354 706 1000 701 600 238 186 860 392 234 810 720 968 57 609 112 
737 0 597 182 247 189 615 753 621 536 394 621 190 52 570 74 647 497 106 500 714 561 751 331 321 362 435 646 10 851 268 721 961 245 621 955 571 966 393 300 265 463 699 402 624 659 27 757 722 910 790 857 381 684 506 809 640 950 785 396 450 739 627 649 849 96 898 794 552 937 
991 597 0 660 156 740 289 953 637 729 722 977 489 532 934 263 469 251 368 117 592 10 389 585 874 896 352 944 840 309 105 917 282 998 986 144 617 109 499 863 421 490 933 644 465 271 293 604 234 936 117 632 712 963 878 833 115 121 993 453 103 763 582 397 274 824 394 734 641 314 
444 182 660 0 598 432 688 773 816 259 695 346 55 376 424 279 3 479 671 243 441 447 670 835 801 520 473 366 752 918 241 538 444 116 655 947 642 816 521 64 891 375 293 492 959 746 573 487 46 437 699 692 909 508 166 197 801 301 361 673 661 488 283 944 910 496 549 733 309 490 
60 247 156 598 0 252 155 901 693 682 202 923 919 863 507 685 673 265 734 967 639 263 59 283 59 44 894 206 773 948 9 997 55 391 454 978 792 287 942 385 441 405 333 590 599 302 142 756 688 681 992 919 124 915 473 169 558 598 623 501 485 944 513 933 645 29 722 578 969 932 
224 189 740 432 252 0 322 488 512 392 642 833 613 460 959 687 767 592 229 657 49 86 977 639 606 186 574 422 884 248 858 785 108 968 264 431 472 307 471 882 199 667 298 4 963 840 522 26 807 383 470 416 66 346 419 215 794 571 776 213 405 900 299 50 426 32 110 308 638 919 
348 615 289 688 155 322 0 321 465 683 537 522 56 642 191 771 853 375 69 36 1 430 247 947 897 92 102 661 623 201 444 145 972 166 404 59 609 406 986 582 650 431 770 995 977 348 817 228 929 705 800 431 51 987 535 276 104 427 292 207 901 582 240 857 909 453 260 654 32 664 
125 753 953 773 901 488 321 0 852 573 460 727 213 277 973 815 222 147 787 268 528 720 906 882 332 781 73 304 620 515 43 209 320 972 498 731 294 83 38 748 126 396 599 250 429 674 437 30 870 89 672 71 553 22 155 538 69 928 165 135 194 637 299 598 74 715 773 467 632 864 
879 621 637 816 693 512 465 852 0 27 883 942 646 587 562 809 562 389 404 288 861 216 407 639 621 464 420 691 237 271 507 165 108 490 38 455 605 436 995 854 805 597 61 212 886 485 781 95 875 359 591 923 341 150 963 540 18 867 797 819 111 47 313 832 848 428 79 879 134 189 
78 536 729 259 682 392 683 573 27 0 923 886 357 893 705 65 398 426 305 71 305 262 254 353 684 26 296 828 206 34 496 982 327 236 916 843 154 817 860 7 44 133 305 103 598 819 265 875 773 960 39 950 105 493 553 836 247 388 787 18 386 454 819 807 763 189 523 64 604 488 
876 394 722 695 202 642 537 460 883 923 0 63 35 411 111 466 237 670 411 239 507 344 822 986 387 869 200 750 740 142 667 471 794 648 377 190 682 421 22 629 566 774 442 354 85 721 963 617 660 843 510 6 679 599 772 560 155 830 810 770 956 4 871 65 601 487 446 510 924 4 
80 621 977 346 923 833 522 727 942 886 63 0 600 584 832 940 571 885 440 886 414 212 586 676 387 729 723 616 272 353 517 833 633 401 438 285 457 366 870 796 619 883 849 491 403 512 496 602 733 228 618 322 198 219 25 819 477 327 38 15 475 986 459 787 543 980 91 693 267 193 
313 190 489 55 919 613 56 213 646 357 35 600 0 41 680 568 213 664 679 30 702 395 359 385 912 124 452 909 260 363 190 128 36 30 275 631 865 903 853 32 754 94 160 931 287 615 863 428 359 658 884 395 818 818 515 976 537 258 202 689 766 296 772 752 531 843 864 699 311 636 
125 52 532 376 863 460 642 277 587 893 411 584 41 0 90 922 643 300 221 18 948 447 909 887 166 677 125 809 758 213 487 890 952 419 577 936 868 739 493 115 220 776 834 836 505 784 299 469 879 691 1 660 444 626 134 631 445 232 823 628 126 231 947 634 304 704 320 297 851 240 
116 570 934 424 507 959 191 973 562 705 111 832 680 90 0 878 680 136 550 422 250 63 416 167 104 987 838 126 191 695 638 725 246 839 821 323 70 254 199 928 943 811 699 685 460 791 967 841 123 820 761 901 40 287 485 300 772 470 506 406 577 404 836 660 161 873 501 714 306 639 
631 74 263 279 685 687 771 815 809 65 466 940 568 922 878 0 153 850 641 582 718 289 878 346 844 452 74 779 511 292 135 415 775 899 331 544 964 196 519 635 634 553 60 452 241 729 641 303 293 988 767 891 633 227 396 694 874 635 175 410 158 942 158 337 546 475 272 687 304 221 
798 647 469 3 673 767 853 222 562 398 237 571 213 643 680 153 0 627 518 235 420 738 447 904 981 200 565 47 705 526 425 499 996 883 100 264 680 831 193 472 418 782 711 222 218 160 907 285 495 119 521 495 59 384 756 764 723 729 708 482 872 988 431 643 792 80 744 921 530 426 
269 497 251 479 265 592 375 147 389 426 670 885 664 300 136 850 627 0 261 57 220 310 89 947 29 939 886 781 67 288 993 630 303 78 316 828 298 315 731 117 675 73 816 203 345 440 231 549 368 765 880 480 26 389 759 451 118 299 543 308 258 953 837 697 245 469 121 798 294 12 
434 106 368 671 734 229 69 787 404 305 411 440 679 221 550 641 518 261 0 570 109 12 973 865 922 154 424 352 979 61 136 326 206 66 245 933 750 61 142 335 769 7 614 609 393 6 99 905 577 620 31 153 150 244 330 393 808 698 90 782 256 631 833 668 586 731 774 326 299 28 
246 500 117 243 967 657 36 268 288 71 239 886 30 18 422 582 235 57 570 0 731 620 73 575 448 96 917 759 688 626 862 139 871 21 656 334 478 490 60 574 958 265 907 960 112 688 714 333 787 760 44 919 532 667 567 950 778 799 76 635 169 338 892 61 810 453 1 336 159 128 
211 714 592 441 639 49 1 528 861 305 507 414 702 948 250 718 420 220 109 731 0 141 132 835 918 261 24 529 302 41 583 725 82 23 7 619 936 71 944 231 820 795 933 166 555 304 370 283 410 927 686 90 505 585 337 108 216 309 666 182 326 809 234 96 942 272 633 485 336 65 
432 561 10 447 263 86 430 720 216 262 344 212 395 447 63 289 738 310 12 620 141 0 552 141 454 225 973 652 706 255 96 165 317 106 103 481 947 898 201 562 800 419 407 408 908 449 549 3 736 358 557 981 929 210 151 315 524 802 682 218 562 427 531 237 13 116 14 816 889 316 
631 751 389 670 59 977 247 906 407 254 822 586 359 909 416 878 447 89 973 73 132 552 0 800 9 533 426 226 694 167 863 731 686 438 801 624 193 37 330 323 597 96 30 897 650 228 276 13 470 681 587 897 80 909 266 610 475 94 437 722 969 89 235 767 977 501 431 222 162 600 
810 331 585 835 283 639 947 882 639 353 986 676 385 887 167 346 904 947 865 575 835 141 800 0 408 201 69 98 272 87 444 8 541 37 181 22 647 102 434 680 976 17 984 24 789 901 738 326 830 485 166 394 966 300 550 353 808 506 61 102 879 836 182 479 152 228 984 289 669 716 
993 321 874 801 59 606 897 332 621 684 387 387 912 166 104 844 981 29 922 448 918 454 9 408 0 54 459 548 602 28 461 135 795 862 188 564 711 444 3 410 430 319 953 204 252 278 881 11 329 869 398 749 941 715 690 958 634 697 851 883 855 861 732 398 596 62 635 897 830 581 
302 362 896 520 44 186 92 781 464 26 869 729 124 677 987 452 200 939 154 96 261 225 533 201 54 0 305 530 437 891 22 863 688 917 357 191 834 377 989 583 336 926 381 326 177 107 88 331 759 815 117 749 639 813 729 119 306 585 998 805 898 847 48 248 905 871 294 256 865 475 
99 435 352 473 894 574 102 73 420 296 200 723 452 125 838 74 565 886 424 917 24 973 426 69 459 305 0 102 951 54 49 115 276 112 556 640 302 816 92 283 509 87 724 435 598 407 927 282 869 981 376 223 562 384 728 874 778 584 278 540 743 997 172 251 444 365 74 579 892 806 
781 646 944 366 206 422 661 304 691 828 750 616 909 809 126 779 47 781 352 759 529 652 226 98 548 530 102 0 635 802 213 744 26 443 408 826 570 862 586 469 784 843 857 195 961 100 386 409 147 213 425 617 588 777 561 345 36 521 752 389 340 921 475 362 670 928 586 564 394 611 
862 10 840 752 773 884 623 620 237 206 740 272 260 758 191 511 705 67 979 688 302 706 694 272 602 437 951 635 0 137 38 667 704 807 580 399 800 283 208 135 738 463 965 253 169 159 292 189 786 335 309 543 489 850 699 923 49 497 135 950 152 99 388 101 554 3 172 957 490 217 
291 851 309 918 948 248 201 515 271 34 142 353 363 213 695 292 526 288 61 626 41 255 167 87 28 891 54 802 137 0 879 190 284 442 221 595 95 584 77 652 862 724 839 265 704 318 427 865 878 101 515 30 644 932 685 535 576 588 788 217 805 659 773 928 114 129 957 304 101 768 
58 268 105 241 9 858 444 43 507 496 667 517 190 487 638 135 425 993 136 862 583 96 863 444 461 22 49 213 38 879 0 292 585 762 184 110 332 814 355 530 755 178 632 939 386 552 168 449 974 240 716 47 546 763 332 699 921 913 73 220 829 543 308 198 358 950 932 622 123 332 
839 721 917 538 997 785 145 209 165 982 471 833 128 890 725 415 499 630 326 139 725 165 731 8 135 863 115 744 667 190 292 0 78 283 594 36 673 228 353 759 94 496 241 276 275 703 50 238 263 596 893 667 580 293 533 501 384 561 294 238 582 623 128 134 861 22 922 866 706 361 
158 961 282 444 55 108 972 320 108 327 794 633 36 952 246 775 996 303 206 871 82 317 686 541 795 688 276 26 704 284 585 78 0 324 136 107 98 837 858 749 787 350 947 953 272 701 552 846 367 610 944 166 456 371 630 62 719 17 190 54 551 778 714 144 625 455 270 745 789 297 
296 245 998 116 391 968 166 972 490 236 648 401 30 419 839 899 883 78 66 21 23 106 438 37 862 917 112 443 807 442 762 283 324 0 253 187 846 313 116 990 842 988 253 155 336 89 578 305 505 314 883 176 788 776 808 180 969 319 343 131 493 291 567 447 752 990 998 600 237 868 
902 621 986 655 454 264 404 498 38 916 377 438 275 577 821 331 100 316 245 656 7 103 801 181 188 357 556 408 580 221 184 594 136 253 0 923 633 207 911 162 315 672 764 517 497 561 984 643 420 136 786 170 441 657 242 343 105 298 860 465 610 603 141 659 91 93 933 191 1000 233 
891 955 144 947 978 431 59 731 455 843 190 285 631 936 323 544 264 828 933 334 619 481 624 22 564 191 640 826 399 595 110 36 107 187 923 0 931 346 971 29 169 949 987 622 388 593 270 184 152 261 831 271 471 597 849 504 104 626 573 682 560 727 813 912 396 448 991 535 49 160 
968 571 617 642 792 472 609 294 605 154 682 457 865 868 70 964 680 298 750 478 936 947 193 647 711 834 302 570 800 95 332 673 98 846 633 931 0 34 849 876 843 741 658 747 589 138 35 341 978 102 130 350 441 841 464 601 574 885 533 360 63 251 219 278 1 285 956 618 777 518 
893 966 109 816 287 307 406 83 436 817 421 366 903 739 254 196 831 315 61 490 71 898 37 102 444 377 816 862 283 584 814 228 837 313 207 346 34 0 748 146 434 509 987 49 217 840 964 400 692 94 18 613 536 825 802 78 156 17 692 256 183 967 411 68 382 350 747 940 592 247 
241 393 499 521 942 471 986 38 995 860 22 870 853 493 199 519 193 731 142 60 944 201 330 434 3 989 92 586 208 77 355 353 858 116 911 971 849 748 0 198 543 716 44 925 976 925 722 535 466 341 261 373 357 466 249 660 619 758 987 661 747 894 324 521 18 856 463 385 764 14 
375 300 863 64 385 882 582 748 854 7 629 796 32 115 928 635 472 117 335 574 231 562 323 680 410 583 283 469 135 652 530 759 749 990 162 29 876 146 198 0 161 265 851 117 24 814 120 228 584 13 407 270 544 233 265 781 781 623 574 245 807 977 44 54 852 684 138 889 833 428 
240 265 421 891 441 199 650 126 805 44 566 619 754 220 943 634 418 675 769 958 820 800 597 976 430 336 509 784 738 862 755 94 787 842 315 169 843 434 543 161 0 164 907 268 506 970 289 917 753 312 632 437 291 728 606 244 554 737 546 955 854 63 500 89 892 232 509 125 490 619 
172 463 490 375 405 667 431 396 597 133 774 883 94 776 811 553 782 73 7 265 795 419 96 17 319 926 87 843 463 724 178 496 350 988 672 949 741 509 716 265 164 0 825 132 304 254 62 54 202 930 654 965 704 486 894 284 909 707 11 76 132 109 397 349 340 671 508 965 307 216 
471 699 933 293 333 298 770 599 61 305 442 849 160 834 699 60 711 816 614 907 933 407 30 984 953 381 724 857 965 839 632 241 947 253 764 987 658 987 44 851 907 825 0 625 993 123 136 988 874 275 995 267 423 911 423 889 408 237 156 603 970 993 200 76 779 346 646 81 81 564 
881 402 644 492 590 4 995 250 212 103 354 491 931 836 685 452 222 203 609 960 166 408 897 24 204 326 435 195 253 265 939 276 953 155 517 622 747 49 925 117 268 132 625 0 2 633 962 211 197 490 25 13 664 336 465 111 921 702 553 939 89 304 919 989 332 26 210 165 291 246 
734 624 465 959 599 963 977 429 886 598 85 403 287 505 460 241 218 345 393 112 555 908 650 789 252 177 598 961 169 704 386 275 272 336 497 388 589 217 976 24 506 304 993 2 0 472 142 505 811 554 938 887 620 779 990 285 199 297 941 752 628 852 41 203 208 764 912 737 944 920 
952 659 271 746 302 840 348 674 485 819 721 512 615 784 791 729 160 440 6 688 304 449 228 901 278 107 407 100 159 318 552 703 701 89 561 593 138 840 925 814 970 254 123 633 472 0 717 249 30 570 185 303 105 382 394 921 540 842 725 721 320 413 236 841 349 383 774 90 428 389 
531 27 293 573 142 522 817 437 781 265 963 496 863 299 967 641 907 231 99 714 370 549 276 738 881 88 927 386 292 427 168 50 552 578 984 270 35 964 722 120 289 62 136 962 142 717 0 336 249 382 893 234 192 812 367 848 850 283 836 764 956 975 500 217 9 972 716 664 808 564 
425 757 604 487 756 26 228 30 95 875 617 602 428 469 841 303 285 549 905 333 283 3 13 326 11 331 282 409 189 865 449 238 846 305 643 184 341 400 535 228 917 54 988 211 505 249 336 0 514 723 547 311 850 970 542 778 541 325 469 331 187 563 269 685 644 189 96 236 707 586 
203 722 234 46 688 807 929 870 875 773 660 733 359 879 123 293 495 368 577 787 410 736 470 830 329 759 869 147 786 878 974 263 367 505 420 152 978 692 466 584 753 202 874 197 811 30 249 514 0 902 153 564 280 944 150 470 277 177 521 759 269 293 289 277 61 112 352 103 370 842 
788 910 936 437 681 383 705 89 359 960 843 228 658 691 820 988 119 765 620 760 927 358 681 485 869 815 981 213 335 101 240 596 610 314 136 261 102 94 341 13 312 930 275 490 554 570 382 723 902 0 159 772 532 590 665 201 849 936 964 990 552 523 423 379 210 326 288 696 635 509 
628 790 117 699 992 470 800 672 591 39 510 618 884 1 761 767 521 880 31 44 686 557 587 166 398 117 376 425 309 515 716 893 944 883 786 831 130 18 261 407 632 654 995 25 938 185 893 547 153 159 0 646 586 378 570 514 799 552 259 1 864 587 164 51 841 515 797 969 711 112 
416 857 632 692 919 416 431 71 923 950 6 322 395 660 901 891 495 480 153 919 90 981 897 394 749 749 223 617 543 30 47 667 166 176 170 271 350 613 373 270 437 965 267 13 887 303 234 311 564 772 646 0 543 858 837 615 357 211 747 437 273 35 822 893 725 71 834 71 651 981 
812 381 712 909 124 66 51 553 341 105 679 198 818 444 40 633 59 26 150 532 505 929 80 966 941 639 562 588 489 644 546 580 456 788 441 471 441 536 357 544 291 704 423 664 620 105 192 850 280 532 586 543 0 841 869 565 530 16 698 288 702 317 137 170 994 942 697 306 263 985 
306 684 963 508 915 346 987 22 150 493 599 219 818 626 287 227 384 389 244 667 585 210 909 300 715 813 384 777 850 932 763 293 371 776 657 597 841 825 466 233 728 486 911 336 779 382 812 970 944 590 378 858 841 0 60 412 193 822 468 578 504 953 342 418 268 70 4 226 717 883 
354 506 878 166 473 419 535 155 963 553 772 25 515 134 485 396 756 759 330 567 337 151 266 550 690 729 728 561 699 685 332 533 630 808 242 849 464 802 249 265 606 894 423 465 990 394 367 542 150 665 570 837 869 60 0 432 888 754 922 532 232 174 659 574 818 148 37 284 443 203 
706 809 833 197 169 215 276 538 540 836 560 819 976 631 300 694 764 451 393 950 108 315 610 353 958 119 874 345 923 535 699 501 62 180 343 504 601 78 660 781 244 284 889 111 285 921 848 778 470 201 514 615 565 412 432 0 415 537 775 791 378 118 573 868 27 720 178 359 168 345 
1000 640 115 801 558 794 104 69 18 247 155 477 537 445 772 874 723 118 808 778 216 524 475 808 634 306 778 36 49 576 921 384 719 969 105 104 574 156 619 781 554 909 408 921 199 540 850 541 277 849 799 357 530 193 888 415 0 796 532 134 483 447 908 627 543 822 139 846 240 471 
701 950 121 301 598 571 427 928 867 388 830 327 258 232 470 635 729 299 698 799 309 802 94 506 697 585 584 521 497 588 913 561 17 319 298 626 885 17 758 623 737 707 237 702 297 842 283 325 177 936 552 211 16 822 754 537 796 0 494 921 924 809 620 190 841 61 870 876 74 155 
600 785 993 361 623 776 292 165 797 787 810 38 202 823 506 175 708 543 90 76 666 682 437 61 851 998 278 752 135 788 73 294 190 343 860 573 533 692 987 574 546 11 156 553 941 725 836 469 521 964 259 747 698 468 922 775 532 494 0 867 864 706 488 352 729 641 204 356 836 115 
238 396 453 673 501 213 207 135 819 18 770 15 689 628 406 410 482 308 782 635 182 218 722 102 883 805 540 389 950 217 220 238 54 131 465 682 360 256 661 245 955 76 603 939 752 721 764 331 759 990 1 437 288 578 532 791 134 921 867 0 42 48 354 698 864 886 295 217 577 841 
186 450 103 661 485 405 901 194 111 386 956 475 766 126 577 158 872 258 256 169 326 562 969 879 855 898 743 340 152 805 829 582 551 493 610 560 63 183 747 807 854 132 970 89 628 320 956 187 269 552 864 273 702 504 232 378 483 924 864 42 0 610 117 658 78 903 546 141 976 126 
860 739 763 488 944 900 582 637 47 454 4 986 296 231 404 942 988 953 631 338 809 427 89 836 861 847 997 921 99 659 543 623 778 291 603 727 251 967 894 977 63 109 993 304 852 413 975 563 293 523 587 35 317 953 174 118 447 809 706 48 610 0 590 570 90 125 723 337 631 483 
392 627 582 283 513 299 240 299 313 819 871 459 772 947 836 158 431 837 833 892 234 531 235 182 732 48 172 475 388 773 308 128 714 567 141 813 219 411 324 44 500 397 200 919 41 236 500 269 289 423 164 822 137 342 659 573 908 620 488 354 117 590 0 676 103 506 114 862 174 827 
234 649 397 944 933 50 857 598 832 807 65 787 752 634 660 337 643 697 668 61 96 237 767 479 398 248 251 362 101 928 198 134 144 447 659 912 278 68 521 54 89 349 76 989 203 841 217 685 277 379 51 893 170 418 574 868 627 190 352 698 658 570 676 0 10 984 158 357 662 524 
810 849 274 910 645 426 909 74 848 763 601 543 531 304 161 546 792 245 586 810 942 13 977 152 596 905 444 670 554 114 358 861 625 752 91 396 1 382 18 852 892 340 779 332 208 349 9 644 61 210 841 725 994 268 818 27 543 841 729 864 78 90 103 10 0 330 350 928 2 320 
720 96 824 496 29 32 453 715 428 189 487 980 843 704 873 475 80 469 731 453 272 116 501 228 62 871 365 928 3 129 950 22 455 990 93 448 285 350 856 684 232 671 346 26 764 383 972 189 112 326 515 71 942 70 148 720 822 61 641 886 903 125 506 984 330 0 815 614 537 883 
968 898 394 549 722 110 260 773 79 523 446 91 864 320 501 272 744 121 774 1 633 14 431 984 635 294 74 586 172 957 932 922 270 998 933 991 956 747 463 138 509 508 646 210 912 774 716 96 352 288 797 834 697 4 37 178 139 870 204 295 546 723 114 158 350 815 0 702 873 725 
57 794 734 733 578 308 654 467 879 64 510 693 699 297 714 687 921 798 326 336 485 816 222 289 897 256 579 564 957 304 622 866 745 600 191 535 618 940 385 889 125 965 81 165 737 90 664 236 103 696 969 71 306 226 284 359 846 876 356 217 141 337 862 357 928 614 702 0 295 372 
609 552 641 309 969 638 32 632 134 604 924 267 311 851 306 304 530 294 299 159 336 889 162 669 830 865 892 394 490 101 123 706 789 237 1000 49 777 592 764 833 490 307 81 291 944 428 808 707 370 635 711 651 263 717 443 168 240 74 836 577 976 631 174 662 2 537 873 295 0 865 
112 937 314 490 932 919 664 864 189 488 4 193 636 240 639 221 426 12 28 128 65 316 600 716 581 475 806 611 217 768 332 361 297 868 233 160 518 247 14 428 619 216 564 246 920 389 564 586 842 509 112 981 985 883 203 345 471 155 115 841 126 483 827 524 320 883 725 372 865 0 
