9 4
0 544 248 188 403 797 943 330 465 
544 0 593 832 430 229 370 990 25 
248 593 0 391 147 340 377 902 689 
188 832 391 0 407 549 47 345 776 
403 430 147 407 0 434 137 327 945 
797 229 340 549 434 0 385 778 220 
943 370 377 47 137 385 0 273 211 
330 990 902 345 327 778 273 0 128 
465 25 689 776 945 220 211 128 0 
0 668 319 47 813 197 265 61 631 
668 0 95 255 535 934 169 848 945 
319 95 0 698 138 785 275 657 719 
47 255 698 0 842 251 329 336 265 
813 535 138 842 0 69 355 555 921 
197 934 785 251 69 0 179 602 668 
265 169 275 329 355 179 0 607 934 
61 848 657 336 555 602 607 0 712 
631 945 719 265 921 668 934 712 0 
0 333 682 954 188 804 736 940 370 
333 0 906 746 466 67 832 153 56 
682 906 0 303 863 216 726 344 282 
954 746 303 0 159 750 672 665 736 
188 466 863 159 0 932 646 446 80 
804 67 216 750 932 0 822 399 333 
736 832 726 672 646 822 0 394 67 
940 153 344 665 446 399 394 0 289 
370 56 282 736 80 333 67 289 0 
0 333 682 954 188 804 736 940 370 
333 0 906 746 466 67 832 153 56 
682 906 0 303 863 216 726 344 282 
954 746 303 0 159 750 672 665 736 
188 466 863 159 0 932 646 446 80 
804 67 216 750 932 0 822 399 333 
736 832 726 672 646 822 0 394 67 
940 153 344 665 446 399 394 0 289 
370 56 282 736 80 333 67 289 0 
0 333 682 954 188 804 736 940 370 
333 0 906 746 466 67 832 153 56 
682 906 0 303 863 216 726 344 282 
954 746 303 0 159 750 672 665 736 
188 466 863 159 0 932 646 446 80 
804 67 216 750 932 0 822 399 333 
736 832 726 672 646 822 0 394 67 
940 153 344 665 446 399 394 0 289 
370 56 282 736 80 333 67 289 0 
