60 4
0 14 99 112 80 226 826 829 692 877 168 840 462 329 72 860 146 888 763 76 791 822 523 818 392 659 553 634 690 582 118 487 627 877 992 15 580 264 164 366 913 949 160 147 962 650 310 927 702 197 912 23 997 15 986 836 535 715 260 582 
14 0 151 312 761 993 472 164 90 499 61 74 202 854 937 113 933 820 105 132 321 513 752 703 215 223 73 475 513 70 340 287 593 862 882 823 759 689 248 850 171 935 141 261 168 573 361 33 624 610 427 559 30 507 717 124 333 496 861 699 
99 151 0 212 583 175 857 949 482 926 482 353 431 81 190 257 289 638 669 43 360 418 173 548 999 288 992 381 603 823 12 11 697 224 101 53 630 990 286 592 635 629 70 831 512 449 138 852 598 380 986 478 81 208 168 825 792 377 325 1 
112 312 212 0 674 334 674 555 996 312 550 19 976 521 448 189 767 58 308 969 894 209 902 428 505 166 858 801 735 471 685 994 851 17 368 42 142 640 909 499 852 813 901 904 583 402 849 594 868 105 187 916 135 802 15 503 978 124 436 799 
80 761 583 674 0 994 399 932 512 109 893 64 121 509 161 659 108 812 819 488 7 27 124 589 759 568 913 484 871 613 966 52 219 154 662 490 458 170 383 534 147 750 68 270 356 972 558 325 112 548 475 662 132 187 74 140 770 318 953 99 
226 993 175 334 994 0 758 207 308 496 637 211 485 445 899 587 461 806 213 514 257 795 765 545 498 319 59 75 164 651 927 492 589 112 80 32 442 484 457 212 523 444 655 119 754 230 383 221 707 16 555 585 555 511 219 701 533 83 886 111 
826 472 857 674 399 758 0 733 661 783 949 938 857 553 376 252 686 266 3 935 531 921 115 159 103 458 350 181 530 840 114 263 438 630 335 809 532 134 426 613 423 977 436 447 509 936 891 169 620 375 162 169 459 116 26 999 524 357 527 146 
829 164 949 555 932 207 733 0 375 138 553 648 593 109 601 579 639 56 809 401 465 699 762 265 379 14 894 858 179 781 372 963 722 518 875 810 571 152 239 232 851 316 23 26 864 133 919 8 981 644 452 455 315 156 773 656 362 253 336 23 
692 90 482 996 512 308 661 375 0 298 927 406 668 726 285 642 90 970 41 211 68 354 94 795 857 529 189 58 194 113 554 615 993 994 700 252 72 196 627 606 836 411 35 942 849 431 405 158 736 697 394 558 363 699 81 21 899 850 820 536 
877 499 926 312 109 496 783 138 298 0 86 173 687 349 648 513 649 539 265 757 536 32 493 719 464 858 601 410 577 141 501 152 162 112 66 581 607 23 920 744 467 962 855 882 677 863 679 391 566 957 750 805 875 262 665 373 501 8 118 930 
168 61 482 550 893 637 949 553 927 86 0 310 93 948 927 713 77 302 907 776 806 393 627 731 426 855 366 398 149 913 692 126 669 150 829 610 556 459 432 660 270 28 469 719 786 270 955 70 555 679 192 868 436 358 614 778 517 29 697 496 
840 74 353 19 64 211 938 648 406 173 310 0 717 768 299 308 170 832 476 671 833 220 972 222 954 226 398 398 380 336 312 712 707 502 63 545 840 676 72 605 27 401 9 755 689 315 168 823 659 598 409 262 356 586 548 456 189 46 644 990 
462 202 431 976 121 485 857 593 668 687 93 717 0 428 243 632 371 331 380 534 671 969 343 168 824 647 498 914 711 878 261 371 752 312 776 39 901 409 906 156 333 269 724 745 284 125 935 417 555 240 712 315 269 933 124 184 984 299 539 633 
329 854 81 521 509 445 553 109 726 349 948 768 428 0 907 409 457 710 774 200 436 439 699 402 591 44 809 808 234 925 800 312 557 676 496 945 677 281 112 19 497 220 341 737 424 226 612 636 964 465 970 527 339 624 278 316 9 297 764 476 
72 937 190 448 161 899 376 601 285 648 927 299 243 907 0 838 737 76 205 705 827 853 138 811 517 819 818 855 339 21 575 156 19 509 593 958 377 913 825 902 883 795 824 545 842 499 99 220 573 962 543 996 598 754 308 60 728 533 983 153 
860 113 257 189 659 587 252 579 642 513 713 308 632 409 838 0 495 862 904 715 416 847 576 716 922 427 475 714 650 946 164 633 195 58 114 617 987 293 556 67 435 45 272 534 951 507 142 629 9 913 59 648 650 738 180 77 313 954 978 176 
146 933 289 767 108 461 686 639 90 649 77 170 371 457 737 495 0 302 863 230 376 185 303 359 427 180 835 329 820 655 535 813 255 805 802 571 146 103 69 335 333 662 320 871 402 393 426 761 531 160 811 409 595 794 399 108 335 180 564 804 
888 820 638 58 812 806 266 56 970 539 302 832 331 710 76 862 302 0 136 468 885 695 727 473 108 730 24 749 753 902 718 422 523 635 986 55 325 662 539 846 77 422 274 958 639 696 67 113 201 929 66 907 32 986 687 241 320 170 950 320 
763 105 669 308 819 213 3 809 41 265 907 476 380 774 205 904 863 136 0 666 690 110 621 908 99 495 88 711 148 87 355 516 137 534 841 440 793 988 554 513 306 382 250 819 338 868 293 38 207 317 30 516 482 31 779 83 812 358 826 949 
76 132 43 969 488 514 935 401 211 757 776 671 534 200 705 715 230 468 666 0 18 828 151 786 699 823 477 847 929 32 428 178 932 250 651 874 425 850 473 225 684 590 467 265 675 626 113 890 466 82 621 665 781 494 218 996 213 191 370 560 
791 321 360 894 7 257 531 465 68 536 806 833 671 436 827 416 376 885 690 18 0 800 206 170 629 799 69 693 497 943 544 34 945 947 226 441 386 848 970 541 252 515 89 935 711 302 112 444 298 509 307 488 874 344 294 947 600 106 880 468 
822 513 418 209 27 795 921 699 354 32 393 220 969 439 853 847 185 695 110 828 800 0 817 959 918 221 663 215 224 437 852 515 475 922 605 802 984 574 636 572 347 639 149 17 127 828 652 713 145 289 531 983 823 731 855 711 861 802 680 266 
523 752 173 902 124 765 115 762 94 493 627 972 343 699 138 576 303 727 621 151 206 817 0 140 97 656 817 885 804 25 39 531 57 31 400 521 902 598 721 564 295 279 837 388 897 697 204 538 358 506 182 692 930 462 299 107 444 675 618 423 
818 703 548 428 589 545 159 265 795 719 731 222 168 402 811 716 359 473 908 786 170 959 140 0 382 260 408 410 752 677 94 741 954 144 311 62 481 314 82 988 840 37 523 488 345 237 673 881 634 893 736 96 805 412 467 639 871 246 614 810 
392 215 999 505 759 498 103 379 857 464 426 954 824 591 517 922 427 108 99 699 629 918 97 382 0 763 646 221 764 946 146 840 233 369 853 970 344 286 334 517 838 226 445 547 263 352 337 817 851 924 934 116 902 472 29 802 721 834 602 654 
659 223 288 166 568 319 458 14 529 858 855 226 647 44 819 427 180 730 495 823 799 221 656 260 763 0 552 934 225 648 233 697 72 919 616 462 924 762 68 683 3 103 220 614 220 521 461 991 343 982 583 233 765 986 874 858 72 577 584 672 
553 73 992 858 913 59 350 894 189 601 366 398 498 809 818 475 835 24 88 477 69 663 817 408 646 552 0 971 42 713 470 833 498 304 142 446 891 558 51 702 309 812 521 100 999 400 544 12 233 343 963 745 263 916 392 585 559 495 496 431 
634 475 381 801 484 75 181 858 58 410 398 398 914 808 855 714 329 749 711 847 693 215 885 410 221 934 971 0 545 348 921 306 486 453 214 500 888 904 559 271 307 236 75 77 32 957 100 14 172 864 786 661 320 927 811 44 243 945 291 179 
690 513 603 735 871 164 530 179 194 577 149 380 711 234 339 650 820 753 148 929 497 224 804 752 764 225 42 545 0 253 1 337 28 937 13 110 604 738 584 94 141 87 795 827 230 996 80 520 994 286 647 311 3 676 443 286 854 459 532 15 
582 70 823 471 613 651 840 781 113 141 913 336 878 925 21 946 655 902 87 32 943 437 25 677 946 648 713 348 253 0 592 762 453 191 760 813 442 620 95 49 922 342 457 586 899 358 534 214 250 862 929 115 961 732 429 648 46 825 178 90 
118 340 12 685 966 927 114 372 554 501 692 312 261 800 575 164 535 718 355 428 544 852 39 94 146 233 470 921 1 592 0 72 884 864 499 401 937 797 929 128 263 809 399 489 710 145 535 345 239 177 753 457 761 125 387 430 644 641 394 314 
487 287 11 994 52 492 263 963 615 152 126 712 371 312 156 633 813 422 516 178 34 515 531 741 840 697 833 306 337 762 72 0 790 438 364 106 234 240 206 253 889 813 8 330 985 755 539 647 893 579 843 930 924 181 182 144 521 65 44 499 
627 593 697 851 219 589 438 722 993 162 669 707 752 557 19 195 255 523 137 932 945 475 57 954 233 72 498 486 28 453 884 790 0 31 313 921 899 254 611 442 237 498 27 976 551 936 989 576 723 851 307 377 365 453 910 68 582 636 787 477 
877 862 224 17 154 112 630 518 994 112 150 502 312 676 509 58 805 635 534 250 947 922 31 144 369 919 304 453 937 191 864 438 31 0 821 495 638 978 668 228 122 935 507 239 149 351 48 403 73 613 361 699 953 70 485 254 900 907 269 734 
992 882 101 368 662 80 335 875 700 66 829 63 776 496 593 114 802 986 841 651 226 605 400 311 853 616 142 214 13 760 499 364 313 821 0 267 839 605 982 876 524 244 398 786 232 817 593 431 135 120 23 327 207 337 909 159 888 28 878 483 
15 823 53 42 490 32 809 810 252 581 610 545 39 945 958 617 571 55 440 874 441 802 521 62 970 462 446 500 110 813 401 106 921 495 267 0 474 398 137 428 204 307 834 936 38 836 831 919 325 408 772 166 486 493 396 438 611 588 475 696 
580 759 630 142 458 442 532 571 72 607 556 840 901 677 377 987 146 325 793 425 386 984 902 481 344 924 891 888 604 442 937 234 899 638 839 474 0 910 854 940 194 1 290 412 663 841 755 848 704 459 824 547 143 142 375 371 932 871 279 660 
264 689 990 640 170 484 134 152 196 23 459 676 409 281 913 293 103 662 988 850 848 574 598 314 286 762 558 904 738 620 797 240 254 978 605 398 910 0 386 320 861 703 147 569 415 382 732 501 91 367 441 332 158 596 7 251 154 524 101 908 
164 248 286 909 383 457 426 239 627 920 432 72 906 112 825 556 69 539 554 473 970 636 721 82 334 68 51 559 584 95 929 206 611 668 982 137 854 386 0 160 84 81 158 37 517 695 82 75 78 752 904 862 983 236 653 502 579 480 843 694 
366 850 592 499 534 212 613 232 606 744 660 605 156 19 902 67 335 846 513 225 541 572 564 988 517 683 702 271 94 49 128 253 442 228 876 428 940 320 160 0 315 922 95 210 960 433 476 213 950 462 186 383 552 476 235 846 566 336 742 324 
913 171 635 852 147 523 423 851 836 467 270 27 333 497 883 435 333 77 306 684 252 347 295 840 838 3 309 307 141 922 263 889 237 122 524 204 194 861 84 315 0 142 207 866 498 173 38 713 328 677 839 733 249 529 667 478 216 79 48 211 
949 935 629 813 750 444 977 316 411 962 28 401 269 220 795 45 662 422 382 590 515 639 279 37 226 103 812 236 87 342 809 813 498 935 244 307 1 703 81 922 142 0 299 638 287 475 328 800 669 405 817 739 955 924 774 419 594 337 971 413 
160 141 70 901 68 655 436 23 35 855 469 9 724 341 824 272 320 274 250 467 89 149 837 523 445 220 521 75 795 457 399 8 27 507 398 834 290 147 158 95 207 299 0 354 607 27 649 879 775 568 800 264 395 704 512 860 888 718 768 91 
147 261 831 904 270 119 447 26 942 882 719 755 745 737 545 534 871 958 819 265 935 17 388 488 547 614 100 77 827 586 489 330 976 239 786 936 412 569 37 210 866 638 354 0 34 30 571 567 598 848 471 18 413 696 530 782 215 502 336 555 
962 168 512 583 356 754 509 864 849 677 786 689 284 424 842 951 402 639 338 675 711 127 897 345 263 220 999 32 230 899 710 985 551 149 232 38 663 415 517 960 498 287 607 34 0 408 182 951 185 99 745 470 726 697 424 292 800 778 891 191 
650 573 449 402 972 230 936 133 431 863 270 315 125 226 499 507 393 696 868 626 302 828 697 237 352 521 400 957 996 358 145 755 936 351 817 836 841 382 695 433 173 475 27 30 408 0 670 266 296 310 562 755 5 235 169 420 753 273 771 619 
310 361 138 849 558 383 891 919 405 679 955 168 935 612 99 142 426 67 293 113 112 652 204 673 337 461 544 100 80 534 535 539 989 48 593 831 755 732 82 476 38 328 649 571 182 670 0 749 4 453 586 804 780 945 602 771 773 644 6 654 
927 33 852 594 325 221 169 8 158 391 70 823 417 636 220 629 761 113 38 890 444 713 538 881 817 991 12 14 520 214 345 647 576 403 431 919 848 501 75 213 713 800 879 567 951 266 749 0 188 544 590 480 306 935 320 80 145 125 715 923 
702 624 598 868 112 707 620 981 736 566 555 659 555 964 573 9 531 201 207 466 298 145 358 634 851 343 233 172 994 250 239 893 723 73 135 325 704 91 78 950 328 669 775 598 185 296 4 188 0 574 454 968 153 555 454 533 241 39 127 924 
197 610 380 105 548 16 375 644 697 957 679 598 240 465 962 913 160 929 317 82 509 289 506 893 924 982 343 864 286 862 177 579 851 613 120 408 459 367 752 462 677 405 568 848 99 310 453 544 574 0 683 437 727 156 199 589 440 662 318 459 
912 427 986 187 475 555 162 452 394 750 192 409 712 970 543 59 811 66 30 621 307 531 182 736 934 583 963 786 647 929 753 843 307 361 23 772 824 441 904 186 839 817 800 471 745 562 586 590 454 683 0 777 386 488 389 311 404 764 848 253 
23 559 478 916 662 585 169 455 558 805 868 262 315 527 996 648 409 907 516 665 488 983 692 96 116 233 745 661 311 115 457 930 377 699 327 166 547 332 862 383 733 739 264 18 470 755 804 480 968 437 777 0 198 523 308 70 866 801 455 878 
997 30 81 135 132 555 459 315 363 875 436 356 269 339 598 650 595 32 482 781 874 823 930 805 902 765 263 320 3 961 761 924 365 953 207 486 143 158 983 552 249 955 395 413 726 5 780 306 153 727 386 198 0 909 138 156 480 921 754 282 
15 507 208 802 187 511 116 156 699 262 358 586 933 624 754 738 794 986 31 494 344 731 462 412 472 986 916 927 676 732 125 181 453 70 337 493 142 596 236 476 529 924 704 696 697 235 945 935 555 156 488 523 909 0 793 944 102 569 760 188 
986 717 168 15 74 219 26 773 81 665 614 548 124 278 308 180 399 687 779 218 294 855 299 467 29 874 392 811 443 429 387 182 910 485 909 396 375 7 653 235 667 774 512 530 424 169 602 320 454 199 389 308 138 793 0 280 293 402 862 190 
836 124 825 503 140 701 999 656 21 373 778 456 184 316 60 77 108 241 83 996 947 711 107 639 802 858 585 44 286 648 430 144 68 254 159 438 371 251 502 846 478 419 860 782 292 420 771 80 533 589 311 70 156 944 280 0 788 949 108 54 
535 333 792 978 770 533 524 362 899 501 517 189 984 9 728 313 335 320 812 213 600 861 444 871 721 72 559 243 854 46 644 521 582 900 888 611 932 154 579 566 216 594 888 215 800 753 773 145 241 440 404 866 480 102 293 788 0 143 42 460 
715 496 377 124 318 83 357 253 850 8 29 46 299 297 533 954 180 170 358 191 106 802 675 246 834 577 495 945 459 825 641 65 636 907 28 588 871 524 480 336 79 337 718 502 778 273 644 125 39 662 764 801 921 569 402 949 143 0 340 562 
260 861 325 436 953 886 527 336 820 118 697 644 539 764 983 978 564 950 826 370 880 680 618 614 602 584 496 291 532 178 394 44 787 269 878 475 279 101 843 742 48 971 768 336 891 771 6 715 127 318 848 455 754 760 862 108 42 340 0 342 
582 699 1 799 99 111 146 23 536 930 496 990 633 476 153 176 804 320 949 560 468 266 423 810 654 672 431 179 15 90 314 499 477 734 483 696 660 908 694 324 211 413 91 555 191 619 654 923 924 459 253 878 282 188 190 54 460 562 342 0 
0 793 314 427 36 620 831 81 488 654 138 113 977 539 978 280 209 596 650 340 696 510 12 168 200 175 699 34 450 281 861 271 523 849 206 863 433 191 59 208 194 771 424 665 966 584 608 324 960 37 563 368 147 972 883 422 753 648 248 485 
793 0 761 343 540 79 778 331 248 637 480 714 325 926 675 365 514 959 320 742 77 796 837 195 317 209 332 377 351 265 936 255 487 156 391 790 196 487 55 735 788 323 172 17 193 527 622 984 924 330 27 633 276 532 852 269 566 850 744 374 
314 761 0 725 776 553 764 927 405 15 191 343 926 854 810 190 843 789 476 213 679 783 298 290 720 804 95 428 620 497 921 211 94 897 71 579 211 942 295 423 774 670 376 402 695 776 933 530 852 115 395 408 800 272 736 681 203 233 934 629 
427 343 725 0 72 973 704 868 658 785 589 111 88 285 833 862 156 896 100 533 775 689 445 600 895 518 439 306 937 468 102 254 654 299 539 363 310 108 451 169 142 512 238 831 453 783 156 215 292 65 395 237 727 322 889 750 440 610 156 532 
36 540 776 72 0 641 57 302 485 248 568 645 397 132 799 579 432 162 44 914 68 270 439 179 113 83 657 85 981 709 414 985 814 646 14 389 122 361 820 7 22 168 436 275 505 369 55 873 473 958 294 95 780 551 519 179 925 456 745 482 
620 79 553 973 641 0 141 499 841 536 844 832 769 755 601 604 413 866 371 850 195 739 709 50 729 270 308 745 461 930 4 839 939 408 618 337 64 48 305 420 107 328 358 452 623 139 993 925 894 385 466 733 18 975 851 126 40 298 768 552 
831 778 764 704 57 141 0 472 928 382 984 765 546 89 841 326 595 558 908 679 839 532 734 295 614 299 298 440 595 960 258 997 565 590 715 509 453 571 843 725 192 932 825 422 564 574 750 851 83 837 409 601 517 178 990 548 737 454 770 189 
81 331 927 868 302 499 472 0 407 906 436 731 989 597 320 703 197 310 905 376 201 887 937 382 798 314 572 572 250 970 172 939 436 109 64 323 565 650 361 273 539 842 172 328 585 808 740 162 673 490 768 582 787 702 183 357 587 969 333 928 
488 248 405 658 485 841 928 407 0 831 589 45 562 745 919 288 605 981 971 548 90 461 254 764 61 51 829 300 600 820 698 732 635 199 420 96 349 122 641 724 779 142 364 393 793 550 309 968 477 259 285 545 773 333 832 823 790 728 692 509 
654 637 15 785 248 536 382 906 831 0 132 659 141 1 875 17 867 710 990 389 233 96 441 480 206 886 937 105 50 589 222 518 410 650 16 537 162 246 539 886 829 43 997 158 313 870 57 946 61 767 983 573 763 26 501 777 963 661 995 712 
138 480 191 589 568 844 984 436 589 132 0 411 988 138 100 778 828 537 677 387 314 133 909 583 507 103 447 265 109 853 627 270 127 980 617 812 815 187 958 903 783 577 373 935 534 129 455 918 67 620 564 463 560 524 518 492 209 678 301 437 
113 714 343 111 645 832 765 731 45 659 411 0 372 611 471 16 836 493 945 225 462 604 693 922 783 899 947 348 824 167 181 509 911 165 456 945 438 334 828 921 31 34 286 497 720 803 201 841 454 129 34 964 719 726 575 945 578 921 488 530 
977 325 926 88 397 769 546 989 562 141 988 372 0 977 963 227 292 335 593 653 20 736 773 95 972 26 945 903 390 469 900 48 303 680 668 802 434 370 297 872 187 369 125 895 706 147 842 106 156 702 128 326 819 900 348 542 36 226 997 854 
539 926 854 285 132 755 89 597 745 1 138 611 977 0 222 936 646 288 761 430 316 836 745 522 962 393 119 351 412 871 474 337 266 120 771 779 206 851 326 184 407 837 184 895 750 841 12 966 537 895 898 576 961 580 904 213 348 729 713 253 
978 675 810 833 799 601 841 320 919 875 100 471 963 222 0 28 274 243 220 675 493 503 818 508 866 683 236 18 987 776 844 808 425 955 787 272 191 363 934 396 506 893 119 870 798 414 525 997 446 968 815 757 226 974 535 929 340 753 454 946 
280 365 190 862 579 604 326 703 288 17 778 16 227 936 28 0 5 9 924 556 766 118 620 974 63 642 429 495 262 674 259 40 652 442 941 924 490 341 895 640 797 885 806 606 466 923 39 795 293 122 138 272 884 845 860 982 629 158 345 170 
209 514 843 156 432 413 595 197 605 867 828 836 292 646 274 5 0 162 567 886 310 154 17 700 31 894 18 458 904 431 102 384 413 895 565 646 762 259 493 655 186 137 94 192 499 926 600 362 96 123 329 584 903 402 651 157 579 448 42 202 
596 959 789 896 162 866 558 310 981 710 537 493 335 288 243 9 162 0 920 395 841 11 514 391 404 639 754 521 604 3 807 78 357 908 44 289 862 653 525 768 847 680 423 884 707 259 3 187 756 525 646 448 44 977 976 650 557 938 59 214 
650 320 476 100 44 371 908 905 971 990 677 945 593 761 220 924 567 920 0 951 963 301 429 661 89 255 526 242 960 925 396 528 583 510 991 17 505 266 212 889 370 259 804 679 535 78 660 9 596 287 556 1000 944 822 296 431 278 395 675 700 
340 742 213 533 914 850 679 376 548 389 387 225 653 430 675 556 886 395 951 0 238 759 98 194 89 152 648 97 857 302 806 481 650 225 248 712 912 56 139 320 296 677 233 672 302 183 743 962 919 350 199 684 985 131 250 789 791 910 613 536 
696 77 679 775 68 195 839 201 90 233 314 462 20 316 493 766 310 841 963 238 0 112 701 637 242 568 746 520 944 29 808 421 14 412 403 863 338 125 442 970 559 416 137 686 338 969 983 125 596 2 957 75 103 575 618 63 887 915 170 407 
510 796 783 689 270 739 532 887 461 96 133 604 736 836 503 118 154 11 301 759 112 0 941 375 804 161 911 987 75 583 807 598 29 925 683 426 221 435 555 504 998 660 855 985 422 993 504 604 156 654 471 741 428 298 702 467 919 49 88 726 
12 837 298 445 439 709 734 937 254 441 909 693 773 745 818 620 17 514 429 98 701 941 0 577 440 509 305 996 405 900 89 432 153 193 792 84 262 107 843 179 566 851 267 638 826 674 789 876 836 846 904 738 709 806 975 604 667 686 403 133 
168 195 290 600 179 50 295 382 764 480 583 922 95 522 508 974 700 391 661 194 637 375 577 0 227 178 1000 309 450 862 340 639 149 361 161 292 825 461 1000 472 378 203 567 729 563 950 258 312 784 86 700 154 898 717 742 568 345 409 22 967 
200 317 720 895 113 729 614 798 61 206 507 783 972 962 866 63 31 404 89 89 242 804 440 227 0 593 241 889 680 159 279 406 130 140 307 733 628 19 460 489 571 496 325 98 158 303 166 552 79 46 64 293 310 478 791 853 302 202 415 214 
175 209 804 518 83 270 299 314 51 886 103 899 26 393 683 642 894 639 255 152 568 161 509 178 593 0 649 214 147 897 353 914 974 537 627 603 615 27 794 659 106 210 24 687 276 704 876 989 169 300 469 442 509 44 160 960 573 315 243 195 
699 332 95 439 657 308 298 572 829 937 447 947 945 119 236 429 18 754 526 648 746 911 305 1000 241 649 0 555 427 757 177 405 331 156 679 942 97 670 438 500 606 59 393 5 619 818 74 101 627 774 351 90 364 632 150 317 761 274 900 107 
34 377 428 306 85 745 440 572 300 105 265 348 903 351 18 495 458 521 242 97 520 987 996 309 889 214 555 0 840 970 581 238 792 290 327 761 786 223 854 412 508 219 250 519 833 867 975 154 590 786 650 614 235 805 656 339 511 850 417 47 
450 351 620 937 981 461 595 250 600 50 109 824 390 412 987 262 904 604 960 857 944 75 405 450 680 147 427 840 0 993 960 928 9 715 717 910 421 962 569 427 176 587 359 834 287 340 581 515 979 676 996 433 966 983 439 877 942 780 72 370 
281 265 497 468 709 930 960 970 820 589 853 167 469 871 776 674 431 3 925 302 29 583 900 862 159 897 757 970 993 0 534 66 339 271 38 50 453 741 481 987 784 521 872 452 354 527 680 854 449 223 147 384 957 36 141 396 207 700 527 405 
861 936 921 102 414 4 258 172 698 222 627 181 900 474 844 259 102 807 396 806 808 807 89 340 279 353 177 581 960 534 0 778 208 936 257 267 631 755 158 578 66 484 502 258 875 823 962 507 607 693 236 539 118 470 112 186 905 864 613 649 
271 255 211 254 985 839 997 939 732 518 270 509 48 337 808 40 384 78 528 481 421 598 432 639 406 914 405 238 928 66 778 0 631 535 809 226 291 448 190 478 235 622 837 715 944 589 950 748 66 552 680 727 208 757 180 701 189 673 173 525 
523 487 94 654 814 939 565 436 635 410 127 911 303 266 425 652 413 357 583 650 14 29 153 149 130 974 331 792 9 339 208 631 0 980 494 33 848 289 291 360 683 628 441 773 974 251 533 313 174 825 372 595 498 868 987 985 368 561 328 654 
849 156 897 299 646 408 590 109 199 650 980 165 680 120 955 442 895 908 510 225 412 925 193 361 140 537 156 290 715 271 936 535 980 0 92 834 189 312 477 708 711 930 249 398 14 454 97 909 877 790 789 439 219 405 646 454 315 760 282 925 
206 391 71 539 14 618 715 64 420 16 617 456 668 771 787 941 565 44 991 248 403 683 792 161 307 627 679 327 717 38 257 809 494 92 0 875 769 135 289 672 452 218 354 351 961 278 15 195 972 536 941 574 979 430 846 106 884 450 966 561 
863 790 579 363 389 337 509 323 96 537 812 945 802 779 272 924 646 289 17 712 863 426 84 292 733 603 942 761 910 50 267 226 33 834 875 0 232 954 594 528 931 288 596 268 211 765 59 597 299 167 819 664 283 455 793 664 530 156 356 141 
433 196 211 310 122 64 453 565 349 162 815 438 434 206 191 490 762 862 505 912 338 221 262 825 628 615 97 786 421 453 631 291 848 189 769 232 0 201 157 480 61 766 389 333 788 550 241 466 824 540 140 310 693 920 178 164 986 181 292 284 
191 487 942 108 361 48 571 650 122 246 187 334 370 851 363 341 259 653 266 56 125 435 107 461 19 27 670 223 962 741 755 448 289 312 135 954 201 0 881 608 773 258 927 87 369 945 190 650 640 824 445 580 684 277 358 583 112 514 995 504 
59 55 295 451 820 305 843 361 641 539 958 828 297 326 934 895 493 525 212 139 442 555 843 1000 460 794 438 854 569 481 158 190 291 477 289 594 157 881 0 545 896 498 400 936 675 548 170 469 615 258 616 947 387 183 994 496 863 478 646 21 
208 735 423 169 7 420 725 273 724 886 903 921 872 184 396 640 655 768 889 320 970 504 179 472 489 659 500 412 427 987 578 478 360 708 672 528 480 608 545 0 533 510 333 968 442 820 568 244 707 312 802 76 426 115 892 719 811 871 344 35 
194 788 774 142 22 107 192 539 779 829 783 31 187 407 506 797 186 847 370 296 559 998 566 378 571 106 606 508 176 784 66 235 683 711 452 931 61 773 896 533 0 30 987 66 91 133 208 61 968 928 873 74 411 245 359 559 529 91 396 291 
771 323 670 512 168 328 932 842 142 43 577 34 369 837 893 885 137 680 259 677 416 660 851 203 496 210 59 219 587 521 484 622 628 930 218 288 766 258 498 510 30 0 787 546 824 26 404 358 864 178 434 665 306 122 304 113 701 39 687 966 
424 172 376 238 436 358 825 172 364 997 373 286 125 184 119 806 94 423 804 233 137 855 267 567 325 24 393 250 359 872 502 837 441 249 354 596 389 927 400 333 987 787 0 921 677 947 701 276 344 982 524 12 230 88 765 332 17 142 779 606 
665 17 402 831 275 452 422 328 393 158 935 497 895 895 870 606 192 884 679 672 686 985 638 729 98 687 5 519 834 452 258 715 773 398 351 268 333 87 936 968 66 546 921 0 753 481 276 344 373 454 293 441 891 723 757 611 962 952 476 509 
966 193 695 453 505 623 564 585 793 313 534 720 706 750 798 466 499 707 535 302 338 422 826 563 158 276 619 833 287 354 875 944 974 14 961 211 788 369 675 442 91 824 677 753 0 128 526 628 299 797 830 661 178 409 737 650 176 3 94 222 
584 527 776 783 369 139 574 808 550 870 129 803 147 841 414 923 926 259 78 183 969 993 674 950 303 704 818 867 340 527 823 589 251 454 278 765 550 945 548 820 133 26 947 481 128 0 390 65 945 430 180 635 68 733 497 997 829 259 630 783 
608 622 933 156 55 993 750 740 309 57 455 201 842 12 525 39 600 3 660 743 983 504 789 258 166 876 74 975 581 680 962 950 533 97 15 59 241 190 170 568 208 404 701 276 526 390 0 250 941 292 307 380 366 38 175 834 697 160 913 581 
324 984 530 215 873 925 851 162 968 946 918 841 106 966 997 795 362 187 9 962 125 604 876 312 552 989 101 154 515 854 507 748 313 909 195 597 466 650 469 244 61 358 276 344 628 65 250 0 550 963 974 558 797 950 928 762 940 873 309 48 
960 924 852 292 473 894 83 673 477 61 67 454 156 537 446 293 96 756 596 919 596 156 836 784 79 169 627 590 979 449 607 66 174 877 972 299 824 640 615 707 968 864 344 373 299 945 941 550 0 732 97 350 224 3 471 757 933 690 589 999 
37 330 115 65 958 385 837 490 259 767 620 129 702 895 968 122 123 525 287 350 2 654 846 86 46 300 774 786 676 223 693 552 825 790 536 167 540 824 258 312 928 178 982 454 797 430 292 963 732 0 512 543 53 750 85 805 249 339 664 934 
563 27 395 395 294 466 409 768 285 983 564 34 128 898 815 138 329 646 556 199 957 471 904 700 64 469 351 650 996 147 236 680 372 789 941 819 140 445 616 802 873 434 524 293 830 180 307 974 97 512 0 722 744 968 977 412 298 772 421 282 
368 633 408 237 95 733 601 582 545 573 463 964 326 576 757 272 584 448 1000 684 75 741 738 154 293 442 90 614 433 384 539 727 595 439 574 664 310 580 947 76 74 665 12 441 661 635 380 558 350 543 722 0 462 713 842 462 866 283 370 55 
147 276 800 727 780 18 517 787 773 763 560 719 819 961 226 884 903 44 944 985 103 428 709 898 310 509 364 235 966 957 118 208 498 219 979 283 693 684 387 426 411 306 230 891 178 68 366 797 224 53 744 462 0 783 797 552 412 657 606 601 
972 532 272 322 551 975 178 702 333 26 524 726 900 580 974 845 402 977 822 131 575 298 806 717 478 44 632 805 983 36 470 757 868 405 430 455 920 277 183 115 245 122 88 723 409 733 38 950 3 750 968 713 783 0 287 975 636 475 255 453 
883 852 736 889 519 851 990 183 832 501 518 575 348 904 535 860 651 976 296 250 618 702 975 742 791 160 150 656 439 141 112 180 987 646 846 793 178 358 994 892 359 304 765 757 737 497 175 928 471 85 977 842 797 287 0 659 546 343 87 155 
422 269 681 750 179 126 548 357 823 777 492 945 542 213 929 982 157 650 431 789 63 467 604 568 853 960 317 339 877 396 186 701 985 454 106 664 164 583 496 719 559 113 332 611 650 997 834 762 757 805 412 462 552 975 659 0 464 901 394 192 
753 566 203 440 925 40 737 587 790 963 209 578 36 348 340 629 579 557 278 791 887 919 667 345 302 573 761 511 942 207 905 189 368 315 884 530 986 112 863 811 529 701 17 962 176 829 697 940 933 249 298 866 412 636 546 464 0 234 80 509 
648 850 233 610 456 298 454 969 728 661 678 921 226 729 753 158 448 938 395 910 915 49 686 409 202 315 274 850 780 700 864 673 561 760 450 156 181 514 478 871 91 39 142 952 3 259 160 873 690 339 772 283 657 475 343 901 234 0 789 605 
248 744 934 156 745 768 770 333 692 995 301 488 997 713 454 345 42 59 675 613 170 88 403 22 415 243 900 417 72 527 613 173 328 282 966 356 292 995 646 344 396 687 779 476 94 630 913 309 589 664 421 370 606 255 87 394 80 789 0 25 
485 374 629 532 482 552 189 928 509 712 437 530 854 253 946 170 202 214 700 536 407 726 133 967 214 195 107 47 370 405 649 525 654 925 561 141 284 504 21 35 291 966 606 509 222 783 581 48 999 934 282 55 601 453 155 192 509 605 25 0 
0 412 856 617 207 300 392 876 393 579 667 682 75 630 857 781 588 921 232 885 371 95 559 361 344 871 115 740 301 822 231 355 618 165 982 61 655 870 336 441 128 99 797 836 5 591 380 483 334 521 798 453 283 90 164 715 807 290 956 506 
412 0 315 563 761 726 218 781 410 825 914 159 624 166 395 943 544 97 935 57 596 505 10 925 499 350 115 567 458 788 494 932 847 585 303 487 686 598 925 872 215 736 346 737 877 442 438 233 345 434 699 267 240 353 298 631 619 98 168 789 
856 315 0 691 412 263 513 186 877 911 361 637 293 166 166 733 126 381 717 957 475 239 833 961 602 181 945 692 468 627 219 747 575 451 914 945 778 467 796 936 393 504 813 65 590 20 154 593 107 508 972 163 806 431 169 787 699 532 92 456 
617 563 691 0 920 472 397 5 211 47 595 409 388 322 699 449 578 158 467 575 435 341 658 507 336 740 82 492 190 847 653 785 58 345 490 719 277 420 55 77 889 496 468 98 861 72 569 892 42 964 248 399 100 357 521 676 867 559 833 162 
207 761 412 920 0 353 606 51 504 523 344 407 171 407 73 644 364 625 814 572 760 274 11 751 685 747 464 395 265 30 350 187 33 220 263 615 724 578 767 923 757 287 758 129 449 724 970 214 71 528 709 772 381 124 373 654 501 927 238 713 
300 726 263 472 353 0 215 724 437 449 85 513 732 162 76 706 732 266 200 216 936 134 261 663 541 639 530 597 553 516 702 463 331 898 304 294 980 281 815 422 983 471 87 559 398 590 102 278 103 715 200 268 727 339 270 380 669 843 259 421 
392 218 513 397 606 215 0 260 18 345 64 407 450 697 359 467 218 373 36 338 893 743 332 373 631 664 778 517 311 220 737 397 455 749 165 881 967 890 116 451 805 692 332 547 472 741 954 256 671 417 92 261 269 347 284 868 91 276 280 688 
876 781 186 5 51 724 260 0 842 58 826 226 160 306 376 678 573 701 341 664 935 262 214 402 215 817 799 940 304 94 893 785 793 875 520 865 193 706 558 662 441 67 529 438 396 165 477 952 545 462 680 329 243 852 601 595 287 147 453 701 
393 410 877 211 504 437 18 842 0 199 395 753 378 14 298 476 981 371 113 801 742 957 382 313 403 614 564 708 503 152 131 178 163 945 604 688 767 820 499 828 211 967 334 612 626 765 757 249 255 254 518 223 236 666 590 189 680 476 513 428 
579 825 911 47 523 449 345 58 199 0 554 82 703 837 147 851 375 332 48 59 821 607 529 966 779 209 172 719 546 59 505 252 481 965 482 858 434 572 268 18 166 465 441 828 669 64 980 375 616 754 2 456 171 921 548 564 249 276 117 147 
667 914 361 595 344 85 64 826 395 554 0 17 936 952 743 891 903 435 828 865 190 902 230 230 209 507 947 115 995 781 668 682 709 58 496 551 299 655 655 53 411 571 439 137 559 663 563 73 600 582 963 154 637 390 483 579 584 424 283 278 
682 159 637 409 407 513 407 226 753 82 17 0 213 285 706 647 256 422 123 365 251 379 39 526 323 420 537 544 397 718 551 391 317 947 905 8 702 387 665 367 717 735 334 691 120 137 289 250 829 823 745 384 617 370 932 204 660 266 356 125 
75 624 293 388 171 732 450 160 378 703 936 213 0 823 173 972 77 630 749 331 533 747 772 874 288 600 243 225 285 911 370 508 567 667 374 165 556 719 349 445 928 707 327 191 450 709 331 589 702 40 701 347 366 432 779 64 951 846 183 883 
630 166 166 322 407 162 697 306 14 837 952 285 823 0 815 463 731 785 401 374 627 41 476 375 526 634 850 133 111 391 908 575 242 890 179 134 561 221 700 917 408 414 156 303 806 516 391 199 335 815 35 272 239 292 456 589 440 681 269 985 
857 395 166 699 73 76 359 376 298 147 743 706 173 815 0 633 351 991 943 243 304 800 633 803 754 12 333 846 11 735 117 216 539 140 86 538 715 726 313 794 809 61 342 170 131 828 56 4 287 628 31 630 580 92 386 600 607 619 158 325 
781 943 733 449 644 706 467 678 476 851 891 647 972 463 633 0 996 868 656 437 803 812 671 97 811 548 561 591 691 736 942 615 514 665 49 321 377 181 654 737 318 231 278 254 733 287 970 89 505 389 709 468 791 194 571 379 777 868 754 754 
588 544 126 578 364 732 218 573 981 375 903 256 77 731 351 996 0 876 619 434 516 327 850 62 960 337 496 586 139 605 975 841 840 321 259 552 248 815 788 88 578 394 778 990 174 934 344 807 43 905 501 320 251 738 120 625 658 688 896 650 
921 97 381 158 625 266 373 701 371 332 435 422 630 785 991 868 876 0 225 766 730 715 863 671 711 388 181 725 115 546 140 446 219 170 689 256 248 509 728 701 455 81 294 80 462 430 748 920 397 402 575 458 889 606 65 564 20 5 696 529 
232 935 717 467 814 200 36 341 113 48 828 123 749 401 943 656 619 225 0 284 220 793 337 104 751 665 786 868 80 286 224 654 732 516 122 547 218 505 411 230 896 749 50 523 404 542 514 674 920 302 759 278 352 462 288 72 103 44 740 341 
885 57 957 575 572 216 338 664 801 59 865 365 331 374 243 437 434 766 284 0 712 414 617 666 16 778 575 498 495 484 691 989 754 854 847 120 206 563 664 870 858 966 442 541 925 316 265 262 925 666 874 502 637 908 869 16 679 51 405 12 
371 596 475 435 760 936 893 935 742 821 190 251 533 627 304 803 516 730 220 712 0 823 300 412 556 472 247 662 342 588 2 334 877 349 952 54 901 610 666 445 993 881 788 116 435 168 144 297 54 696 378 598 894 297 233 503 626 532 830 67 
95 505 239 341 274 134 743 262 957 607 902 379 747 41 800 812 327 715 793 414 823 0 143 129 695 825 869 222 740 922 416 384 581 237 21 913 929 473 498 731 220 198 97 519 417 29 835 736 583 690 190 258 377 776 376 487 116 865 545 535 
559 10 833 658 11 261 332 214 382 529 230 39 772 476 633 671 850 863 337 617 300 143 0 422 756 86 234 100 770 109 602 620 270 464 465 241 699 975 316 578 912 723 818 397 113 615 597 286 671 203 99 201 603 212 484 335 353 470 511 565 
361 925 961 507 751 663 373 402 313 966 230 526 874 375 803 97 62 671 104 666 412 129 422 0 711 457 67 516 667 510 239 305 657 779 63 130 451 696 75 879 435 162 431 332 566 25 874 85 84 316 17 662 79 244 812 469 47 712 824 55 
344 499 602 336 685 541 631 215 403 779 209 323 288 526 754 811 960 711 751 16 556 695 756 711 0 227 468 471 605 830 203 700 955 468 146 52 402 837 787 158 995 494 727 521 263 607 534 634 904 976 352 648 940 984 288 400 484 769 285 980 
871 350 181 740 747 639 664 817 614 209 507 420 600 634 12 548 337 388 665 778 472 825 86 457 227 0 482 892 925 202 699 448 572 356 762 722 824 708 147 588 863 870 753 155 382 275 328 291 904 585 729 304 841 995 451 249 934 740 629 843 
115 115 945 82 464 530 778 799 564 172 947 537 243 850 333 561 496 181 786 575 247 869 234 67 468 482 0 506 691 290 795 773 734 640 470 239 893 296 278 588 915 873 396 666 407 214 966 37 774 331 963 209 648 197 734 525 55 399 233 607 
740 567 692 492 395 597 517 940 708 719 115 544 225 133 846 591 586 725 868 498 662 222 100 516 471 892 506 0 179 8 733 939 88 658 381 69 334 888 191 601 935 637 630 799 364 238 285 926 566 918 356 546 392 335 245 235 272 281 783 797 
301 458 468 190 265 553 311 304 503 546 995 397 285 111 11 691 139 115 80 495 342 740 770 667 605 925 691 179 0 343 272 347 684 625 522 533 127 600 637 880 765 778 15 610 692 243 45 814 216 728 31 518 78 863 713 19 145 346 115 983 
822 788 627 847 30 516 220 94 152 59 781 718 911 391 735 736 605 546 286 484 588 922 109 510 830 202 290 8 343 0 940 700 996 735 841 212 438 483 183 454 64 706 345 822 914 368 838 483 367 998 573 100 55 523 775 394 626 403 1000 933 
231 494 219 653 350 702 737 893 131 505 668 551 370 908 117 942 975 140 224 691 2 416 602 239 203 699 795 733 272 940 0 285 586 337 431 427 287 330 501 728 867 627 557 345 347 198 302 350 76 691 491 789 839 429 703 83 470 515 507 77 
355 932 747 785 187 463 397 785 178 252 682 391 508 575 216 615 841 446 654 989 334 384 620 305 700 448 773 939 347 700 285 0 527 523 586 827 950 947 325 98 661 522 260 169 725 509 542 572 776 598 576 407 234 879 943 418 955 345 724 341 
618 847 575 58 33 331 455 793 163 481 709 317 567 242 539 514 840 219 732 754 877 581 270 657 955 572 734 88 684 996 586 527 0 148 944 801 477 756 414 993 566 601 569 448 20 368 568 937 566 385 973 626 789 306 375 116 760 370 977 672 
165 585 451 345 220 898 749 875 945 965 58 947 667 890 140 665 321 170 516 854 349 237 464 779 468 356 640 658 625 735 337 523 148 0 391 418 625 590 516 938 279 201 894 968 485 431 722 526 87 59 781 576 899 708 234 232 958 227 982 388 
982 303 914 490 263 304 165 520 604 482 496 905 374 179 86 49 259 689 122 847 952 21 465 63 146 762 470 381 522 841 431 586 944 391 0 330 416 782 844 201 346 505 776 966 95 845 991 372 645 792 289 353 138 365 497 778 530 73 427 770 
61 487 945 719 615 294 881 865 688 858 551 8 165 134 538 321 552 256 547 120 54 913 241 130 52 722 239 69 533 212 427 827 801 418 330 0 828 290 183 586 590 295 904 816 780 402 595 815 728 763 472 610 480 661 320 296 776 898 785 918 
655 686 778 277 724 980 967 193 767 434 299 702 556 561 715 377 248 248 218 206 901 929 699 451 402 824 893 334 127 438 287 950 477 625 416 828 0 302 686 605 757 328 863 132 497 388 413 131 157 191 741 713 41 508 716 909 370 751 614 819 
870 598 467 420 578 281 890 706 820 572 655 387 719 221 726 181 815 509 505 563 610 473 975 696 837 708 296 888 600 483 330 947 756 590 782 290 302 0 72 514 468 872 288 630 249 329 461 139 160 580 153 181 816 309 540 361 127 253 374 845 
336 925 796 55 767 815 116 558 499 268 655 665 349 700 313 654 788 728 411 664 666 498 316 75 787 147 278 191 637 183 501 325 414 516 844 183 686 72 0 256 522 782 476 405 556 978 984 502 502 153 504 518 133 320 98 432 783 509 536 649 
441 872 936 77 923 422 451 662 828 18 53 367 445 917 794 737 88 701 230 870 445 731 578 879 158 588 588 601 880 454 728 98 993 938 201 586 605 514 256 0 571 178 627 122 404 285 244 999 587 967 136 385 570 429 661 524 195 330 548 783 
128 215 393 889 757 983 805 441 211 166 411 717 928 408 809 318 578 455 896 858 993 220 912 435 995 863 915 935 765 64 867 661 566 279 346 590 757 468 522 571 0 761 668 878 538 535 393 731 555 207 615 896 967 797 970 801 815 282 659 828 
99 736 504 496 287 471 692 67 967 465 571 735 707 414 61 231 394 81 749 966 881 198 723 162 494 870 873 637 778 706 627 522 601 201 505 295 328 872 782 178 761 0 409 545 193 641 450 208 260 442 523 310 576 849 823 370 288 624 538 78 
797 346 813 468 758 87 332 529 334 441 439 334 327 156 342 278 778 294 50 442 788 97 818 431 727 753 396 630 15 345 557 260 569 894 776 904 863 288 476 627 668 409 0 255 561 45 239 869 414 138 856 823 606 638 215 635 629 849 706 109 
836 737 65 98 129 559 547 438 612 828 137 691 191 303 170 254 990 80 523 541 116 519 397 332 521 155 666 799 610 822 345 169 448 968 966 816 132 630 405 122 878 545 255 0 351 831 650 370 789 904 651 644 364 2 176 379 408 129 425 20 
5 877 590 861 449 398 472 396 626 669 559 120 450 806 131 733 174 462 404 925 435 417 113 566 263 382 407 364 692 914 347 725 20 485 95 780 497 249 556 404 538 193 561 351 0 576 283 403 413 497 519 661 721 124 493 418 601 902 794 555 
591 442 20 72 724 590 741 165 765 64 663 137 709 516 828 287 934 430 542 316 168 29 615 25 607 275 214 238 243 368 198 509 368 431 845 402 388 329 978 285 535 641 45 831 576 0 591 868 258 771 772 394 856 927 401 160 188 722 183 66 
380 438 154 569 970 102 954 477 757 980 563 289 331 391 56 970 344 748 514 265 144 835 597 874 534 328 966 285 45 838 302 542 568 722 991 595 413 461 984 244 393 450 239 650 283 591 0 956 263 448 748 897 726 217 885 215 993 396 144 479 
483 233 593 892 214 278 256 952 249 375 73 250 589 199 4 89 807 920 674 262 297 736 286 85 634 291 37 926 814 483 350 572 937 526 372 815 131 139 502 999 731 208 869 370 403 868 956 0 705 281 355 561 564 183 238 67 526 140 667 994 
334 345 107 42 71 103 671 545 255 616 600 829 702 335 287 505 43 397 920 925 54 583 671 84 904 904 774 566 216 367 76 776 566 87 645 728 157 160 502 587 555 260 414 789 413 258 263 705 0 674 858 984 907 165 295 140 433 219 287 10 
521 434 508 964 528 715 417 462 254 754 582 823 40 815 628 389 905 402 302 666 696 690 203 316 976 585 331 918 728 998 691 598 385 59 792 763 191 580 153 967 207 442 138 904 497 771 448 281 674 0 126 280 445 100 820 428 592 756 344 537 
798 699 972 248 709 200 92 680 518 2 963 745 701 35 31 709 501 575 759 874 378 190 99 17 352 729 963 356 31 573 491 576 973 781 289 472 741 153 504 136 615 523 856 651 519 772 748 355 858 126 0 432 859 78 296 733 605 413 700 804 
453 267 163 399 772 268 261 329 223 456 154 384 347 272 630 468 320 458 278 502 598 258 201 662 648 304 209 546 518 100 789 407 626 576 353 610 713 181 518 385 896 310 823 644 661 394 897 561 984 280 432 0 850 895 540 793 206 486 395 479 
283 240 806 100 381 727 269 243 236 171 637 617 366 239 580 791 251 889 352 637 894 377 603 79 940 841 648 392 78 55 839 234 789 899 138 480 41 816 133 570 967 576 606 364 721 856 726 564 907 445 859 850 0 638 265 284 904 553 274 288 
90 353 431 357 124 339 347 852 666 921 390 370 432 292 92 194 738 606 462 908 297 776 212 244 984 995 197 335 863 523 429 879 306 708 365 661 508 309 320 429 797 849 638 2 124 927 217 183 165 100 78 895 638 0 775 850 38 544 641 853 
164 298 169 521 373 270 284 601 590 548 483 932 779 456 386 571 120 65 288 869 233 376 484 812 288 451 734 245 713 775 703 943 375 234 497 320 716 540 98 661 970 823 215 176 493 401 885 238 295 820 296 540 265 775 0 82 952 266 935 571 
715 631 787 676 654 380 868 595 189 564 579 204 64 589 600 379 625 564 72 16 503 487 335 469 400 249 525 235 19 394 83 418 116 232 778 296 909 361 432 524 801 370 635 379 418 160 215 67 140 428 733 793 284 850 82 0 64 131 801 373 
807 619 699 867 501 669 91 287 680 249 584 660 951 440 607 777 658 20 103 679 626 116 353 47 484 934 55 272 145 626 470 955 760 958 530 776 370 127 783 195 815 288 629 408 601 188 993 526 433 592 605 206 904 38 952 64 0 218 986 472 
290 98 532 559 927 843 276 147 476 276 424 266 846 681 619 868 688 5 44 51 532 865 470 712 769 740 399 281 346 403 515 345 370 227 73 898 751 253 509 330 282 624 849 129 902 722 396 140 219 756 413 486 553 544 266 131 218 0 972 310 
956 168 92 833 238 259 280 453 513 117 283 356 183 269 158 754 896 696 740 405 830 545 511 824 285 629 233 783 115 1000 507 724 977 982 427 785 614 374 536 548 659 538 706 425 794 183 144 667 287 344 700 395 274 641 935 801 986 972 0 945 
506 789 456 162 713 421 688 701 428 147 278 125 883 985 325 754 650 529 341 12 67 535 565 55 980 843 607 797 983 933 77 341 672 388 770 918 819 845 649 783 828 78 109 20 555 66 479 994 10 537 804 479 288 853 571 373 472 310 945 0 
0 276 461 705 812 523 428 979 359 218 785 798 435 219 323 919 743 607 211 35 160 546 268 82 986 380 202 928 724 657 454 826 200 88 309 180 395 688 741 694 711 387 226 528 109 527 77 985 520 892 142 334 819 322 773 564 190 205 862 488 
276 0 272 82 366 852 634 942 533 797 535 883 692 721 274 128 672 108 716 85 206 38 32 753 319 265 345 221 994 815 253 509 960 209 532 492 479 305 342 589 62 487 855 639 887 549 634 723 137 506 711 607 971 675 127 985 326 843 136 472 
461 272 0 406 146 938 296 449 756 659 900 910 141 193 183 703 132 86 392 967 446 559 690 855 467 134 530 319 192 815 681 568 831 84 701 188 718 25 58 578 659 634 623 529 81 186 371 265 303 749 152 399 713 960 325 2 344 138 638 337 
705 82 406 0 835 39 345 365 916 139 303 416 569 639 385 417 806 841 270 934 579 634 979 532 408 431 374 747 482 684 770 621 833 721 498 818 730 842 978 440 889 185 945 25 412 982 812 651 634 645 748 785 74 718 49 568 775 834 939 337 
812 366 146 835 0 35 1000 843 741 116 547 749 601 863 519 112 801 632 525 831 354 703 75 796 916 794 336 381 902 452 259 750 212 147 876 457 672 767 404 840 960 738 364 712 835 455 761 324 393 592 875 947 166 838 503 240 720 153 267 164 
523 852 938 39 35 0 864 658 2 962 61 82 96 467 858 344 910 7 559 478 889 865 347 932 263 947 643 80 314 236 842 381 814 975 309 532 722 726 417 939 896 411 881 285 170 352 188 306 257 601 408 366 407 150 196 880 862 438 258 820 
428 634 296 345 1000 864 0 878 317 687 348 355 855 901 623 757 191 43 458 636 386 473 947 777 808 154 697 115 259 809 512 346 254 825 454 2 317 335 628 906 702 87 603 29 690 686 255 267 203 195 85 814 620 900 153 219 582 988 233 831 
979 942 449 365 843 658 878 0 395 505 713 142 106 603 726 395 871 945 121 257 506 115 257 311 47 617 588 65 719 571 983 647 315 390 871 429 330 463 29 831 594 65 619 794 289 502 395 995 203 616 16 692 555 381 378 612 388 477 519 237 
359 533 756 916 741 2 317 395 0 194 593 989 650 99 223 381 509 181 81 516 999 308 609 160 950 969 522 769 640 66 416 693 320 399 764 633 723 907 168 57 276 578 774 44 615 525 325 67 135 391 471 670 76 264 17 888 97 387 595 674 
218 797 659 139 116 962 687 505 194 0 719 672 966 526 94 989 273 659 243 921 222 758 947 184 538 423 33 947 910 630 582 329 779 494 954 646 671 443 722 16 35 764 525 825 245 514 494 82 861 348 214 96 759 477 93 715 421 464 483 23 
785 535 900 303 547 61 348 713 593 719 0 655 652 652 471 22 662 325 207 626 930 942 418 312 54 759 271 401 680 448 675 281 870 227 605 209 315 441 215 179 710 702 260 329 33 426 201 235 540 839 690 344 400 441 68 363 726 169 398 647 
798 883 910 416 749 82 355 142 989 672 655 0 675 188 959 727 106 366 387 614 995 154 702 2 898 359 416 615 231 503 337 365 144 187 655 73 899 716 426 339 811 871 600 558 199 225 632 188 358 537 583 281 293 418 237 341 523 292 557 536 
435 692 141 569 601 96 855 106 650 966 652 675 0 337 397 786 895 146 592 223 459 136 33 822 381 707 766 181 202 275 113 742 429 533 576 564 603 204 931 573 902 302 779 418 74 811 486 659 906 438 550 658 475 105 830 618 502 216 142 147 
219 721 193 639 863 467 901 603 99 526 652 188 337 0 503 263 296 409 354 437 272 187 836 575 264 939 613 558 665 472 379 777 358 171 984 773 711 623 354 440 658 601 584 73 72 803 419 364 136 38 234 105 493 595 546 863 926 161 254 430 
323 274 183 385 519 858 623 726 223 94 471 959 397 503 0 713 564 625 431 244 650 646 98 186 382 30 552 677 31 319 273 39 839 6 78 872 318 84 266 184 606 149 704 249 156 494 643 148 703 276 495 320 625 151 490 249 273 143 890 79 
919 128 703 417 112 344 757 395 381 989 22 727 786 263 713 0 892 800 741 569 64 822 310 282 525 264 89 581 205 332 805 891 6 402 725 289 924 620 581 493 247 573 850 655 27 54 275 695 925 398 564 196 363 24 563 50 568 949 528 853 
743 672 132 806 801 910 191 871 509 273 662 106 895 296 564 892 0 804 828 132 512 736 802 517 914 777 848 906 216 18 657 438 503 241 944 577 671 819 476 672 726 1000 791 818 106 212 633 683 755 642 709 81 31 850 126 176 407 422 804 673 
607 108 86 841 632 7 43 945 181 659 325 366 146 409 625 800 804 0 287 865 412 624 210 755 1 2 277 398 778 684 174 867 813 303 709 579 739 854 397 243 450 531 333 255 515 85 863 646 536 642 356 392 864 246 488 173 740 139 67 718 
211 716 392 270 525 559 458 121 81 243 207 387 592 354 431 741 828 287 0 197 277 420 356 421 707 754 196 253 529 554 357 558 272 301 566 710 514 580 634 156 685 585 574 100 831 980 751 407 813 936 619 280 15 113 887 557 21 703 820 468 
35 85 967 934 831 478 636 257 516 921 626 614 223 437 244 569 132 865 197 0 963 169 739 423 987 349 789 944 29 523 174 488 520 582 282 267 370 717 602 641 826 304 312 255 371 854 335 257 233 618 559 527 7 256 898 884 230 559 931 506 
160 206 446 579 354 889 386 506 999 222 930 995 459 272 650 64 512 412 277 963 0 735 825 500 834 988 449 360 659 995 519 611 855 403 497 155 417 600 663 321 249 853 116 780 825 197 276 955 387 967 175 901 590 89 531 769 6 142 468 658 
546 38 559 634 703 865 473 115 308 758 942 154 136 187 646 822 736 624 420 169 735 0 185 635 842 600 533 529 627 777 236 64 505 464 1 623 340 876 712 587 156 388 450 405 774 284 605 825 430 649 841 116 648 70 709 84 189 836 754 870 
268 32 690 979 75 347 947 257 609 947 418 702 33 836 98 310 802 210 356 739 825 185 0 269 901 809 396 243 597 229 984 362 754 505 359 823 605 681 162 550 737 430 648 688 187 181 9 610 85 425 563 626 153 808 287 336 413 256 971 913 
82 753 855 532 796 932 777 311 160 184 312 2 822 575 186 282 517 755 421 423 500 635 269 0 309 246 231 488 447 233 496 261 750 613 926 692 214 404 131 574 792 835 507 557 795 278 1000 570 364 658 440 730 484 993 390 245 692 83 960 284 
986 319 467 408 916 263 808 47 950 538 54 898 381 264 382 525 914 1 707 987 834 842 901 309 0 768 872 755 492 476 914 494 89 511 133 289 477 819 512 673 407 267 366 726 834 252 765 682 867 420 967 629 677 17 444 101 636 744 495 461 
380 265 134 431 794 947 154 617 969 423 759 359 707 939 30 264 777 2 754 349 988 600 809 246 768 0 473 367 808 227 266 176 118 605 156 557 657 759 391 485 414 991 778 137 818 441 283 378 570 462 428 398 399 474 802 270 800 961 156 330 
202 345 530 374 336 643 697 588 522 33 271 416 766 613 552 89 848 277 196 789 449 533 396 231 872 473 0 222 865 212 880 382 989 837 734 910 842 649 959 488 114 875 443 591 135 934 847 941 815 450 618 741 226 401 448 964 421 283 277 390 
928 221 319 747 381 80 115 65 769 947 401 615 181 558 677 581 906 398 253 944 360 529 243 488 755 367 222 0 558 137 636 576 724 302 487 500 74 741 527 729 842 652 483 524 163 568 64 871 955 237 153 771 528 579 485 232 690 811 740 372 
724 994 192 482 902 314 259 719 640 910 680 231 202 665 31 205 216 778 529 29 659 627 597 447 492 808 865 558 0 664 218 139 409 373 866 62 960 426 140 848 758 537 796 64 525 786 249 426 229 152 81 149 240 45 85 224 363 413 996 482 
657 815 815 684 452 236 809 571 66 630 448 503 275 472 319 332 18 684 554 523 995 777 229 233 476 227 212 137 664 0 772 830 683 684 563 571 163 704 385 9 357 788 196 586 931 976 19 425 971 412 833 434 212 947 667 653 368 112 169 129 
454 253 681 770 259 842 512 983 416 582 675 337 113 379 273 805 657 174 357 174 519 236 984 496 914 266 880 636 218 772 0 256 568 371 951 718 541 362 731 793 874 232 819 270 145 276 141 912 397 765 870 807 582 588 812 489 320 369 747 563 
826 509 568 621 750 381 346 647 693 329 281 365 742 777 39 891 438 867 558 488 611 64 362 261 494 176 382 576 139 830 256 0 664 357 41 743 340 746 171 328 179 265 351 316 33 462 270 340 744 191 360 826 756 275 486 74 776 120 791 718 
200 960 831 833 212 814 254 315 320 779 870 144 429 358 839 6 503 813 272 520 855 505 754 750 89 118 989 724 409 683 568 664 0 249 484 825 320 725 366 622 514 394 988 15 127 864 368 517 895 20 582 295 590 502 553 650 311 1 963 252 
88 209 84 721 147 975 825 390 399 494 227 187 533 171 6 402 241 303 301 582 403 464 505 613 511 605 837 302 373 684 371 357 249 0 485 37 821 497 553 756 269 587 447 644 857 630 545 450 548 256 387 108 428 246 287 230 973 106 464 541 
309 532 701 498 876 309 454 871 764 954 605 655 576 984 78 725 944 709 566 282 497 1 359 926 133 156 734 487 866 563 951 41 484 485 0 23 174 450 796 626 414 635 426 478 416 641 978 697 44 460 60 887 288 204 38 825 648 515 971 997 
180 492 188 818 457 532 2 429 633 646 209 73 564 773 872 289 577 579 710 267 155 623 823 692 289 557 910 500 62 571 718 743 825 37 23 0 695 207 254 468 381 498 763 947 533 173 65 115 596 342 223 39 679 545 153 245 619 467 616 823 
395 479 718 730 672 722 317 330 723 671 315 899 603 711 318 924 671 739 514 370 417 340 605 214 477 657 842 74 960 163 541 340 320 821 174 695 0 417 751 284 532 519 972 780 345 301 912 655 42 515 874 670 281 271 905 681 87 607 673 614 
688 305 25 842 767 726 335 463 907 443 441 716 204 623 84 620 819 854 580 717 600 876 681 404 819 759 649 741 426 704 362 746 725 497 450 207 417 0 316 669 744 798 544 991 289 457 332 922 105 139 495 426 248 613 621 304 830 751 660 187 
741 342 58 978 404 417 628 29 168 722 215 426 931 354 266 581 476 397 634 602 663 712 162 131 512 391 959 527 140 385 731 171 366 553 796 254 751 316 0 818 154 980 460 67 629 613 828 405 399 869 236 290 460 793 229 510 26 660 429 38 
694 589 578 440 840 939 906 831 57 16 179 339 573 440 184 493 672 243 156 641 321 587 550 574 673 485 488 729 848 9 793 328 622 756 626 468 284 669 818 0 768 972 972 256 475 601 979 885 272 523 89 911 550 888 123 383 888 511 639 769 
711 62 659 889 960 896 702 594 276 35 710 811 902 658 606 247 726 450 685 826 249 156 737 792 407 414 114 842 758 357 874 179 514 269 414 381 532 744 154 768 0 845 271 311 75 559 674 989 341 802 232 882 704 760 862 302 240 752 758 762 
387 487 634 185 738 411 87 65 578 764 702 871 302 601 149 573 1000 531 585 304 853 388 430 835 267 991 875 652 537 788 232 265 394 587 635 498 519 798 980 972 845 0 64 814 663 847 836 934 328 558 529 197 885 287 663 638 34 991 719 206 
226 855 623 945 364 881 603 619 774 525 260 600 779 584 704 850 791 333 574 312 116 450 648 507 366 778 443 483 796 196 819 351 988 447 426 763 972 544 460 972 271 64 0 517 174 456 328 629 707 300 649 557 851 815 802 453 833 943 319 947 
528 639 529 25 712 285 29 794 44 825 329 558 418 73 249 655 818 255 100 255 780 405 688 557 726 137 591 524 64 586 270 316 15 644 478 947 780 991 67 256 311 814 517 0 265 129 668 459 631 660 911 912 222 628 526 360 376 546 254 841 
109 887 81 412 835 170 690 289 615 245 33 199 74 72 156 27 106 515 831 371 825 774 187 795 834 818 135 163 525 931 145 33 127 857 416 533 345 289 629 475 75 663 174 265 0 883 870 586 474 22 904 667 418 525 407 146 892 597 540 840 
527 549 186 982 455 352 686 502 525 514 426 225 811 803 494 54 212 85 980 854 197 284 181 278 252 441 934 568 786 976 276 462 864 630 641 173 301 457 613 601 559 847 456 129 883 0 692 447 518 834 412 406 209 451 101 258 35 670 155 55 
77 634 371 812 761 188 255 395 325 494 201 632 486 419 643 275 633 863 751 335 276 605 9 1000 765 283 847 64 249 19 141 270 368 545 978 65 912 332 828 979 674 836 328 668 870 692 0 719 175 644 931 224 831 697 773 270 429 650 12 763 
985 723 265 651 324 306 267 995 67 82 235 188 659 364 148 695 683 646 407 257 955 825 610 570 682 378 941 871 426 425 912 340 517 450 697 115 655 922 405 885 989 934 629 459 586 447 719 0 228 280 248 318 416 295 626 68 14 177 828 624 
520 137 303 634 393 257 203 203 135 861 540 358 906 136 703 925 755 536 813 233 387 430 85 364 867 570 815 955 229 971 397 744 895 548 44 596 42 105 399 272 341 328 707 631 474 518 175 228 0 325 869 690 589 507 659 2 383 9 283 247 
892 506 749 645 592 601 195 616 391 348 839 537 438 38 276 398 642 642 936 618 967 649 425 658 420 462 450 237 152 412 765 191 20 256 460 342 515 139 869 523 802 558 300 660 22 834 644 280 325 0 208 805 821 481 781 986 417 786 223 414 
142 711 152 748 875 408 85 16 471 214 690 583 550 234 495 564 709 356 619 559 175 841 563 440 967 428 618 153 81 833 870 360 582 387 60 223 874 495 236 89 232 529 649 911 904 412 931 248 869 208 0 944 170 277 575 739 389 532 567 196 
334 607 399 785 947 366 814 692 670 96 344 281 658 105 320 196 81 392 280 527 901 116 626 730 629 398 741 771 149 434 807 826 295 108 887 39 670 426 290 911 882 197 557 912 667 406 224 318 690 805 944 0 825 520 474 212 474 369 465 722 
819 971 713 74 166 407 620 555 76 759 400 293 475 493 625 363 31 864 15 7 590 648 153 484 677 399 226 528 240 212 582 756 590 428 288 679 281 248 460 550 704 885 851 222 418 209 831 416 589 821 170 825 0 173 226 540 796 268 257 585 
322 675 960 718 838 150 900 381 264 477 441 418 105 595 151 24 850 246 113 256 89 70 808 993 17 474 401 579 45 947 588 275 502 246 204 545 271 613 793 888 760 287 815 628 525 451 697 295 507 481 277 520 173 0 318 233 1 305 539 647 
773 127 325 49 503 196 153 378 17 93 68 237 830 546 490 563 126 488 887 898 531 709 287 390 444 802 448 485 85 667 812 486 553 287 38 153 905 621 229 123 862 663 802 526 407 101 773 626 659 781 575 474 226 318 0 695 371 610 932 614 
564 985 2 568 240 880 219 612 888 715 363 341 618 863 249 50 176 173 557 884 769 84 336 245 101 270 964 232 224 653 489 74 650 230 825 245 681 304 510 383 302 638 453 360 146 258 270 68 2 986 739 212 540 233 695 0 712 228 823 216 
190 326 344 775 720 862 582 388 97 421 726 523 502 926 273 568 407 740 21 230 6 189 413 692 636 800 421 690 363 368 320 776 311 973 648 619 87 830 26 888 240 34 833 376 892 35 429 14 383 417 389 474 796 1 371 712 0 483 473 575 
205 843 138 834 153 438 988 477 387 464 169 292 216 161 143 949 422 139 703 559 142 836 256 83 744 961 283 811 413 112 369 120 1 106 515 467 607 751 660 511 752 991 943 546 597 670 650 177 9 786 532 369 268 305 610 228 483 0 354 672 
862 136 638 939 267 258 233 519 595 483 398 557 142 254 890 528 804 67 820 931 468 754 971 960 495 156 277 740 996 169 747 791 963 464 971 616 673 660 429 639 758 719 319 254 540 155 12 828 283 223 567 465 257 539 932 823 473 354 0 284 
488 472 337 337 164 820 831 237 674 23 647 536 147 430 79 853 673 718 468 506 658 870 913 284 461 330 390 372 482 129 563 718 252 541 997 823 614 187 38 769 762 206 947 841 840 55 763 624 247 414 196 722 585 647 614 216 575 672 284 0 
0 410 540 870 280 157 230 562 278 187 684 954 201 588 592 972 602 231 237 447 644 486 192 833 760 837 315 634 578 877 51 799 972 425 884 418 693 749 741 402 608 373 153 468 564 672 262 845 217 657 593 501 890 77 119 731 611 145 903 266 
410 0 189 393 303 911 173 682 880 544 49 53 590 732 62 140 676 766 637 339 824 422 18 922 792 653 501 339 643 599 506 742 516 668 467 439 709 760 566 762 476 458 444 949 655 616 552 212 270 539 530 906 758 488 259 449 621 628 201 863 
540 189 0 290 283 519 456 336 408 621 785 599 545 83 513 592 185 507 364 688 430 65 990 128 46 385 748 450 303 386 35 485 810 7 354 236 997 290 359 557 284 134 412 55 235 463 687 580 582 984 723 790 121 562 497 871 399 518 444 753 
870 393 290 0 509 492 517 387 241 117 228 607 464 227 546 114 367 38 489 484 842 790 450 587 189 330 889 615 292 287 445 706 49 405 324 298 502 766 875 541 528 310 740 182 438 284 445 959 530 722 850 783 411 429 116 670 480 580 309 320 
280 303 283 509 0 174 752 829 861 788 416 583 52 702 621 399 229 751 895 531 629 189 369 834 875 552 478 412 98 442 797 190 551 648 419 455 879 48 553 857 765 378 182 983 91 863 569 627 354 461 377 745 590 342 725 772 39 761 598 672 
157 911 519 492 174 0 959 720 25 841 227 480 600 767 754 941 409 479 580 171 582 350 463 868 649 461 354 597 689 412 642 248 89 776 330 542 545 807 75 596 957 947 511 755 312 900 51 264 728 239 922 695 163 451 188 854 830 347 583 623 
230 173 456 517 752 959 0 643 786 760 572 256 406 708 473 641 314 175 321 387 486 414 880 801 563 196 598 925 308 139 505 257 672 873 978 407 881 510 149 438 348 352 481 568 538 614 631 179 389 425 751 380 858 163 400 918 557 543 620 903 
562 682 336 387 829 720 643 0 875 349 784 821 120 356 528 316 736 956 737 726 994 431 561 729 17 637 471 69 855 523 829 499 652 793 547 348 103 696 83 599 790 674 964 372 48 216 240 890 597 300 439 780 625 387 671 297 174 39 483 406 
278 880 408 241 861 25 786 875 0 140 535 849 375 202 601 372 263 256 178 1 528 718 810 632 932 961 22 686 65 223 614 647 823 602 627 730 283 946 548 116 241 798 255 319 315 546 488 859 364 876 370 1 282 660 260 812 100 729 752 405 
187 544 621 117 788 841 760 349 140 0 263 23 408 726 509 803 49 708 121 989 845 807 245 504 501 853 121 687 594 758 398 734 667 793 996 908 795 866 337 639 589 873 144 846 525 327 608 415 400 171 98 752 733 961 932 427 9 459 25 12 
684 49 785 228 416 227 572 784 535 263 0 653 194 924 836 495 2 247 855 446 752 923 319 609 598 934 483 790 840 238 904 996 367 445 590 505 220 301 33 124 436 270 890 198 427 951 479 357 901 632 48 493 589 670 833 156 470 710 927 376 
954 53 599 607 583 480 256 821 849 23 653 0 426 111 324 906 366 460 221 687 429 696 113 617 666 242 391 876 174 614 792 233 255 800 429 830 584 533 207 546 585 855 691 907 108 105 981 623 599 222 581 281 816 298 370 25 410 453 1000 467 
201 590 545 464 52 600 406 120 375 408 194 426 0 179 230 490 510 628 723 454 598 889 165 747 829 924 609 6 618 856 253 591 318 53 585 557 639 57 787 990 250 548 38 176 405 190 110 697 705 457 819 49 647 357 624 104 791 506 151 156 
588 732 83 227 702 767 708 356 202 726 924 111 179 0 662 57 506 273 704 454 483 301 431 984 633 544 723 402 534 508 294 499 331 934 239 288 251 393 943 490 979 203 879 139 182 69 805 71 646 689 327 874 48 449 184 272 900 699 249 342 
592 62 513 546 621 754 473 528 601 509 836 324 230 662 0 457 917 758 748 419 206 93 388 909 324 906 693 1000 111 426 247 221 563 183 145 502 650 746 837 399 376 427 819 141 622 728 664 458 765 574 283 774 635 86 596 65 363 190 903 288 
972 140 592 114 399 941 641 316 372 803 495 906 490 57 457 0 902 879 309 377 693 464 318 691 394 183 826 131 541 920 440 747 665 652 87 379 875 369 632 422 303 94 516 183 921 844 313 266 134 175 729 399 401 574 246 902 284 549 48 753 
602 676 185 367 229 409 314 736 263 49 2 366 510 506 917 902 0 472 119 240 718 984 915 326 659 585 793 326 432 349 897 640 550 465 816 217 589 561 623 164 187 280 312 946 424 228 357 9 689 378 352 362 330 417 169 983 5 87 936 660 
231 766 507 38 751 479 175 956 256 708 247 460 628 273 758 879 472 0 133 172 375 619 282 286 826 495 496 379 488 467 366 826 538 144 997 899 665 294 185 389 681 183 604 152 369 866 179 923 287 714 450 306 868 260 235 633 667 205 938 302 
237 637 364 489 895 580 321 737 178 121 855 221 723 704 748 309 119 133 0 499 734 344 749 726 971 428 731 724 161 349 240 663 361 326 296 940 555 458 853 209 900 737 687 577 469 863 900 722 187 37 327 659 135 145 573 869 782 795 139 648 
447 339 688 484 531 171 387 726 1 989 446 687 454 454 419 377 240 172 499 0 819 55 574 139 668 733 519 714 268 763 189 116 345 800 696 636 175 778 852 668 294 232 817 219 377 543 100 40 99 470 969 645 232 213 530 426 154 349 9 619 
644 824 430 842 629 582 486 994 528 845 752 429 598 483 206 693 718 375 734 819 0 837 346 284 723 177 558 354 258 703 720 51 729 406 703 199 638 789 655 605 642 908 681 325 920 586 469 834 389 894 617 860 873 659 908 609 147 365 80 563 
486 422 65 790 189 350 414 431 718 807 923 696 889 301 93 464 984 619 344 55 837 0 292 352 345 218 113 616 984 345 440 179 547 238 406 653 113 926 584 974 281 526 244 442 315 161 613 402 650 604 418 168 249 264 343 465 48 683 758 558 
192 18 990 450 369 463 880 561 810 245 319 113 165 431 388 318 915 282 749 574 346 292 0 319 537 731 550 531 290 152 707 513 425 960 35 788 436 769 153 624 991 244 824 647 488 141 896 124 390 103 483 514 385 415 187 987 104 448 502 884 
833 922 128 587 834 868 801 729 632 504 609 617 747 984 909 691 326 286 726 139 284 352 319 0 699 801 440 249 874 90 809 543 909 484 618 988 471 120 406 116 437 780 198 989 574 447 811 841 665 403 171 820 791 514 97 74 712 824 830 51 
760 792 46 189 875 649 563 17 932 501 598 666 829 633 324 394 659 826 971 668 723 345 537 699 0 328 890 245 584 972 325 525 627 659 539 447 379 226 264 2 772 354 421 539 821 828 699 255 649 977 296 984 988 985 539 550 668 713 757 771 
837 653 385 330 552 461 196 637 961 853 934 242 924 544 906 183 585 495 428 733 177 218 731 801 328 0 351 782 507 622 889 27 78 813 867 180 528 487 357 517 847 481 547 362 486 257 67 944 528 750 340 848 660 114 531 820 538 376 670 942 
315 501 748 889 478 354 598 471 22 121 483 391 609 723 693 826 793 496 731 519 558 113 550 440 890 351 0 743 699 238 676 123 767 859 349 382 779 639 649 360 388 758 666 881 54 337 746 559 175 665 329 364 746 70 268 888 162 705 67 859 
634 339 450 615 412 597 925 69 686 687 790 876 6 402 1000 131 326 379 724 714 354 616 531 249 245 782 743 0 71 539 403 179 543 121 847 761 356 470 566 528 764 816 876 495 144 510 418 641 69 255 238 581 553 234 256 868 177 20 344 738 
578 643 303 292 98 689 308 855 65 594 840 174 618 534 111 541 432 488 161 268 258 984 290 874 584 507 699 71 0 89 136 82 944 305 172 101 665 449 878 985 957 746 905 177 844 797 559 373 282 424 295 483 296 274 379 326 336 209 889 658 
877 599 386 287 442 412 139 523 223 758 238 614 856 508 426 920 349 467 349 763 703 345 152 90 972 622 238 539 89 0 859 457 748 768 895 793 473 401 102 482 556 838 247 680 713 79 89 202 765 719 837 272 646 715 507 921 565 590 627 197 
51 506 35 445 797 642 505 829 614 398 904 792 253 294 247 440 897 366 240 189 720 440 707 809 325 889 676 403 136 859 0 717 473 196 841 766 90 783 697 673 590 171 752 417 329 88 319 476 206 56 733 582 691 812 776 461 331 27 805 952 
799 742 485 706 190 248 257 499 647 734 996 233 591 499 221 747 640 826 663 116 51 179 513 543 525 27 123 179 82 457 717 0 902 781 745 922 376 85 931 677 910 477 426 269 538 897 70 222 529 541 712 944 646 480 135 139 741 358 270 555 
972 516 810 49 551 89 672 652 823 667 367 255 318 331 563 665 550 538 361 345 729 547 425 909 627 78 767 543 944 748 473 902 0 4 983 804 356 934 752 526 740 787 249 71 134 851 574 845 967 556 951 747 22 226 5 215 878 359 633 762 
425 668 7 405 648 776 873 793 602 793 445 800 53 934 183 652 465 144 326 800 406 238 960 484 659 813 859 121 305 768 196 781 4 0 975 335 620 969 753 481 253 28 759 169 442 620 492 362 710 340 260 609 549 703 456 818 848 11 415 251 
884 467 354 324 419 330 978 547 627 996 590 429 585 239 145 87 816 997 296 696 703 406 35 618 539 867 349 847 172 895 841 745 983 975 0 235 511 385 881 176 399 180 666 549 362 425 236 913 113 521 674 368 564 621 279 363 526 840 373 152 
418 439 236 298 455 542 407 348 730 908 505 830 557 288 502 379 217 899 940 636 199 653 788 988 447 180 382 761 101 793 766 922 804 335 235 0 868 244 190 195 322 245 885 743 381 248 324 726 923 966 271 684 651 431 107 333 180 632 563 980 
693 709 997 502 879 545 881 103 283 795 220 584 639 251 650 875 589 665 555 175 638 113 436 471 379 528 779 356 665 473 90 376 356 620 511 868 0 736 743 316 955 28 751 975 289 666 805 157 319 693 996 762 249 379 334 168 112 479 492 629 
749 760 290 766 48 807 510 696 946 866 301 533 57 393 746 369 561 294 458 778 789 926 769 120 226 487 639 470 449 401 783 85 934 969 385 244 736 0 381 116 833 988 792 651 108 280 898 154 591 177 91 759 319 304 765 719 634 419 265 316 
741 566 359 875 553 75 149 83 548 337 33 207 787 943 837 632 623 185 853 852 655 584 153 406 264 357 649 566 878 102 697 931 752 753 881 190 743 381 0 323 186 633 224 433 839 257 243 569 674 493 177 619 893 603 500 361 92 805 289 922 
402 762 557 541 857 596 438 599 116 639 124 546 990 490 399 422 164 389 209 668 605 974 624 116 2 517 360 528 985 482 673 677 526 481 176 195 316 116 323 0 132 973 778 251 253 663 388 834 460 814 378 923 530 614 473 449 208 226 121 949 
608 476 284 528 765 957 348 790 241 589 436 585 250 979 376 303 187 681 900 294 642 281 991 437 772 847 388 764 957 556 590 910 740 253 399 322 955 833 186 132 0 625 252 464 818 481 658 923 450 147 222 268 744 689 538 649 221 647 922 430 
373 458 134 310 378 947 352 674 798 873 270 855 548 203 427 94 280 183 737 232 908 526 244 780 354 481 758 816 746 838 171 477 787 28 180 245 28 988 633 973 625 0 54 234 321 384 18 346 82 919 370 324 416 420 681 912 413 358 528 217 
153 444 412 740 182 511 481 964 255 144 890 691 38 879 819 516 312 604 687 817 681 244 824 198 421 547 666 876 905 247 752 426 249 759 666 885 751 792 224 778 252 54 0 324 62 215 213 559 501 355 431 339 407 772 634 180 744 463 100 113 
468 949 55 182 983 755 568 372 319 846 198 907 176 139 141 183 946 152 577 219 325 442 647 989 539 362 881 495 177 680 417 269 71 169 549 743 975 651 433 251 464 234 324 0 469 499 299 781 579 568 189 587 13 369 318 632 619 59 299 642 
564 655 235 438 91 312 538 48 315 525 427 108 405 182 622 921 424 369 469 377 920 315 488 574 821 486 54 144 844 713 329 538 134 442 362 381 289 108 839 253 818 321 62 469 0 938 669 492 834 626 475 183 657 450 486 369 737 870 476 675 
672 616 463 284 863 900 614 216 546 327 951 105 190 69 728 844 228 866 863 543 586 161 141 447 828 257 337 510 797 79 88 897 851 620 425 248 666 280 257 663 481 384 215 499 938 0 363 938 219 878 645 160 402 412 176 127 187 474 366 254 
262 552 687 445 569 51 631 240 488 608 479 981 110 805 664 313 357 179 900 100 469 613 896 811 699 67 746 418 559 89 319 70 574 492 236 324 805 898 243 388 658 18 213 299 669 363 0 902 924 463 292 626 463 853 616 93 543 765 775 653 
845 212 580 959 627 264 179 890 859 415 357 623 697 71 458 266 9 923 722 40 834 402 124 841 255 944 559 641 373 202 476 222 845 362 913 726 157 154 569 834 923 346 559 781 492 938 902 0 355 311 288 318 521 360 75 485 339 351 524 829 
217 270 582 530 354 728 389 597 364 400 901 599 705 646 765 134 689 287 187 99 389 650 390 665 649 528 175 69 282 765 206 529 967 710 113 923 319 591 674 460 450 82 501 579 834 219 924 355 0 145 788 64 809 210 840 177 224 143 757 80 
657 539 984 722 461 239 425 300 876 171 632 222 457 689 574 175 378 714 37 470 894 604 103 403 977 750 665 255 424 719 56 541 556 340 521 966 693 177 493 814 147 919 355 568 626 878 463 311 145 0 84 1000 514 29 490 624 830 451 212 312 
593 530 723 850 377 922 751 439 370 98 48 581 819 327 283 729 352 450 327 969 617 418 483 171 296 340 329 238 295 837 733 712 951 260 674 271 996 91 177 378 222 370 431 189 475 645 292 288 788 84 0 762 185 191 520 772 294 361 280 756 
501 906 790 783 745 695 380 780 1 752 493 281 49 874 774 399 362 306 659 645 860 168 514 820 984 848 364 581 483 272 582 944 747 609 368 684 762 759 619 923 268 324 339 587 183 160 626 318 64 1000 762 0 520 239 27 682 610 529 696 669 
890 758 121 411 590 163 858 625 282 733 589 816 647 48 635 401 330 868 135 232 873 249 385 791 988 660 746 553 296 646 691 646 22 549 564 651 249 319 893 530 744 416 407 13 657 402 463 521 809 514 185 520 0 591 38 337 234 625 663 248 
77 488 562 429 342 451 163 387 660 961 670 298 357 449 86 574 417 260 145 213 659 264 415 514 985 114 70 234 274 715 812 480 226 703 621 431 379 304 603 614 689 420 772 369 450 412 853 360 210 29 191 239 591 0 515 439 488 823 467 502 
119 259 497 116 725 188 400 671 260 932 833 370 624 184 596 246 169 235 573 530 908 343 187 97 539 531 268 256 379 507 776 135 5 456 279 107 334 765 500 473 538 681 634 318 486 176 616 75 840 490 520 27 38 515 0 496 182 412 839 806 
731 449 871 670 772 854 918 297 812 427 156 25 104 272 65 902 983 633 869 426 609 465 987 74 550 820 888 868 326 921 461 139 215 818 363 333 168 719 361 449 649 912 180 632 369 127 93 485 177 624 772 682 337 439 496 0 451 266 633 753 
611 621 399 480 39 830 557 174 100 9 470 410 791 900 363 284 5 667 782 154 147 48 104 712 668 538 162 177 336 565 331 741 878 848 526 180 112 634 92 208 221 413 744 619 737 187 543 339 224 830 294 610 234 488 182 451 0 604 601 168 
145 628 518 580 761 347 543 39 729 459 710 453 506 699 190 549 87 205 795 349 365 683 448 824 713 376 705 20 209 590 27 358 359 11 840 632 479 419 805 226 647 358 463 59 870 474 765 351 143 451 361 529 625 823 412 266 604 0 640 752 
903 201 444 309 598 583 620 483 752 25 927 1000 151 249 903 48 936 938 139 9 80 758 502 830 757 670 67 344 889 627 805 270 633 415 373 563 492 265 289 121 922 528 100 299 476 366 775 524 757 212 280 696 663 467 839 633 601 640 0 664 
266 863 753 320 672 623 903 406 405 12 376 467 156 342 288 753 660 302 648 619 563 558 884 51 771 942 859 738 658 197 952 555 762 251 152 980 629 316 922 949 430 217 113 642 675 254 653 829 80 312 756 669 248 502 806 753 168 752 664 0 
