60 2
0 75 814 247 295 328 813 605 698 49 232 785 193 86 169 856 986 135 588 869 164 29 52 548 80 367 990 383 247 833 895 883 367 216 346 659 409 244 973 109 586 95 657 541 77 332 572 423 1 202 245 385 470 736 451 611 548 631 32 971 
75 0 282 96 207 213 622 385 266 872 408 895 234 193 612 811 226 707 607 389 454 155 70 77 136 629 316 420 896 354 27 59 597 230 849 342 541 917 555 830 429 915 482 696 908 291 971 904 692 870 915 977 469 174 409 996 415 640 781 349 
814 282 0 668 898 810 527 5 81 866 774 509 482 412 753 659 470 834 325 257 622 979 31 914 165 814 274 70 85 372 854 782 323 78 724 262 642 653 864 938 108 452 452 157 111 168 163 785 759 546 974 299 426 908 131 557 119 139 307 343 
247 96 668 0 189 30 18 626 428 277 60 60 498 577 261 39 125 221 813 251 20 585 40 804 509 692 407 713 126 190 313 769 981 804 66 780 940 861 232 879 422 719 268 201 514 186 377 418 352 975 952 857 808 827 235 209 359 993 414 238 
295 207 898 189 0 789 941 93 594 364 718 408 442 82 40 478 42 648 345 869 210 147 523 676 935 660 795 655 279 129 734 507 115 432 8 179 63 99 483 497 927 438 696 181 570 232 517 770 925 102 920 976 151 972 721 551 12 828 865 307 
328 213 810 30 789 0 281 930 995 566 472 321 520 930 668 380 51 409 332 723 7 244 152 128 676 723 911 891 723 138 324 910 266 927 234 545 459 545 516 41 710 753 380 420 815 629 750 259 390 842 583 129 107 770 396 523 169 497 701 519 
813 622 527 18 941 281 0 30 36 907 676 35 102 756 11 626 55 889 906 864 602 58 962 577 301 240 20 464 471 191 700 900 767 333 851 176 79 920 117 712 656 203 371 958 89 934 824 440 113 351 821 503 772 974 930 813 467 313 224 960 
605 385 5 626 93 930 30 0 211 664 882 166 701 223 497 589 102 895 478 165 924 285 818 376 47 279 452 340 878 639 792 610 959 416 440 312 197 440 434 364 5 980 796 641 226 288 469 715 122 151 109 352 722 288 584 499 556 389 200 664 
698 266 81 428 594 995 36 211 0 458 730 429 51 701 164 122 718 641 318 827 31 896 551 120 531 837 947 969 784 525 355 357 445 865 396 376 101 848 60 710 470 574 36 92 817 628 367 308 266 387 561 204 145 489 929 545 332 630 239 972 
49 872 866 277 364 566 907 664 458 0 718 734 239 214 134 152 594 930 652 333 771 515 258 404 982 43 503 113 588 161 979 981 842 524 755 996 919 407 436 529 67 161 722 133 852 981 975 349 474 577 859 335 370 382 911 774 561 807 28 980 
232 408 774 60 718 472 676 882 730 718 0 166 690 440 40 360 483 174 299 132 4 279 919 295 749 612 219 797 432 829 383 398 928 332 637 424 133 640 755 454 756 727 974 661 600 426 685 937 989 369 440 237 976 820 624 365 129 983 729 780 
785 895 509 60 408 321 35 166 429 734 166 0 328 135 677 953 221 500 307 579 517 302 934 93 421 847 158 566 768 295 125 492 853 57 522 574 161 417 615 385 124 512 430 739 954 149 746 434 889 624 188 487 651 336 115 898 781 196 274 216 
193 234 482 498 442 520 102 701 51 239 690 328 0 232 625 431 815 446 623 732 752 332 343 700 145 292 731 817 457 446 812 552 455 843 512 579 552 666 890 536 364 351 117 248 188 186 391 354 26 511 239 468 824 438 582 921 851 853 35 996 
86 193 412 577 82 930 756 223 701 214 440 135 232 0 594 787 53 710 897 315 290 540 698 377 684 371 807 18 799 923 95 432 156 27 657 60 492 815 724 370 840 258 996 638 988 503 799 453 213 646 414 441 203 631 543 55 895 560 595 779 
169 612 753 261 40 668 11 497 164 134 40 677 625 594 0 195 485 752 933 497 980 153 880 871 387 974 79 403 893 421 162 944 710 234 921 691 113 937 832 42 668 923 362 35 891 118 270 139 384 383 71 42 972 266 821 331 526 444 251 666 
856 811 659 39 478 380 626 589 122 152 360 953 431 787 195 0 360 491 553 413 536 688 926 191 367 611 850 86 919 534 639 624 269 30 126 249 724 576 537 310 352 231 896 536 432 92 913 578 228 907 213 869 984 346 627 36 128 723 543 364 
986 226 470 125 42 51 55 102 718 594 483 221 815 53 485 360 0 756 64 249 185 98 100 470 575 635 134 592 937 461 434 890 135 41 242 121 832 587 596 431 746 896 701 147 393 744 983 796 821 394 463 17 747 811 298 850 388 591 68 143 
135 707 834 221 648 409 889 895 641 930 174 500 446 710 752 491 756 0 985 216 829 522 926 466 760 263 770 556 914 310 147 847 726 776 792 566 454 596 183 871 9 269 747 958 339 649 616 495 854 67 660 133 898 266 740 928 115 263 730 567 
588 607 325 813 345 332 906 478 318 652 299 307 623 897 933 553 64 985 0 780 736 80 222 457 41 657 79 947 503 131 615 357 354 771 774 146 547 955 182 634 571 240 189 723 456 226 628 210 415 738 174 83 470 464 151 508 898 813 828 787 
869 389 257 251 869 723 864 165 827 333 132 579 732 315 497 413 249 216 780 0 78 642 694 484 581 749 243 506 737 577 892 811 665 51 214 386 741 437 664 928 930 881 237 290 488 119 139 163 692 274 456 848 891 681 132 409 356 617 896 356 
164 454 622 20 210 7 602 924 31 771 4 517 752 290 980 536 185 829 736 78 0 598 458 297 290 208 497 29 763 73 544 979 730 769 793 162 389 733 255 254 659 883 855 983 199 449 593 728 616 612 220 905 148 281 822 792 7 839 168 4 
29 155 979 585 147 244 58 285 896 515 279 302 332 540 153 688 98 522 80 642 598 0 19 434 122 252 305 737 416 12 510 945 434 323 181 778 88 920 808 661 147 117 413 75 129 97 415 1 236 630 133 166 838 658 486 747 77 450 309 722 
52 70 31 40 523 152 962 818 551 258 919 934 343 698 880 926 100 926 222 694 458 19 0 199 267 824 280 338 219 994 131 477 773 899 388 227 471 467 165 144 437 480 614 290 95 217 176 82 726 937 890 325 510 241 332 220 522 467 428 808 
548 77 914 804 676 128 577 376 120 404 295 93 700 377 871 191 470 466 457 484 297 434 199 0 398 825 511 17 400 358 656 539 695 746 40 8 365 320 11 919 427 702 610 642 415 815 158 112 642 573 936 876 676 844 443 529 181 910 677 795 
80 136 165 509 935 676 301 47 531 982 749 421 145 684 387 367 575 760 41 581 290 122 267 398 0 749 828 889 294 153 825 217 428 408 964 352 556 478 479 104 431 916 108 82 680 215 169 819 726 386 998 812 522 966 93 486 495 455 410 738 
367 629 814 692 660 723 240 279 837 43 612 847 292 371 974 611 635 263 657 749 208 252 824 825 749 0 415 955 298 212 901 944 288 674 127 92 540 74 465 273 814 147 786 553 220 825 245 130 205 293 71 271 858 58 228 270 681 872 996 839 
990 316 274 407 795 911 20 452 947 503 219 158 731 807 79 850 134 770 79 243 497 305 280 511 828 415 0 790 512 543 215 661 519 791 587 630 132 784 923 697 990 576 430 406 104 354 681 43 431 975 343 991 67 997 933 872 790 46 38 542 
383 420 70 713 655 891 464 340 969 113 797 566 817 18 403 86 592 556 947 506 29 737 338 17 889 955 790 0 924 641 573 348 325 432 689 989 766 414 755 847 823 464 378 368 5 969 129 123 863 253 487 200 230 553 659 910 214 930 958 361 
247 896 85 126 279 723 471 878 784 588 432 768 457 799 893 919 937 914 503 737 763 416 219 400 294 298 512 924 0 559 983 566 789 292 558 414 693 556 340 158 964 100 855 193 655 856 446 134 489 44 491 143 982 621 893 535 408 143 33 283 
833 354 372 190 129 138 191 639 525 161 829 295 446 923 421 534 461 310 131 577 73 12 994 358 153 212 543 641 559 0 872 856 672 921 345 500 819 841 896 322 581 225 599 678 496 583 392 411 507 337 338 578 719 770 390 350 932 62 537 978 
895 27 854 313 734 324 700 792 355 979 383 125 812 95 162 639 434 147 615 892 544 510 131 656 825 901 215 573 983 872 0 934 304 29 647 102 531 341 797 504 815 45 873 450 626 52 898 497 759 599 5 103 969 833 843 91 207 390 342 872 
883 59 782 769 507 910 900 610 357 981 398 492 552 432 944 624 890 847 357 811 979 945 477 539 217 944 661 348 566 856 934 0 61 317 90 955 38 432 30 510 272 528 727 775 300 11 269 805 840 223 743 895 774 611 40 566 281 74 553 250 
367 597 323 981 115 266 767 959 445 842 928 853 455 156 710 269 135 726 354 665 730 434 773 695 428 288 519 325 789 672 304 61 0 342 838 411 289 437 940 680 992 682 36 635 583 886 636 187 830 417 543 107 537 962 929 87 217 234 111 377 
216 230 78 804 432 927 333 416 865 524 332 57 843 27 234 30 41 776 771 51 769 323 899 746 408 674 791 432 292 921 29 317 342 0 167 295 286 622 239 39 316 998 259 685 952 592 381 953 354 683 536 608 948 472 353 867 121 277 896 18 
346 849 724 66 8 234 851 440 396 755 637 522 512 657 921 126 242 792 774 214 793 181 388 40 964 127 587 689 558 345 647 90 838 167 0 446 637 498 585 859 651 120 21 370 844 719 940 814 702 553 789 662 871 416 756 641 113 853 803 384 
659 342 262 780 179 545 176 312 376 996 424 574 579 60 691 249 121 566 146 386 162 778 227 8 352 92 630 989 414 500 102 955 411 295 446 0 537 893 221 703 763 947 899 884 266 952 70 514 524 874 695 737 833 761 402 763 28 773 425 860 
409 541 642 940 63 459 79 197 101 919 133 161 552 492 113 724 832 454 547 741 389 88 471 365 556 540 132 766 693 819 531 38 289 286 637 537 0 190 660 74 766 56 902 929 67 208 890 301 818 62 639 512 915 509 480 496 432 80 757 900 
244 917 653 861 99 545 920 440 848 407 640 417 666 815 937 576 587 596 955 437 733 920 467 320 478 74 784 414 556 841 341 432 437 622 498 893 190 0 495 365 563 273 839 74 682 897 544 191 992 983 1000 296 389 844 360 766 258 189 533 654 
973 555 864 232 483 516 117 434 60 436 755 615 890 724 832 537 596 183 182 664 255 808 165 11 479 465 923 755 340 896 797 30 940 239 585 221 660 495 0 801 691 18 651 409 986 712 428 805 928 227 453 454 539 608 661 907 323 381 372 506 
109 830 938 879 497 41 712 364 710 529 454 385 536 370 42 310 431 871 634 928 254 661 144 919 104 273 697 847 158 322 504 510 680 39 859 703 74 365 801 0 579 855 91 898 162 846 577 519 561 434 672 23 101 346 862 271 5 951 790 134 
586 429 108 422 927 710 656 5 470 67 756 124 364 840 668 352 746 9 571 930 659 147 437 427 431 814 990 823 964 581 815 272 992 316 651 763 766 563 691 579 0 27 974 404 878 500 946 855 335 908 880 760 563 703 325 960 142 385 175 42 
95 915 452 719 438 753 203 980 574 161 727 512 351 258 923 231 896 269 240 881 883 117 480 702 916 147 576 464 100 225 45 528 682 998 120 947 56 273 18 855 27 0 881 58 932 756 523 698 497 557 349 236 44 406 518 209 376 57 685 531 
657 482 452 268 696 380 371 796 36 722 974 430 117 996 362 896 701 747 189 237 855 413 614 610 108 786 430 378 855 599 873 727 36 259 21 899 902 839 651 91 974 881 0 399 593 610 171 986 1000 83 582 818 950 800 152 194 7 45 41 523 
541 696 157 201 181 420 958 641 92 133 661 739 248 638 35 536 147 958 723 290 983 75 290 642 82 553 406 368 193 678 450 775 635 685 370 884 929 74 409 898 404 58 399 0 620 856 803 198 617 279 64 767 612 770 787 637 990 275 470 484 
77 908 111 514 570 815 89 226 817 852 600 954 188 988 891 432 393 339 456 488 199 129 95 415 680 220 104 5 655 496 626 300 583 952 844 266 67 682 986 162 878 932 593 620 0 338 698 920 39 78 660 760 125 652 23 342 628 243 650 931 
332 291 168 186 232 629 934 288 628 981 426 149 186 503 118 92 744 649 226 119 449 97 217 815 215 825 354 969 856 583 52 11 886 592 719 952 208 897 712 846 500 756 610 856 338 0 874 867 186 301 720 142 935 496 654 422 800 403 559 385 
572 971 163 377 517 750 824 469 367 975 685 746 391 799 270 913 983 616 628 139 593 415 176 158 169 245 681 129 446 392 898 269 636 381 940 70 890 544 428 577 946 523 171 803 698 874 0 881 647 879 624 301 913 334 644 171 731 785 853 872 
423 904 785 418 770 259 440 715 308 349 937 434 354 453 139 578 796 495 210 163 728 1 82 112 819 130 43 123 134 411 497 805 187 953 814 514 301 191 805 519 855 698 986 198 920 867 881 0 830 361 309 922 801 129 462 637 961 334 167 260 
1 692 759 352 925 390 113 122 266 474 989 889 26 213 384 228 821 854 415 692 616 236 726 642 726 205 431 863 489 507 759 840 830 354 702 524 818 992 928 561 335 497 1000 617 39 186 647 830 0 244 965 271 253 166 207 143 418 860 811 512 
202 870 546 975 102 842 351 151 387 577 369 624 511 646 383 907 394 67 738 274 612 630 937 573 386 293 975 253 44 337 599 223 417 683 553 874 62 983 227 434 908 557 83 279 78 301 879 361 244 0 90 365 89 144 691 411 2 517 529 40 
245 915 974 952 920 583 821 109 561 859 440 188 239 414 71 213 463 660 174 456 220 133 890 936 998 71 343 487 491 338 5 743 543 536 789 695 639 1000 453 672 880 349 582 64 660 720 624 309 965 90 0 785 961 686 292 739 526 41 188 120 
385 977 299 857 976 129 503 352 204 335 237 487 468 441 42 869 17 133 83 848 905 166 325 876 812 271 991 200 143 578 103 895 107 608 662 737 512 296 454 23 760 236 818 767 760 142 301 922 271 365 785 0 953 98 604 431 942 589 911 73 
470 469 426 808 151 107 772 722 145 370 976 651 824 203 972 984 747 898 470 891 148 838 510 676 522 858 67 230 982 719 969 774 537 948 871 833 915 389 539 101 563 44 950 612 125 935 913 801 253 89 961 953 0 363 11 583 20 792 326 965 
736 174 908 827 972 770 974 288 489 382 820 336 438 631 266 346 811 266 464 681 281 658 241 844 966 58 997 553 621 770 833 611 962 472 416 761 509 844 608 346 703 406 800 770 652 496 334 129 166 144 686 98 363 0 761 742 370 252 564 774 
451 409 131 235 721 396 930 584 929 911 624 115 582 543 821 627 298 740 151 132 822 486 332 443 93 228 933 659 893 390 843 40 929 353 756 402 480 360 661 862 325 518 152 787 23 654 644 462 207 691 292 604 11 761 0 380 439 190 781 638 
611 996 557 209 551 523 813 499 545 774 365 898 921 55 331 36 850 928 508 409 792 747 220 529 486 270 872 910 535 350 91 566 87 867 641 763 496 766 907 271 960 209 194 637 342 422 171 637 143 411 739 431 583 742 380 0 367 694 271 47 
548 415 119 359 12 169 467 556 332 561 129 781 851 895 526 128 388 115 898 356 7 77 522 181 495 681 790 214 408 932 207 281 217 121 113 28 432 258 323 5 142 376 7 990 628 800 731 961 418 2 526 942 20 370 439 367 0 377 615 640 
631 640 139 993 828 497 313 389 630 807 983 196 853 560 444 723 591 263 813 617 839 450 467 910 455 872 46 930 143 62 390 74 234 277 853 773 80 189 381 951 385 57 45 275 243 403 785 334 860 517 41 589 792 252 190 694 377 0 333 256 
32 781 307 414 865 701 224 200 239 28 729 274 35 595 251 543 68 730 828 896 168 309 428 677 410 996 38 958 33 537 342 553 111 896 803 425 757 533 372 790 175 685 41 470 650 559 853 167 811 529 188 911 326 564 781 271 615 333 0 911 
971 349 343 238 307 519 960 664 972 980 780 216 996 779 666 364 143 567 787 356 4 722 808 795 738 839 542 361 283 978 872 250 377 18 384 860 900 654 506 134 42 531 523 484 931 385 872 260 512 40 120 73 965 774 638 47 640 256 911 0 
0 596 37 889 449 733 67 347 366 687 699 910 414 121 471 962 742 291 581 161 383 908 600 289 238 310 320 928 113 604 660 99 407 355 730 279 532 178 257 55 574 956 649 819 621 1 58 228 986 316 736 642 221 587 945 155 569 387 794 193 
596 0 462 674 743 378 319 951 402 642 69 558 477 994 182 399 628 893 685 528 675 714 316 615 782 749 97 724 863 827 360 667 399 165 10 811 383 915 236 555 542 163 345 14 148 554 18 575 948 918 382 1 29 281 207 204 140 151 350 888 
37 462 0 394 230 249 934 655 479 834 374 627 558 468 449 883 146 445 108 870 89 891 116 858 720 513 938 385 599 693 727 923 717 268 580 786 872 878 821 143 447 400 221 644 685 498 716 270 156 353 766 567 862 739 439 79 554 931 537 426 
889 674 394 0 484 260 352 74 872 169 381 599 960 741 791 775 601 894 79 645 922 372 714 696 714 369 52 950 697 805 826 891 904 232 803 691 382 177 58 580 92 79 569 991 791 544 341 395 366 270 358 129 219 730 822 246 689 338 354 260 
449 743 230 484 0 661 354 823 51 202 51 59 653 420 708 175 65 180 531 844 997 439 723 433 137 722 529 640 494 642 737 808 293 339 394 754 97 119 220 470 814 91 25 721 895 987 800 533 18 637 91 344 433 198 444 403 382 618 375 357 
733 378 249 260 661 0 694 214 740 161 487 559 694 945 109 310 208 573 617 991 606 291 779 261 426 148 958 1000 157 93 386 567 833 137 380 864 9 836 859 760 402 801 742 320 261 964 710 25 34 884 405 631 491 826 672 371 655 388 353 884 
67 319 934 352 354 694 0 568 97 988 614 288 869 249 658 373 163 216 496 914 459 423 760 54 706 200 759 270 410 176 266 520 807 714 273 491 392 149 686 990 52 224 105 349 79 515 704 947 437 221 338 734 408 784 111 405 215 117 989 465 
347 951 655 74 823 214 568 0 746 817 340 82 640 418 183 171 825 733 55 561 720 560 328 3 641 419 274 334 988 887 858 651 579 53 567 952 334 157 862 456 702 274 363 681 226 714 953 651 422 398 659 160 915 359 234 92 967 25 547 242 
366 402 479 872 51 740 97 746 0 294 725 529 701 931 315 598 492 485 115 528 712 464 397 39 190 389 601 625 263 121 898 337 571 170 948 876 398 839 306 95 746 650 781 472 381 286 691 730 955 972 918 483 963 803 656 785 401 545 851 168 
687 642 834 169 202 161 988 817 294 0 192 56 310 740 532 310 95 671 742 118 652 257 308 277 25 479 211 333 168 76 674 766 669 78 381 9 707 175 803 693 284 404 712 271 660 252 345 608 965 465 754 776 425 689 316 494 167 204 745 513 
699 69 374 381 51 487 614 340 725 192 0 224 3 851 88 3 330 221 391 593 401 516 765 535 919 319 277 668 88 57 136 420 813 888 77 920 228 426 340 238 707 691 381 292 131 214 753 442 523 341 624 518 730 488 357 751 418 36 694 693 
910 558 627 599 59 559 288 82 529 56 224 0 816 804 515 241 65 138 372 622 746 27 20 488 374 224 469 272 368 708 124 565 611 33 612 507 578 218 135 405 511 594 875 951 956 804 948 183 374 435 290 804 555 666 921 578 230 667 909 1000 
414 477 558 960 653 694 869 640 701 310 3 816 0 735 839 105 936 320 794 700 246 650 681 374 440 798 636 65 79 858 736 1000 331 242 978 937 395 944 70 113 470 457 345 849 438 650 157 48 225 972 546 811 514 798 70 643 330 435 550 22 
121 994 468 741 420 945 249 418 931 740 851 804 735 0 513 934 372 403 751 680 466 602 643 90 382 447 147 890 161 979 387 575 489 492 465 931 173 886 322 149 527 818 404 410 161 500 25 123 443 627 727 73 906 708 703 929 577 180 377 181 
471 182 449 791 708 109 658 183 315 532 88 515 839 513 0 485 618 412 681 140 941 198 689 632 532 939 120 382 690 4 272 82 148 941 388 708 178 597 306 562 905 452 924 719 714 160 839 541 881 117 912 237 237 705 442 379 216 779 53 25 
962 399 883 775 175 310 373 171 598 310 3 241 105 934 485 0 802 804 197 194 836 207 58 717 816 571 285 139 269 905 278 416 211 197 974 203 408 792 334 354 91 734 117 681 220 88 322 900 758 759 597 651 188 10 679 507 739 816 993 458 
742 628 146 601 65 208 163 825 492 95 330 65 936 372 618 802 0 503 290 497 190 640 394 72 543 186 313 260 509 998 746 155 798 914 939 285 843 904 170 981 961 519 218 882 562 435 837 74 735 71 790 720 832 914 323 34 839 990 702 701 
291 893 445 894 180 573 216 733 485 671 221 138 320 403 412 804 503 0 22 135 782 436 803 819 794 298 137 674 501 258 361 813 453 761 579 82 69 772 923 13 250 677 543 279 491 165 473 675 850 780 223 499 137 724 774 912 827 541 735 109 
581 685 108 79 531 617 496 55 115 742 391 372 794 751 681 197 290 22 0 756 550 969 707 522 276 248 415 566 29 47 609 666 557 791 283 184 407 328 730 727 969 557 787 68 383 164 974 254 662 446 288 786 866 44 793 411 15 968 224 221 
161 528 870 645 844 991 914 561 528 118 593 622 700 680 140 194 497 135 756 0 405 245 215 25 355 246 929 689 132 404 485 351 873 435 550 402 626 624 595 107 768 103 617 836 828 666 791 393 811 25 492 988 626 738 68 186 920 737 703 117 
383 675 89 922 997 606 459 720 712 652 401 746 246 466 941 836 190 782 550 405 0 20 203 572 281 168 669 524 311 843 386 645 593 280 742 594 277 623 608 618 210 306 767 840 512 953 389 458 566 585 192 430 815 797 721 188 579 125 717 766 
908 714 891 372 439 291 423 560 464 257 516 27 650 602 198 207 640 436 969 245 20 0 264 135 947 476 445 606 285 636 539 959 30 556 40 806 890 99 888 296 679 881 753 708 472 188 658 706 617 570 587 301 627 665 9 181 981 620 85 942 
600 316 116 714 723 779 760 328 397 308 765 20 681 643 689 58 394 803 707 215 203 264 0 845 633 832 639 85 274 438 265 949 635 172 861 166 183 574 58 168 925 971 216 204 689 449 928 38 382 791 480 205 495 68 700 20 736 623 599 608 
289 615 858 696 433 261 54 3 39 277 535 488 374 90 632 717 72 819 522 25 572 135 845 0 816 168 986 842 963 740 114 175 50 676 59 763 12 458 591 989 757 606 26 85 226 236 541 964 609 662 461 681 866 547 511 988 686 394 228 833 
238 782 720 714 137 426 706 641 190 25 919 374 440 382 532 816 543 794 276 355 281 947 633 816 0 555 422 420 647 400 708 685 709 470 364 517 278 922 210 378 727 81 651 561 436 618 272 763 619 406 43 503 779 410 635 667 305 94 685 456 
310 749 513 369 722 148 200 419 389 479 319 224 798 447 939 571 186 298 248 246 168 476 832 168 555 0 488 527 936 177 980 463 673 139 300 535 788 961 807 796 299 105 543 813 341 627 990 984 905 309 825 626 269 259 160 675 74 131 984 619 
320 97 938 52 529 958 759 274 601 211 277 469 636 147 120 285 313 137 415 929 669 445 639 986 422 488 0 813 9 572 835 119 49 422 54 777 220 816 354 391 204 49 163 969 922 327 627 849 661 999 950 213 340 791 222 580 970 166 600 407 
928 724 385 950 640 1000 270 334 625 333 668 272 65 890 382 139 260 674 566 689 524 606 85 842 420 527 813 0 857 427 769 392 715 538 380 324 569 762 413 812 857 136 450 181 886 598 741 755 468 30 10 755 545 162 836 629 577 995 980 868 
113 863 599 697 494 157 410 988 263 168 88 368 79 161 690 269 509 501 29 132 311 285 274 963 647 936 9 857 0 710 624 464 557 977 171 205 453 427 676 930 441 922 750 565 3 456 628 70 784 52 887 221 787 797 67 386 36 751 616 550 
604 827 693 805 642 93 176 887 121 76 57 708 858 979 4 905 998 258 47 404 843 636 438 740 400 177 572 427 710 0 233 5 888 828 763 121 201 395 252 554 585 7 655 916 132 560 532 761 257 235 95 158 709 501 98 518 543 677 92 387 
660 360 727 826 737 386 266 858 898 674 136 124 736 387 272 278 746 361 609 485 386 539 265 114 708 980 835 769 624 233 0 512 974 564 559 39 986 307 212 638 865 546 462 393 394 288 586 913 718 846 66 159 11 609 195 892 669 852 143 890 
99 667 923 891 808 567 520 651 337 766 420 565 1000 575 82 416 155 813 666 351 645 959 949 175 685 463 119 392 464 5 512 0 198 784 605 42 621 817 930 343 239 427 604 949 356 941 161 149 10 113 946 219 563 912 230 476 337 90 223 14 
407 399 717 904 293 833 807 579 571 669 813 611 331 489 148 211 798 453 557 873 593 30 635 50 709 673 49 715 557 888 974 198 0 443 777 525 1 443 780 481 230 618 363 983 570 442 802 237 755 535 150 178 724 768 254 944 749 721 151 122 
355 165 268 232 339 137 714 53 170 78 888 33 242 492 941 197 914 761 791 435 280 556 172 676 470 139 422 538 977 828 564 784 443 0 974 558 81 757 298 396 768 608 590 385 356 513 746 193 469 939 362 933 128 680 476 343 299 134 237 41 
730 10 580 803 394 380 273 567 948 381 77 612 978 465 388 974 939 579 283 550 742 40 861 59 364 300 54 380 171 763 559 605 777 974 0 124 566 497 784 144 18 677 910 247 715 35 241 379 617 405 683 76 364 211 585 385 232 999 494 180 
279 811 786 691 754 864 491 952 876 9 920 507 937 931 708 203 285 82 184 402 594 806 166 763 517 535 777 324 205 121 39 42 525 558 124 0 690 837 901 161 690 974 373 997 842 190 575 758 280 787 776 316 478 99 115 19 757 487 96 289 
532 383 872 382 97 9 392 334 398 707 228 578 395 173 178 408 843 69 407 626 277 890 183 12 278 788 220 569 453 201 986 621 1 81 566 690 0 393 326 776 556 49 198 127 789 729 260 479 951 142 490 1 450 679 805 300 571 887 844 874 
178 915 878 177 119 836 149 157 839 175 426 218 944 886 597 792 904 772 328 624 623 99 574 458 922 961 816 762 427 395 307 817 443 757 497 837 393 0 130 892 969 819 421 962 265 965 529 90 638 381 723 61 742 534 809 843 781 324 686 5 
257 236 821 58 220 859 686 862 306 803 340 135 70 322 306 334 170 923 730 595 608 888 58 591 210 807 354 413 676 252 212 930 780 298 784 901 326 130 0 26 688 906 613 601 602 687 65 477 302 921 951 873 19 935 152 773 494 830 436 669 
55 555 143 580 470 760 990 456 95 693 238 405 113 149 562 354 981 13 727 107 618 296 168 989 378 796 391 812 930 554 638 343 481 396 144 161 776 892 26 0 73 188 611 858 609 352 943 621 833 675 54 943 544 467 189 259 926 106 418 279 
574 542 447 92 814 402 52 702 746 284 707 511 470 527 905 91 961 250 969 768 210 679 925 757 727 299 204 857 441 585 865 239 230 768 18 690 556 969 688 73 0 644 562 516 359 734 860 576 656 268 693 652 115 497 974 591 396 141 106 64 
956 163 400 79 91 801 224 274 650 404 691 594 457 818 452 734 519 677 557 103 306 881 971 606 81 105 49 136 922 7 546 427 618 608 677 974 49 819 906 188 644 0 307 189 896 381 928 856 941 106 888 338 684 626 118 496 846 8 424 440 
649 345 221 569 25 742 105 363 781 712 381 875 345 404 924 117 218 543 787 617 767 753 216 26 651 543 163 450 750 655 462 604 363 590 910 373 198 421 613 611 562 307 0 357 732 262 973 343 31 705 688 110 854 563 706 890 780 628 511 645 
819 14 644 991 721 320 349 681 472 271 292 951 849 410 719 681 882 279 68 836 840 708 204 85 561 813 969 181 565 916 393 949 983 385 247 997 127 962 601 858 516 189 357 0 531 842 656 412 375 530 209 134 91 552 462 925 261 857 726 111 
621 148 685 791 895 261 79 226 381 660 131 956 438 161 714 220 562 491 383 828 512 472 689 226 436 341 922 886 3 132 394 356 570 356 715 842 789 265 602 609 359 896 732 531 0 229 841 804 554 964 725 138 439 448 895 106 38 807 704 916 
1 554 498 544 987 964 515 714 286 252 214 804 650 500 160 88 435 165 164 666 953 188 449 236 618 627 327 598 456 560 288 941 442 513 35 190 729 965 687 352 734 381 262 842 229 0 629 497 117 446 548 998 857 910 432 299 352 987 930 490 
58 18 716 341 800 710 704 953 691 345 753 948 157 25 839 322 837 473 974 791 389 658 928 541 272 990 627 741 628 532 586 161 802 746 241 575 260 529 65 943 860 928 973 656 841 629 0 983 68 217 546 471 797 98 617 455 192 808 753 785 
228 575 270 395 533 25 947 651 730 608 442 183 48 123 541 900 74 675 254 393 458 706 38 964 763 984 849 755 70 761 913 149 237 193 379 758 479 90 477 621 576 856 343 412 804 497 983 0 331 277 770 274 903 602 751 584 833 202 966 733 
986 948 156 366 18 34 437 422 955 965 523 374 225 443 881 758 735 850 662 811 566 617 382 609 619 905 661 468 784 257 718 10 755 469 617 280 951 638 302 833 656 941 31 375 554 117 68 331 0 365 967 86 227 564 624 310 543 411 703 837 
316 918 353 270 637 884 221 398 972 465 341 435 972 627 117 759 71 780 446 25 585 570 791 662 406 309 999 30 52 235 846 113 535 939 405 787 142 381 921 675 268 106 705 530 964 446 217 277 365 0 872 258 974 882 544 423 81 881 507 768 
736 382 766 358 91 405 338 659 918 754 624 290 546 727 912 597 790 223 288 492 192 587 480 461 43 825 950 10 887 95 66 946 150 362 683 776 490 723 951 54 693 888 688 209 725 548 546 770 967 872 0 102 758 979 161 522 26 695 384 933 
642 1 567 129 344 631 734 160 483 776 518 804 811 73 237 651 720 499 786 988 430 301 205 681 503 626 213 755 221 158 159 219 178 933 76 316 1 61 873 943 652 338 110 134 138 998 471 274 86 258 102 0 799 517 436 562 177 535 127 554 
221 29 862 219 433 491 408 915 963 425 730 555 514 906 237 188 832 137 866 626 815 627 495 866 779 269 340 545 787 709 11 563 724 128 364 478 450 742 19 544 115 684 854 91 439 857 797 903 227 974 758 799 0 605 134 714 98 471 469 878 
587 281 739 730 198 826 784 359 803 689 488 666 798 708 705 10 914 724 44 738 797 665 68 547 410 259 791 162 797 501 609 912 768 680 211 99 679 534 935 467 497 626 563 552 448 910 98 602 564 882 979 517 605 0 720 462 985 212 224 805 
945 207 439 822 444 672 111 234 656 316 357 921 70 703 442 679 323 774 793 68 721 9 700 511 635 160 222 836 67 98 195 230 254 476 585 115 805 809 152 189 974 118 706 462 895 432 617 751 624 544 161 436 134 720 0 745 102 656 466 773 
155 204 79 246 403 371 405 92 785 494 751 578 643 929 379 507 34 912 411 186 188 181 20 988 667 675 580 629 386 518 892 476 944 343 385 19 300 843 773 259 591 496 890 925 106 299 455 584 310 423 522 562 714 462 745 0 355 180 492 251 
569 140 554 689 382 655 215 967 401 167 418 230 330 577 216 739 839 827 15 920 579 981 736 686 305 74 970 577 36 543 669 337 749 299 232 757 571 781 494 926 396 846 780 261 38 352 192 833 543 81 26 177 98 985 102 355 0 21 453 551 
387 151 931 338 618 388 117 25 545 204 36 667 435 180 779 816 990 541 968 737 125 620 623 394 94 131 166 995 751 677 852 90 721 134 999 487 887 324 830 106 141 8 628 857 807 987 808 202 411 881 695 535 471 212 656 180 21 0 282 230 
794 350 537 354 375 353 989 547 851 745 694 909 550 377 53 993 702 735 224 703 717 85 599 228 685 984 600 980 616 92 143 223 151 237 494 96 844 686 436 418 106 424 511 726 704 930 753 966 703 507 384 127 469 224 466 492 453 282 0 948 
193 888 426 260 357 884 465 242 168 513 693 1000 22 181 25 458 701 109 221 117 766 942 608 833 456 619 407 868 550 387 890 14 122 41 180 289 874 5 669 279 64 440 645 111 916 490 785 733 837 768 933 554 878 805 773 251 551 230 948 0 
0 434 30 874 806 682 62 142 718 476 691 826 463 429 321 808 554 281 197 786 168 117 119 228 103 61 747 689 412 851 941 127 357 629 505 690 407 92 817 121 809 777 561 713 787 302 286 478 292 458 592 661 813 995 889 450 510 368 645 534 
434 0 461 516 897 124 341 788 414 853 280 292 588 827 443 536 986 812 724 523 913 790 749 383 873 947 1 747 929 821 428 608 805 394 311 850 431 727 565 722 794 65 525 204 554 688 323 591 979 888 203 451 294 442 509 125 431 356 667 872 
30 461 0 626 776 286 929 560 337 909 289 666 272 864 646 679 213 990 348 898 244 791 281 683 16 126 779 291 951 713 665 469 387 99 675 785 580 333 718 20 860 455 215 783 394 154 616 89 280 236 162 906 275 143 881 15 642 893 523 520 
874 516 626 0 800 635 322 31 852 240 651 511 928 740 779 585 856 557 419 420 253 514 670 159 783 882 209 681 837 148 925 690 641 549 607 440 428 157 184 824 433 361 402 633 294 658 723 186 573 473 85 768 57 223 809 161 622 223 121 89 
806 897 776 800 0 808 481 521 284 81 221 173 405 595 981 198 278 158 608 352 949 702 900 356 183 953 266 470 437 304 902 666 919 110 436 641 576 440 286 364 931 935 561 622 704 696 574 348 184 940 102 970 683 628 485 293 274 444 640 425 
682 124 286 635 808 0 738 140 485 772 243 286 35 708 367 209 559 195 914 834 186 700 750 558 266 211 225 640 401 157 877 723 741 33 486 262 147 477 381 975 361 412 696 285 246 897 340 149 530 426 291 209 174 376 788 662 446 218 734 928 
62 341 929 322 481 738 0 988 310 973 393 479 327 873 633 89 721 645 472 795 37 456 910 222 656 557 365 477 566 58 303 614 378 831 512 274 176 84 603 857 121 53 361 429 109 887 191 762 738 426 403 708 453 798 272 336 186 442 868 804 
142 788 560 31 521 140 988 0 928 524 619 578 664 174 201 354 701 720 480 468 837 352 384 388 537 340 885 662 556 816 525 763 42 293 601 922 368 471 576 332 815 662 149 551 297 590 747 667 303 646 969 904 851 173 616 278 975 642 243 178 
718 414 337 852 284 485 310 928 0 258 672 332 303 820 583 918 681 674 414 29 585 909 658 324 679 921 515 403 352 16 627 80 846 957 516 642 413 29 243 4 843 157 392 118 403 776 478 472 891 862 873 499 797 752 993 619 879 841 735 157 
476 853 909 240 81 772 973 524 258 0 36 111 223 560 113 647 654 991 759 338 819 476 872 62 259 1 311 383 530 809 796 409 395 288 281 274 578 172 924 528 485 347 206 523 948 290 483 528 679 239 226 551 569 333 518 58 209 329 802 625 
691 280 289 651 221 243 393 619 672 36 0 944 438 846 495 16 372 361 276 389 390 780 592 972 789 681 813 898 240 330 257 217 438 421 154 938 647 271 560 166 410 772 87 247 177 208 762 946 175 125 385 322 310 968 342 420 934 105 161 606 
826 292 666 511 173 286 479 578 332 111 944 0 755 535 445 644 162 344 425 796 756 77 324 539 531 326 77 75 379 967 399 709 428 584 128 499 385 323 248 231 266 833 640 995 739 513 558 343 460 870 160 486 892 905 363 542 699 440 722 959 
463 588 272 928 405 35 327 664 303 223 438 755 0 755 644 367 677 535 626 412 527 941 66 753 853 402 309 353 408 815 796 897 494 627 421 710 287 620 149 518 410 674 446 675 30 798 209 47 505 905 940 335 883 474 241 960 110 270 706 260 
429 827 864 740 595 708 873 174 820 560 846 535 755 0 309 931 479 289 758 709 568 754 672 103 42 893 346 806 290 503 423 365 992 825 796 642 117 981 319 571 668 965 100 590 266 410 653 420 142 606 570 959 561 654 548 904 548 918 436 61 
321 443 646 779 981 367 633 201 583 113 495 445 644 309 0 351 551 480 226 322 990 326 871 325 978 855 671 435 794 82 646 226 603 976 77 362 245 576 173 271 664 315 809 779 460 31 336 542 374 230 641 115 2 912 145 680 152 511 217 83 
808 536 679 585 198 209 89 354 918 647 16 644 367 931 351 0 621 276 387 602 920 5 21 1 952 721 557 141 230 976 34 12 170 382 925 326 127 837 280 78 196 489 62 812 718 24 411 634 722 620 281 456 39 624 471 541 529 782 658 809 
554 986 213 856 278 559 721 701 681 654 372 162 677 479 551 621 0 761 400 830 377 599 91 142 735 135 49 237 604 760 698 439 433 339 969 643 792 877 551 886 412 201 616 828 140 170 616 807 966 141 996 783 66 957 565 210 657 771 937 216 
281 812 990 557 158 195 645 720 674 991 361 344 535 289 480 276 761 0 201 746 557 435 951 764 964 203 467 640 700 358 274 935 411 281 396 186 512 659 956 135 508 990 232 33 437 416 466 270 858 936 503 806 60 294 706 939 982 355 646 26 
197 724 348 419 608 914 472 480 414 759 276 425 626 758 226 387 400 201 0 804 671 414 970 330 726 988 79 522 42 654 595 819 620 81 757 517 457 20 995 785 724 609 498 363 919 9 557 430 405 260 42 259 565 345 885 643 265 781 337 5 
786 523 898 420 352 834 795 468 29 338 389 796 412 709 322 602 830 746 804 0 219 625 51 167 315 707 276 511 924 75 604 815 664 539 332 317 507 674 130 176 806 633 297 956 637 504 584 571 904 39 762 992 850 270 522 621 894 188 899 298 
168 913 244 253 949 186 37 837 585 819 390 756 527 568 990 920 377 557 671 219 0 100 169 16 567 529 396 621 454 741 500 701 596 180 402 589 282 621 686 879 199 457 951 671 201 971 547 485 177 661 178 702 731 789 697 538 417 5 709 361 
117 790 791 514 702 700 456 352 909 476 780 77 941 754 326 5 599 435 414 625 100 0 5 418 950 314 738 232 703 723 562 984 230 312 31 571 664 227 562 232 800 362 266 823 709 581 9 915 519 769 450 871 445 580 644 488 472 785 146 948 
119 749 281 670 900 750 910 384 658 872 592 324 66 672 871 21 91 951 970 51 169 5 0 595 633 419 164 362 759 494 595 478 766 184 311 162 536 322 255 84 925 603 489 159 700 511 562 366 277 707 817 133 78 241 669 513 816 80 719 463 
228 383 683 159 356 558 222 388 324 62 972 539 753 103 325 1 142 764 330 167 16 418 595 0 609 275 397 471 716 829 572 560 648 956 25 927 581 236 525 670 382 241 70 137 614 207 534 940 542 332 636 32 676 424 254 978 436 540 294 961 
103 873 16 783 183 266 656 537 679 259 789 531 853 42 978 952 735 964 726 315 567 950 633 609 0 517 267 241 423 547 793 905 426 542 744 749 164 971 434 440 326 175 500 923 200 937 383 657 626 190 292 308 856 492 795 353 218 513 865 165 
61 947 126 882 953 211 557 340 921 1 681 326 402 893 855 721 135 203 988 707 529 314 419 275 517 0 254 677 925 301 278 259 772 53 929 40 425 968 736 903 623 265 375 925 341 777 444 791 605 509 842 616 521 176 17 519 694 29 715 530 
747 1 779 209 266 225 365 885 515 311 813 77 309 346 671 557 49 467 79 276 396 738 164 397 267 254 0 453 22 698 691 92 188 530 380 836 573 520 317 65 763 120 536 901 754 350 470 597 792 717 910 335 837 758 467 608 575 41 714 760 
689 747 291 681 470 640 477 662 403 383 898 75 353 806 435 141 237 640 522 511 621 232 362 471 241 677 453 0 742 614 814 513 792 635 554 570 726 603 53 436 694 478 249 199 683 741 654 76 614 425 321 541 292 58 513 422 700 286 572 366 
412 929 951 837 437 401 566 556 352 530 240 379 408 290 794 230 604 700 42 924 454 703 759 716 423 925 22 742 0 558 801 345 705 773 411 625 72 62 935 686 278 709 649 375 368 764 605 140 477 66 482 124 725 561 361 201 256 158 317 706 
851 821 713 148 304 157 58 816 16 809 330 967 815 503 82 976 760 358 654 75 741 723 494 829 547 301 698 614 558 0 585 31 478 713 849 234 602 528 612 406 120 324 46 265 350 437 843 894 352 455 166 83 483 436 21 628 697 746 89 412 
941 428 665 925 902 877 303 525 627 796 257 399 796 423 646 34 698 274 595 604 500 562 595 572 793 278 691 814 801 585 0 950 744 338 383 106 904 880 799 204 799 886 810 584 508 255 490 984 376 761 995 6 117 593 221 840 668 527 302 827 
127 608 469 690 666 723 614 763 80 409 217 709 897 365 226 12 439 935 819 815 701 984 478 560 905 259 92 513 345 31 950 0 663 793 701 374 456 917 944 702 938 525 538 697 923 489 306 969 56 555 955 149 595 604 171 391 56 229 312 231 
357 805 387 641 919 741 378 42 846 395 438 428 494 992 603 170 433 411 620 664 596 230 766 648 426 772 188 792 705 478 744 663 0 772 588 916 46 497 669 937 443 289 40 845 740 173 823 71 77 420 907 447 733 729 438 880 71 998 485 616 
629 394 99 549 110 33 831 293 957 288 421 584 627 825 976 382 339 281 81 539 180 312 184 956 542 53 530 635 773 713 338 793 772 0 339 434 178 417 623 274 807 454 469 696 7 257 966 512 549 575 360 301 338 471 376 95 882 159 25 292 
505 311 675 607 436 486 512 601 516 281 154 128 421 796 77 925 969 396 757 332 402 31 311 25 744 929 380 554 411 849 383 701 588 339 0 137 897 528 697 552 303 691 666 421 796 704 281 101 860 310 528 194 891 215 508 361 338 733 377 138 
690 850 785 440 641 262 274 922 642 274 938 499 710 642 362 326 643 186 517 317 589 571 162 927 749 40 836 570 625 234 106 374 916 434 137 0 596 597 672 198 213 765 806 891 956 345 601 1000 170 903 651 527 691 44 72 625 883 172 239 89 
407 431 580 428 576 147 176 368 413 578 647 385 287 117 245 127 792 512 457 507 282 664 536 581 164 425 573 726 72 602 904 456 46 178 897 596 0 642 263 885 456 490 385 145 867 788 321 740 955 102 962 306 870 268 863 390 583 726 481 976 
92 727 333 157 440 477 84 471 29 172 271 323 620 981 576 837 877 659 20 674 621 227 322 236 971 968 520 603 62 528 880 917 497 417 528 597 642 0 462 835 761 511 525 893 468 825 618 294 703 847 750 325 845 261 877 770 537 848 275 451 
817 565 718 184 286 381 603 576 243 924 560 248 149 319 173 280 551 956 995 130 686 562 255 525 434 736 317 53 935 612 799 944 669 623 697 672 263 462 0 580 422 977 414 816 487 173 107 815 438 561 228 662 331 842 216 782 914 848 804 88 
121 722 20 824 364 975 857 332 4 528 166 231 518 571 271 78 886 135 785 176 879 232 84 670 440 903 65 436 686 406 204 702 937 274 552 198 885 835 580 0 433 454 321 569 340 596 611 601 638 761 277 694 404 512 381 220 497 655 433 669 
809 794 860 433 931 361 121 815 843 485 410 266 410 668 664 196 412 508 724 806 199 800 925 382 326 623 763 694 278 120 799 938 443 807 303 213 456 761 422 433 0 395 567 358 23 534 587 960 632 502 660 288 788 510 864 531 315 179 172 783 
777 65 455 361 935 412 53 662 157 347 772 833 674 965 315 489 201 990 609 633 457 362 603 241 175 265 120 478 709 324 886 525 289 454 691 765 490 511 977 454 395 0 522 190 434 402 731 891 872 327 122 993 941 743 517 80 729 385 179 208 
561 525 215 402 561 696 361 149 392 206 87 640 446 100 809 62 616 232 498 297 951 266 489 70 500 375 536 249 649 46 810 538 40 469 666 806 385 525 414 321 567 522 0 42 595 758 912 153 81 732 76 200 519 591 247 650 380 381 529 872 
713 204 783 633 622 285 429 551 118 523 247 995 675 590 779 812 828 33 363 956 671 823 159 137 923 925 901 199 375 265 584 697 845 696 421 891 145 893 816 569 358 190 42 0 839 947 748 728 345 402 916 495 793 97 700 961 51 731 641 272 
787 554 394 294 704 246 109 297 403 948 177 739 30 266 460 718 140 437 919 637 201 709 700 614 200 341 754 683 368 350 508 923 740 7 796 956 867 468 487 340 23 434 595 839 0 362 331 500 93 111 848 120 731 60 878 407 248 849 828 805 
302 688 154 658 696 897 887 590 776 290 208 513 798 410 31 24 170 416 9 504 971 581 511 207 937 777 350 741 764 437 255 489 173 257 704 345 788 825 173 596 534 402 758 947 362 0 565 664 549 689 903 945 995 680 363 248 11 926 369 431 
286 323 616 723 574 340 191 747 478 483 762 558 209 653 336 411 616 466 557 584 547 9 562 534 383 444 470 654 605 843 490 306 823 966 281 601 321 618 107 611 587 731 912 748 331 565 0 768 80 113 23 179 854 586 260 313 86 600 497 853 
478 591 89 186 348 149 762 667 472 528 946 343 47 420 542 634 807 270 430 571 485 915 366 940 657 791 597 76 140 894 984 969 71 512 101 1000 740 294 815 601 960 891 153 728 500 664 768 0 352 655 615 75 770 737 891 640 434 299 211 82 
292 979 280 573 184 530 738 303 891 679 175 460 505 142 374 722 966 858 405 904 177 519 277 542 626 605 792 614 477 352 376 56 77 549 860 170 955 703 438 638 632 872 81 345 93 549 80 352 0 122 465 9 349 599 545 505 476 354 412 724 
458 888 236 473 940 426 426 646 862 239 125 870 905 606 230 620 141 936 260 39 661 769 707 332 190 509 717 425 66 455 761 555 420 575 310 903 102 847 561 761 502 327 732 402 111 689 113 655 122 0 988 219 926 926 254 230 516 836 773 650 
592 203 162 85 102 291 403 969 873 226 385 160 940 570 641 281 996 503 42 762 178 450 817 636 292 842 910 321 482 166 995 955 907 360 528 651 962 750 228 277 660 122 76 916 848 903 23 615 465 988 0 180 563 991 57 520 185 684 561 897 
661 451 906 768 970 209 708 904 499 551 322 486 335 959 115 456 783 806 259 992 702 871 133 32 308 616 335 541 124 83 6 149 447 301 194 527 306 325 662 694 288 993 200 495 120 945 179 75 9 219 180 0 639 529 649 745 160 620 309 516 
813 294 275 57 683 174 453 851 797 569 310 892 883 561 2 39 66 60 565 850 731 445 78 676 856 521 837 292 725 483 117 595 733 338 891 691 870 845 331 404 788 941 519 793 731 995 854 770 349 926 563 639 0 454 342 589 638 37 387 555 
995 442 143 223 628 376 798 173 752 333 968 905 474 654 912 624 957 294 345 270 789 580 241 424 492 176 758 58 561 436 593 604 729 471 215 44 268 261 842 512 510 743 591 97 60 680 586 737 599 926 991 529 454 0 723 876 34 64 243 824 
889 509 881 809 485 788 272 616 993 518 342 363 241 548 145 471 565 706 885 522 697 644 669 254 795 17 467 513 361 21 221 171 438 376 508 72 863 877 216 381 864 517 247 700 878 363 260 891 545 254 57 649 342 723 0 826 269 480 420 642 
450 125 15 161 293 662 336 278 619 58 420 542 960 904 680 541 210 939 643 621 538 488 513 978 353 519 608 422 201 628 840 391 880 95 361 625 390 770 782 220 531 80 650 961 407 248 313 640 505 230 520 745 589 876 826 0 688 407 739 336 
510 431 642 622 274 446 186 975 879 209 934 699 110 548 152 529 657 982 265 894 417 472 816 436 218 694 575 700 256 697 668 56 71 882 338 883 583 537 914 497 315 729 380 51 248 11 86 434 476 516 185 160 638 34 269 688 0 108 426 572 
368 356 893 223 444 218 442 642 841 329 105 440 270 918 511 782 771 355 781 188 5 785 80 540 513 29 41 286 158 746 527 229 998 159 733 172 726 848 848 655 179 385 381 731 849 926 600 299 354 836 684 620 37 64 480 407 108 0 114 238 
645 667 523 121 640 734 868 243 735 802 161 722 706 436 217 658 937 646 337 899 709 146 719 294 865 715 714 572 317 89 302 312 485 25 377 239 481 275 804 433 172 179 529 641 828 369 497 211 412 773 561 309 387 243 420 739 426 114 0 854 
534 872 520 89 425 928 804 178 157 625 606 959 260 61 83 809 216 26 5 298 361 948 463 961 165 530 760 366 706 412 827 231 616 292 138 89 976 451 88 669 783 208 872 272 805 431 853 82 724 650 897 516 555 824 642 336 572 238 854 0 
