80 3
0 917 156 207 878 25 81 12 333 498 760 838 42 756 467 7 566 353 301 315 835 878 641 413 445 292 999 919 841 935 756 45 93 954 11 90 26 417 703 203 472 761 526 853 781 825 409 507 20 542 82 73 37 554 384 576 641 168 868 308 871 201 659 652 714 661 11 657 291 615 879 955 862 970 157 805 684 355 591 265 
917 0 125 898 545 941 428 804 899 442 270 84 51 321 389 602 432 472 47 709 915 784 559 536 842 921 923 133 341 328 124 528 209 188 886 573 213 683 760 972 416 848 128 773 271 149 400 265 280 596 653 79 933 462 795 131 127 293 453 567 303 251 223 260 930 43 791 730 594 205 291 244 407 304 21 626 879 766 967 715 
156 125 0 189 474 188 594 984 524 520 550 188 55 698 698 924 238 774 531 831 979 588 649 502 928 29 36 161 432 857 364 682 881 988 592 196 384 553 173 984 761 724 388 80 615 30 948 254 957 879 297 503 30 47 380 802 148 270 943 549 772 576 854 445 189 237 195 845 709 395 533 292 461 647 585 804 445 946 477 707 
207 898 189 0 3 111 995 828 811 102 598 59 102 736 182 31 371 853 982 113 208 432 3 682 853 317 531 552 437 582 840 998 281 891 719 427 228 874 37 747 509 916 115 189 333 181 406 733 969 934 41 625 809 722 937 515 757 418 437 831 485 962 646 860 797 643 6 588 355 962 660 824 217 834 107 322 979 794 284 260 
878 545 474 3 0 926 36 869 619 701 474 967 718 298 971 771 919 585 749 671 51 768 796 347 455 342 170 492 622 661 668 120 181 432 952 460 821 62 527 898 844 807 898 381 196 532 180 147 688 332 161 437 462 613 383 38 696 668 478 64 279 79 973 556 660 122 724 940 656 1000 97 96 669 375 5 133 627 602 599 35 
25 941 188 111 926 0 211 165 774 51 408 521 594 989 960 4 335 455 421 648 683 457 560 958 156 499 445 113 498 674 352 947 203 393 208 422 854 983 520 470 608 772 356 951 971 685 806 705 841 634 277 950 409 233 22 123 556 669 460 806 55 325 637 635 277 31 722 781 172 966 595 904 319 748 594 652 429 5 645 204 
81 428 594 995 36 211 0 796 603 239 442 691 483 504 316 517 218 521 145 303 161 799 188 360 710 754 892 724 893 462 746 56 616 339 897 444 415 227 962 891 346 611 7 385 349 82 701 287 364 433 37 610 461 47 299 216 465 545 945 769 83 955 402 539 398 849 765 709 20 401 467 191 255 292 553 125 504 690 402 905 
12 804 984 828 869 165 796 0 959 690 634 198 221 522 477 752 408 130 684 441 146 893 932 591 269 922 200 832 190 309 9 273 514 456 712 897 692 434 385 148 703 996 77 57 343 522 727 33 34 893 1000 524 630 467 300 656 597 84 449 144 940 533 813 661 350 199 601 441 906 926 39 240 122 800 509 97 12 603 192 71 
333 899 524 811 619 774 603 959 0 328 235 142 815 515 757 290 101 7 387 646 351 919 265 540 135 428 501 454 758 833 571 18 825 488 846 423 616 908 977 838 406 557 522 45 238 536 552 299 189 140 206 739 350 580 80 562 74 861 669 166 27 310 683 130 428 57 979 290 551 745 819 987 6 203 658 641 381 784 689 878 
498 442 520 102 701 51 239 690 328 0 849 139 53 724 811 980 940 211 367 149 358 937 385 700 726 934 59 547 758 824 930 855 541 199 500 904 236 557 299 510 800 209 181 275 307 670 943 983 535 346 544 334 558 355 786 315 63 335 543 529 217 708 546 808 239 697 340 56 295 268 142 729 622 243 170 301 930 655 623 760 
760 270 550 598 474 408 442 634 235 849 0 893 485 100 401 536 925 345 575 481 825 914 158 136 354 721 821 741 647 109 659 27 696 129 756 785 726 83 857 676 770 551 495 243 519 833 125 202 467 543 326 742 676 927 378 621 500 486 482 711 419 221 68 506 180 922 297 851 976 79 466 380 601 871 903 131 349 250 667 296 
838 84 188 59 967 521 691 198 142 139 893 0 360 855 637 185 97 342 760 975 849 503 275 592 665 228 659 389 787 830 147 486 157 95 610 418 642 279 976 522 652 523 681 403 960 26 570 1000 17 168 454 119 421 826 327 642 600 202 174 75 30 389 880 425 554 281 604 161 711 336 921 701 428 69 412 756 312 679 453 84 
42 51 55 102 718 594 483 221 815 53 485 360 0 487 503 829 368 818 41 304 582 737 359 883 730 606 342 88 659 938 437 916 201 415 856 770 726 78 129 858 496 813 790 785 664 522 457 300 81 494 117 39 179 717 478 757 80 579 835 315 174 478 352 625 495 771 771 764 161 715 976 477 262 542 712 993 556 532 924 199 
756 321 698 736 298 989 504 522 515 724 100 855 487 0 125 736 263 887 581 995 383 763 284 59 434 609 262 471 9 879 427 420 181 680 338 259 205 301 503 67 334 499 214 334 972 783 503 651 774 337 262 658 943 86 892 436 345 735 570 912 528 145 26 136 812 926 740 698 178 196 406 217 227 521 283 163 648 833 338 514 
467 389 698 182 971 960 316 477 757 811 401 637 503 125 0 78 177 548 290 334 420 416 841 782 773 115 780 365 124 497 431 137 420 220 758 440 431 879 352 230 129 545 408 860 980 925 419 184 381 488 562 267 732 248 193 359 685 724 720 797 184 453 329 501 571 866 394 747 289 266 443 697 331 982 114 121 561 682 325 579 
7 602 924 31 771 4 517 752 290 980 536 185 829 736 78 0 199 77 122 223 70 219 667 769 695 117 179 556 628 41 814 221 958 104 806 715 863 361 204 982 166 774 932 517 780 873 714 166 154 627 446 963 838 611 552 903 917 693 767 926 461 412 582 557 83 734 867 422 789 636 679 517 882 234 992 171 689 734 493 768 
566 432 238 371 919 335 218 408 101 940 925 97 368 263 177 199 0 914 267 940 713 400 588 507 428 992 545 540 863 712 990 158 641 5 906 308 489 244 335 719 144 365 207 41 216 966 94 802 594 883 520 310 829 98 617 726 769 499 599 823 503 889 96 981 630 74 136 884 116 118 135 633 886 530 790 40 501 305 966 715 
353 472 774 853 585 455 521 130 7 211 345 342 818 887 548 77 914 0 398 385 655 294 419 910 288 464 176 132 734 364 823 665 92 655 914 349 507 131 237 969 686 898 281 589 996 50 442 999 831 171 325 907 124 738 852 143 161 726 155 999 509 39 171 254 289 586 187 923 371 772 43 429 425 117 62 719 379 656 847 578 
301 47 531 982 749 421 145 684 387 367 575 760 41 581 290 122 267 398 0 947 891 298 596 900 519 625 312 766 581 710 964 189 133 496 254 937 759 983 487 774 98 921 217 792 779 427 83 867 139 386 529 604 704 995 503 58 363 232 360 450 532 436 780 867 872 262 802 633 802 426 330 805 279 767 366 714 666 613 503 159 
315 709 831 113 671 648 303 441 646 149 481 975 304 995 334 223 940 385 947 0 464 512 410 610 325 488 376 693 485 529 581 657 661 626 1000 434 840 580 468 537 363 55 121 252 666 334 883 659 817 826 444 723 94 275 345 918 773 656 148 722 597 865 604 424 803 442 602 663 320 613 425 89 910 654 9 417 719 10 875 717 
835 915 979 208 51 683 161 146 351 358 825 849 582 383 420 70 713 655 891 464 0 924 565 357 789 586 996 819 615 454 815 164 739 300 52 354 830 909 441 948 747 331 113 190 364 958 87 630 249 54 148 494 374 426 785 565 42 788 188 941 949 891 169 853 92 398 957 80 538 209 2 973 197 794 718 700 193 578 188 541 
878 784 588 432 768 457 799 893 919 937 914 503 737 763 416 219 400 294 298 512 924 0 669 981 672 170 424 531 139 385 272 505 248 583 66 453 354 368 42 871 904 36 28 694 143 796 55 260 572 785 117 650 503 389 222 91 613 597 170 28 194 630 847 960 994 617 883 490 135 668 500 504 179 753 548 526 843 302 63 71 
641 559 649 3 796 560 188 932 265 385 158 275 359 284 841 667 588 419 596 410 565 669 0 398 304 880 574 38 808 536 992 493 638 952 896 139 702 958 869 833 974 850 432 377 567 541 437 759 851 924 756 21 900 591 616 102 375 497 523 480 812 375 676 142 453 798 529 873 661 886 434 979 402 35 402 13 219 350 650 595 
413 536 502 682 347 958 360 591 540 700 136 592 883 59 782 769 507 910 900 610 357 981 398 0 61 947 579 289 595 370 316 256 35 844 569 578 524 200 17 915 982 928 258 921 787 118 730 520 194 197 632 117 30 127 99 663 774 780 393 49 359 86 513 682 266 206 629 595 715 186 85 799 716 57 950 965 279 513 701 488 
445 842 928 853 455 156 710 269 135 726 354 665 730 434 773 695 428 288 519 325 789 672 304 61 0 272 60 286 168 42 651 962 536 266 705 796 818 222 133 389 163 508 323 586 356 933 807 350 216 309 262 275 730 174 874 728 987 228 283 267 881 601 455 592 509 378 970 800 221 434 450 390 841 133 414 876 44 207 432 905 
292 921 29 317 342 499 754 922 428 934 721 228 606 609 115 117 992 464 625 488 586 170 880 947 272 0 691 637 634 310 763 687 147 67 127 495 992 834 83 539 335 409 5 32 4 531 715 472 920 492 261 580 382 253 505 53 78 404 75 58 212 157 791 566 69 955 609 147 88 263 277 85 840 327 940 488 446 560 279 756 
999 923 36 531 170 445 892 200 501 59 821 659 342 262 780 179 545 176 312 376 996 424 574 579 60 691 0 537 376 431 766 673 958 682 809 210 928 618 848 101 451 792 142 781 722 640 877 423 582 702 603 932 376 686 813 143 253 294 454 127 115 306 181 71 381 791 117 19 955 451 756 853 506 369 479 911 815 706 687 493 
919 133 161 552 492 113 724 832 454 547 741 389 88 471 365 556 540 132 766 693 819 531 38 289 286 637 537 0 412 871 563 617 723 986 72 163 561 245 905 563 409 747 376 307 808 122 912 725 807 835 814 889 554 757 72 352 825 136 987 556 891 53 257 77 261 227 256 767 414 511 846 935 173 416 46 186 224 276 452 946 
841 341 432 437 622 498 893 190 758 758 647 787 659 9 124 628 863 734 581 485 615 139 808 595 168 634 376 412 0 634 691 44 290 162 572 728 335 915 166 44 131 220 7 414 795 556 90 704 708 469 456 272 12 112 864 24 230 323 24 139 785 585 338 779 871 610 442 514 44 274 224 903 73 967 24 143 154 285 476 156 
935 328 857 582 661 674 462 309 833 824 109 830 938 879 497 41 712 364 710 529 454 385 536 370 42 310 431 871 634 0 579 657 983 878 971 1 497 974 325 950 235 529 990 865 738 605 423 354 871 396 755 912 647 615 497 673 943 389 285 449 232 790 396 927 395 133 168 120 139 969 24 615 371 470 687 586 748 610 315 523 
756 124 364 840 668 352 746 9 571 930 659 147 437 427 431 814 990 823 964 581 815 272 992 316 651 763 766 563 691 579 0 482 75 932 163 82 1000 952 876 612 721 486 628 701 839 66 333 143 5 248 327 74 662 896 389 800 2 362 1 495 212 413 994 656 622 672 84 297 80 766 347 182 780 241 337 853 803 77 642 96 
45 528 682 998 120 947 56 273 18 855 27 486 916 420 137 221 158 665 189 657 164 505 493 256 962 687 673 617 44 657 482 0 290 593 377 112 617 920 812 125 396 270 800 224 542 299 412 47 579 557 339 892 477 330 992 845 194 281 85 806 920 360 294 545 571 738 770 147 476 686 240 873 451 844 509 373 690 41 80 522 
93 209 881 281 181 203 616 514 825 541 696 157 201 181 420 958 641 92 133 661 739 248 638 35 536 147 958 723 290 983 75 290 0 620 517 819 39 583 271 935 930 872 731 200 361 167 245 270 831 319 702 765 952 321 87 226 182 404 916 477 377 289 153 330 658 62 1 303 579 278 142 853 295 805 872 895 953 780 853 63 
954 188 988 891 432 393 339 456 488 199 129 95 415 680 220 104 5 655 496 626 300 583 952 844 266 67 682 986 162 878 932 593 620 0 750 130 186 821 991 913 584 910 961 239 283 404 334 105 466 390 727 970 490 429 507 118 41 52 486 743 718 630 606 689 488 903 650 833 483 556 79 639 272 299 215 752 831 32 305 365 
11 886 592 719 952 208 897 712 846 500 756 610 856 338 758 806 906 914 254 1000 52 66 896 569 705 127 809 72 572 971 163 377 517 750 0 43 647 109 200 801 929 535 418 28 978 510 979 809 783 283 786 400 920 289 58 514 426 409 942 902 656 729 460 290 763 657 149 440 395 595 951 217 543 766 37 147 571 807 834 847 
90 573 196 427 460 422 444 897 423 904 785 418 770 259 440 715 308 349 937 434 354 453 139 578 796 495 210 163 728 1 82 112 819 130 43 0 830 561 143 253 911 350 2 729 872 616 752 201 486 87 297 101 906 107 2 611 692 939 222 897 338 507 628 686 900 681 982 984 35 115 940 12 954 490 267 989 131 92 796 141 
26 213 384 228 821 854 415 692 616 236 726 642 726 205 431 863 489 507 759 840 830 354 702 524 818 992 928 561 335 497 1000 617 39 186 647 830 0 859 578 89 624 91 526 274 250 354 642 909 482 98 1 271 768 965 517 667 118 423 465 461 547 288 224 822 436 683 425 797 16 637 788 329 321 578 852 827 916 939 909 916 
417 683 553 874 62 983 227 434 908 557 83 279 78 301 879 361 244 131 983 580 909 368 958 200 222 834 618 245 915 974 952 920 583 821 109 561 859 0 103 961 115 566 942 35 377 400 55 576 52 787 770 387 61 409 493 334 132 806 702 230 621 478 68 565 323 60 776 572 898 718 322 649 785 315 374 291 50 723 112 927 
703 760 173 37 527 520 962 385 977 299 857 976 129 503 352 204 335 237 487 468 441 42 869 17 133 83 848 905 166 325 876 812 271 991 200 143 578 103 0 953 582 87 20 595 18 506 341 463 847 132 831 173 169 540 611 490 955 435 465 867 227 316 674 4 428 788 788 673 842 895 655 479 826 141 51 137 447 862 169 232 
203 972 984 747 898 470 891 148 838 510 676 522 858 67 230 982 719 969 774 537 948 871 833 915 389 539 101 563 44 950 612 125 935 913 801 253 89 961 953 0 543 867 370 251 384 183 478 360 973 392 540 889 777 336 447 689 278 220 879 776 82 645 77 979 354 491 813 226 670 496 568 444 475 758 8 159 918 305 925 758 
472 416 761 509 844 608 346 703 406 800 770 652 496 334 129 166 144 686 98 363 747 904 974 982 163 335 451 409 131 235 721 396 930 584 929 911 624 115 582 543 0 641 439 543 860 883 60 635 509 889 127 125 779 106 483 457 438 409 590 178 649 891 769 144 481 891 34 763 111 58 560 941 681 35 284 163 153 609 424 732 
761 848 724 916 807 772 611 996 557 209 551 523 813 499 545 774 365 898 921 55 331 36 850 928 508 409 792 747 220 529 486 270 872 910 535 350 91 566 87 867 641 0 367 68 900 591 485 800 262 541 379 627 955 904 701 280 912 413 498 484 952 633 778 611 492 937 277 667 309 492 420 138 300 809 227 771 966 947 946 842 
526 128 388 115 898 356 7 77 522 181 495 681 790 214 408 932 207 281 217 121 113 28 432 258 323 5 142 376 7 990 628 800 731 961 418 2 526 942 20 370 439 367 0 730 654 293 677 59 596 791 10 182 871 660 221 219 2 19 991 903 662 452 757 205 244 947 782 602 276 895 74 741 886 353 740 508 721 233 705 153 
853 773 80 189 381 951 385 57 45 275 243 403 785 334 860 517 41 589 792 252 190 694 377 921 586 32 781 307 414 865 701 224 200 239 28 729 274 35 595 251 543 68 730 0 506 415 928 263 610 788 611 219 256 967 141 92 733 937 149 800 253 514 327 847 380 196 984 117 771 879 892 183 16 347 308 855 598 858 666 666 
781 271 615 333 196 971 349 343 238 307 519 960 664 972 980 780 216 996 779 666 364 143 567 787 356 4 722 808 795 738 839 542 361 283 978 872 250 377 18 384 860 900 654 506 0 92 452 289 434 321 761 120 89 1 583 895 487 219 518 427 358 777 654 328 417 74 67 428 72 164 886 877 967 816 485 195 153 740 742 65 
825 149 30 181 532 685 82 522 536 670 833 26 522 783 925 873 966 50 427 334 958 796 541 118 933 531 640 122 556 605 66 299 167 404 510 616 354 400 506 183 883 591 293 415 92 0 551 494 605 175 451 128 292 531 335 516 160 15 318 943 278 954 763 573 172 810 767 988 539 89 834 354 59 409 667 767 61 751 525 384 
409 400 948 406 180 806 701 727 552 943 125 570 457 503 419 714 94 442 83 883 87 55 437 730 807 715 877 912 90 423 333 412 245 334 979 752 642 55 341 478 60 485 677 928 452 551 0 952 19 506 3 576 886 247 193 429 414 836 275 901 676 661 582 176 313 329 62 932 218 647 31 661 440 458 97 300 484 718 240 874 
507 265 254 733 147 705 287 33 299 983 202 1000 300 651 184 166 802 999 867 659 630 260 759 520 350 472 423 725 704 354 143 47 270 105 809 201 909 576 463 360 635 800 59 263 289 494 952 0 218 390 738 623 38 676 470 527 335 733 8 64 460 367 623 208 735 141 561 573 818 748 519 210 646 535 395 362 65 774 657 409 
20 280 957 969 688 841 364 34 189 535 467 17 81 774 381 154 594 831 139 817 249 572 851 194 216 920 582 807 708 871 5 579 831 466 783 486 482 52 847 973 509 262 596 610 434 605 19 218 0 301 269 534 344 887 952 355 806 726 173 358 627 794 641 375 541 886 319 852 786 448 823 859 333 14 491 325 906 919 202 857 
542 596 879 934 332 634 433 893 140 346 543 168 494 337 488 627 883 171 386 826 54 785 924 197 309 492 702 835 469 396 248 557 319 390 283 87 98 787 132 392 889 541 791 788 321 175 506 390 301 0 432 359 502 931 936 928 784 26 89 764 736 631 99 587 46 74 553 737 544 584 981 994 927 787 644 346 473 266 995 382 
82 653 297 41 161 277 37 1000 206 544 326 454 117 262 562 446 520 325 529 444 148 117 756 632 262 261 603 814 456 755 327 339 702 727 786 297 1 770 831 540 127 379 10 611 761 451 3 738 269 432 0 545 574 722 718 438 977 816 667 133 452 57 991 996 695 715 341 569 180 263 321 340 293 565 310 636 797 459 81 327 
73 79 503 625 437 950 610 524 739 334 742 119 39 658 267 963 310 907 604 723 494 650 21 117 275 580 932 889 272 912 74 892 765 970 400 101 271 387 173 889 125 627 182 219 120 128 576 623 534 359 545 0 866 885 957 889 210 406 911 856 328 355 124 10 306 580 426 396 522 937 683 686 293 577 596 617 672 895 199 519 
37 933 30 809 462 409 461 630 350 558 676 421 179 943 732 838 829 124 704 94 374 503 900 30 730 382 376 554 12 647 662 477 952 490 920 906 768 61 169 777 779 955 871 256 89 292 886 38 344 502 574 866 0 1000 733 525 537 451 796 740 366 559 530 287 550 548 934 884 664 979 521 781 554 461 746 606 629 330 161 443 
554 462 47 722 613 233 47 467 580 355 927 826 717 86 248 611 98 738 995 275 426 389 591 127 174 253 686 757 112 615 896 330 321 429 289 107 965 409 540 336 106 904 660 967 1 531 247 676 887 931 722 885 1000 0 505 706 951 160 289 407 532 569 698 761 878 804 818 315 603 648 337 990 169 882 395 896 380 291 400 520 
384 795 380 937 383 22 299 300 80 786 378 327 478 892 193 552 617 852 503 345 785 222 616 99 874 505 813 72 864 497 389 992 87 507 58 2 517 493 611 447 483 701 221 141 583 335 193 470 952 936 718 957 733 505 0 919 466 480 121 499 299 529 745 285 72 492 54 266 921 941 214 993 802 297 928 393 40 275 806 409 
576 131 802 515 38 123 216 656 562 315 621 642 757 436 359 903 726 143 58 918 565 91 102 663 728 53 143 352 24 673 800 845 226 118 514 611 667 334 490 689 457 280 219 92 895 516 429 527 355 928 438 889 525 706 919 0 966 501 553 877 487 934 48 326 159 765 151 297 503 836 753 845 456 231 475 851 900 57 846 4 
641 127 148 757 696 556 465 597 74 63 500 600 80 345 685 917 769 161 363 773 42 613 375 774 987 78 253 825 230 943 2 194 182 41 426 692 118 132 955 278 438 912 2 733 487 160 414 335 806 784 977 210 537 951 466 966 0 764 36 216 404 307 639 973 5 952 929 324 353 907 907 465 729 153 128 714 882 873 772 380 
168 293 270 418 668 669 545 84 861 335 486 202 579 735 724 693 499 726 232 656 788 597 497 780 228 404 294 136 323 389 362 281 404 52 409 939 423 806 435 220 409 413 19 937 219 15 836 733 726 26 816 406 451 160 480 501 764 0 634 859 858 429 503 589 848 20 237 933 668 553 178 65 69 687 170 571 446 399 175 380 
868 453 943 437 478 460 945 449 669 543 482 174 835 570 720 767 599 155 360 148 188 170 523 393 283 75 454 987 24 285 1 85 916 486 942 222 465 702 465 879 590 498 991 149 518 318 275 8 173 89 667 911 796 289 121 553 36 634 0 304 744 995 884 109 81 548 352 279 182 246 140 558 450 613 890 412 521 962 988 806 
308 567 549 831 64 806 769 144 166 529 711 75 315 912 797 926 823 999 450 722 941 28 480 49 267 58 127 556 139 449 495 806 477 743 902 897 461 230 867 776 178 484 903 800 427 943 901 64 358 764 133 856 740 407 499 877 216 859 304 0 58 479 87 293 678 733 457 510 275 915 600 233 729 868 246 545 843 626 258 537 
871 303 772 485 279 55 83 940 27 217 419 30 174 528 184 461 503 509 532 597 949 194 812 359 881 212 115 891 785 232 212 920 377 718 656 338 547 621 227 82 649 952 662 253 358 278 676 460 627 736 452 328 366 532 299 487 404 858 744 58 0 255 766 582 280 912 615 698 621 32 568 531 6 826 986 265 793 260 3 316 
201 251 576 962 79 325 955 533 310 708 221 389 478 145 453 412 889 39 436 865 891 630 375 86 601 157 306 53 585 790 413 360 289 630 729 507 288 478 316 645 891 633 452 514 777 954 661 367 794 631 57 355 559 569 529 934 307 429 995 479 255 0 462 735 917 490 920 32 177 264 711 445 588 131 545 564 753 536 850 959 
659 223 854 646 973 637 402 813 683 546 68 880 352 26 329 582 96 171 780 604 169 847 676 513 455 791 181 257 338 396 994 294 153 606 460 628 224 68 674 77 769 778 757 327 654 763 582 623 641 99 991 124 530 698 745 48 639 503 884 87 766 462 0 780 148 366 322 312 878 193 988 287 727 714 128 636 583 220 506 503 
652 260 445 860 556 635 539 661 130 808 506 425 625 136 501 557 981 254 867 424 853 960 142 682 592 566 71 77 779 927 656 545 330 689 290 686 822 565 4 979 144 611 205 847 328 573 176 208 375 587 996 10 287 761 285 326 973 589 109 293 582 735 780 0 142 658 683 91 849 683 491 900 896 206 518 589 766 976 970 311 
714 930 189 797 660 277 398 350 428 239 180 554 495 812 571 83 630 289 872 803 92 994 453 266 509 69 381 261 871 395 622 571 658 488 763 900 436 323 428 354 481 492 244 380 417 172 313 735 541 46 695 306 550 878 72 159 5 848 81 678 280 917 148 142 0 245 354 853 640 452 197 518 370 872 95 204 55 587 180 572 
661 43 237 643 122 31 849 199 57 697 922 281 771 926 866 734 74 586 262 442 398 617 798 206 378 955 791 227 610 133 672 738 62 903 657 681 683 60 788 491 891 937 947 196 74 810 329 141 886 74 715 580 548 804 492 765 952 20 548 733 912 490 366 658 245 0 695 955 406 613 725 382 914 148 291 810 383 493 561 451 
11 791 195 6 724 722 765 601 979 340 297 604 771 740 394 867 136 187 802 602 957 883 529 629 970 609 117 256 442 168 84 770 1 650 149 982 425 776 788 813 34 277 782 984 67 767 62 561 319 553 341 426 934 818 54 151 929 237 352 457 615 920 322 683 354 695 0 174 190 125 26 611 379 909 917 364 761 675 973 860 
657 730 845 588 940 781 709 441 290 56 851 161 764 698 747 422 884 923 633 663 80 490 873 595 800 147 19 767 514 120 297 147 303 833 440 984 797 572 673 226 763 667 602 117 428 988 932 573 852 737 569 396 884 315 266 297 324 933 279 510 698 32 312 91 853 955 174 0 653 629 11 515 158 629 286 944 983 709 442 166 
291 594 709 355 656 172 20 906 551 295 976 711 161 178 289 789 116 371 802 320 538 135 661 715 221 88 955 414 44 139 80 476 579 483 395 35 16 898 842 670 111 309 276 771 72 539 218 818 786 544 180 522 664 603 921 503 353 668 182 275 621 177 878 849 640 406 190 653 0 962 356 468 984 764 333 788 571 955 817 714 
615 205 395 962 1000 966 401 926 745 268 79 336 715 196 266 636 118 772 426 613 209 668 886 186 434 263 451 511 274 969 766 686 278 556 595 115 637 718 895 496 58 492 895 879 164 89 647 748 448 584 263 937 979 648 941 836 907 553 246 915 32 264 193 683 452 613 125 629 962 0 648 201 582 392 406 371 849 511 674 542 
879 291 533 660 97 595 467 39 819 142 466 921 976 406 443 679 135 43 330 425 2 500 434 85 450 277 756 846 224 24 347 240 142 79 951 940 788 322 655 568 560 420 74 892 886 834 31 519 823 981 321 683 521 337 214 753 907 178 140 600 568 711 988 491 197 725 26 11 356 648 0 102 221 529 460 374 397 106 524 970 
955 244 292 824 96 904 191 240 987 729 380 701 477 217 697 517 633 429 805 89 973 504 979 799 390 85 853 935 903 615 182 873 853 639 217 12 329 649 479 444 941 138 741 183 877 354 661 210 859 994 340 686 781 990 993 845 465 65 558 233 531 445 287 900 518 382 611 515 468 201 102 0 587 598 230 121 837 325 278 392 
862 407 461 217 669 319 255 122 6 622 601 428 262 227 331 882 886 425 279 910 197 179 402 716 841 840 506 173 73 371 780 451 295 272 543 954 321 785 826 475 681 300 886 16 967 59 440 646 333 927 293 293 554 169 802 456 729 69 450 729 6 588 727 896 370 914 379 158 984 582 221 587 0 155 342 319 464 846 294 425 
970 304 647 834 375 748 292 800 203 243 871 69 542 521 982 234 530 117 767 654 794 753 35 57 133 327 369 416 967 470 241 844 805 299 766 490 578 315 141 758 35 809 353 347 816 409 458 535 14 787 565 577 461 882 297 231 153 687 613 868 826 131 714 206 872 148 909 629 764 392 529 598 155 0 450 372 757 552 65 794 
157 21 585 107 5 594 553 509 658 170 903 412 712 283 114 992 790 62 366 9 718 548 402 950 414 940 479 46 24 687 337 509 872 215 37 267 852 374 51 8 284 227 740 308 485 667 97 395 491 644 310 596 746 395 928 475 128 170 890 246 986 545 128 518 95 291 917 286 333 406 460 230 342 450 0 591 688 868 258 133 
805 626 804 322 133 652 125 97 641 301 131 756 993 163 121 171 40 719 714 417 700 526 13 965 876 488 911 186 143 586 853 373 895 752 147 989 827 291 137 159 163 771 508 855 195 767 300 362 325 346 636 617 606 896 393 851 714 571 412 545 265 564 636 589 204 810 364 944 788 371 374 121 319 372 591 0 18 198 836 738 
684 879 445 979 627 429 504 12 381 930 349 312 556 648 561 689 501 379 666 719 193 843 219 279 44 446 815 224 154 748 803 690 953 831 571 131 916 50 447 918 153 966 721 598 153 61 484 65 906 473 797 672 629 380 40 900 882 446 521 843 793 753 583 766 55 383 761 983 571 849 397 837 464 757 688 18 0 458 82 575 
355 766 946 794 602 5 690 603 784 655 250 679 532 833 682 734 305 656 613 10 578 302 350 513 207 560 706 276 285 610 77 41 780 32 807 92 939 723 862 305 609 947 233 858 740 751 718 774 919 266 459 895 330 291 275 57 873 399 962 626 260 536 220 976 587 493 675 709 955 511 106 325 846 552 868 198 458 0 730 945 
591 967 477 284 599 645 402 192 689 623 667 453 924 338 325 493 966 847 503 875 188 63 650 701 432 279 687 452 476 315 642 80 853 305 834 796 909 112 169 925 424 946 705 666 742 525 240 657 202 995 81 199 161 400 806 846 772 175 988 258 3 850 506 970 180 561 973 442 817 674 524 278 294 65 258 836 82 730 0 853 
265 715 707 260 35 204 905 71 878 760 296 84 199 514 579 768 715 578 159 717 541 71 595 488 905 756 493 946 156 523 96 522 63 365 847 141 916 927 232 758 732 842 153 666 65 384 874 409 857 382 327 519 443 520 409 4 380 380 806 537 316 959 503 311 572 451 860 166 714 542 970 392 425 794 133 738 575 945 853 0 
0 934 779 869 198 150 646 230 819 380 671 102 395 517 190 16 489 356 335 146 148 119 529 762 910 702 678 667 513 166 549 215 46 193 282 547 848 142 65 382 611 935 611 496 714 776 618 486 791 677 918 694 693 212 906 34 564 671 513 250 688 66 78 805 659 828 246 36 447 23 811 290 979 564 184 719 774 503 318 596 
934 0 731 437 313 675 376 291 798 950 876 890 273 565 660 702 950 151 154 160 744 607 450 187 816 827 709 939 374 593 217 499 629 146 549 84 694 507 652 358 791 180 95 104 634 964 112 575 398 142 459 451 128 83 335 167 976 508 162 934 25 857 954 5 324 260 116 405 972 442 470 322 715 504 108 516 104 55 662 816 
779 731 0 275 111 482 708 429 112 575 991 195 77 899 45 146 197 820 344 595 200 164 17 355 368 105 837 260 5 547 110 869 108 999 628 243 201 110 930 407 274 620 567 870 718 570 332 753 755 994 236 314 466 668 2 1 882 376 978 124 488 543 303 181 480 141 1 825 342 929 115 906 836 401 962 121 793 830 139 909 
869 437 275 0 673 352 588 745 53 173 213 355 181 225 384 423 211 98 394 543 598 563 735 970 602 350 524 394 99 30 616 429 27 558 805 839 594 441 663 412 100 516 740 199 377 258 884 260 348 758 371 720 106 952 116 454 67 990 28 330 689 849 625 766 789 761 749 852 667 619 280 84 471 774 54 221 448 294 181 640 
198 313 111 673 0 986 367 700 691 73 138 731 303 834 671 904 392 126 169 743 115 653 352 326 1000 15 936 876 950 760 714 568 503 250 612 56 334 845 406 787 157 721 833 229 491 590 182 902 70 732 637 978 76 485 832 901 336 669 353 643 443 971 650 646 890 672 375 301 886 179 400 327 760 279 453 595 296 877 377 490 
150 675 482 352 986 0 501 894 520 445 99 134 845 941 817 560 60 813 243 964 631 521 115 242 110 148 515 362 461 375 964 7 813 624 685 546 376 40 591 969 651 814 164 916 827 515 977 529 598 184 138 831 327 700 100 995 623 72 879 292 989 808 530 572 522 991 731 264 850 74 728 896 790 32 344 55 584 255 26 16 
646 376 708 588 367 501 0 214 245 707 535 610 807 349 219 783 736 133 188 266 921 470 447 752 290 283 668 520 263 733 831 106 19 813 536 271 257 263 204 558 691 981 403 491 919 433 565 115 894 726 405 459 803 833 60 361 517 135 580 614 151 253 89 42 175 69 286 422 260 468 198 909 162 885 540 911 306 662 429 768 
230 291 429 745 700 894 214 0 973 754 252 684 515 117 184 464 618 787 93 355 925 120 826 973 639 304 871 416 893 776 140 143 246 62 860 271 46 942 322 19 161 375 527 265 522 590 297 547 973 858 772 610 923 149 186 739 747 809 907 152 434 769 291 512 504 731 30 502 10 86 644 750 489 435 515 641 729 253 976 751 
819 798 112 53 691 520 245 973 0 888 412 823 613 258 841 295 497 799 262 275 1 299 984 825 794 824 516 425 584 165 170 748 450 494 581 322 565 508 481 833 833 625 361 209 637 910 994 420 149 132 221 155 725 511 626 26 845 987 629 675 566 427 302 646 202 434 349 879 807 694 713 557 613 973 507 66 67 941 996 235 
380 950 575 173 73 445 707 754 888 0 595 197 944 957 735 476 205 138 68 567 571 850 440 373 977 176 360 378 489 766 554 383 301 460 202 881 793 760 230 210 225 724 745 949 97 776 120 611 865 811 590 551 378 933 278 223 848 152 28 839 798 354 574 463 660 239 391 447 587 683 546 567 834 969 720 9 803 805 943 712 
671 876 991 213 138 99 535 252 412 595 0 215 488 463 288 162 431 514 599 737 681 280 195 693 230 327 42 213 743 459 957 871 531 175 788 464 58 550 274 342 818 665 639 696 472 665 608 252 969 476 646 41 548 175 238 503 89 648 201 227 223 337 151 608 557 742 345 671 617 951 858 772 70 664 511 104 658 966 291 242 
102 890 195 355 731 134 610 684 823 197 215 0 427 702 73 27 445 933 303 633 609 406 325 840 769 816 23 789 832 709 145 450 93 49 636 620 522 779 728 800 923 598 654 845 758 214 555 587 149 177 416 628 231 485 23 628 868 854 37 827 24 412 87 456 431 894 908 828 691 555 356 183 785 747 583 759 282 566 322 405 
395 273 77 181 303 845 807 515 613 944 488 427 0 596 688 611 600 478 845 57 532 51 182 484 501 184 593 948 909 468 441 516 622 846 220 708 184 389 161 68 979 287 901 848 700 791 323 58 193 106 349 340 23 200 407 192 78 960 892 500 444 965 25 324 914 380 162 244 557 114 486 450 309 543 755 641 660 432 130 814 
517 565 899 225 834 941 349 117 258 957 463 702 596 0 354 17 81 943 795 63 963 345 23 446 255 16 665 518 299 352 476 835 327 370 592 597 693 225 925 925 615 133 280 247 425 513 562 973 401 174 100 736 624 316 839 784 723 974 719 15 88 836 225 530 670 896 249 49 164 504 836 830 563 809 400 800 773 943 397 831 
190 660 45 384 671 817 219 184 841 735 288 73 688 354 0 549 749 237 938 120 798 623 396 27 438 902 154 904 466 966 421 330 603 45 726 114 286 950 198 766 107 704 463 854 436 827 272 216 101 307 239 875 615 598 692 565 580 414 391 475 117 251 96 409 655 935 726 341 314 993 319 559 473 616 148 840 858 966 323 475 
16 702 146 423 904 560 783 464 295 476 162 27 611 17 549 0 825 54 350 940 369 132 605 932 615 57 308 694 308 49 23 285 826 272 879 837 300 206 296 727 888 345 870 891 667 500 772 217 160 946 896 382 43 1 423 780 141 118 932 894 596 535 455 868 874 723 1000 132 887 245 279 233 63 493 888 563 500 243 527 71 
489 950 197 211 392 60 736 618 497 205 431 445 600 81 749 825 0 954 794 321 893 688 541 477 924 659 387 153 222 192 242 163 720 752 201 881 686 885 892 273 519 417 486 280 341 354 34 305 479 206 435 754 370 699 866 834 138 243 343 999 25 997 844 31 665 937 927 384 644 86 853 533 244 691 218 872 444 510 657 452 
356 151 820 98 126 813 133 787 799 138 514 933 478 943 237 54 954 0 865 595 562 320 36 854 554 330 465 789 609 368 241 505 845 969 143 107 729 887 584 623 4 215 819 268 992 577 940 748 726 542 46 766 297 325 767 752 64 247 183 981 568 471 356 107 26 117 496 601 482 817 383 36 37 755 264 17 999 697 410 916 
335 154 344 394 169 243 188 93 262 68 599 303 845 795 938 350 794 865 0 643 571 502 860 594 285 466 660 892 334 756 440 675 802 850 90 875 576 261 26 641 326 858 747 819 922 404 601 554 90 760 794 182 465 784 319 907 945 319 898 465 545 405 275 303 39 912 869 909 588 654 634 679 261 40 388 67 763 542 843 308 
146 160 595 543 743 964 266 355 275 567 737 633 57 63 120 940 321 595 643 0 363 780 395 88 623 858 390 389 533 705 489 580 52 857 449 659 623 550 748 857 456 25 185 511 266 926 15 629 531 626 668 85 966 662 675 488 632 895 769 736 297 64 772 412 634 572 957 653 787 601 671 666 957 974 59 192 666 277 898 23 
148 744 200 598 115 631 921 925 1 571 681 609 532 963 798 369 893 562 571 363 0 435 841 409 274 1 360 34 904 818 976 793 190 768 621 900 803 942 552 329 609 298 996 568 683 396 302 623 96 585 627 22 459 841 521 296 207 990 19 864 329 616 418 401 94 652 780 603 648 996 262 351 557 719 870 972 534 699 927 348 
119 607 164 563 653 521 470 120 299 850 280 406 51 345 623 132 688 320 502 780 435 0 515 911 291 503 66 742 144 974 916 308 810 823 101 624 526 822 344 852 761 696 271 893 982 977 999 310 446 661 71 405 711 694 759 905 408 878 494 686 227 474 395 14 715 748 511 673 486 741 521 142 463 972 357 247 453 24 839 800 
529 450 17 735 352 115 447 826 984 440 195 325 182 23 396 605 541 36 860 395 841 515 0 114 716 107 467 449 510 296 914 719 489 586 46 922 560 179 991 116 333 897 667 303 132 867 286 863 601 938 714 776 388 582 545 585 509 953 300 740 667 254 172 292 439 799 996 102 301 202 649 819 208 841 490 315 202 998 373 820 
762 187 355 970 326 242 752 973 825 373 693 840 484 446 27 932 477 854 594 88 409 911 114 0 498 905 813 951 511 198 169 436 899 508 603 621 812 755 734 120 308 361 864 858 775 435 708 216 645 614 867 403 837 288 678 708 263 617 222 218 261 407 376 643 126 471 495 67 476 705 204 859 181 171 653 719 777 153 549 629 
910 816 368 602 1000 110 290 639 794 977 230 769 501 255 438 615 924 554 285 623 274 291 716 498 0 156 925 375 453 252 281 924 135 315 872 434 248 601 799 584 457 229 272 602 394 384 736 72 856 840 620 980 983 329 787 669 927 367 770 298 958 69 511 345 900 828 874 483 223 686 405 242 519 270 159 524 241 637 185 877 
702 827 105 350 15 148 283 304 824 176 327 816 184 16 902 57 659 330 466 858 1 503 107 905 156 0 78 835 879 856 204 273 717 238 890 574 790 50 846 430 283 149 84 516 19 661 372 1 857 257 373 918 83 110 945 912 156 751 925 970 760 108 909 616 872 105 406 249 368 1000 237 275 495 637 431 459 175 535 306 317 
678 709 837 524 936 515 668 871 516 360 42 23 593 665 154 308 387 465 660 390 360 66 467 813 925 78 0 403 506 566 435 722 559 373 566 196 322 665 798 347 971 823 888 772 923 442 616 938 343 395 141 598 259 528 245 701 809 832 782 932 918 425 726 43 242 560 781 789 956 431 633 641 892 789 110 452 203 213 826 898 
667 939 260 394 876 362 520 416 425 378 213 789 948 518 904 694 153 789 892 389 34 742 449 951 375 835 403 0 619 663 866 601 456 508 900 236 176 112 555 938 468 712 790 190 23 490 486 667 730 376 470 183 189 710 793 624 829 545 996 577 329 905 334 180 740 324 662 498 597 722 335 497 185 577 478 29 422 906 161 627 
513 374 5 99 950 461 263 893 584 489 743 832 909 299 466 308 222 609 334 533 904 144 510 511 453 879 506 619 0 982 539 166 950 936 690 708 173 909 952 973 241 959 24 531 740 578 800 43 728 583 446 39 651 479 117 131 485 354 591 673 511 418 109 752 226 677 468 593 964 983 75 55 246 652 119 771 875 839 665 949 
166 593 547 30 760 375 733 776 165 766 459 709 468 352 966 49 192 368 756 705 818 974 296 198 252 856 566 663 982 0 518 381 290 452 744 961 400 214 52 559 126 206 591 668 869 9 693 509 915 755 569 2 507 495 715 724 715 161 631 712 717 445 163 289 410 380 514 657 823 419 45 976 807 351 76 802 209 835 10 707 
549 217 110 616 714 964 831 140 170 554 957 145 441 476 421 23 242 241 440 489 976 916 914 169 281 204 435 866 539 518 0 855 279 798 387 21 170 131 329 486 105 381 562 53 715 995 340 935 497 177 39 33 94 768 724 81 111 836 80 818 990 841 369 70 685 787 211 875 817 209 894 245 200 667 304 855 654 478 483 875 
215 499 869 429 568 7 106 143 748 383 871 450 516 835 330 285 163 505 675 580 793 308 719 436 924 273 722 601 166 381 855 0 236 566 204 520 292 617 349 333 269 875 562 37 479 504 399 217 192 549 799 37 264 846 573 345 128 649 223 543 279 351 817 976 807 226 830 766 742 697 951 396 526 828 272 542 884 363 746 853 
46 629 108 27 503 813 19 246 450 301 531 93 622 327 603 826 720 845 802 52 190 810 489 899 135 717 559 456 950 290 279 236 0 644 274 40 923 741 15 599 265 775 571 564 842 274 191 675 768 493 570 951 419 509 646 966 616 827 925 714 355 31 966 698 64 55 762 681 589 725 111 833 296 627 650 449 186 328 268 553 
193 146 999 558 250 624 813 62 494 460 175 49 846 370 45 272 752 969 850 857 768 823 586 508 315 238 373 508 936 452 798 566 644 0 773 427 122 555 968 303 368 345 532 527 756 971 337 605 253 280 991 546 280 998 155 797 232 720 369 669 501 645 500 669 288 545 726 450 477 518 22 428 242 23 527 264 335 846 735 326 
282 549 628 805 612 685 536 860 581 202 788 636 220 592 726 879 201 143 90 449 621 101 46 603 872 890 566 900 690 744 387 204 274 773 0 145 956 967 338 275 579 795 574 213 867 894 691 778 86 836 769 449 642 764 1000 638 316 572 168 911 781 132 703 721 710 503 764 262 611 150 272 79 420 238 765 404 139 948 265 951 
547 84 243 839 56 546 271 271 322 881 464 620 708 597 114 837 881 107 875 659 900 624 922 621 434 574 196 236 708 961 21 520 40 427 145 0 367 143 551 556 690 404 951 770 791 449 671 675 605 955 668 570 223 471 307 47 102 446 474 337 407 537 370 279 845 376 73 588 40 633 302 607 583 176 424 334 435 89 133 489 
848 694 201 594 334 376 257 46 565 793 58 522 184 693 286 300 686 729 576 623 803 526 560 812 248 790 322 176 173 400 170 292 923 122 956 367 0 648 16 78 824 636 819 299 468 665 483 71 942 646 707 390 451 896 691 14 342 242 407 577 125 431 507 417 363 52 735 110 764 430 510 126 75 87 310 12 316 56 481 107 
142 507 110 441 845 40 263 942 508 760 550 779 389 225 950 206 885 887 261 550 942 822 179 755 601 50 665 112 909 214 131 617 741 555 967 143 648 0 865 761 383 453 744 667 501 736 296 171 200 302 840 641 367 274 270 241 905 330 641 71 214 121 609 862 985 507 259 530 473 29 373 565 549 13 215 719 532 702 837 404 
65 652 930 663 406 591 204 322 481 230 274 728 161 925 198 296 892 584 26 748 552 344 991 734 799 846 798 555 952 52 329 349 15 968 338 551 16 865 0 837 922 504 14 818 609 186 948 276 963 309 406 82 663 656 742 493 363 699 455 343 34 644 561 40 540 894 701 807 551 660 388 819 822 364 402 961 93 801 682 298 
382 358 407 412 787 969 558 19 833 210 342 800 68 925 766 727 273 623 641 857 329 852 116 120 584 430 347 938 973 559 486 333 599 303 275 556 78 761 837 0 230 865 951 682 111 618 22 228 26 638 226 790 621 86 720 410 757 852 531 232 854 640 248 208 500 501 166 350 699 577 2 11 904 70 564 811 182 354 907 638 
611 791 274 100 157 651 691 161 833 225 818 923 979 615 107 888 519 4 326 456 609 761 333 308 457 283 971 468 241 126 105 269 265 368 579 690 824 383 922 230 0 610 644 753 23 158 913 191 913 436 509 483 768 532 564 381 495 649 640 615 623 217 469 116 489 965 134 942 224 7 402 377 102 176 445 374 113 546 914 952 
935 180 620 516 721 814 981 375 625 724 665 598 287 133 704 345 417 215 858 25 298 696 897 361 229 149 823 712 959 206 381 875 775 345 795 404 636 453 504 865 610 0 302 710 555 777 853 591 795 941 584 503 153 219 885 492 702 805 700 236 678 989 648 111 652 911 399 541 100 685 593 976 963 772 585 940 341 217 220 653 
611 95 567 740 833 164 403 527 361 745 639 654 901 280 463 870 486 819 747 185 996 271 667 864 272 84 888 790 24 591 562 562 571 532 574 951 819 744 14 951 644 302 0 508 732 217 653 141 491 285 30 362 631 300 544 597 548 685 505 923 80 602 243 595 72 303 364 17 679 664 4 516 836 233 370 12 401 458 580 693 
496 104 870 199 229 916 491 265 209 949 696 845 848 247 854 891 280 268 819 511 568 893 303 858 602 516 772 190 531 668 53 37 564 527 213 770 299 667 818 682 753 710 508 0 523 350 200 36 948 549 237 42 332 857 620 791 698 155 421 190 679 868 76 272 680 156 663 433 461 475 869 598 49 330 761 542 715 115 588 490 
714 634 718 377 491 827 919 522 637 97 472 758 700 425 436 667 341 992 922 266 683 982 132 775 394 19 923 23 740 869 715 479 842 756 867 791 468 501 609 111 23 555 732 523 0 297 122 318 163 736 942 597 708 447 730 632 679 953 522 805 923 789 492 560 667 503 57 919 65 383 718 903 328 416 297 759 7 82 528 508 
776 964 570 258 590 515 433 590 910 776 665 214 791 513 827 500 354 577 404 926 396 977 867 435 384 661 442 490 578 9 995 504 274 971 894 449 665 736 186 618 158 777 217 350 297 0 201 186 969 345 105 492 849 693 99 74 541 779 637 583 437 243 200 805 736 177 607 509 203 578 793 191 242 671 298 537 310 380 250 822 
618 112 332 884 182 977 565 297 994 120 608 555 323 562 272 772 34 940 601 15 302 999 286 708 736 372 616 486 800 693 340 399 191 337 691 671 483 296 948 22 913 853 653 200 122 201 0 415 481 50 631 913 483 924 123 118 565 290 745 524 540 40 426 158 435 659 424 656 81 828 149 606 165 313 326 639 140 891 697 520 
486 575 753 260 902 529 115 547 420 611 252 587 58 973 216 217 305 748 554 629 623 310 863 216 72 1 938 667 43 509 935 217 675 605 778 675 71 171 276 228 191 591 141 36 318 186 415 0 766 117 284 762 645 645 757 58 654 125 901 494 584 745 728 104 217 365 345 529 660 457 150 259 489 404 497 633 93 433 309 201 
791 398 755 348 70 598 894 973 149 865 969 149 193 401 101 160 479 726 90 531 96 446 601 645 856 857 343 730 728 915 497 192 768 253 86 605 942 200 963 26 913 795 491 948 163 969 481 766 0 426 846 545 776 355 854 57 793 885 462 113 131 105 382 832 799 533 735 770 211 761 15 935 110 919 789 146 660 243 346 425 
677 142 994 758 732 184 726 858 132 811 476 177 106 174 307 946 206 542 760 626 585 661 938 614 840 257 395 376 583 755 177 549 493 280 836 955 646 302 309 638 436 941 285 549 736 345 50 117 426 0 664 587 553 203 514 501 276 15 820 497 344 447 237 853 393 755 912 272 710 642 219 523 775 864 93 308 41 308 541 304 
918 459 236 371 637 138 405 772 221 590 646 416 349 100 239 896 435 46 794 668 627 71 714 867 620 373 141 470 446 569 39 799 570 991 769 668 707 840 406 226 509 584 30 237 942 105 631 284 846 664 0 802 322 742 793 476 68 944 745 450 41 78 534 143 778 373 539 80 118 666 692 527 92 442 592 371 466 933 161 297 
694 451 314 720 978 831 459 610 155 551 41 628 340 736 875 382 754 766 182 85 22 405 776 403 980 918 598 183 39 2 33 37 951 546 449 570 390 641 82 790 483 503 362 42 597 492 913 762 545 587 802 0 221 703 25 593 189 161 788 846 193 722 455 837 739 547 953 443 370 450 278 699 196 936 779 669 232 327 665 583 
693 128 466 106 76 327 803 923 725 378 548 231 23 624 615 43 370 297 465 966 459 711 388 837 983 83 259 189 651 507 94 264 419 280 642 223 451 367 663 621 768 153 631 332 708 849 483 645 776 553 322 221 0 700 857 65 316 484 777 494 751 715 872 705 748 223 9 565 519 435 22 76 203 457 795 479 518 938 981 780 
212 83 668 952 485 700 833 149 511 933 175 485 200 316 598 1 699 325 784 662 841 694 582 288 329 110 528 710 479 495 768 846 509 998 764 471 896 274 656 86 532 219 300 857 447 693 924 645 355 203 742 703 700 0 569 768 209 293 745 380 234 377 4 724 140 237 240 943 188 96 316 781 47 893 675 743 859 943 421 377 
906 335 2 116 832 100 60 186 626 278 238 23 407 839 692 423 866 767 319 675 521 759 545 678 787 945 245 793 117 715 724 573 646 155 1000 307 691 270 742 720 564 885 544 620 730 99 123 757 854 514 793 25 857 569 0 626 644 362 905 862 746 987 712 562 32 612 147 175 429 26 966 305 773 415 889 703 912 262 32 466 
34 167 1 454 901 995 361 739 26 223 503 628 192 784 565 780 834 752 907 488 296 905 585 708 669 912 701 624 131 724 81 345 966 797 638 47 14 241 493 410 381 492 597 791 632 74 118 58 57 501 476 593 65 768 626 0 662 662 354 777 157 217 125 650 262 908 33 923 523 345 123 134 329 15 544 85 812 726 226 679 
564 976 882 67 336 623 517 747 845 848 89 868 78 723 580 141 138 64 945 632 207 408 509 263 927 156 809 829 485 715 111 128 616 232 316 102 342 905 363 757 495 702 548 698 679 541 565 654 793 276 68 189 316 209 644 662 0 773 702 780 527 822 89 685 952 443 897 940 586 51 641 826 536 612 920 9 199 187 545 836 
671 508 376 990 669 72 135 809 987 152 648 854 960 974 414 118 243 247 319 895 990 878 953 617 367 751 832 545 354 161 836 649 827 720 572 446 242 330 699 852 649 805 685 155 953 779 290 125 885 15 944 161 484 293 362 662 773 0 957 38 623 702 366 897 378 868 953 262 415 673 160 38 794 153 683 640 45 705 819 90 
513 162 978 28 353 879 580 907 629 28 201 37 892 719 391 932 343 183 898 769 19 494 300 222 770 925 782 996 591 631 80 223 925 369 168 474 407 641 455 531 640 700 505 421 522 637 745 901 462 820 745 788 777 745 905 354 702 957 0 632 306 64 884 235 143 111 376 173 463 964 419 569 528 390 77 61 251 753 854 713 
250 934 124 330 643 292 614 152 675 839 227 827 500 15 475 894 999 981 465 736 864 686 740 218 298 970 932 577 673 712 818 543 714 669 911 337 577 71 343 232 615 236 923 190 805 583 524 494 113 497 450 846 494 380 862 777 780 38 632 0 828 646 377 878 297 131 447 812 634 15 447 475 299 123 315 598 900 768 506 433 
688 25 488 689 443 989 151 434 566 798 223 24 444 88 117 596 25 568 545 297 329 227 667 261 958 760 918 329 511 717 990 279 355 501 781 407 125 214 34 854 623 678 80 679 923 437 540 584 131 344 41 193 751 234 746 157 527 623 306 828 0 465 22 865 163 803 25 215 943 486 209 249 668 900 223 562 305 827 464 107 
66 857 543 849 971 808 253 769 427 354 337 412 965 836 251 535 997 471 405 64 616 474 254 407 69 108 425 905 418 445 841 351 31 645 132 537 431 121 644 640 217 989 602 868 789 243 40 745 105 447 78 722 715 377 987 217 822 702 64 646 465 0 197 805 687 662 643 464 301 470 748 29 275 803 365 181 800 57 76 186 
78 954 303 625 650 530 89 291 302 574 151 87 25 225 96 455 844 356 275 772 418 395 172 376 511 909 726 334 109 163 369 817 966 500 703 370 507 609 561 248 469 648 243 76 492 200 426 728 382 237 534 455 872 4 712 125 89 366 884 377 22 197 0 863 800 895 634 607 497 160 439 582 101 937 490 699 295 469 601 81 
805 5 181 766 646 572 42 512 646 463 608 456 324 530 409 868 31 107 303 412 401 14 292 643 345 616 43 180 752 289 70 976 698 669 721 279 417 862 40 208 116 111 595 272 560 805 158 104 832 853 143 837 705 724 562 650 685 897 235 878 865 805 863 0 426 710 27 226 413 66 249 749 45 717 57 616 529 406 305 663 
659 324 480 789 890 522 175 504 202 660 557 431 914 670 655 874 665 26 39 634 94 715 439 126 900 872 242 740 226 410 685 807 64 288 710 845 363 985 540 500 489 652 72 680 667 736 435 217 799 393 778 739 748 140 32 262 952 378 143 297 163 687 800 426 0 686 542 133 134 138 376 527 266 90 666 729 40 960 452 203 
828 260 141 761 672 991 69 731 434 239 742 894 380 896 935 723 937 117 912 572 652 748 799 471 828 105 560 324 677 380 787 226 55 545 503 376 52 507 894 501 965 911 303 156 503 177 659 365 533 755 373 547 223 237 612 908 443 868 111 131 803 662 895 710 686 0 791 400 517 468 450 666 305 897 236 360 366 15 176 352 
246 116 1 749 375 731 286 30 349 391 345 908 162 249 726 1000 927 496 869 957 780 511 996 495 874 406 781 662 468 514 211 830 762 726 764 73 735 259 701 166 134 399 364 663 57 607 424 345 735 912 539 953 9 240 147 33 897 953 376 447 25 643 634 27 542 791 0 773 86 692 25 726 61 236 531 50 6 844 693 650 
36 405 825 852 301 264 422 502 879 447 671 828 244 49 341 132 384 601 909 653 603 673 102 67 483 249 789 498 593 657 875 766 681 450 262 588 110 530 807 350 942 541 17 433 919 509 656 529 770 272 80 443 565 943 175 923 940 262 173 812 215 464 607 226 133 400 773 0 619 933 822 936 220 338 25 605 125 601 135 58 
447 972 342 667 886 850 260 10 807 587 617 691 557 164 314 887 644 482 588 787 648 486 301 476 223 368 956 597 964 823 817 742 589 477 611 40 764 473 551 699 224 100 679 461 65 203 81 660 211 710 118 370 519 188 429 523 586 415 463 634 943 301 497 413 134 517 86 619 0 13 122 472 485 122 110 637 716 572 578 343 
23 442 929 619 179 74 468 86 694 683 951 555 114 504 993 245 86 817 654 601 996 741 202 705 686 1000 431 722 983 419 209 697 725 518 150 633 430 29 660 577 7 685 664 475 383 578 828 457 761 642 666 450 435 96 26 345 51 673 964 15 486 470 160 66 138 468 692 933 13 0 439 282 300 841 297 211 401 605 130 558 
811 470 115 280 400 728 198 644 713 546 858 356 486 836 319 279 853 383 634 671 262 521 649 204 405 237 633 335 75 45 894 951 111 22 272 302 510 373 388 2 402 593 4 869 718 793 149 150 15 219 692 278 22 316 966 123 641 160 419 447 209 748 439 249 376 450 25 822 122 439 0 786 261 248 1000 331 647 481 424 309 
290 322 906 84 327 896 909 750 557 567 772 183 450 830 559 233 533 36 679 666 351 142 819 859 242 275 641 497 55 976 245 396 833 428 79 607 126 565 819 11 377 976 516 598 903 191 606 259 935 523 527 699 76 781 305 134 826 38 569 475 249 29 582 749 527 666 726 936 472 282 786 0 903 553 464 817 802 495 309 254 
979 715 836 471 760 790 162 489 613 834 70 785 309 563 473 63 244 37 261 957 557 463 208 181 519 495 892 185 246 807 200 526 296 242 420 583 75 549 822 904 102 963 836 49 328 242 165 489 110 775 92 196 203 47 773 329 536 794 528 299 668 275 101 45 266 305 61 220 485 300 261 903 0 341 769 408 583 890 686 751 
564 504 401 774 279 32 885 435 973 969 664 747 543 809 616 493 691 755 40 974 719 972 841 171 270 637 789 577 652 351 667 828 627 23 238 176 87 13 364 70 176 772 233 330 416 671 313 404 919 864 442 936 457 893 415 15 612 153 390 123 900 803 937 717 90 897 236 338 122 841 248 553 341 0 254 702 89 26 34 536 
184 108 962 54 453 344 540 515 507 720 511 583 755 400 148 888 218 264 388 59 870 357 490 653 159 431 110 478 119 76 304 272 650 527 765 424 310 215 402 564 445 585 370 761 297 298 326 497 789 93 592 779 795 675 889 544 920 683 77 315 223 365 490 57 666 236 531 25 110 297 1000 464 769 254 0 180 437 677 299 636 
719 516 121 221 595 55 911 641 66 9 104 759 641 800 840 563 872 17 67 192 972 247 315 719 524 459 452 29 771 802 855 542 449 264 404 334 12 719 961 811 374 940 12 542 759 537 639 633 146 308 371 669 479 743 703 85 9 640 61 598 562 181 699 616 729 360 50 605 637 211 331 817 408 702 180 0 406 944 382 925 
774 104 793 448 296 584 306 729 67 803 658 282 660 773 858 500 444 999 763 666 534 453 202 777 241 175 203 422 875 209 654 884 186 335 139 435 316 532 93 182 113 341 401 715 7 310 140 93 660 41 466 232 518 859 912 812 199 45 251 900 305 800 295 529 40 366 6 125 716 401 647 802 583 89 437 406 0 335 462 266 
503 55 830 294 877 255 662 253 941 805 966 566 432 943 966 243 510 697 542 277 699 24 998 153 637 535 213 906 839 835 478 363 328 846 948 89 56 702 801 354 546 217 458 115 82 380 891 433 243 308 933 327 938 943 262 726 187 705 753 768 827 57 469 406 960 15 844 601 572 605 481 495 890 26 677 944 335 0 671 905 
318 662 139 181 377 26 429 976 996 943 291 322 130 397 323 527 657 410 843 898 927 839 373 549 185 306 826 161 665 10 483 746 268 735 265 133 481 837 682 907 914 220 580 588 528 250 697 309 346 541 161 665 981 421 32 226 545 819 854 506 464 76 601 305 452 176 693 135 578 130 424 309 686 34 299 382 462 671 0 132 
596 816 909 640 490 16 768 751 235 712 242 405 814 831 475 71 452 916 308 23 348 800 820 629 877 317 898 627 949 707 875 853 553 326 951 489 107 404 298 638 952 653 693 490 508 822 520 201 425 304 297 583 780 377 466 679 836 90 713 433 107 186 81 663 203 352 650 58 343 558 309 254 751 536 636 925 266 905 132 0 
0 934 779 869 198 150 646 230 819 380 671 102 395 517 190 16 489 356 335 146 148 119 529 762 910 702 678 667 513 166 549 215 46 193 282 547 848 142 65 382 611 935 611 496 714 776 618 486 791 677 918 694 693 212 906 34 564 671 513 250 688 66 78 805 659 828 246 36 447 23 811 290 979 564 184 719 774 503 318 596 
934 0 731 437 313 675 376 291 798 950 876 890 273 565 660 702 950 151 154 160 744 607 450 187 816 827 709 939 374 593 217 499 629 146 549 84 694 507 652 358 791 180 95 104 634 964 112 575 398 142 459 451 128 83 335 167 976 508 162 934 25 857 954 5 324 260 116 405 972 442 470 322 715 504 108 516 104 55 662 816 
779 731 0 275 111 482 708 429 112 575 991 195 77 899 45 146 197 820 344 595 200 164 17 355 368 105 837 260 5 547 110 869 108 999 628 243 201 110 930 407 274 620 567 870 718 570 332 753 755 994 236 314 466 668 2 1 882 376 978 124 488 543 303 181 480 141 1 825 342 929 115 906 836 401 962 121 793 830 139 909 
869 437 275 0 673 352 588 745 53 173 213 355 181 225 384 423 211 98 394 543 598 563 735 970 602 350 524 394 99 30 616 429 27 558 805 839 594 441 663 412 100 516 740 199 377 258 884 260 348 758 371 720 106 952 116 454 67 990 28 330 689 849 625 766 789 761 749 852 667 619 280 84 471 774 54 221 448 294 181 640 
198 313 111 673 0 986 367 700 691 73 138 731 303 834 671 904 392 126 169 743 115 653 352 326 1000 15 936 876 950 760 714 568 503 250 612 56 334 845 406 787 157 721 833 229 491 590 182 902 70 732 637 978 76 485 832 901 336 669 353 643 443 971 650 646 890 672 375 301 886 179 400 327 760 279 453 595 296 877 377 490 
150 675 482 352 986 0 501 894 520 445 99 134 845 941 817 560 60 813 243 964 631 521 115 242 110 148 515 362 461 375 964 7 813 624 685 546 376 40 591 969 651 814 164 916 827 515 977 529 598 184 138 831 327 700 100 995 623 72 879 292 989 808 530 572 522 991 731 264 850 74 728 896 790 32 344 55 584 255 26 16 
646 376 708 588 367 501 0 214 245 707 535 610 807 349 219 783 736 133 188 266 921 470 447 752 290 283 668 520 263 733 831 106 19 813 536 271 257 263 204 558 691 981 403 491 919 433 565 115 894 726 405 459 803 833 60 361 517 135 580 614 151 253 89 42 175 69 286 422 260 468 198 909 162 885 540 911 306 662 429 768 
230 291 429 745 700 894 214 0 973 754 252 684 515 117 184 464 618 787 93 355 925 120 826 973 639 304 871 416 893 776 140 143 246 62 860 271 46 942 322 19 161 375 527 265 522 590 297 547 973 858 772 610 923 149 186 739 747 809 907 152 434 769 291 512 504 731 30 502 10 86 644 750 489 435 515 641 729 253 976 751 
819 798 112 53 691 520 245 973 0 888 412 823 613 258 841 295 497 799 262 275 1 299 984 825 794 824 516 425 584 165 170 748 450 494 581 322 565 508 481 833 833 625 361 209 637 910 994 420 149 132 221 155 725 511 626 26 845 987 629 675 566 427 302 646 202 434 349 879 807 694 713 557 613 973 507 66 67 941 996 235 
380 950 575 173 73 445 707 754 888 0 595 197 944 957 735 476 205 138 68 567 571 850 440 373 977 176 360 378 489 766 554 383 301 460 202 881 793 760 230 210 225 724 745 949 97 776 120 611 865 811 590 551 378 933 278 223 848 152 28 839 798 354 574 463 660 239 391 447 587 683 546 567 834 969 720 9 803 805 943 712 
671 876 991 213 138 99 535 252 412 595 0 215 488 463 288 162 431 514 599 737 681 280 195 693 230 327 42 213 743 459 957 871 531 175 788 464 58 550 274 342 818 665 639 696 472 665 608 252 969 476 646 41 548 175 238 503 89 648 201 227 223 337 151 608 557 742 345 671 617 951 858 772 70 664 511 104 658 966 291 242 
102 890 195 355 731 134 610 684 823 197 215 0 427 702 73 27 445 933 303 633 609 406 325 840 769 816 23 789 832 709 145 450 93 49 636 620 522 779 728 800 923 598 654 845 758 214 555 587 149 177 416 628 231 485 23 628 868 854 37 827 24 412 87 456 431 894 908 828 691 555 356 183 785 747 583 759 282 566 322 405 
395 273 77 181 303 845 807 515 613 944 488 427 0 596 688 611 600 478 845 57 532 51 182 484 501 184 593 948 909 468 441 516 622 846 220 708 184 389 161 68 979 287 901 848 700 791 323 58 193 106 349 340 23 200 407 192 78 960 892 500 444 965 25 324 914 380 162 244 557 114 486 450 309 543 755 641 660 432 130 814 
517 565 899 225 834 941 349 117 258 957 463 702 596 0 354 17 81 943 795 63 963 345 23 446 255 16 665 518 299 352 476 835 327 370 592 597 693 225 925 925 615 133 280 247 425 513 562 973 401 174 100 736 624 316 839 784 723 974 719 15 88 836 225 530 670 896 249 49 164 504 836 830 563 809 400 800 773 943 397 831 
190 660 45 384 671 817 219 184 841 735 288 73 688 354 0 549 749 237 938 120 798 623 396 27 438 902 154 904 466 966 421 330 603 45 726 114 286 950 198 766 107 704 463 854 436 827 272 216 101 307 239 875 615 598 692 565 580 414 391 475 117 251 96 409 655 935 726 341 314 993 319 559 473 616 148 840 858 966 323 475 
16 702 146 423 904 560 783 464 295 476 162 27 611 17 549 0 825 54 350 940 369 132 605 932 615 57 308 694 308 49 23 285 826 272 879 837 300 206 296 727 888 345 870 891 667 500 772 217 160 946 896 382 43 1 423 780 141 118 932 894 596 535 455 868 874 723 1000 132 887 245 279 233 63 493 888 563 500 243 527 71 
489 950 197 211 392 60 736 618 497 205 431 445 600 81 749 825 0 954 794 321 893 688 541 477 924 659 387 153 222 192 242 163 720 752 201 881 686 885 892 273 519 417 486 280 341 354 34 305 479 206 435 754 370 699 866 834 138 243 343 999 25 997 844 31 665 937 927 384 644 86 853 533 244 691 218 872 444 510 657 452 
356 151 820 98 126 813 133 787 799 138 514 933 478 943 237 54 954 0 865 595 562 320 36 854 554 330 465 789 609 368 241 505 845 969 143 107 729 887 584 623 4 215 819 268 992 577 940 748 726 542 46 766 297 325 767 752 64 247 183 981 568 471 356 107 26 117 496 601 482 817 383 36 37 755 264 17 999 697 410 916 
335 154 344 394 169 243 188 93 262 68 599 303 845 795 938 350 794 865 0 643 571 502 860 594 285 466 660 892 334 756 440 675 802 850 90 875 576 261 26 641 326 858 747 819 922 404 601 554 90 760 794 182 465 784 319 907 945 319 898 465 545 405 275 303 39 912 869 909 588 654 634 679 261 40 388 67 763 542 843 308 
146 160 595 543 743 964 266 355 275 567 737 633 57 63 120 940 321 595 643 0 363 780 395 88 623 858 390 389 533 705 489 580 52 857 449 659 623 550 748 857 456 25 185 511 266 926 15 629 531 626 668 85 966 662 675 488 632 895 769 736 297 64 772 412 634 572 957 653 787 601 671 666 957 974 59 192 666 277 898 23 
148 744 200 598 115 631 921 925 1 571 681 609 532 963 798 369 893 562 571 363 0 435 841 409 274 1 360 34 904 818 976 793 190 768 621 900 803 942 552 329 609 298 996 568 683 396 302 623 96 585 627 22 459 841 521 296 207 990 19 864 329 616 418 401 94 652 780 603 648 996 262 351 557 719 870 972 534 699 927 348 
119 607 164 563 653 521 470 120 299 850 280 406 51 345 623 132 688 320 502 780 435 0 515 911 291 503 66 742 144 974 916 308 810 823 101 624 526 822 344 852 761 696 271 893 982 977 999 310 446 661 71 405 711 694 759 905 408 878 494 686 227 474 395 14 715 748 511 673 486 741 521 142 463 972 357 247 453 24 839 800 
529 450 17 735 352 115 447 826 984 440 195 325 182 23 396 605 541 36 860 395 841 515 0 114 716 107 467 449 510 296 914 719 489 586 46 922 560 179 991 116 333 897 667 303 132 867 286 863 601 938 714 776 388 582 545 585 509 953 300 740 667 254 172 292 439 799 996 102 301 202 649 819 208 841 490 315 202 998 373 820 
762 187 355 970 326 242 752 973 825 373 693 840 484 446 27 932 477 854 594 88 409 911 114 0 498 905 813 951 511 198 169 436 899 508 603 621 812 755 734 120 308 361 864 858 775 435 708 216 645 614 867 403 837 288 678 708 263 617 222 218 261 407 376 643 126 471 495 67 476 705 204 859 181 171 653 719 777 153 549 629 
910 816 368 602 1000 110 290 639 794 977 230 769 501 255 438 615 924 554 285 623 274 291 716 498 0 156 925 375 453 252 281 924 135 315 872 434 248 601 799 584 457 229 272 602 394 384 736 72 856 840 620 980 983 329 787 669 927 367 770 298 958 69 511 345 900 828 874 483 223 686 405 242 519 270 159 524 241 637 185 877 
702 827 105 350 15 148 283 304 824 176 327 816 184 16 902 57 659 330 466 858 1 503 107 905 156 0 78 835 879 856 204 273 717 238 890 574 790 50 846 430 283 149 84 516 19 661 372 1 857 257 373 918 83 110 945 912 156 751 925 970 760 108 909 616 872 105 406 249 368 1000 237 275 495 637 431 459 175 535 306 317 
678 709 837 524 936 515 668 871 516 360 42 23 593 665 154 308 387 465 660 390 360 66 467 813 925 78 0 403 506 566 435 722 559 373 566 196 322 665 798 347 971 823 888 772 923 442 616 938 343 395 141 598 259 528 245 701 809 832 782 932 918 425 726 43 242 560 781 789 956 431 633 641 892 789 110 452 203 213 826 898 
667 939 260 394 876 362 520 416 425 378 213 789 948 518 904 694 153 789 892 389 34 742 449 951 375 835 403 0 619 663 866 601 456 508 900 236 176 112 555 938 468 712 790 190 23 490 486 667 730 376 470 183 189 710 793 624 829 545 996 577 329 905 334 180 740 324 662 498 597 722 335 497 185 577 478 29 422 906 161 627 
513 374 5 99 950 461 263 893 584 489 743 832 909 299 466 308 222 609 334 533 904 144 510 511 453 879 506 619 0 982 539 166 950 936 690 708 173 909 952 973 241 959 24 531 740 578 800 43 728 583 446 39 651 479 117 131 485 354 591 673 511 418 109 752 226 677 468 593 964 983 75 55 246 652 119 771 875 839 665 949 
166 593 547 30 760 375 733 776 165 766 459 709 468 352 966 49 192 368 756 705 818 974 296 198 252 856 566 663 982 0 518 381 290 452 744 961 400 214 52 559 126 206 591 668 869 9 693 509 915 755 569 2 507 495 715 724 715 161 631 712 717 445 163 289 410 380 514 657 823 419 45 976 807 351 76 802 209 835 10 707 
549 217 110 616 714 964 831 140 170 554 957 145 441 476 421 23 242 241 440 489 976 916 914 169 281 204 435 866 539 518 0 855 279 798 387 21 170 131 329 486 105 381 562 53 715 995 340 935 497 177 39 33 94 768 724 81 111 836 80 818 990 841 369 70 685 787 211 875 817 209 894 245 200 667 304 855 654 478 483 875 
215 499 869 429 568 7 106 143 748 383 871 450 516 835 330 285 163 505 675 580 793 308 719 436 924 273 722 601 166 381 855 0 236 566 204 520 292 617 349 333 269 875 562 37 479 504 399 217 192 549 799 37 264 846 573 345 128 649 223 543 279 351 817 976 807 226 830 766 742 697 951 396 526 828 272 542 884 363 746 853 
46 629 108 27 503 813 19 246 450 301 531 93 622 327 603 826 720 845 802 52 190 810 489 899 135 717 559 456 950 290 279 236 0 644 274 40 923 741 15 599 265 775 571 564 842 274 191 675 768 493 570 951 419 509 646 966 616 827 925 714 355 31 966 698 64 55 762 681 589 725 111 833 296 627 650 449 186 328 268 553 
193 146 999 558 250 624 813 62 494 460 175 49 846 370 45 272 752 969 850 857 768 823 586 508 315 238 373 508 936 452 798 566 644 0 773 427 122 555 968 303 368 345 532 527 756 971 337 605 253 280 991 546 280 998 155 797 232 720 369 669 501 645 500 669 288 545 726 450 477 518 22 428 242 23 527 264 335 846 735 326 
282 549 628 805 612 685 536 860 581 202 788 636 220 592 726 879 201 143 90 449 621 101 46 603 872 890 566 900 690 744 387 204 274 773 0 145 956 967 338 275 579 795 574 213 867 894 691 778 86 836 769 449 642 764 1000 638 316 572 168 911 781 132 703 721 710 503 764 262 611 150 272 79 420 238 765 404 139 948 265 951 
547 84 243 839 56 546 271 271 322 881 464 620 708 597 114 837 881 107 875 659 900 624 922 621 434 574 196 236 708 961 21 520 40 427 145 0 367 143 551 556 690 404 951 770 791 449 671 675 605 955 668 570 223 471 307 47 102 446 474 337 407 537 370 279 845 376 73 588 40 633 302 607 583 176 424 334 435 89 133 489 
848 694 201 594 334 376 257 46 565 793 58 522 184 693 286 300 686 729 576 623 803 526 560 812 248 790 322 176 173 400 170 292 923 122 956 367 0 648 16 78 824 636 819 299 468 665 483 71 942 646 707 390 451 896 691 14 342 242 407 577 125 431 507 417 363 52 735 110 764 430 510 126 75 87 310 12 316 56 481 107 
142 507 110 441 845 40 263 942 508 760 550 779 389 225 950 206 885 887 261 550 942 822 179 755 601 50 665 112 909 214 131 617 741 555 967 143 648 0 865 761 383 453 744 667 501 736 296 171 200 302 840 641 367 274 270 241 905 330 641 71 214 121 609 862 985 507 259 530 473 29 373 565 549 13 215 719 532 702 837 404 
65 652 930 663 406 591 204 322 481 230 274 728 161 925 198 296 892 584 26 748 552 344 991 734 799 846 798 555 952 52 329 349 15 968 338 551 16 865 0 837 922 504 14 818 609 186 948 276 963 309 406 82 663 656 742 493 363 699 455 343 34 644 561 40 540 894 701 807 551 660 388 819 822 364 402 961 93 801 682 298 
382 358 407 412 787 969 558 19 833 210 342 800 68 925 766 727 273 623 641 857 329 852 116 120 584 430 347 938 973 559 486 333 599 303 275 556 78 761 837 0 230 865 951 682 111 618 22 228 26 638 226 790 621 86 720 410 757 852 531 232 854 640 248 208 500 501 166 350 699 577 2 11 904 70 564 811 182 354 907 638 
611 791 274 100 157 651 691 161 833 225 818 923 979 615 107 888 519 4 326 456 609 761 333 308 457 283 971 468 241 126 105 269 265 368 579 690 824 383 922 230 0 610 644 753 23 158 913 191 913 436 509 483 768 532 564 381 495 649 640 615 623 217 469 116 489 965 134 942 224 7 402 377 102 176 445 374 113 546 914 952 
935 180 620 516 721 814 981 375 625 724 665 598 287 133 704 345 417 215 858 25 298 696 897 361 229 149 823 712 959 206 381 875 775 345 795 404 636 453 504 865 610 0 302 710 555 777 853 591 795 941 584 503 153 219 885 492 702 805 700 236 678 989 648 111 652 911 399 541 100 685 593 976 963 772 585 940 341 217 220 653 
611 95 567 740 833 164 403 527 361 745 639 654 901 280 463 870 486 819 747 185 996 271 667 864 272 84 888 790 24 591 562 562 571 532 574 951 819 744 14 951 644 302 0 508 732 217 653 141 491 285 30 362 631 300 544 597 548 685 505 923 80 602 243 595 72 303 364 17 679 664 4 516 836 233 370 12 401 458 580 693 
496 104 870 199 229 916 491 265 209 949 696 845 848 247 854 891 280 268 819 511 568 893 303 858 602 516 772 190 531 668 53 37 564 527 213 770 299 667 818 682 753 710 508 0 523 350 200 36 948 549 237 42 332 857 620 791 698 155 421 190 679 868 76 272 680 156 663 433 461 475 869 598 49 330 761 542 715 115 588 490 
714 634 718 377 491 827 919 522 637 97 472 758 700 425 436 667 341 992 922 266 683 982 132 775 394 19 923 23 740 869 715 479 842 756 867 791 468 501 609 111 23 555 732 523 0 297 122 318 163 736 942 597 708 447 730 632 679 953 522 805 923 789 492 560 667 503 57 919 65 383 718 903 328 416 297 759 7 82 528 508 
776 964 570 258 590 515 433 590 910 776 665 214 791 513 827 500 354 577 404 926 396 977 867 435 384 661 442 490 578 9 995 504 274 971 894 449 665 736 186 618 158 777 217 350 297 0 201 186 969 345 105 492 849 693 99 74 541 779 637 583 437 243 200 805 736 177 607 509 203 578 793 191 242 671 298 537 310 380 250 822 
618 112 332 884 182 977 565 297 994 120 608 555 323 562 272 772 34 940 601 15 302 999 286 708 736 372 616 486 800 693 340 399 191 337 691 671 483 296 948 22 913 853 653 200 122 201 0 415 481 50 631 913 483 924 123 118 565 290 745 524 540 40 426 158 435 659 424 656 81 828 149 606 165 313 326 639 140 891 697 520 
486 575 753 260 902 529 115 547 420 611 252 587 58 973 216 217 305 748 554 629 623 310 863 216 72 1 938 667 43 509 935 217 675 605 778 675 71 171 276 228 191 591 141 36 318 186 415 0 766 117 284 762 645 645 757 58 654 125 901 494 584 745 728 104 217 365 345 529 660 457 150 259 489 404 497 633 93 433 309 201 
791 398 755 348 70 598 894 973 149 865 969 149 193 401 101 160 479 726 90 531 96 446 601 645 856 857 343 730 728 915 497 192 768 253 86 605 942 200 963 26 913 795 491 948 163 969 481 766 0 426 846 545 776 355 854 57 793 885 462 113 131 105 382 832 799 533 735 770 211 761 15 935 110 919 789 146 660 243 346 425 
677 142 994 758 732 184 726 858 132 811 476 177 106 174 307 946 206 542 760 626 585 661 938 614 840 257 395 376 583 755 177 549 493 280 836 955 646 302 309 638 436 941 285 549 736 345 50 117 426 0 664 587 553 203 514 501 276 15 820 497 344 447 237 853 393 755 912 272 710 642 219 523 775 864 93 308 41 308 541 304 
918 459 236 371 637 138 405 772 221 590 646 416 349 100 239 896 435 46 794 668 627 71 714 867 620 373 141 470 446 569 39 799 570 991 769 668 707 840 406 226 509 584 30 237 942 105 631 284 846 664 0 802 322 742 793 476 68 944 745 450 41 78 534 143 778 373 539 80 118 666 692 527 92 442 592 371 466 933 161 297 
694 451 314 720 978 831 459 610 155 551 41 628 340 736 875 382 754 766 182 85 22 405 776 403 980 918 598 183 39 2 33 37 951 546 449 570 390 641 82 790 483 503 362 42 597 492 913 762 545 587 802 0 221 703 25 593 189 161 788 846 193 722 455 837 739 547 953 443 370 450 278 699 196 936 779 669 232 327 665 583 
693 128 466 106 76 327 803 923 725 378 548 231 23 624 615 43 370 297 465 966 459 711 388 837 983 83 259 189 651 507 94 264 419 280 642 223 451 367 663 621 768 153 631 332 708 849 483 645 776 553 322 221 0 700 857 65 316 484 777 494 751 715 872 705 748 223 9 565 519 435 22 76 203 457 795 479 518 938 981 780 
212 83 668 952 485 700 833 149 511 933 175 485 200 316 598 1 699 325 784 662 841 694 582 288 329 110 528 710 479 495 768 846 509 998 764 471 896 274 656 86 532 219 300 857 447 693 924 645 355 203 742 703 700 0 569 768 209 293 745 380 234 377 4 724 140 237 240 943 188 96 316 781 47 893 675 743 859 943 421 377 
906 335 2 116 832 100 60 186 626 278 238 23 407 839 692 423 866 767 319 675 521 759 545 678 787 945 245 793 117 715 724 573 646 155 1000 307 691 270 742 720 564 885 544 620 730 99 123 757 854 514 793 25 857 569 0 626 644 362 905 862 746 987 712 562 32 612 147 175 429 26 966 305 773 415 889 703 912 262 32 466 
34 167 1 454 901 995 361 739 26 223 503 628 192 784 565 780 834 752 907 488 296 905 585 708 669 912 701 624 131 724 81 345 966 797 638 47 14 241 493 410 381 492 597 791 632 74 118 58 57 501 476 593 65 768 626 0 662 662 354 777 157 217 125 650 262 908 33 923 523 345 123 134 329 15 544 85 812 726 226 679 
564 976 882 67 336 623 517 747 845 848 89 868 78 723 580 141 138 64 945 632 207 408 509 263 927 156 809 829 485 715 111 128 616 232 316 102 342 905 363 757 495 702 548 698 679 541 565 654 793 276 68 189 316 209 644 662 0 773 702 780 527 822 89 685 952 443 897 940 586 51 641 826 536 612 920 9 199 187 545 836 
671 508 376 990 669 72 135 809 987 152 648 854 960 974 414 118 243 247 319 895 990 878 953 617 367 751 832 545 354 161 836 649 827 720 572 446 242 330 699 852 649 805 685 155 953 779 290 125 885 15 944 161 484 293 362 662 773 0 957 38 623 702 366 897 378 868 953 262 415 673 160 38 794 153 683 640 45 705 819 90 
513 162 978 28 353 879 580 907 629 28 201 37 892 719 391 932 343 183 898 769 19 494 300 222 770 925 782 996 591 631 80 223 925 369 168 474 407 641 455 531 640 700 505 421 522 637 745 901 462 820 745 788 777 745 905 354 702 957 0 632 306 64 884 235 143 111 376 173 463 964 419 569 528 390 77 61 251 753 854 713 
250 934 124 330 643 292 614 152 675 839 227 827 500 15 475 894 999 981 465 736 864 686 740 218 298 970 932 577 673 712 818 543 714 669 911 337 577 71 343 232 615 236 923 190 805 583 524 494 113 497 450 846 494 380 862 777 780 38 632 0 828 646 377 878 297 131 447 812 634 15 447 475 299 123 315 598 900 768 506 433 
688 25 488 689 443 989 151 434 566 798 223 24 444 88 117 596 25 568 545 297 329 227 667 261 958 760 918 329 511 717 990 279 355 501 781 407 125 214 34 854 623 678 80 679 923 437 540 584 131 344 41 193 751 234 746 157 527 623 306 828 0 465 22 865 163 803 25 215 943 486 209 249 668 900 223 562 305 827 464 107 
66 857 543 849 971 808 253 769 427 354 337 412 965 836 251 535 997 471 405 64 616 474 254 407 69 108 425 905 418 445 841 351 31 645 132 537 431 121 644 640 217 989 602 868 789 243 40 745 105 447 78 722 715 377 987 217 822 702 64 646 465 0 197 805 687 662 643 464 301 470 748 29 275 803 365 181 800 57 76 186 
78 954 303 625 650 530 89 291 302 574 151 87 25 225 96 455 844 356 275 772 418 395 172 376 511 909 726 334 109 163 369 817 966 500 703 370 507 609 561 248 469 648 243 76 492 200 426 728 382 237 534 455 872 4 712 125 89 366 884 377 22 197 0 863 800 895 634 607 497 160 439 582 101 937 490 699 295 469 601 81 
805 5 181 766 646 572 42 512 646 463 608 456 324 530 409 868 31 107 303 412 401 14 292 643 345 616 43 180 752 289 70 976 698 669 721 279 417 862 40 208 116 111 595 272 560 805 158 104 832 853 143 837 705 724 562 650 685 897 235 878 865 805 863 0 426 710 27 226 413 66 249 749 45 717 57 616 529 406 305 663 
659 324 480 789 890 522 175 504 202 660 557 431 914 670 655 874 665 26 39 634 94 715 439 126 900 872 242 740 226 410 685 807 64 288 710 845 363 985 540 500 489 652 72 680 667 736 435 217 799 393 778 739 748 140 32 262 952 378 143 297 163 687 800 426 0 686 542 133 134 138 376 527 266 90 666 729 40 960 452 203 
828 260 141 761 672 991 69 731 434 239 742 894 380 896 935 723 937 117 912 572 652 748 799 471 828 105 560 324 677 380 787 226 55 545 503 376 52 507 894 501 965 911 303 156 503 177 659 365 533 755 373 547 223 237 612 908 443 868 111 131 803 662 895 710 686 0 791 400 517 468 450 666 305 897 236 360 366 15 176 352 
246 116 1 749 375 731 286 30 349 391 345 908 162 249 726 1000 927 496 869 957 780 511 996 495 874 406 781 662 468 514 211 830 762 726 764 73 735 259 701 166 134 399 364 663 57 607 424 345 735 912 539 953 9 240 147 33 897 953 376 447 25 643 634 27 542 791 0 773 86 692 25 726 61 236 531 50 6 844 693 650 
36 405 825 852 301 264 422 502 879 447 671 828 244 49 341 132 384 601 909 653 603 673 102 67 483 249 789 498 593 657 875 766 681 450 262 588 110 530 807 350 942 541 17 433 919 509 656 529 770 272 80 443 565 943 175 923 940 262 173 812 215 464 607 226 133 400 773 0 619 933 822 936 220 338 25 605 125 601 135 58 
447 972 342 667 886 850 260 10 807 587 617 691 557 164 314 887 644 482 588 787 648 486 301 476 223 368 956 597 964 823 817 742 589 477 611 40 764 473 551 699 224 100 679 461 65 203 81 660 211 710 118 370 519 188 429 523 586 415 463 634 943 301 497 413 134 517 86 619 0 13 122 472 485 122 110 637 716 572 578 343 
23 442 929 619 179 74 468 86 694 683 951 555 114 504 993 245 86 817 654 601 996 741 202 705 686 1000 431 722 983 419 209 697 725 518 150 633 430 29 660 577 7 685 664 475 383 578 828 457 761 642 666 450 435 96 26 345 51 673 964 15 486 470 160 66 138 468 692 933 13 0 439 282 300 841 297 211 401 605 130 558 
811 470 115 280 400 728 198 644 713 546 858 356 486 836 319 279 853 383 634 671 262 521 649 204 405 237 633 335 75 45 894 951 111 22 272 302 510 373 388 2 402 593 4 869 718 793 149 150 15 219 692 278 22 316 966 123 641 160 419 447 209 748 439 249 376 450 25 822 122 439 0 786 261 248 1000 331 647 481 424 309 
290 322 906 84 327 896 909 750 557 567 772 183 450 830 559 233 533 36 679 666 351 142 819 859 242 275 641 497 55 976 245 396 833 428 79 607 126 565 819 11 377 976 516 598 903 191 606 259 935 523 527 699 76 781 305 134 826 38 569 475 249 29 582 749 527 666 726 936 472 282 786 0 903 553 464 817 802 495 309 254 
979 715 836 471 760 790 162 489 613 834 70 785 309 563 473 63 244 37 261 957 557 463 208 181 519 495 892 185 246 807 200 526 296 242 420 583 75 549 822 904 102 963 836 49 328 242 165 489 110 775 92 196 203 47 773 329 536 794 528 299 668 275 101 45 266 305 61 220 485 300 261 903 0 341 769 408 583 890 686 751 
564 504 401 774 279 32 885 435 973 969 664 747 543 809 616 493 691 755 40 974 719 972 841 171 270 637 789 577 652 351 667 828 627 23 238 176 87 13 364 70 176 772 233 330 416 671 313 404 919 864 442 936 457 893 415 15 612 153 390 123 900 803 937 717 90 897 236 338 122 841 248 553 341 0 254 702 89 26 34 536 
184 108 962 54 453 344 540 515 507 720 511 583 755 400 148 888 218 264 388 59 870 357 490 653 159 431 110 478 119 76 304 272 650 527 765 424 310 215 402 564 445 585 370 761 297 298 326 497 789 93 592 779 795 675 889 544 920 683 77 315 223 365 490 57 666 236 531 25 110 297 1000 464 769 254 0 180 437 677 299 636 
719 516 121 221 595 55 911 641 66 9 104 759 641 800 840 563 872 17 67 192 972 247 315 719 524 459 452 29 771 802 855 542 449 264 404 334 12 719 961 811 374 940 12 542 759 537 639 633 146 308 371 669 479 743 703 85 9 640 61 598 562 181 699 616 729 360 50 605 637 211 331 817 408 702 180 0 406 944 382 925 
774 104 793 448 296 584 306 729 67 803 658 282 660 773 858 500 444 999 763 666 534 453 202 777 241 175 203 422 875 209 654 884 186 335 139 435 316 532 93 182 113 341 401 715 7 310 140 93 660 41 466 232 518 859 912 812 199 45 251 900 305 800 295 529 40 366 6 125 716 401 647 802 583 89 437 406 0 335 462 266 
503 55 830 294 877 255 662 253 941 805 966 566 432 943 966 243 510 697 542 277 699 24 998 153 637 535 213 906 839 835 478 363 328 846 948 89 56 702 801 354 546 217 458 115 82 380 891 433 243 308 933 327 938 943 262 726 187 705 753 768 827 57 469 406 960 15 844 601 572 605 481 495 890 26 677 944 335 0 671 905 
318 662 139 181 377 26 429 976 996 943 291 322 130 397 323 527 657 410 843 898 927 839 373 549 185 306 826 161 665 10 483 746 268 735 265 133 481 837 682 907 914 220 580 588 528 250 697 309 346 541 161 665 981 421 32 226 545 819 854 506 464 76 601 305 452 176 693 135 578 130 424 309 686 34 299 382 462 671 0 132 
596 816 909 640 490 16 768 751 235 712 242 405 814 831 475 71 452 916 308 23 348 800 820 629 877 317 898 627 949 707 875 853 553 326 951 489 107 404 298 638 952 653 693 490 508 822 520 201 425 304 297 583 780 377 466 679 836 90 713 433 107 186 81 663 203 352 650 58 343 558 309 254 751 536 636 925 266 905 132 0 
0 934 779 869 198 150 646 230 819 380 671 102 395 517 190 16 489 356 335 146 148 119 529 762 910 702 678 667 513 166 549 215 46 193 282 547 848 142 65 382 611 935 611 496 714 776 618 486 791 677 918 694 693 212 906 34 564 671 513 250 688 66 78 805 659 828 246 36 447 23 811 290 979 564 184 719 774 503 318 596 
934 0 731 437 313 675 376 291 798 950 876 890 273 565 660 702 950 151 154 160 744 607 450 187 816 827 709 939 374 593 217 499 629 146 549 84 694 507 652 358 791 180 95 104 634 964 112 575 398 142 459 451 128 83 335 167 976 508 162 934 25 857 954 5 324 260 116 405 972 442 470 322 715 504 108 516 104 55 662 816 
779 731 0 275 111 482 708 429 112 575 991 195 77 899 45 146 197 820 344 595 200 164 17 355 368 105 837 260 5 547 110 869 108 999 628 243 201 110 930 407 274 620 567 870 718 570 332 753 755 994 236 314 466 668 2 1 882 376 978 124 488 543 303 181 480 141 1 825 342 929 115 906 836 401 962 121 793 830 139 909 
869 437 275 0 673 352 588 745 53 173 213 355 181 225 384 423 211 98 394 543 598 563 735 970 602 350 524 394 99 30 616 429 27 558 805 839 594 441 663 412 100 516 740 199 377 258 884 260 348 758 371 720 106 952 116 454 67 990 28 330 689 849 625 766 789 761 749 852 667 619 280 84 471 774 54 221 448 294 181 640 
198 313 111 673 0 986 367 700 691 73 138 731 303 834 671 904 392 126 169 743 115 653 352 326 1000 15 936 876 950 760 714 568 503 250 612 56 334 845 406 787 157 721 833 229 491 590 182 902 70 732 637 978 76 485 832 901 336 669 353 643 443 971 650 646 890 672 375 301 886 179 400 327 760 279 453 595 296 877 377 490 
150 675 482 352 986 0 501 894 520 445 99 134 845 941 817 560 60 813 243 964 631 521 115 242 110 148 515 362 461 375 964 7 813 624 685 546 376 40 591 969 651 814 164 916 827 515 977 529 598 184 138 831 327 700 100 995 623 72 879 292 989 808 530 572 522 991 731 264 850 74 728 896 790 32 344 55 584 255 26 16 
646 376 708 588 367 501 0 214 245 707 535 610 807 349 219 783 736 133 188 266 921 470 447 752 290 283 668 520 263 733 831 106 19 813 536 271 257 263 204 558 691 981 403 491 919 433 565 115 894 726 405 459 803 833 60 361 517 135 580 614 151 253 89 42 175 69 286 422 260 468 198 909 162 885 540 911 306 662 429 768 
230 291 429 745 700 894 214 0 973 754 252 684 515 117 184 464 618 787 93 355 925 120 826 973 639 304 871 416 893 776 140 143 246 62 860 271 46 942 322 19 161 375 527 265 522 590 297 547 973 858 772 610 923 149 186 739 747 809 907 152 434 769 291 512 504 731 30 502 10 86 644 750 489 435 515 641 729 253 976 751 
819 798 112 53 691 520 245 973 0 888 412 823 613 258 841 295 497 799 262 275 1 299 984 825 794 824 516 425 584 165 170 748 450 494 581 322 565 508 481 833 833 625 361 209 637 910 994 420 149 132 221 155 725 511 626 26 845 987 629 675 566 427 302 646 202 434 349 879 807 694 713 557 613 973 507 66 67 941 996 235 
380 950 575 173 73 445 707 754 888 0 595 197 944 957 735 476 205 138 68 567 571 850 440 373 977 176 360 378 489 766 554 383 301 460 202 881 793 760 230 210 225 724 745 949 97 776 120 611 865 811 590 551 378 933 278 223 848 152 28 839 798 354 574 463 660 239 391 447 587 683 546 567 834 969 720 9 803 805 943 712 
671 876 991 213 138 99 535 252 412 595 0 215 488 463 288 162 431 514 599 737 681 280 195 693 230 327 42 213 743 459 957 871 531 175 788 464 58 550 274 342 818 665 639 696 472 665 608 252 969 476 646 41 548 175 238 503 89 648 201 227 223 337 151 608 557 742 345 671 617 951 858 772 70 664 511 104 658 966 291 242 
102 890 195 355 731 134 610 684 823 197 215 0 427 702 73 27 445 933 303 633 609 406 325 840 769 816 23 789 832 709 145 450 93 49 636 620 522 779 728 800 923 598 654 845 758 214 555 587 149 177 416 628 231 485 23 628 868 854 37 827 24 412 87 456 431 894 908 828 691 555 356 183 785 747 583 759 282 566 322 405 
395 273 77 181 303 845 807 515 613 944 488 427 0 596 688 611 600 478 845 57 532 51 182 484 501 184 593 948 909 468 441 516 622 846 220 708 184 389 161 68 979 287 901 848 700 791 323 58 193 106 349 340 23 200 407 192 78 960 892 500 444 965 25 324 914 380 162 244 557 114 486 450 309 543 755 641 660 432 130 814 
517 565 899 225 834 941 349 117 258 957 463 702 596 0 354 17 81 943 795 63 963 345 23 446 255 16 665 518 299 352 476 835 327 370 592 597 693 225 925 925 615 133 280 247 425 513 562 973 401 174 100 736 624 316 839 784 723 974 719 15 88 836 225 530 670 896 249 49 164 504 836 830 563 809 400 800 773 943 397 831 
190 660 45 384 671 817 219 184 841 735 288 73 688 354 0 549 749 237 938 120 798 623 396 27 438 902 154 904 466 966 421 330 603 45 726 114 286 950 198 766 107 704 463 854 436 827 272 216 101 307 239 875 615 598 692 565 580 414 391 475 117 251 96 409 655 935 726 341 314 993 319 559 473 616 148 840 858 966 323 475 
16 702 146 423 904 560 783 464 295 476 162 27 611 17 549 0 825 54 350 940 369 132 605 932 615 57 308 694 308 49 23 285 826 272 879 837 300 206 296 727 888 345 870 891 667 500 772 217 160 946 896 382 43 1 423 780 141 118 932 894 596 535 455 868 874 723 1000 132 887 245 279 233 63 493 888 563 500 243 527 71 
489 950 197 211 392 60 736 618 497 205 431 445 600 81 749 825 0 954 794 321 893 688 541 477 924 659 387 153 222 192 242 163 720 752 201 881 686 885 892 273 519 417 486 280 341 354 34 305 479 206 435 754 370 699 866 834 138 243 343 999 25 997 844 31 665 937 927 384 644 86 853 533 244 691 218 872 444 510 657 452 
356 151 820 98 126 813 133 787 799 138 514 933 478 943 237 54 954 0 865 595 562 320 36 854 554 330 465 789 609 368 241 505 845 969 143 107 729 887 584 623 4 215 819 268 992 577 940 748 726 542 46 766 297 325 767 752 64 247 183 981 568 471 356 107 26 117 496 601 482 817 383 36 37 755 264 17 999 697 410 916 
335 154 344 394 169 243 188 93 262 68 599 303 845 795 938 350 794 865 0 643 571 502 860 594 285 466 660 892 334 756 440 675 802 850 90 875 576 261 26 641 326 858 747 819 922 404 601 554 90 760 794 182 465 784 319 907 945 319 898 465 545 405 275 303 39 912 869 909 588 654 634 679 261 40 388 67 763 542 843 308 
146 160 595 543 743 964 266 355 275 567 737 633 57 63 120 940 321 595 643 0 363 780 395 88 623 858 390 389 533 705 489 580 52 857 449 659 623 550 748 857 456 25 185 511 266 926 15 629 531 626 668 85 966 662 675 488 632 895 769 736 297 64 772 412 634 572 957 653 787 601 671 666 957 974 59 192 666 277 898 23 
148 744 200 598 115 631 921 925 1 571 681 609 532 963 798 369 893 562 571 363 0 435 841 409 274 1 360 34 904 818 976 793 190 768 621 900 803 942 552 329 609 298 996 568 683 396 302 623 96 585 627 22 459 841 521 296 207 990 19 864 329 616 418 401 94 652 780 603 648 996 262 351 557 719 870 972 534 699 927 348 
119 607 164 563 653 521 470 120 299 850 280 406 51 345 623 132 688 320 502 780 435 0 515 911 291 503 66 742 144 974 916 308 810 823 101 624 526 822 344 852 761 696 271 893 982 977 999 310 446 661 71 405 711 694 759 905 408 878 494 686 227 474 395 14 715 748 511 673 486 741 521 142 463 972 357 247 453 24 839 800 
529 450 17 735 352 115 447 826 984 440 195 325 182 23 396 605 541 36 860 395 841 515 0 114 716 107 467 449 510 296 914 719 489 586 46 922 560 179 991 116 333 897 667 303 132 867 286 863 601 938 714 776 388 582 545 585 509 953 300 740 667 254 172 292 439 799 996 102 301 202 649 819 208 841 490 315 202 998 373 820 
762 187 355 970 326 242 752 973 825 373 693 840 484 446 27 932 477 854 594 88 409 911 114 0 498 905 813 951 511 198 169 436 899 508 603 621 812 755 734 120 308 361 864 858 775 435 708 216 645 614 867 403 837 288 678 708 263 617 222 218 261 407 376 643 126 471 495 67 476 705 204 859 181 171 653 719 777 153 549 629 
910 816 368 602 1000 110 290 639 794 977 230 769 501 255 438 615 924 554 285 623 274 291 716 498 0 156 925 375 453 252 281 924 135 315 872 434 248 601 799 584 457 229 272 602 394 384 736 72 856 840 620 980 983 329 787 669 927 367 770 298 958 69 511 345 900 828 874 483 223 686 405 242 519 270 159 524 241 637 185 877 
702 827 105 350 15 148 283 304 824 176 327 816 184 16 902 57 659 330 466 858 1 503 107 905 156 0 78 835 879 856 204 273 717 238 890 574 790 50 846 430 283 149 84 516 19 661 372 1 857 257 373 918 83 110 945 912 156 751 925 970 760 108 909 616 872 105 406 249 368 1000 237 275 495 637 431 459 175 535 306 317 
678 709 837 524 936 515 668 871 516 360 42 23 593 665 154 308 387 465 660 390 360 66 467 813 925 78 0 403 506 566 435 722 559 373 566 196 322 665 798 347 971 823 888 772 923 442 616 938 343 395 141 598 259 528 245 701 809 832 782 932 918 425 726 43 242 560 781 789 956 431 633 641 892 789 110 452 203 213 826 898 
667 939 260 394 876 362 520 416 425 378 213 789 948 518 904 694 153 789 892 389 34 742 449 951 375 835 403 0 619 663 866 601 456 508 900 236 176 112 555 938 468 712 790 190 23 490 486 667 730 376 470 183 189 710 793 624 829 545 996 577 329 905 334 180 740 324 662 498 597 722 335 497 185 577 478 29 422 906 161 627 
513 374 5 99 950 461 263 893 584 489 743 832 909 299 466 308 222 609 334 533 904 144 510 511 453 879 506 619 0 982 539 166 950 936 690 708 173 909 952 973 241 959 24 531 740 578 800 43 728 583 446 39 651 479 117 131 485 354 591 673 511 418 109 752 226 677 468 593 964 983 75 55 246 652 119 771 875 839 665 949 
166 593 547 30 760 375 733 776 165 766 459 709 468 352 966 49 192 368 756 705 818 974 296 198 252 856 566 663 982 0 518 381 290 452 744 961 400 214 52 559 126 206 591 668 869 9 693 509 915 755 569 2 507 495 715 724 715 161 631 712 717 445 163 289 410 380 514 657 823 419 45 976 807 351 76 802 209 835 10 707 
549 217 110 616 714 964 831 140 170 554 957 145 441 476 421 23 242 241 440 489 976 916 914 169 281 204 435 866 539 518 0 855 279 798 387 21 170 131 329 486 105 381 562 53 715 995 340 935 497 177 39 33 94 768 724 81 111 836 80 818 990 841 369 70 685 787 211 875 817 209 894 245 200 667 304 855 654 478 483 875 
215 499 869 429 568 7 106 143 748 383 871 450 516 835 330 285 163 505 675 580 793 308 719 436 924 273 722 601 166 381 855 0 236 566 204 520 292 617 349 333 269 875 562 37 479 504 399 217 192 549 799 37 264 846 573 345 128 649 223 543 279 351 817 976 807 226 830 766 742 697 951 396 526 828 272 542 884 363 746 853 
46 629 108 27 503 813 19 246 450 301 531 93 622 327 603 826 720 845 802 52 190 810 489 899 135 717 559 456 950 290 279 236 0 644 274 40 923 741 15 599 265 775 571 564 842 274 191 675 768 493 570 951 419 509 646 966 616 827 925 714 355 31 966 698 64 55 762 681 589 725 111 833 296 627 650 449 186 328 268 553 
193 146 999 558 250 624 813 62 494 460 175 49 846 370 45 272 752 969 850 857 768 823 586 508 315 238 373 508 936 452 798 566 644 0 773 427 122 555 968 303 368 345 532 527 756 971 337 605 253 280 991 546 280 998 155 797 232 720 369 669 501 645 500 669 288 545 726 450 477 518 22 428 242 23 527 264 335 846 735 326 
282 549 628 805 612 685 536 860 581 202 788 636 220 592 726 879 201 143 90 449 621 101 46 603 872 890 566 900 690 744 387 204 274 773 0 145 956 967 338 275 579 795 574 213 867 894 691 778 86 836 769 449 642 764 1000 638 316 572 168 911 781 132 703 721 710 503 764 262 611 150 272 79 420 238 765 404 139 948 265 951 
547 84 243 839 56 546 271 271 322 881 464 620 708 597 114 837 881 107 875 659 900 624 922 621 434 574 196 236 708 961 21 520 40 427 145 0 367 143 551 556 690 404 951 770 791 449 671 675 605 955 668 570 223 471 307 47 102 446 474 337 407 537 370 279 845 376 73 588 40 633 302 607 583 176 424 334 435 89 133 489 
848 694 201 594 334 376 257 46 565 793 58 522 184 693 286 300 686 729 576 623 803 526 560 812 248 790 322 176 173 400 170 292 923 122 956 367 0 648 16 78 824 636 819 299 468 665 483 71 942 646 707 390 451 896 691 14 342 242 407 577 125 431 507 417 363 52 735 110 764 430 510 126 75 87 310 12 316 56 481 107 
142 507 110 441 845 40 263 942 508 760 550 779 389 225 950 206 885 887 261 550 942 822 179 755 601 50 665 112 909 214 131 617 741 555 967 143 648 0 865 761 383 453 744 667 501 736 296 171 200 302 840 641 367 274 270 241 905 330 641 71 214 121 609 862 985 507 259 530 473 29 373 565 549 13 215 719 532 702 837 404 
65 652 930 663 406 591 204 322 481 230 274 728 161 925 198 296 892 584 26 748 552 344 991 734 799 846 798 555 952 52 329 349 15 968 338 551 16 865 0 837 922 504 14 818 609 186 948 276 963 309 406 82 663 656 742 493 363 699 455 343 34 644 561 40 540 894 701 807 551 660 388 819 822 364 402 961 93 801 682 298 
382 358 407 412 787 969 558 19 833 210 342 800 68 925 766 727 273 623 641 857 329 852 116 120 584 430 347 938 973 559 486 333 599 303 275 556 78 761 837 0 230 865 951 682 111 618 22 228 26 638 226 790 621 86 720 410 757 852 531 232 854 640 248 208 500 501 166 350 699 577 2 11 904 70 564 811 182 354 907 638 
611 791 274 100 157 651 691 161 833 225 818 923 979 615 107 888 519 4 326 456 609 761 333 308 457 283 971 468 241 126 105 269 265 368 579 690 824 383 922 230 0 610 644 753 23 158 913 191 913 436 509 483 768 532 564 381 495 649 640 615 623 217 469 116 489 965 134 942 224 7 402 377 102 176 445 374 113 546 914 952 
935 180 620 516 721 814 981 375 625 724 665 598 287 133 704 345 417 215 858 25 298 696 897 361 229 149 823 712 959 206 381 875 775 345 795 404 636 453 504 865 610 0 302 710 555 777 853 591 795 941 584 503 153 219 885 492 702 805 700 236 678 989 648 111 652 911 399 541 100 685 593 976 963 772 585 940 341 217 220 653 
611 95 567 740 833 164 403 527 361 745 639 654 901 280 463 870 486 819 747 185 996 271 667 864 272 84 888 790 24 591 562 562 571 532 574 951 819 744 14 951 644 302 0 508 732 217 653 141 491 285 30 362 631 300 544 597 548 685 505 923 80 602 243 595 72 303 364 17 679 664 4 516 836 233 370 12 401 458 580 693 
496 104 870 199 229 916 491 265 209 949 696 845 848 247 854 891 280 268 819 511 568 893 303 858 602 516 772 190 531 668 53 37 564 527 213 770 299 667 818 682 753 710 508 0 523 350 200 36 948 549 237 42 332 857 620 791 698 155 421 190 679 868 76 272 680 156 663 433 461 475 869 598 49 330 761 542 715 115 588 490 
714 634 718 377 491 827 919 522 637 97 472 758 700 425 436 667 341 992 922 266 683 982 132 775 394 19 923 23 740 869 715 479 842 756 867 791 468 501 609 111 23 555 732 523 0 297 122 318 163 736 942 597 708 447 730 632 679 953 522 805 923 789 492 560 667 503 57 919 65 383 718 903 328 416 297 759 7 82 528 508 
776 964 570 258 590 515 433 590 910 776 665 214 791 513 827 500 354 577 404 926 396 977 867 435 384 661 442 490 578 9 995 504 274 971 894 449 665 736 186 618 158 777 217 350 297 0 201 186 969 345 105 492 849 693 99 74 541 779 637 583 437 243 200 805 736 177 607 509 203 578 793 191 242 671 298 537 310 380 250 822 
618 112 332 884 182 977 565 297 994 120 608 555 323 562 272 772 34 940 601 15 302 999 286 708 736 372 616 486 800 693 340 399 191 337 691 671 483 296 948 22 913 853 653 200 122 201 0 415 481 50 631 913 483 924 123 118 565 290 745 524 540 40 426 158 435 659 424 656 81 828 149 606 165 313 326 639 140 891 697 520 
486 575 753 260 902 529 115 547 420 611 252 587 58 973 216 217 305 748 554 629 623 310 863 216 72 1 938 667 43 509 935 217 675 605 778 675 71 171 276 228 191 591 141 36 318 186 415 0 766 117 284 762 645 645 757 58 654 125 901 494 584 745 728 104 217 365 345 529 660 457 150 259 489 404 497 633 93 433 309 201 
791 398 755 348 70 598 894 973 149 865 969 149 193 401 101 160 479 726 90 531 96 446 601 645 856 857 343 730 728 915 497 192 768 253 86 605 942 200 963 26 913 795 491 948 163 969 481 766 0 426 846 545 776 355 854 57 793 885 462 113 131 105 382 832 799 533 735 770 211 761 15 935 110 919 789 146 660 243 346 425 
677 142 994 758 732 184 726 858 132 811 476 177 106 174 307 946 206 542 760 626 585 661 938 614 840 257 395 376 583 755 177 549 493 280 836 955 646 302 309 638 436 941 285 549 736 345 50 117 426 0 664 587 553 203 514 501 276 15 820 497 344 447 237 853 393 755 912 272 710 642 219 523 775 864 93 308 41 308 541 304 
918 459 236 371 637 138 405 772 221 590 646 416 349 100 239 896 435 46 794 668 627 71 714 867 620 373 141 470 446 569 39 799 570 991 769 668 707 840 406 226 509 584 30 237 942 105 631 284 846 664 0 802 322 742 793 476 68 944 745 450 41 78 534 143 778 373 539 80 118 666 692 527 92 442 592 371 466 933 161 297 
694 451 314 720 978 831 459 610 155 551 41 628 340 736 875 382 754 766 182 85 22 405 776 403 980 918 598 183 39 2 33 37 951 546 449 570 390 641 82 790 483 503 362 42 597 492 913 762 545 587 802 0 221 703 25 593 189 161 788 846 193 722 455 837 739 547 953 443 370 450 278 699 196 936 779 669 232 327 665 583 
693 128 466 106 76 327 803 923 725 378 548 231 23 624 615 43 370 297 465 966 459 711 388 837 983 83 259 189 651 507 94 264 419 280 642 223 451 367 663 621 768 153 631 332 708 849 483 645 776 553 322 221 0 700 857 65 316 484 777 494 751 715 872 705 748 223 9 565 519 435 22 76 203 457 795 479 518 938 981 780 
212 83 668 952 485 700 833 149 511 933 175 485 200 316 598 1 699 325 784 662 841 694 582 288 329 110 528 710 479 495 768 846 509 998 764 471 896 274 656 86 532 219 300 857 447 693 924 645 355 203 742 703 700 0 569 768 209 293 745 380 234 377 4 724 140 237 240 943 188 96 316 781 47 893 675 743 859 943 421 377 
906 335 2 116 832 100 60 186 626 278 238 23 407 839 692 423 866 767 319 675 521 759 545 678 787 945 245 793 117 715 724 573 646 155 1000 307 691 270 742 720 564 885 544 620 730 99 123 757 854 514 793 25 857 569 0 626 644 362 905 862 746 987 712 562 32 612 147 175 429 26 966 305 773 415 889 703 912 262 32 466 
34 167 1 454 901 995 361 739 26 223 503 628 192 784 565 780 834 752 907 488 296 905 585 708 669 912 701 624 131 724 81 345 966 797 638 47 14 241 493 410 381 492 597 791 632 74 118 58 57 501 476 593 65 768 626 0 662 662 354 777 157 217 125 650 262 908 33 923 523 345 123 134 329 15 544 85 812 726 226 679 
564 976 882 67 336 623 517 747 845 848 89 868 78 723 580 141 138 64 945 632 207 408 509 263 927 156 809 829 485 715 111 128 616 232 316 102 342 905 363 757 495 702 548 698 679 541 565 654 793 276 68 189 316 209 644 662 0 773 702 780 527 822 89 685 952 443 897 940 586 51 641 826 536 612 920 9 199 187 545 836 
671 508 376 990 669 72 135 809 987 152 648 854 960 974 414 118 243 247 319 895 990 878 953 617 367 751 832 545 354 161 836 649 827 720 572 446 242 330 699 852 649 805 685 155 953 779 290 125 885 15 944 161 484 293 362 662 773 0 957 38 623 702 366 897 378 868 953 262 415 673 160 38 794 153 683 640 45 705 819 90 
513 162 978 28 353 879 580 907 629 28 201 37 892 719 391 932 343 183 898 769 19 494 300 222 770 925 782 996 591 631 80 223 925 369 168 474 407 641 455 531 640 700 505 421 522 637 745 901 462 820 745 788 777 745 905 354 702 957 0 632 306 64 884 235 143 111 376 173 463 964 419 569 528 390 77 61 251 753 854 713 
250 934 124 330 643 292 614 152 675 839 227 827 500 15 475 894 999 981 465 736 864 686 740 218 298 970 932 577 673 712 818 543 714 669 911 337 577 71 343 232 615 236 923 190 805 583 524 494 113 497 450 846 494 380 862 777 780 38 632 0 828 646 377 878 297 131 447 812 634 15 447 475 299 123 315 598 900 768 506 433 
688 25 488 689 443 989 151 434 566 798 223 24 444 88 117 596 25 568 545 297 329 227 667 261 958 760 918 329 511 717 990 279 355 501 781 407 125 214 34 854 623 678 80 679 923 437 540 584 131 344 41 193 751 234 746 157 527 623 306 828 0 465 22 865 163 803 25 215 943 486 209 249 668 900 223 562 305 827 464 107 
66 857 543 849 971 808 253 769 427 354 337 412 965 836 251 535 997 471 405 64 616 474 254 407 69 108 425 905 418 445 841 351 31 645 132 537 431 121 644 640 217 989 602 868 789 243 40 745 105 447 78 722 715 377 987 217 822 702 64 646 465 0 197 805 687 662 643 464 301 470 748 29 275 803 365 181 800 57 76 186 
78 954 303 625 650 530 89 291 302 574 151 87 25 225 96 455 844 356 275 772 418 395 172 376 511 909 726 334 109 163 369 817 966 500 703 370 507 609 561 248 469 648 243 76 492 200 426 728 382 237 534 455 872 4 712 125 89 366 884 377 22 197 0 863 800 895 634 607 497 160 439 582 101 937 490 699 295 469 601 81 
805 5 181 766 646 572 42 512 646 463 608 456 324 530 409 868 31 107 303 412 401 14 292 643 345 616 43 180 752 289 70 976 698 669 721 279 417 862 40 208 116 111 595 272 560 805 158 104 832 853 143 837 705 724 562 650 685 897 235 878 865 805 863 0 426 710 27 226 413 66 249 749 45 717 57 616 529 406 305 663 
659 324 480 789 890 522 175 504 202 660 557 431 914 670 655 874 665 26 39 634 94 715 439 126 900 872 242 740 226 410 685 807 64 288 710 845 363 985 540 500 489 652 72 680 667 736 435 217 799 393 778 739 748 140 32 262 952 378 143 297 163 687 800 426 0 686 542 133 134 138 376 527 266 90 666 729 40 960 452 203 
828 260 141 761 672 991 69 731 434 239 742 894 380 896 935 723 937 117 912 572 652 748 799 471 828 105 560 324 677 380 787 226 55 545 503 376 52 507 894 501 965 911 303 156 503 177 659 365 533 755 373 547 223 237 612 908 443 868 111 131 803 662 895 710 686 0 791 400 517 468 450 666 305 897 236 360 366 15 176 352 
246 116 1 749 375 731 286 30 349 391 345 908 162 249 726 1000 927 496 869 957 780 511 996 495 874 406 781 662 468 514 211 830 762 726 764 73 735 259 701 166 134 399 364 663 57 607 424 345 735 912 539 953 9 240 147 33 897 953 376 447 25 643 634 27 542 791 0 773 86 692 25 726 61 236 531 50 6 844 693 650 
36 405 825 852 301 264 422 502 879 447 671 828 244 49 341 132 384 601 909 653 603 673 102 67 483 249 789 498 593 657 875 766 681 450 262 588 110 530 807 350 942 541 17 433 919 509 656 529 770 272 80 443 565 943 175 923 940 262 173 812 215 464 607 226 133 400 773 0 619 933 822 936 220 338 25 605 125 601 135 58 
447 972 342 667 886 850 260 10 807 587 617 691 557 164 314 887 644 482 588 787 648 486 301 476 223 368 956 597 964 823 817 742 589 477 611 40 764 473 551 699 224 100 679 461 65 203 81 660 211 710 118 370 519 188 429 523 586 415 463 634 943 301 497 413 134 517 86 619 0 13 122 472 485 122 110 637 716 572 578 343 
23 442 929 619 179 74 468 86 694 683 951 555 114 504 993 245 86 817 654 601 996 741 202 705 686 1000 431 722 983 419 209 697 725 518 150 633 430 29 660 577 7 685 664 475 383 578 828 457 761 642 666 450 435 96 26 345 51 673 964 15 486 470 160 66 138 468 692 933 13 0 439 282 300 841 297 211 401 605 130 558 
811 470 115 280 400 728 198 644 713 546 858 356 486 836 319 279 853 383 634 671 262 521 649 204 405 237 633 335 75 45 894 951 111 22 272 302 510 373 388 2 402 593 4 869 718 793 149 150 15 219 692 278 22 316 966 123 641 160 419 447 209 748 439 249 376 450 25 822 122 439 0 786 261 248 1000 331 647 481 424 309 
290 322 906 84 327 896 909 750 557 567 772 183 450 830 559 233 533 36 679 666 351 142 819 859 242 275 641 497 55 976 245 396 833 428 79 607 126 565 819 11 377 976 516 598 903 191 606 259 935 523 527 699 76 781 305 134 826 38 569 475 249 29 582 749 527 666 726 936 472 282 786 0 903 553 464 817 802 495 309 254 
979 715 836 471 760 790 162 489 613 834 70 785 309 563 473 63 244 37 261 957 557 463 208 181 519 495 892 185 246 807 200 526 296 242 420 583 75 549 822 904 102 963 836 49 328 242 165 489 110 775 92 196 203 47 773 329 536 794 528 299 668 275 101 45 266 305 61 220 485 300 261 903 0 341 769 408 583 890 686 751 
564 504 401 774 279 32 885 435 973 969 664 747 543 809 616 493 691 755 40 974 719 972 841 171 270 637 789 577 652 351 667 828 627 23 238 176 87 13 364 70 176 772 233 330 416 671 313 404 919 864 442 936 457 893 415 15 612 153 390 123 900 803 937 717 90 897 236 338 122 841 248 553 341 0 254 702 89 26 34 536 
184 108 962 54 453 344 540 515 507 720 511 583 755 400 148 888 218 264 388 59 870 357 490 653 159 431 110 478 119 76 304 272 650 527 765 424 310 215 402 564 445 585 370 761 297 298 326 497 789 93 592 779 795 675 889 544 920 683 77 315 223 365 490 57 666 236 531 25 110 297 1000 464 769 254 0 180 437 677 299 636 
719 516 121 221 595 55 911 641 66 9 104 759 641 800 840 563 872 17 67 192 972 247 315 719 524 459 452 29 771 802 855 542 449 264 404 334 12 719 961 811 374 940 12 542 759 537 639 633 146 308 371 669 479 743 703 85 9 640 61 598 562 181 699 616 729 360 50 605 637 211 331 817 408 702 180 0 406 944 382 925 
774 104 793 448 296 584 306 729 67 803 658 282 660 773 858 500 444 999 763 666 534 453 202 777 241 175 203 422 875 209 654 884 186 335 139 435 316 532 93 182 113 341 401 715 7 310 140 93 660 41 466 232 518 859 912 812 199 45 251 900 305 800 295 529 40 366 6 125 716 401 647 802 583 89 437 406 0 335 462 266 
503 55 830 294 877 255 662 253 941 805 966 566 432 943 966 243 510 697 542 277 699 24 998 153 637 535 213 906 839 835 478 363 328 846 948 89 56 702 801 354 546 217 458 115 82 380 891 433 243 308 933 327 938 943 262 726 187 705 753 768 827 57 469 406 960 15 844 601 572 605 481 495 890 26 677 944 335 0 671 905 
318 662 139 181 377 26 429 976 996 943 291 322 130 397 323 527 657 410 843 898 927 839 373 549 185 306 826 161 665 10 483 746 268 735 265 133 481 837 682 907 914 220 580 588 528 250 697 309 346 541 161 665 981 421 32 226 545 819 854 506 464 76 601 305 452 176 693 135 578 130 424 309 686 34 299 382 462 671 0 132 
596 816 909 640 490 16 768 751 235 712 242 405 814 831 475 71 452 916 308 23 348 800 820 629 877 317 898 627 949 707 875 853 553 326 951 489 107 404 298 638 952 653 693 490 508 822 520 201 425 304 297 583 780 377 466 679 836 90 713 433 107 186 81 663 203 352 650 58 343 558 309 254 751 536 636 925 266 905 132 0 
