30 2
0 958 805 827 126 495 952 785 824 576 975 3 303 670 154 990 101 879 375 872 544 776 603 179 519 797 245 807 44 469 
958 0 75 714 327 810 19 567 456 600 870 691 839 908 314 730 779 332 708 339 810 232 959 860 167 888 273 77 230 519 
805 75 0 104 814 10 32 283 387 20 364 253 521 488 306 723 494 508 881 12 903 42 100 358 1000 502 7 346 763 556 
827 714 104 0 282 700 247 122 132 8 737 858 92 856 982 834 773 258 159 804 701 535 113 63 492 982 71 66 650 862 
126 327 814 282 0 430 96 213 295 710 407 314 235 258 899 342 501 103 541 984 811 816 170 984 507 156 68 653 484 360 
495 810 10 700 430 0 668 553 207 599 328 618 695 96 170 636 635 110 302 828 488 259 557 643 536 681 203 747 552 524 
952 19 32 247 96 668 0 554 898 963 213 473 813 723 57 597 344 475 876 869 269 10 502 656 729 424 387 717 747 762 
785 567 283 122 213 553 554 0 189 792 810 389 622 652 605 400 433 465 919 165 424 132 168 149 782 752 498 760 836 806 
824 456 387 132 295 207 898 189 0 890 30 990 527 187 385 194 698 330 772 796 53 799 842 602 442 634 333 270 757 790 
576 600 20 8 710 599 963 792 890 0 789 654 18 226 5 307 266 106 49 286 678 69 966 159 909 186 233 550 620 654 
975 870 364 737 407 328 213 810 30 789 0 306 941 15 626 375 81 357 872 5 232 668 312 116 918 609 557 598 329 243 
3 691 253 858 314 618 473 389 990 654 306 0 281 42 93 842 428 693 866 667 408 229 785 224 436 299 401 474 517 992 
303 839 521 92 235 695 813 622 527 18 941 281 0 680 930 651 594 481 277 290 774 674 895 491 193 174 616 408 137 13 
670 908 488 856 258 96 723 652 187 226 15 42 680 0 30 633 995 919 364 650 60 753 509 794 234 956 86 442 987 293 
154 314 306 982 899 170 57 605 385 5 626 93 930 30 0 814 36 272 566 621 718 678 60 884 482 871 193 634 169 430 
990 730 723 834 342 636 597 400 194 307 375 842 651 633 814 0 211 858 907 446 472 956 408 366 498 618 412 235 612 11 
101 779 494 773 501 635 344 433 698 266 81 428 594 995 36 211 0 133 664 628 676 571 321 686 442 133 577 849 753 633 
879 332 508 258 103 110 475 465 330 106 357 693 481 919 272 858 133 0 458 890 882 777 35 358 520 562 82 454 261 449 
375 708 881 159 541 302 876 919 772 49 872 866 277 364 566 907 664 458 0 832 730 915 166 508 102 251 930 894 40 417 
872 339 12 804 984 828 869 165 796 286 5 667 290 650 621 446 628 890 832 0 718 804 429 855 701 924 756 865 668 799 
544 810 903 701 811 488 269 424 53 678 232 408 774 60 718 472 676 882 730 718 0 701 734 406 51 242 223 146 11 803 
776 232 42 535 816 259 10 132 799 69 668 229 674 753 678 956 571 777 915 804 701 0 166 438 239 651 701 130 497 990 
603 959 100 113 170 557 502 168 842 966 312 785 895 509 60 408 321 35 166 429 734 166 0 899 690 663 214 150 164 432 
179 860 358 63 984 643 656 149 602 159 116 224 491 794 884 366 686 358 508 855 406 438 899 0 328 781 440 176 134 275 
519 167 1000 492 507 536 729 782 442 909 918 436 193 234 482 498 442 520 102 701 51 239 690 328 0 338 135 494 40 836 
797 888 502 982 156 681 424 752 634 186 609 299 174 956 871 618 133 562 251 924 242 651 663 781 338 0 232 87 677 837 
245 273 7 71 68 203 387 498 333 233 557 401 616 86 193 412 577 82 930 756 223 701 214 440 135 232 0 668 625 200 
807 77 346 66 653 747 717 760 270 550 598 474 408 442 634 235 849 454 894 865 146 130 150 176 494 87 668 0 594 126 
44 230 763 650 484 552 747 836 757 620 329 517 137 987 169 612 753 261 40 668 11 497 164 134 40 677 625 594 0 838 
469 519 556 862 360 524 762 806 790 654 243 992 13 293 430 11 633 449 417 799 803 990 432 275 836 837 200 126 838 0 
0 710 250 962 267 51 212 323 975 917 322 273 111 904 337 824 325 389 654 437 189 946 653 429 903 168 44 649 780 660 
710 0 188 919 321 351 796 767 467 545 39 486 817 349 683 470 23 560 531 333 81 82 12 336 918 250 950 358 455 428 
250 188 0 100 950 420 841 455 903 407 365 221 393 453 983 522 292 263 385 979 594 161 695 531 53 293 864 627 338 495 
962 919 100 0 884 891 596 135 599 815 519 657 199 495 279 982 523 910 40 341 851 326 350 931 673 669 197 366 460 630 
267 321 950 884 0 737 640 730 892 596 322 256 680 112 361 537 774 930 774 677 5 562 35 715 118 202 567 404 674 92 
51 351 420 891 737 0 159 428 821 920 622 657 655 123 200 539 55 189 822 238 847 529 719 19 689 656 806 334 757 509 
212 796 841 596 640 159 0 789 780 432 161 696 583 805 974 950 928 275 50 226 596 756 563 723 92 780 529 856 582 871 
323 767 455 135 730 428 789 0 312 893 554 117 67 514 821 253 529 334 298 202 19 603 37 886 527 136 912 803 991 658 
975 467 903 599 892 821 780 312 0 647 108 855 578 698 239 293 350 589 641 546 523 327 462 605 889 281 999 343 639 436 
917 545 407 815 596 920 432 893 647 0 470 108 647 155 463 791 867 694 181 541 299 1 350 380 674 939 449 218 766 481 
322 39 365 519 322 622 161 554 108 470 0 855 988 780 220 770 766 32 522 459 917 10 179 299 394 220 743 962 733 417 
273 486 221 657 256 657 696 117 855 108 855 0 149 31 343 631 637 865 26 534 305 269 704 378 300 937 230 708 378 541 
111 817 393 199 680 655 583 67 578 647 988 149 0 1 5 681 637 239 334 697 77 510 900 193 485 26 484 145 249 550 
904 349 453 495 112 123 805 514 698 155 780 31 1 0 660 844 431 35 122 733 596 354 376 785 291 160 943 865 260 5 
337 683 983 279 361 200 974 821 239 463 220 343 5 660 0 770 714 68 299 33 634 619 952 874 641 793 856 86 661 280 
824 470 522 982 537 539 950 253 293 791 770 631 681 844 770 0 548 428 616 166 346 416 768 864 465 720 859 53 425 622 
325 23 292 523 774 55 928 529 350 867 766 637 637 431 714 548 0 38 183 520 337 322 871 517 500 497 331 630 557 743 
389 560 263 910 930 189 275 334 589 694 32 865 239 35 68 428 38 0 415 725 826 294 344 483 685 515 965 478 960 362 
654 531 385 40 774 822 50 298 641 181 522 26 334 122 299 616 183 415 0 47 197 625 899 583 363 868 44 633 566 643 
437 333 979 341 677 238 226 202 546 541 459 534 697 733 33 166 520 725 47 0 835 524 616 952 375 478 978 954 689 697 
189 81 594 851 5 847 596 19 523 299 917 305 77 596 634 346 337 826 197 835 0 119 940 414 253 482 871 355 565 586 
946 82 161 326 562 529 756 603 327 1 10 269 510 354 619 416 322 294 625 524 119 0 435 795 2 720 279 934 611 617 
653 12 695 350 35 719 563 37 462 350 179 704 900 376 952 768 871 344 899 616 940 435 0 421 426 360 419 739 573 955 
429 336 531 931 715 19 723 886 605 380 299 378 193 785 874 864 517 483 583 952 414 795 421 0 955 523 184 916 587 903 
903 918 53 673 118 689 92 527 889 674 394 300 485 291 641 465 500 685 363 375 253 2 426 955 0 454 532 846 761 60 
168 250 293 669 202 656 780 136 281 939 220 937 26 160 793 720 497 515 868 478 482 720 360 523 454 0 812 659 293 810 
44 950 864 197 567 806 529 912 999 449 743 230 484 943 856 859 331 965 44 978 871 279 419 184 532 812 0 973 477 804 
649 358 627 366 404 334 856 803 343 218 962 708 145 865 86 53 630 478 633 954 355 934 739 916 846 659 973 0 47 20 
780 455 338 460 674 757 582 991 639 766 733 378 249 260 661 425 557 960 566 689 565 611 573 587 761 293 477 47 0 658 
660 428 495 630 92 509 871 658 436 481 417 541 550 5 280 622 743 362 643 697 586 617 955 903 60 810 804 20 658 0 
0 510 772 450 384 840 352 886 78 140 491 146 912 286 778 254 849 805 867 911 534 102 502 592 858 890 726 339 325 603 
510 0 805 121 844 419 642 73 616 561 298 581 110 567 127 491 794 278 517 756 620 704 950 34 338 884 19 325 820 821 
772 805 0 779 416 288 413 291 7 584 909 336 545 423 444 934 792 551 741 359 752 795 941 325 649 583 531 549 848 430 
450 121 779 0 806 495 436 647 831 425 415 496 906 1000 700 32 502 129 928 941 293 884 591 238 156 666 753 702 777 129 
384 844 416 806 0 46 366 228 500 564 498 384 897 871 633 86 103 228 29 549 519 481 17 520 667 275 170 257 232 548 
840 419 288 495 46 0 106 482 659 160 444 549 375 590 756 438 965 944 81 405 492 853 296 889 721 404 857 516 347 620 
352 642 413 436 366 106 0 697 456 379 995 27 157 48 81 88 254 598 508 950 567 739 471 353 485 597 926 569 360 379 
886 73 291 647 228 482 697 0 427 243 415 812 860 482 561 678 91 484 680 975 537 545 971 103 73 612 75 351 256 238 
78 616 7 831 500 659 456 427 0 342 345 387 943 134 930 816 435 749 852 411 542 215 540 617 127 949 445 541 117 573 
140 561 584 425 564 160 379 243 342 0 245 571 419 788 827 174 238 80 316 348 902 874 325 618 485 195 195 750 769 757 
491 298 909 415 498 444 995 415 345 245 0 128 20 687 3 665 792 694 331 613 575 998 172 921 375 588 104 468 319 688 
146 581 336 496 384 549 27 812 387 571 128 0 498 815 510 735 579 777 951 55 819 122 627 523 940 268 225 612 877 306 
912 110 545 906 897 375 157 860 943 419 20 498 0 888 419 343 590 272 470 736 624 947 271 498 108 595 201 962 715 929 
286 567 423 1000 871 590 48 482 134 788 687 815 888 0 377 448 259 750 396 296 67 126 339 385 932 819 237 371 366 920 
778 127 444 700 633 756 81 561 930 827 3 510 419 377 0 529 44 833 597 350 108 987 81 188 305 213 124 844 193 853 
254 491 934 32 86 438 88 678 816 174 665 735 343 448 529 0 882 591 601 741 833 911 222 943 927 348 653 641 865 731 
849 794 792 502 103 965 254 91 435 238 792 579 590 259 44 882 0 968 410 529 830 633 115 390 921 787 784 494 577 433 
805 278 551 129 228 944 598 484 749 80 694 777 272 750 833 591 968 0 330 647 216 922 753 780 232 342 647 356 319 958 
867 517 741 928 29 81 508 680 852 316 331 951 470 396 597 601 410 330 0 896 509 51 796 808 959 58 569 487 456 802 
911 756 359 941 549 405 950 975 411 348 613 55 736 296 350 741 529 647 896 0 605 667 681 268 14 332 217 370 315 267 
534 620 752 293 519 492 567 537 542 902 575 819 624 67 108 833 830 216 509 605 0 343 597 633 771 166 229 432 22 559 
102 704 795 884 481 853 739 545 215 874 998 122 947 126 987 911 633 922 51 667 343 0 539 241 819 402 974 522 154 795 
502 950 941 591 17 296 471 971 540 325 172 627 271 339 81 222 115 753 796 681 597 539 0 473 883 813 827 503 793 263 
592 34 325 238 520 889 353 103 617 618 921 523 498 385 188 943 390 780 808 268 633 241 473 0 514 718 498 198 991 320 
858 338 649 156 667 721 485 73 127 485 375 940 108 932 305 927 921 232 959 14 771 819 883 514 0 977 52 643 412 805 
890 884 583 666 275 404 597 612 949 195 588 268 595 819 213 348 787 342 58 332 166 402 813 718 977 0 120 147 983 421 
726 19 531 753 170 857 926 75 445 195 104 225 201 237 124 653 784 647 569 217 229 974 827 498 52 120 0 318 552 236 
339 325 549 702 257 516 569 351 541 750 468 612 962 371 844 641 494 356 487 370 432 522 503 198 643 147 318 0 604 511 
325 820 848 777 232 347 360 256 117 769 319 877 715 366 193 865 577 319 456 315 22 154 793 991 412 983 552 604 0 689 
603 821 430 129 548 620 379 238 573 757 688 306 929 920 853 731 433 958 802 267 559 795 263 320 805 421 236 511 689 0 
