9 4
0 862 5 495 230 457 217 58 186 
862 0 177 378 867 171 804 517 350 
5 177 0 425 399 316 986 805 317 
495 378 425 0 683 868 249 75 876 
230 867 399 683 0 252 297 476 766 
457 171 316 868 252 0 540 533 238 
217 804 986 249 297 540 0 393 173 
58 517 805 75 476 533 393 0 384 
186 350 317 876 766 238 173 384 0 
0 221 25 184 213 235 306 101 821 
221 0 805 536 968 281 5 433 302 
25 805 0 474 183 282 604 36 277 
184 536 474 0 545 277 374 930 996 
213 968 183 545 0 856 730 251 751 
235 281 282 277 856 0 194 475 984 
306 5 604 374 730 194 0 919 667 
101 433 36 930 251 475 919 0 832 
821 302 277 996 751 984 667 832 0 
0 268 364 662 30 813 899 494 375 
268 0 396 620 173 201 93 266 919 
364 396 0 51 644 880 172 444 566 
662 620 51 0 3 247 580 595 251 
30 173 644 3 0 96 834 332 654 
813 201 880 247 96 0 375 330 869 
899 93 172 580 834 375 0 858 650 
494 266 444 595 332 330 858 0 518 
375 919 566 251 654 869 650 518 0 
0 492 477 532 251 527 57 501 881 
492 0 90 967 846 137 30 428 49 
477 90 0 349 269 363 935 909 664 
532 967 349 0 253 670 749 27 144 
251 846 269 253 0 652 636 258 339 
527 137 363 670 652 0 651 357 796 
57 30 935 749 636 651 0 498 446 
501 428 909 27 258 357 498 0 810 
881 49 664 144 339 796 446 810 0 
0 912 662 884 992 941 385 344 541 
912 0 229 23 458 248 518 995 866 
662 229 0 658 878 658 591 346 74 
884 23 658 0 314 488 990 898 97 
992 458 878 314 0 226 400 110 804 
941 248 658 488 226 0 814 481 5 
385 518 591 990 400 814 0 963 890 
344 995 346 898 110 481 963 0 48 
541 866 74 97 804 5 890 48 0 
