20 2
0 463 694 517 533 200 699 288 952 722 662 554 320 536 599 891 610 314 855 201 
463 0 517 805 903 372 641 912 759 278 805 51 862 23 963 167 173 618 983 816 
694 517 0 75 195 313 126 860 876 147 864 99 910 620 792 915 338 473 999 137 
517 805 75 0 917 871 327 333 635 952 396 79 691 651 890 31 846 389 843 601 
533 903 195 917 0 963 814 551 715 19 590 421 824 967 441 446 545 990 624 248 
200 372 313 871 963 0 282 188 781 32 90 719 456 306 613 975 458 654 117 282 
699 641 126 327 814 282 0 10 156 247 989 815 387 23 223 870 183 306 303 151 
288 912 860 333 551 188 10 0 125 96 229 654 132 474 78 364 824 174 839 880 
952 759 876 635 715 781 156 125 0 668 124 900 295 149 624 737 644 960 521 660 
722 278 147 952 19 32 247 96 668 0 835 712 207 51 947 407 487 722 92 363 
662 805 864 396 590 90 989 229 124 835 0 586 898 400 379 328 269 264 235 764 
554 51 99 79 421 719 815 654 900 712 586 0 189 349 23 213 633 550 695 658 
320 862 910 691 824 456 387 132 295 207 898 189 0 890 937 810 878 635 813 277 
536 23 620 651 967 306 23 474 149 51 400 349 890 0 45 30 545 637 622 61 
599 963 792 890 441 613 223 78 624 947 379 23 937 45 0 789 474 680 527 247 
891 167 915 31 446 975 870 364 737 407 328 213 810 30 789 0 3 488 18 676 
610 173 338 846 545 458 183 824 644 487 269 633 878 545 474 3 0 212 941 670 
314 618 473 389 990 654 306 174 960 722 264 550 635 637 680 488 212 0 281 908 
855 983 999 843 624 117 303 839 521 92 235 695 813 622 527 18 941 281 0 488 
201 816 137 601 248 282 151 880 660 363 764 658 277 61 247 676 670 908 488 0 
0 909 269 794 135 589 715 132 210 101 128 884 79 247 841 539 765 467 552 808 
909 0 232 438 66 953 160 886 4 177 404 781 280 279 596 856 804 903 547 469 
269 232 0 613 442 522 281 467 736 475 377 488 884 457 640 920 416 599 471 483 
794 438 613 0 454 833 707 971 346 694 466 518 766 763 159 273 57 892 132 60 
135 66 442 454 0 193 930 401 586 165 434 629 792 512 854 377 30 821 289 182 
589 953 522 833 193 0 710 256 778 31 477 723 726 465 700 248 323 780 470 165 
715 160 281 707 930 710 0 251 731 962 340 371 835 360 812 21 674 312 231 923 
132 886 467 971 401 256 251 0 76 919 675 263 51 441 615 456 921 60 860 940 
210 4 736 346 586 778 731 76 0 100 751 252 351 375 131 323 934 566 78 660 
101 177 475 694 165 31 962 919 100 0 302 709 420 222 983 767 117 778 917 820 
128 404 377 466 434 477 340 675 751 302 0 441 891 608 898 455 488 500 545 465 
884 781 488 518 629 723 371 263 252 709 441 0 737 643 819 135 815 295 407 582 
79 280 884 766 792 726 835 51 351 420 891 737 0 190 227 730 346 709 815 309 
247 279 457 763 512 465 360 441 375 222 608 643 190 0 682 428 8 514 596 830 
841 596 640 159 854 700 812 615 131 983 898 819 227 682 0 789 774 390 920 41 
539 856 920 273 377 248 21 456 323 767 455 135 730 428 789 0 388 607 432 370 
765 804 416 57 30 323 674 921 934 117 488 815 346 8 774 388 0 645 893 871 
467 903 599 892 821 780 312 60 566 778 500 295 709 514 390 607 645 0 647 661 
552 547 471 132 289 470 231 860 78 917 545 407 815 596 920 432 893 647 0 273 
808 469 483 60 182 165 923 940 660 820 465 582 309 830 41 370 871 661 273 0 
0 204 948 146 924 849 345 953 970 633 625 806 504 916 413 653 771 616 169 625 
204 0 227 732 527 214 558 429 816 658 908 593 833 569 436 739 74 7 612 137 
948 227 0 764 766 159 833 303 167 586 810 451 661 498 366 32 477 831 445 884 
146 732 764 0 136 233 106 244 490 680 517 814 301 707 106 543 974 500 470 405 
924 527 766 136 0 412 501 498 327 949 554 309 320 504 267 970 950 659 364 746 
849 214 159 233 412 0 510 612 554 478 608 154 678 33 618 461 255 456 445 522 
345 558 833 106 501 510 0 836 98 450 641 390 22 674 567 905 569 427 319 204 
953 429 303 244 498 612 836 0 979 121 896 252 840 828 457 634 79 752 55 416 
970 816 167 490 327 554 98 979 0 779 148 301 419 685 786 886 392 615 742 669 
633 658 586 680 949 478 450 121 779 0 283 353 288 914 40 73 537 12 140 331 
625 908 810 517 554 608 641 896 148 283 0 852 495 735 81 291 54 46 561 673 
806 593 451 814 309 154 390 252 301 353 852 0 46 647 368 647 206 242 584 327 
504 833 661 301 320 678 22 840 419 288 495 46 0 863 465 228 277 261 425 177 
916 569 498 707 504 33 674 828 685 914 735 647 863 0 43 482 759 411 564 122 
413 436 366 106 267 618 567 457 786 40 81 368 465 43 0 697 208 849 160 616 
653 739 32 543 970 461 905 634 886 73 291 647 228 482 697 0 37 475 379 691 
771 74 477 974 950 255 569 79 392 537 54 206 277 759 208 37 0 592 243 73 
616 7 831 500 659 456 427 752 615 12 46 242 261 411 849 475 592 0 342 82 
169 612 445 470 364 445 319 55 742 140 561 584 425 564 160 379 243 342 0 154 
625 137 884 405 746 522 204 416 669 331 673 327 177 122 616 691 73 82 154 0 
