20 2
0 73 210 990 346 883 441 81 758 547 110 911 96 831 147 156 657 379 607 8 
73 0 245 902 607 625 111 746 545 255 126 193 361 69 495 536 476 926 327 623 
210 245 0 345 317 755 754 797 116 905 285 434 668 903 169 415 596 14 921 857 
990 902 345 0 508 414 815 319 615 790 544 842 752 683 886 486 60 169 860 92 
346 607 317 508 0 394 408 518 558 747 405 828 197 14 858 997 336 749 501 812 
883 625 755 414 394 0 325 896 948 698 51 659 972 67 780 706 800 631 886 680 
441 111 754 815 408 325 0 671 724 543 363 459 706 300 275 388 362 572 668 536 
81 746 797 319 518 896 671 0 491 386 397 893 558 709 615 713 235 152 702 204 
758 545 116 615 558 948 724 491 0 254 848 53 934 706 1 624 555 952 447 235 
547 255 905 790 747 698 543 386 254 0 369 764 292 906 285 22 239 945 805 840 
110 126 285 544 405 51 363 397 848 369 0 617 948 150 329 816 71 395 934 374 
911 193 434 842 828 659 459 893 53 764 617 0 981 433 352 61 594 248 399 782 
96 361 668 752 197 972 706 558 934 292 948 981 0 57 750 85 602 578 84 469 
831 69 903 683 14 67 300 709 706 906 150 433 57 0 282 614 276 719 743 741 
147 495 169 886 858 780 275 615 1 285 329 352 750 282 0 706 682 906 712 423 
156 536 415 486 997 706 388 713 624 22 816 61 85 614 706 0 456 454 584 899 
657 476 596 60 336 800 362 235 555 239 71 594 602 276 682 456 0 924 193 249 
379 926 14 169 749 631 572 152 952 945 395 248 578 719 906 454 924 0 512 359 
607 327 921 860 501 886 668 702 447 805 934 399 84 743 712 584 193 512 0 80 
8 623 857 92 812 680 536 204 235 840 374 782 469 741 423 899 249 359 80 0 
0 14 497 197 988 97 624 85 680 239 957 147 146 833 33 983 707 860 743 156 
14 0 199 709 379 496 16 910 494 354 707 831 287 972 368 621 179 522 774 864 
497 199 0 491 364 989 245 247 525 895 386 393 844 514 907 396 633 637 671 278 
197 709 491 0 87 848 683 279 773 890 658 82 258 293 306 837 574 947 308 630 
988 379 364 87 0 37 967 262 324 528 472 192 126 721 557 894 51 113 439 571 
97 496 989 848 37 0 618 180 993 451 580 474 636 91 727 206 239 506 745 271 
624 16 245 683 967 618 0 54 241 168 136 785 760 507 881 410 118 164 262 290 
85 910 247 279 262 180 54 0 261 964 405 498 723 900 635 940 974 941 930 187 
680 494 525 773 324 993 241 261 0 284 903 20 390 223 355 278 590 810 354 229 
239 354 895 890 528 451 168 964 284 0 975 613 452 108 796 23 21 847 838 287 
957 707 386 658 472 580 136 405 903 975 0 221 937 661 128 647 939 261 777 295 
147 831 393 82 192 474 785 498 20 613 221 0 788 778 555 259 184 676 566 504 
146 287 844 258 126 636 760 723 390 452 937 788 0 165 719 97 74 696 674 961 
833 972 514 293 721 91 507 900 223 108 661 778 165 0 622 127 536 301 210 425 
33 368 907 306 557 727 881 635 355 796 128 555 719 622 0 741 712 571 212 429 
983 621 396 837 894 206 410 940 278 23 647 259 97 127 741 0 443 860 906 603 
707 179 633 574 51 239 118 974 590 21 939 184 74 536 712 443 0 789 171 476 
860 522 637 947 113 506 164 941 810 847 261 676 696 301 571 860 789 0 865 114 
743 774 671 308 439 745 262 930 354 838 777 566 674 210 212 906 171 865 0 606 
156 864 278 630 571 271 290 187 229 287 295 504 961 425 429 603 476 114 606 0 
0 987 504 804 13 904 377 916 321 762 44 854 855 168 968 18 294 141 258 845 
987 0 802 292 622 505 985 91 507 647 294 170 714 29 633 380 822 479 227 137 
504 802 0 510 637 12 756 754 476 106 615 608 157 487 94 605 368 364 330 723 
804 292 510 0 914 153 318 722 228 111 343 919 743 708 695 164 427 54 693 371 
13 622 637 914 0 964 34 739 677 473 529 809 875 280 444 107 950 888 562 430 
904 505 12 153 964 0 383 821 8 550 421 527 365 910 274 795 762 495 256 730 
377 985 756 318 34 383 0 947 760 833 865 216 241 494 120 591 883 837 739 711 
916 91 754 722 739 821 947 0 740 37 596 503 278 101 366 61 27 60 71 814 
321 507 476 228 677 8 760 740 0 717 98 981 611 778 646 723 411 191 647 772 
762 647 106 111 473 550 833 37 717 0 26 388 549 893 205 978 980 154 163 714 
44 294 615 343 529 421 865 596 98 26 0 780 64 340 873 354 62 740 224 706 
854 170 608 919 809 527 216 503 981 388 780 0 213 223 446 742 817 325 435 497 
855 714 157 743 875 365 241 278 611 549 64 213 0 836 282 904 927 305 327 40 
168 29 487 708 280 910 494 101 778 893 340 223 836 0 379 874 465 700 791 576 
968 633 94 695 444 274 120 366 646 205 873 446 282 379 0 260 289 430 789 572 
18 380 605 164 107 795 591 61 723 978 354 742 904 874 260 0 558 141 95 398 
294 822 368 427 950 762 883 27 411 980 62 817 927 465 289 558 0 212 830 525 
141 479 364 54 888 495 837 60 191 154 740 325 305 700 430 141 212 0 136 887 
258 227 330 693 562 256 739 71 647 163 224 435 327 791 789 95 830 136 0 395 
845 137 723 371 430 730 711 814 772 714 706 497 40 576 572 398 525 887 395 0 
