60 3
0 345 408 543 934 816 84 502 26 303 677 828 687 998 376 607 321 472 118 679 342 248 652 988 234 625 616 798 299 373 855 293 278 492 486 451 178 171 663 238 961 15 538 841 300 187 675 218 153 499 213 911 40 666 549 469 262 85 707 980 
345 0 325 386 292 61 743 302 769 988 173 247 943 472 45 507 50 590 707 295 652 841 272 272 867 546 439 431 599 694 94 717 824 121 81 314 779 247 162 774 352 845 887 138 853 54 962 912 381 937 261 586 182 164 779 113 811 440 479 458 
408 325 0 254 948 85 712 990 447 611 567 901 269 273 134 407 255 428 743 809 763 236 359 658 116 235 534 314 82 62 319 395 98 183 327 541 310 410 76 616 672 861 93 752 475 35 478 160 409 529 334 618 57 686 130 62 782 297 369 793 
543 386 254 0 981 614 584 440 751 379 581 279 690 580 165 900 431 21 86 504 826 940 492 123 715 72 66 948 236 10 225 658 10 286 749 623 998 807 669 416 199 667 48 227 817 553 882 893 531 947 250 641 150 179 138 348 903 936 251 902 
934 292 948 981 0 706 193 747 49 132 314 963 757 34 462 733 484 792 774 423 162 665 77 353 455 603 439 901 348 954 227 49 504 475 724 377 752 260 891 495 72 568 647 365 128 245 295 842 819 994 943 965 226 345 640 735 45 355 125 564 
816 61 85 614 706 0 512 14 116 364 526 262 413 136 214 223 879 939 725 961 536 496 45 616 296 522 900 919 915 408 743 519 869 953 573 264 389 880 712 811 812 412 549 712 116 178 577 355 286 434 102 499 914 742 948 896 518 849 695 575 
84 743 712 584 193 512 0 69 303 595 904 248 340 690 312 836 983 544 671 4 433 495 669 158 996 476 226 736 289 192 304 261 496 313 715 995 627 377 394 88 235 414 891 540 361 780 217 38 720 25 439 527 674 338 760 730 409 946 857 879 
502 302 990 440 747 14 69 0 366 87 672 180 488 405 909 108 107 184 598 425 706 918 849 359 134 577 563 361 626 997 475 553 748 902 975 436 46 19 964 533 342 853 549 873 822 671 166 918 755 501 581 766 724 433 389 12 19 733 869 240 
26 769 447 751 49 116 303 366 0 102 42 639 731 315 598 30 621 910 308 121 47 197 223 685 952 461 870 155 624 784 642 425 823 865 3 57 670 15 462 348 686 378 107 232 92 247 331 420 838 656 593 69 400 154 740 862 749 728 858 504 
303 988 611 379 132 364 595 87 102 0 833 54 37 903 404 661 594 74 534 429 444 630 597 403 926 31 211 85 189 263 778 774 603 816 960 438 767 176 293 946 500 891 488 675 346 372 965 119 473 19 785 980 136 873 203 444 782 944 206 680 
677 173 567 581 314 526 904 672 42 833 0 438 937 999 146 271 396 223 439 374 670 156 714 750 213 469 302 360 701 276 684 94 905 159 251 338 293 423 186 343 977 473 273 534 554 857 87 719 464 607 857 197 105 738 179 69 127 500 473 97 
828 247 901 279 963 262 248 180 639 54 438 0 328 975 61 778 947 536 186 603 450 708 878 175 638 363 182 662 686 109 61 624 737 997 299 147 474 412 950 511 371 491 134 873 245 182 936 454 338 45 211 684 580 856 778 750 746 333 288 452 
687 943 269 690 757 413 340 488 731 37 937 328 0 698 287 579 837 689 745 419 144 912 343 421 469 141 365 552 730 153 562 294 463 513 263 769 740 554 21 62 39 798 340 419 1000 493 15 925 444 153 727 741 814 693 319 680 667 786 804 632 
998 472 273 580 34 136 690 405 315 903 999 975 698 0 723 165 233 712 563 476 419 984 649 2 741 46 715 361 347 809 14 911 490 980 395 322 463 625 792 327 378 282 379 297 451 448 905 541 646 450 390 769 834 31 839 990 722 751 448 177 
376 45 134 165 462 214 312 909 598 404 146 61 287 723 0 509 894 259 262 218 218 310 927 124 391 302 189 15 826 49 860 480 23 400 624 267 837 249 208 593 56 789 413 510 498 551 529 743 164 112 574 559 169 899 498 988 653 624 708 362 
607 507 407 900 733 223 836 108 30 661 271 778 579 165 509 0 25 443 549 114 26 139 814 860 404 567 102 216 422 267 252 185 249 518 799 379 525 813 526 452 871 263 589 663 393 699 564 834 63 580 536 836 19 195 737 844 152 265 97 482 
321 50 255 431 484 879 983 107 621 594 396 947 837 233 894 25 0 302 930 234 878 400 115 417 555 216 307 803 264 4 960 62 636 748 37 804 907 708 55 662 56 539 243 36 949 746 64 686 454 47 660 841 965 727 865 882 211 832 264 464 
472 590 428 21 792 939 544 184 910 74 223 536 689 712 259 443 302 0 814 606 816 231 672 43 971 55 28 118 642 354 326 793 686 381 288 148 461 78 917 185 299 18 300 951 111 151 234 129 114 500 735 354 678 413 598 7 70 303 855 923 
118 707 743 86 774 725 671 598 308 534 439 186 745 563 262 549 930 814 0 965 194 476 662 131 908 428 639 682 635 475 650 778 58 610 161 315 276 209 60 168 931 556 901 518 833 592 684 509 684 499 917 742 821 897 209 485 544 377 913 2 
679 295 809 504 423 961 4 425 121 429 374 603 419 476 218 114 234 606 965 0 332 559 6 214 228 740 624 87 386 31 950 22 225 336 643 39 815 139 994 937 185 583 805 639 411 729 538 899 880 642 543 742 839 766 475 739 75 605 296 367 
342 652 763 826 162 536 433 706 47 444 670 450 144 419 218 26 878 816 194 332 0 683 49 168 980 297 642 152 113 98 546 999 154 173 414 93 563 549 656 771 641 789 220 531 571 357 527 90 744 133 499 409 947 872 300 396 961 444 744 902 
248 841 236 940 665 496 495 918 197 630 156 708 912 984 310 139 400 231 476 559 683 0 906 83 133 936 955 932 766 46 46 184 177 977 266 463 710 586 79 456 349 966 655 227 239 654 647 573 169 48 654 80 620 757 543 710 718 448 314 357 
652 272 359 492 77 45 669 849 223 597 714 878 343 649 927 814 115 672 662 6 49 906 0 404 466 857 326 793 599 332 91 559 408 765 729 313 219 408 117 441 101 339 604 12 804 345 668 443 621 197 89 520 830 303 154 347 706 214 137 596 
988 272 658 123 353 616 158 359 685 403 750 175 421 2 124 860 417 43 131 214 168 83 404 0 266 339 44 788 401 150 21 661 680 274 376 118 90 674 165 198 112 625 358 982 227 22 349 604 69 309 712 10 677 188 135 600 955 811 95 15 
234 867 116 715 455 296 996 134 952 926 213 638 469 741 391 404 555 971 908 228 980 133 466 266 0 962 650 912 895 342 493 585 971 495 967 991 993 837 262 837 441 157 870 972 209 816 85 926 982 303 431 410 991 660 593 452 317 3 49 249 
625 546 235 72 603 522 476 577 461 31 469 363 141 46 302 567 216 55 428 740 297 936 857 339 962 0 36 131 232 661 953 270 922 451 712 121 811 920 924 113 654 498 357 271 220 252 602 684 742 73 415 361 902 982 314 520 554 833 234 822 
616 439 534 66 439 900 226 563 870 211 302 182 365 715 189 102 307 28 639 624 642 955 326 44 650 36 0 27 889 400 459 411 624 128 589 586 144 975 36 445 734 812 493 938 791 848 97 753 142 134 860 259 483 336 177 407 292 749 339 515 
798 431 314 948 901 919 736 361 155 85 360 662 552 361 15 216 803 118 682 87 152 932 793 788 912 131 27 0 388 456 806 594 640 276 327 381 190 958 334 974 711 760 726 110 519 618 708 11 190 294 296 325 349 356 445 685 622 126 970 193 
299 599 82 236 348 915 289 626 624 189 701 686 730 347 826 422 264 642 635 386 113 766 599 401 895 232 889 388 0 86 10 910 874 475 987 837 481 725 169 648 421 809 68 985 616 300 209 334 238 969 71 39 840 653 160 990 349 99 120 750 
373 694 62 10 954 408 192 997 784 263 276 109 153 809 49 267 4 354 475 31 98 46 332 150 342 661 400 456 86 0 975 932 477 335 945 589 175 743 168 38 160 900 247 632 689 715 730 43 421 948 428 570 643 845 291 262 775 852 882 937 
855 94 319 225 227 743 304 475 642 778 684 61 562 14 860 252 960 326 650 950 546 46 91 21 493 953 459 806 10 975 0 451 995 942 666 914 589 702 712 801 587 767 450 315 87 44 480 655 807 420 614 979 201 55 477 817 594 854 571 992 
293 717 395 658 49 519 261 553 425 774 94 624 294 911 480 185 62 793 778 22 999 184 559 661 585 270 411 594 910 932 451 0 679 776 273 825 443 794 540 374 979 116 588 823 300 849 697 357 987 960 375 992 639 862 387 323 361 558 67 781 
278 824 98 10 504 869 496 748 823 603 905 737 463 490 23 249 636 686 58 225 154 177 408 680 971 922 624 640 874 477 995 679 0 99 213 885 336 322 661 557 749 630 553 249 331 201 594 167 644 992 289 501 836 454 931 114 519 493 572 971 
492 121 183 286 475 953 313 902 865 816 159 997 513 980 400 518 748 381 610 336 173 977 765 274 495 451 128 276 475 335 942 776 99 0 807 523 271 434 69 802 816 404 879 813 349 578 332 616 543 449 978 667 703 179 213 978 58 258 731 340 
486 81 327 749 724 573 715 975 3 960 251 299 263 395 624 799 37 288 161 643 414 266 729 376 967 712 589 327 987 945 666 273 213 807 0 125 720 755 155 934 551 462 674 889 916 418 627 456 313 925 162 746 754 684 499 680 227 398 735 35 
451 314 541 623 377 264 995 436 57 438 338 147 769 322 267 379 804 148 315 39 93 463 313 118 991 121 586 381 837 589 914 825 885 523 125 0 942 619 770 534 983 512 383 100 557 202 19 639 274 14 585 542 544 249 759 309 533 785 711 683 
178 779 310 998 752 389 627 46 670 767 293 474 740 463 837 525 907 461 276 815 563 710 219 90 993 811 144 190 481 175 589 443 336 271 720 942 0 281 170 317 670 988 914 844 880 56 199 757 958 627 600 626 630 337 133 248 402 369 565 831 
171 247 410 807 260 880 377 19 15 176 423 412 554 625 249 813 708 78 209 139 549 586 408 674 837 920 975 958 725 743 702 794 322 434 755 619 281 0 389 777 459 63 159 321 84 689 392 450 694 242 181 338 867 195 445 601 861 90 858 947 
663 162 76 669 891 712 394 964 462 293 186 950 21 792 208 526 55 917 60 994 656 79 117 165 262 924 36 334 169 168 712 540 661 69 155 770 170 389 0 452 500 612 300 492 350 616 131 222 836 885 91 421 546 705 100 766 512 27 954 346 
238 774 616 416 495 811 88 533 348 946 343 511 62 327 593 452 662 185 168 937 771 456 441 198 837 113 445 974 648 38 801 374 557 802 934 534 317 777 452 0 834 253 878 35 87 132 68 37 529 934 932 624 768 339 713 242 745 139 393 913 
961 352 672 199 72 812 235 342 686 500 977 371 39 378 56 871 56 299 931 185 641 349 101 112 441 654 734 711 421 160 587 979 749 816 551 983 670 459 500 834 0 844 430 483 385 185 9 537 707 404 105 207 521 100 827 1000 151 899 63 937 
15 845 861 667 568 412 414 853 378 891 473 491 798 282 789 263 539 18 556 583 789 966 339 625 157 498 812 760 809 900 767 116 630 404 462 512 988 63 612 253 844 0 300 719 806 926 34 197 199 745 108 66 869 450 698 907 581 921 218 917 
538 887 93 48 647 549 891 549 107 488 273 134 340 379 413 589 243 300 901 805 220 655 604 358 870 357 493 726 68 247 450 588 553 879 674 383 914 159 300 878 430 300 0 795 843 93 395 781 135 882 835 724 960 983 689 199 428 686 753 833 
841 138 752 227 365 712 540 873 232 675 534 873 419 297 510 663 36 951 518 639 531 227 12 982 972 271 938 110 985 632 315 823 249 813 889 100 844 321 492 35 483 719 795 0 307 474 339 249 677 556 113 216 345 777 665 807 829 3 724 663 
300 853 475 817 128 116 361 822 92 346 554 245 1000 451 498 393 949 111 833 411 571 239 804 227 209 220 791 519 616 689 87 300 331 349 916 557 880 84 350 87 385 806 843 307 0 562 526 216 135 934 99 431 667 224 350 48 333 369 676 900 
187 54 35 553 245 178 780 671 247 372 857 182 493 448 551 699 746 151 592 729 357 654 345 22 816 252 848 618 300 715 44 849 201 578 418 202 56 689 616 132 185 926 93 474 562 0 895 289 264 810 267 54 141 560 859 529 341 414 120 714 
675 962 478 882 295 577 217 166 331 965 87 936 15 905 529 564 64 234 684 538 527 647 668 349 85 602 97 708 209 730 480 697 594 332 627 19 199 392 131 68 9 34 395 339 526 895 0 6 336 857 641 166 102 344 909 787 468 387 578 687 
218 912 160 893 842 355 38 918 420 119 719 454 925 541 743 834 686 129 509 899 90 573 443 604 926 684 753 11 334 43 655 357 167 616 456 639 757 450 222 37 537 197 781 249 216 289 6 0 501 480 110 802 517 628 179 712 27 588 585 467 
153 381 409 531 819 286 720 755 838 473 464 338 444 646 164 63 454 114 684 880 744 169 621 69 982 742 142 190 238 421 807 987 644 543 313 274 958 694 836 529 707 199 135 677 135 264 336 501 0 414 543 589 626 160 901 46 975 146 754 274 
499 937 529 947 994 434 25 501 656 19 607 45 153 450 112 580 47 500 499 642 133 48 197 309 303 73 134 294 969 948 420 960 992 449 925 14 627 242 885 934 404 745 882 556 934 810 857 480 414 0 67 471 674 493 245 799 326 672 946 408 
213 261 334 250 943 102 439 581 593 785 857 211 727 390 574 536 660 735 917 543 499 654 89 712 431 415 860 296 71 428 614 375 289 978 162 585 600 181 91 932 105 108 835 113 99 267 641 110 543 67 0 181 26 339 56 874 97 1000 564 985 
911 586 618 641 965 499 527 766 69 980 197 684 741 769 559 836 841 354 742 742 409 80 520 10 410 361 259 325 39 570 979 992 501 667 746 542 626 338 421 624 207 66 724 216 431 54 166 802 589 471 181 0 746 142 562 932 34 144 553 591 
40 182 57 150 226 914 674 724 400 136 105 580 814 834 169 19 965 678 821 839 947 620 830 677 991 902 483 349 840 643 201 639 836 703 754 544 630 867 546 768 521 869 960 345 667 141 102 517 626 674 26 746 0 885 141 632 149 838 173 803 
666 164 686 179 345 742 338 433 154 873 738 856 693 31 899 195 727 413 897 766 872 757 303 188 660 982 336 356 653 845 55 862 454 179 684 249 337 195 705 339 100 450 983 777 224 560 344 628 160 493 339 142 885 0 33 812 825 172 957 394 
549 779 130 138 640 948 760 389 740 203 179 778 319 839 498 737 865 598 209 475 300 543 154 135 593 314 177 445 160 291 477 387 931 213 499 759 133 445 100 713 827 698 689 665 350 859 909 179 901 245 56 562 141 33 0 744 332 780 412 803 
469 113 62 348 735 896 730 12 862 444 69 750 680 990 988 844 882 7 485 739 396 710 347 600 452 520 407 685 990 262 817 323 114 978 680 309 248 601 766 242 1000 907 199 807 48 529 787 712 46 799 874 932 632 812 744 0 632 931 96 704 
262 811 782 903 45 518 409 19 749 782 127 746 667 722 653 152 211 70 544 75 961 718 706 955 317 554 292 622 349 775 594 361 519 58 227 533 402 861 512 745 151 581 428 829 333 341 468 27 975 326 97 34 149 825 332 632 0 25 549 349 
85 440 297 936 355 849 946 733 728 944 500 333 786 751 624 265 832 303 377 605 444 448 214 811 3 833 749 126 99 852 854 558 493 258 398 785 369 90 27 139 899 921 686 3 369 414 387 588 146 672 1000 144 838 172 780 931 25 0 948 695 
707 479 369 251 125 695 857 869 858 206 473 288 804 448 708 97 264 855 913 296 744 314 137 95 49 234 339 970 120 882 571 67 572 731 735 711 565 858 954 393 63 218 753 724 676 120 578 585 754 946 564 553 173 957 412 96 549 948 0 662 
980 458 793 902 564 575 879 240 504 680 97 452 632 177 362 482 464 923 2 367 902 357 596 15 249 822 515 193 750 937 992 781 971 340 35 683 831 947 346 913 937 917 833 663 900 714 687 467 274 408 985 591 803 394 803 704 349 695 662 0 
0 840 353 608 617 209 815 993 485 277 141 495 331 11 596 568 893 655 592 61 33 14 105 154 721 28 342 210 833 452 413 935 259 866 748 157 312 156 494 818 770 316 991 365 583 7 680 438 110 903 114 540 242 376 212 764 638 251 79 836 
840 0 845 88 116 864 357 326 509 24 133 309 976 933 108 175 971 761 6 836 407 186 39 989 977 138 413 788 431 230 238 239 720 351 504 375 408 600 841 250 709 105 468 748 938 142 921 342 159 56 889 694 112 999 801 945 563 17 392 417 
353 845 0 922 387 130 766 41 503 674 718 261 246 468 354 549 153 666 635 466 383 194 199 497 290 184 291 83 653 98 117 237 199 93 919 544 812 276 502 551 332 845 637 642 928 600 99 192 86 359 927 187 590 530 758 471 686 641 318 184 
608 88 922 0 63 17 687 974 904 160 737 545 293 91 134 807 82 692 535 344 119 876 944 167 336 96 200 490 833 230 127 885 45 237 491 659 738 321 361 456 248 997 671 835 378 738 182 90 618 904 497 443 21 847 910 314 391 292 982 341 
617 116 387 63 0 17 763 57 935 776 215 805 86 53 212 585 631 176 725 448 107 855 814 629 160 940 15 515 164 137 812 910 699 706 798 936 676 428 341 333 313 528 923 872 291 864 730 48 5 964 742 923 981 481 426 20 943 16 298 503 
209 864 130 17 17 0 338 82 980 255 888 312 497 359 855 663 385 777 812 873 947 432 468 320 831 437 850 476 658 258 399 356 681 609 292 910 550 277 29 589 438 684 94 242 38 399 631 245 68 408 80 611 880 556 430 313 699 588 726 500 
815 357 766 687 763 338 0 329 910 724 189 188 352 154 963 802 405 964 813 4 678 994 282 713 483 235 936 900 204 848 971 727 577 194 298 47 143 428 405 398 40 330 917 59 761 302 742 672 261 796 965 3 837 210 595 673 892 863 32 691 
993 326 41 974 57 82 329 0 231 243 325 489 562 827 256 456 351 799 944 844 240 70 811 448 433 220 886 617 134 150 390 608 683 880 2 963 365 36 612 465 666 728 93 6 199 518 42 221 384 474 971 722 60 444 784 279 372 837 917 902 
485 509 503 904 935 980 910 231 0 685 54 998 956 597 53 414 603 611 583 554 621 221 63 258 937 767 308 65 664 623 294 899 906 589 948 8 740 477 254 83 12 788 460 726 727 442 434 495 367 498 912 163 866 938 677 332 129 949 334 822 
277 24 674 160 776 255 724 243 685 0 183 764 733 824 672 566 143 893 952 815 749 41 807 186 375 335 606 274 560 879 96 674 501 560 692 133 919 224 408 491 526 967 913 893 521 727 140 806 730 348 167 321 580 144 570 557 191 348 949 722 
141 133 718 737 215 888 189 325 54 183 0 283 80 961 856 383 990 573 959 727 237 870 944 307 973 807 920 858 39 913 686 178 897 10 420 438 445 932 757 575 123 17 73 673 94 656 368 110 182 779 657 587 940 892 781 464 515 129 855 246 
495 309 261 545 805 312 188 489 998 764 283 0 643 14 522 688 192 691 45 890 115 27 923 472 615 269 209 511 451 624 367 117 89 10 47 823 725 784 943 127 55 693 280 534 714 518 30 194 414 963 105 284 613 217 664 137 833 935 480 184 
331 976 246 293 86 497 352 562 956 733 80 643 0 708 539 129 794 207 69 444 671 202 7 187 893 235 946 234 186 6 324 701 644 142 425 414 573 209 488 597 407 819 995 168 133 866 219 983 281 825 612 665 422 715 206 327 466 409 292 544 
11 933 468 91 53 359 154 827 597 824 961 14 708 0 423 882 736 992 279 265 182 573 977 807 422 548 397 509 614 163 473 193 297 625 107 509 201 267 883 34 225 288 302 207 845 73 614 30 89 21 855 853 413 402 269 634 31 221 72 964 
596 108 354 134 212 855 963 256 53 672 856 522 539 423 0 359 333 82 60 615 564 495 587 234 746 74 310 685 430 798 688 600 700 566 874 553 522 946 531 161 174 748 901 720 424 143 647 723 43 679 168 835 612 431 429 390 49 983 261 833 
568 175 549 807 585 663 802 456 414 566 383 688 129 882 359 0 305 255 7 110 267 878 525 367 183 635 303 863 502 838 418 316 340 167 536 971 513 48 205 454 754 636 794 418 353 599 964 867 631 695 768 524 647 639 451 734 751 238 416 271 
893 971 153 82 631 385 405 351 603 143 990 192 794 736 333 305 0 103 521 654 161 930 692 97 413 600 298 259 609 816 794 892 949 515 550 670 47 567 229 504 445 214 884 41 133 628 522 931 877 164 98 182 541 646 235 27 347 756 562 89 
655 761 666 692 176 777 964 799 611 893 573 691 207 992 82 255 103 0 725 825 139 189 33 571 562 593 672 640 177 13 855 767 565 18 512 118 948 321 831 964 72 671 202 192 693 626 179 616 85 111 432 881 863 224 208 766 319 611 45 243 
592 6 635 535 725 812 813 944 583 952 959 45 69 279 60 7 521 725 0 897 788 610 146 229 455 892 82 124 661 543 38 246 34 316 415 239 925 768 113 39 56 270 982 766 605 230 559 191 823 918 839 209 813 669 850 146 359 447 460 224 
61 836 466 344 448 873 4 844 554 815 727 890 444 265 615 110 654 825 897 0 830 867 606 666 22 46 248 245 779 104 443 372 389 337 634 435 584 448 20 266 394 349 205 827 136 526 102 913 951 360 489 602 938 98 357 886 18 555 828 357 
33 407 383 119 107 947 678 240 621 749 237 115 671 182 564 267 161 139 788 830 0 612 589 85 432 492 479 375 601 494 810 341 377 420 282 520 537 80 586 288 961 602 908 674 923 155 15 402 60 918 374 398 626 467 44 750 51 221 768 838 
14 186 194 876 855 432 994 70 221 41 870 27 202 573 495 878 930 189 610 867 612 0 62 525 45 939 626 136 469 123 528 211 278 777 925 51 223 813 413 303 177 950 422 246 799 217 156 306 769 459 507 986 254 404 676 4 563 590 705 10 
105 39 199 944 814 468 282 811 63 807 944 923 7 977 587 525 692 33 146 606 589 62 0 528 201 271 515 292 46 628 66 809 499 405 730 161 152 608 667 71 40 444 31 453 927 389 314 829 279 961 814 334 602 266 148 594 547 105 925 367 
154 989 497 167 629 320 713 448 258 186 307 472 187 807 234 367 97 571 229 666 85 525 528 0 345 349 126 18 210 465 199 878 220 45 173 293 210 191 421 123 492 534 397 933 947 864 21 617 96 377 405 490 902 93 869 981 987 471 513 579 
721 977 290 336 160 831 483 433 937 375 973 615 893 422 746 183 413 562 455 22 432 45 201 345 0 374 980 181 398 838 187 442 859 331 692 426 642 106 615 40 608 348 851 826 19 786 166 776 436 82 749 419 212 190 304 319 273 820 424 36 
28 138 184 96 940 437 235 220 767 335 807 269 235 548 74 635 600 593 892 46 492 939 271 349 374 0 125 822 487 514 375 677 6 182 681 9 413 482 312 513 357 595 551 778 417 521 39 828 860 747 306 244 548 220 361 658 559 887 589 28 
342 413 291 200 15 850 936 886 308 606 920 209 946 397 310 303 298 672 82 248 479 626 515 126 980 125 0 608 601 957 438 400 682 267 400 300 718 473 551 26 240 400 990 824 96 814 89 544 31 221 638 377 451 536 830 81 434 492 346 667 
210 788 83 490 515 476 900 617 65 274 858 511 234 509 685 863 259 640 124 245 375 136 292 18 181 822 608 0 474 562 650 98 900 870 226 435 401 346 362 863 539 90 631 434 880 214 139 277 447 179 153 213 497 985 576 397 187 393 669 640 
833 431 653 833 164 658 204 134 664 560 39 451 186 614 430 502 609 177 661 779 601 469 46 210 398 487 601 474 0 636 92 456 30 312 342 63 219 897 486 1000 129 469 459 688 398 500 376 807 815 981 907 328 884 418 453 477 191 968 943 213 
452 230 98 230 137 258 848 150 623 879 913 624 6 163 798 838 816 13 543 104 494 123 628 465 838 514 957 562 636 0 950 615 392 429 890 739 89 796 816 42 374 195 484 207 874 678 695 253 771 195 940 667 828 811 645 174 771 757 192 944 
413 238 117 127 812 399 971 390 294 96 686 367 324 473 688 418 794 855 38 443 810 528 66 199 187 375 438 650 92 950 0 988 774 480 627 377 728 422 733 176 532 445 653 504 465 110 844 396 814 693 181 840 57 967 58 808 757 61 690 952 
935 239 237 885 910 356 727 608 899 674 178 117 701 193 600 316 892 767 246 372 341 211 809 878 442 677 400 98 456 615 988 0 490 270 436 554 653 813 537 782 24 836 336 678 872 116 176 789 566 261 383 31 915 161 467 484 70 396 340 71 
259 720 199 45 699 681 577 683 906 501 897 89 644 297 700 340 949 565 34 389 377 278 499 220 859 6 682 900 30 392 774 490 0 365 520 23 807 911 722 915 775 40 182 189 679 647 454 642 638 721 875 707 784 662 612 484 293 297 181 606 
866 351 93 237 706 609 194 880 589 560 10 10 142 625 566 167 515 18 316 337 420 777 405 45 331 182 267 870 312 429 480 270 365 0 308 136 102 885 907 952 56 739 587 415 56 699 83 9 887 129 518 647 670 845 563 374 671 660 848 795 
748 504 919 491 798 292 298 2 948 692 420 47 425 107 874 536 550 512 415 634 282 925 730 173 692 681 400 226 342 890 627 436 520 308 0 538 124 522 464 34 876 350 278 451 931 219 323 750 144 555 16 153 3 393 354 911 676 809 996 6 
157 375 544 659 936 910 47 963 8 133 438 823 414 509 553 971 670 118 239 435 520 51 161 293 426 9 300 435 63 739 377 554 23 136 538 0 651 440 512 764 853 622 603 979 136 635 283 649 650 550 95 278 20 592 497 80 321 838 165 987 
312 408 812 738 676 550 143 365 740 919 445 725 573 201 522 513 47 948 925 584 537 223 152 210 642 413 718 401 219 89 728 653 807 102 124 651 0 517 768 411 542 793 27 598 870 440 804 803 65 595 566 687 571 619 48 442 364 34 924 96 
156 600 276 321 428 277 428 36 477 224 932 784 209 267 946 48 567 321 768 448 80 813 608 191 106 482 473 346 897 796 422 813 911 885 522 440 517 0 715 628 595 601 61 783 90 660 141 953 650 4 998 59 623 862 582 777 620 837 150 157 
494 841 502 361 341 29 405 612 254 408 757 943 488 883 531 205 229 831 113 20 586 413 667 421 615 312 551 362 486 816 733 537 722 907 464 512 768 715 0 870 409 682 944 540 337 424 389 843 299 489 527 868 418 29 172 66 270 558 206 30 
818 250 551 456 333 589 398 465 83 491 575 127 597 34 161 454 504 964 39 266 288 303 71 123 40 513 26 863 1000 42 176 782 915 952 34 764 411 628 870 0 716 923 434 605 527 281 445 604 260 931 601 100 605 202 521 805 436 947 276 35 
770 709 332 248 313 438 40 666 12 526 123 55 407 225 174 754 445 72 56 394 961 177 40 492 608 357 240 539 129 374 532 24 775 56 876 853 542 595 409 716 0 213 319 581 277 530 609 481 244 504 261 617 187 472 94 360 69 747 930 290 
316 105 845 997 528 684 330 728 788 967 17 693 819 288 748 636 214 671 270 349 602 950 444 534 348 595 400 90 469 195 445 836 40 739 350 622 793 601 682 923 213 0 380 130 786 645 211 762 191 605 750 727 482 306 549 199 219 954 909 895 
991 468 637 671 923 94 917 93 460 913 73 280 995 302 901 794 884 202 982 205 908 422 31 397 851 551 990 631 459 484 653 336 182 587 278 603 27 61 944 434 319 380 0 744 983 962 563 602 739 166 251 889 382 269 912 612 518 702 787 759 
365 748 642 835 872 242 59 6 726 893 673 534 168 207 720 418 41 192 766 827 674 246 453 933 826 778 824 434 688 207 504 678 189 415 451 979 598 783 540 605 581 130 744 0 36 768 253 403 568 268 153 269 83 272 138 746 324 345 205 219 
583 938 928 378 291 38 761 199 727 521 94 714 133 845 424 353 133 693 605 136 923 799 927 947 19 417 96 880 398 874 465 872 679 56 931 136 870 90 337 527 277 786 983 36 0 85 702 616 197 765 906 3 35 352 391 103 549 731 847 469 
7 142 600 738 864 399 302 518 442 727 656 518 866 73 143 599 628 626 230 526 155 217 389 864 786 521 814 214 500 678 110 116 647 699 219 635 440 660 424 281 530 645 962 768 85 0 882 583 884 60 536 326 908 13 533 900 869 210 651 582 
680 921 99 182 730 631 742 42 434 140 368 30 219 614 647 964 522 179 559 102 15 156 314 21 166 39 89 139 376 695 844 176 454 83 323 283 804 141 389 445 609 211 563 253 702 882 0 456 580 492 565 508 935 622 888 642 624 644 334 239 
438 342 192 90 48 245 672 221 495 806 110 194 983 30 723 867 931 616 191 913 402 306 829 617 776 828 544 277 807 253 396 789 642 9 750 649 803 953 843 604 481 762 602 403 616 583 456 0 134 988 791 211 819 574 440 956 305 77 217 480 
110 159 86 618 5 68 261 384 367 730 182 414 281 89 43 631 877 85 823 951 60 769 279 96 436 860 31 447 815 771 814 566 638 887 144 650 65 650 299 260 244 191 739 568 197 884 580 134 0 309 215 897 923 860 88 453 545 222 471 424 
903 56 359 904 964 408 796 474 498 348 779 963 825 21 679 695 164 111 918 360 918 459 961 377 82 747 221 179 981 195 693 261 721 129 555 550 595 4 489 931 504 605 166 268 765 60 492 988 309 0 817 631 625 479 993 311 411 583 779 439 
114 889 927 497 742 80 965 971 912 167 657 105 612 855 168 768 98 432 839 489 374 507 814 405 749 306 638 153 907 940 181 383 875 518 16 95 566 998 527 601 261 750 251 153 906 536 565 791 215 817 0 877 642 715 929 429 463 87 375 800 
540 694 187 443 923 611 3 722 163 321 587 284 665 853 835 524 182 881 209 602 398 986 334 490 419 244 377 213 328 667 840 31 707 647 153 278 687 59 868 100 617 727 889 269 3 326 508 211 897 631 877 0 249 925 979 244 256 254 392 400 
242 112 590 21 981 880 837 60 866 580 940 613 422 413 612 647 541 863 813 938 626 254 602 902 212 548 451 497 884 828 57 915 784 670 3 20 571 623 418 605 187 482 382 83 35 908 935 819 923 625 642 249 0 420 466 480 288 886 16 570 
376 999 530 847 481 556 210 444 938 144 892 217 715 402 431 639 646 224 669 98 467 404 266 93 190 220 536 985 418 811 967 161 662 845 393 592 619 862 29 202 472 306 269 272 352 13 622 574 860 479 715 925 420 0 728 605 441 13 695 15 
212 801 758 910 426 430 595 784 677 570 781 664 206 269 429 451 235 208 850 357 44 676 148 869 304 361 830 576 453 645 58 467 612 563 354 497 48 582 172 521 94 549 912 138 391 533 888 440 88 993 929 979 466 728 0 672 679 105 591 401 
764 945 471 314 20 313 673 279 332 557 464 137 327 634 390 734 27 766 146 886 750 4 594 981 319 658 81 397 477 174 808 484 484 374 911 80 442 777 66 805 360 199 612 746 103 900 642 956 453 311 429 244 480 605 672 0 790 604 448 952 
638 563 686 391 943 699 892 372 129 191 515 833 466 31 49 751 347 319 359 18 51 563 547 987 273 559 434 187 191 771 757 70 293 671 676 321 364 620 270 436 69 219 518 324 549 869 624 305 545 411 463 256 288 441 679 790 0 555 49 159 
251 17 641 292 16 588 863 837 949 348 129 935 409 221 983 238 756 611 447 555 221 590 105 471 820 887 492 393 968 757 61 396 297 660 809 838 34 837 558 947 747 954 702 345 731 210 644 77 222 583 87 254 886 13 105 604 555 0 973 302 
79 392 318 982 298 726 32 917 334 949 855 480 292 72 261 416 562 45 460 828 768 705 925 513 424 589 346 669 943 192 690 340 181 848 996 165 924 150 206 276 930 909 787 205 847 651 334 217 471 779 375 392 16 695 591 448 49 973 0 665 
836 417 184 341 503 500 691 902 822 722 246 184 544 964 833 271 89 243 224 357 838 10 367 579 36 28 667 640 213 944 952 71 606 795 6 987 96 157 30 35 290 895 759 219 469 582 239 480 424 439 800 400 570 15 401 952 159 302 665 0 
0 161 648 393 384 792 186 8 516 724 860 506 670 990 405 433 108 346 409 940 968 987 896 847 280 973 659 791 168 549 588 66 742 135 253 844 689 845 507 183 231 685 10 636 418 994 321 563 891 98 887 461 759 625 789 237 363 750 922 165 
161 0 156 913 885 137 644 675 492 977 868 692 25 68 893 826 30 240 995 165 594 815 962 12 24 863 588 213 570 771 763 762 281 650 497 626 593 401 160 751 292 896 533 253 63 859 80 659 842 945 112 307 889 2 200 56 438 984 609 584 
648 156 0 79 614 871 235 960 498 327 283 740 755 533 647 452 848 335 366 535 618 807 802 504 711 817 710 918 348 903 884 764 802 908 82 457 189 725 499 450 669 156 364 359 73 401 902 809 915 642 74 814 411 471 243 530 315 360 683 817 
393 913 79 0 938 984 314 27 97 841 264 456 708 910 867 194 919 309 466 657 882 125 57 834 665 905 801 511 168 771 874 116 956 764 510 342 263 680 640 545 753 4 330 166 623 263 819 911 383 97 504 558 980 154 91 687 610 709 19 660 
384 885 614 938 0 984 238 944 66 225 786 196 915 948 789 416 370 825 276 553 894 146 187 372 841 61 986 486 837 864 189 91 302 295 203 65 325 573 660 668 688 473 78 129 710 137 271 953 996 37 259 78 20 520 575 981 58 985 703 498 
792 137 871 984 984 0 663 919 21 746 113 689 504 642 146 338 616 224 189 128 54 569 533 681 170 564 151 525 343 743 602 645 320 392 709 91 451 724 972 412 563 317 907 759 963 602 370 756 933 593 921 390 121 445 571 688 302 413 275 501 
186 644 235 314 238 663 0 672 91 277 812 813 649 847 38 199 596 37 188 997 323 7 719 288 518 766 65 101 797 153 30 274 424 807 703 954 858 573 596 603 961 671 84 942 240 699 259 329 740 205 36 998 164 791 406 328 109 138 969 310 
8 675 960 27 944 919 672 0 770 758 676 512 439 174 745 545 650 202 57 157 761 931 190 553 568 781 115 384 867 851 611 393 318 121 999 38 636 965 389 536 335 273 908 995 802 483 959 780 617 527 30 279 941 557 217 722 629 164 84 99 
516 492 498 97 66 21 91 770 0 316 947 3 45 404 948 587 398 390 418 447 380 780 938 743 64 234 693 936 337 378 707 102 95 412 53 993 261 524 747 918 989 213 541 275 274 559 567 506 634 503 89 838 135 63 324 669 872 52 667 179 
724 977 327 841 225 746 277 758 316 0 818 237 268 177 329 435 858 108 49 186 252 960 194 815 626 666 395 727 441 122 905 327 500 441 309 868 82 777 593 510 475 34 88 108 480 274 861 195 271 653 834 680 421 857 431 444 810 653 52 279 
860 868 283 264 786 113 812 676 947 818 0 718 921 40 145 618 11 428 42 274 764 131 57 694 28 194 81 143 962 88 315 823 104 991 581 563 556 69 244 426 878 984 928 328 907 345 633 891 819 222 344 414 61 109 220 537 486 872 146 755 
506 692 740 456 196 689 813 512 3 237 718 0 358 987 479 313 809 310 956 111 886 974 78 529 386 732 792 490 550 377 634 884 912 991 954 178 276 217 58 874 946 308 721 467 287 483 971 807 587 38 896 717 388 784 337 864 168 66 521 817 
670 25 755 708 915 504 649 439 45 268 921 358 0 293 462 872 207 794 932 557 330 799 994 814 108 766 55 767 815 995 677 300 357 859 576 587 428 792 513 404 594 182 6 833 868 135 782 18 720 176 389 336 579 286 795 674 535 592 709 457 
990 68 533 910 948 642 847 174 404 177 40 987 293 0 578 119 265 9 722 736 819 428 24 194 579 453 604 492 387 838 528 808 704 376 894 492 800 734 118 967 776 713 699 794 156 928 387 971 912 980 146 148 588 599 732 367 970 780 929 37 
405 893 647 867 789 146 38 745 948 329 145 479 462 578 0 642 668 919 941 386 437 506 414 767 255 927 691 316 571 203 313 401 301 435 127 448 479 55 470 840 827 253 100 281 577 858 354 278 958 322 833 166 389 570 572 611 952 18 740 168 
433 826 452 194 416 338 199 545 587 435 618 313 872 119 642 0 696 746 994 891 734 123 476 634 818 366 698 138 499 163 583 685 661 834 465 30 488 953 796 547 247 365 207 583 648 402 37 134 370 306 233 477 354 362 550 267 250 763 585 730 
108 30 848 919 370 616 596 650 398 858 11 809 207 265 668 696 0 898 480 347 840 71 309 904 588 401 703 742 392 185 207 109 52 486 451 331 954 434 772 497 556 787 117 960 868 373 479 70 124 837 903 819 460 355 766 974 654 245 439 912 
346 240 335 309 825 224 37 202 390 108 428 310 794 9 919 746 898 0 276 176 862 812 968 430 439 408 329 361 824 988 146 234 436 983 489 883 53 680 170 37 929 330 799 809 308 375 822 385 916 890 569 120 138 777 793 235 682 390 956 758 
409 995 366 466 276 189 188 57 418 49 42 956 932 722 941 994 480 276 0 104 213 391 855 772 546 109 919 877 340 458 963 755 967 685 586 762 76 233 888 962 945 731 19 235 396 771 442 810 178 83 162 792 188 332 151 855 642 554 541 777 
940 165 535 657 553 128 997 157 447 186 274 111 557 736 386 891 347 176 104 0 171 134 395 335 979 955 753 756 222 897 558 629 612 664 367 566 417 553 981 735 607 652 796 174 865 475 899 88 50 641 512 399 63 903 644 115 983 446 173 644 
968 594 618 882 894 54 323 761 380 252 764 886 330 819 437 734 840 862 213 171 0 389 412 916 569 509 522 626 400 507 191 660 624 581 719 481 464 921 415 713 40 399 93 327 78 846 986 599 941 83 627 603 375 534 957 251 950 780 233 163 
987 815 807 125 146 569 7 931 780 960 131 974 799 428 506 123 71 812 391 134 389 0 939 476 956 62 375 865 532 878 473 790 723 224 76 950 778 188 588 698 824 51 579 755 202 784 845 695 232 542 494 15 747 597 325 997 438 411 296 991 
896 962 802 57 187 533 719 190 938 194 57 78 994 24 414 476 309 968 855 395 412 939 0 473 800 730 486 709 955 373 935 192 502 596 271 840 849 393 334 930 961 557 970 548 74 612 687 172 722 40 187 667 399 735 853 407 454 896 76 634 
847 12 504 834 372 681 288 553 743 815 694 529 814 194 767 634 904 430 772 335 916 476 473 0 656 652 875 983 791 536 802 123 781 956 828 708 791 810 580 878 509 467 604 68 54 137 980 384 905 624 596 511 99 908 132 20 14 530 488 422 
280 24 711 665 841 170 518 568 64 626 28 386 108 579 255 818 588 439 546 979 569 956 800 656 0 627 21 820 603 163 814 559 142 670 309 575 359 895 386 961 393 653 150 175 982 215 835 225 565 919 252 582 789 811 697 682 728 181 577 965 
973 863 817 905 61 564 766 781 234 666 194 732 766 453 927 366 401 408 109 955 509 62 730 652 627 0 876 179 514 487 626 324 995 819 320 992 588 519 689 488 644 406 450 223 584 480 962 173 141 254 695 757 453 781 640 343 442 114 412 973 
659 588 710 801 986 151 65 115 693 395 81 792 55 604 691 698 703 329 919 753 522 375 486 875 21 876 0 393 400 44 563 601 319 734 601 701 283 528 450 975 761 601 11 177 905 187 912 457 970 780 363 624 550 465 171 920 567 509 655 334 
791 213 918 511 486 525 101 384 936 727 143 490 767 492 316 138 742 361 877 756 626 865 709 983 820 179 393 0 527 439 351 903 101 131 775 566 600 655 639 138 462 911 370 567 121 787 862 724 554 822 848 788 504 16 425 604 814 608 332 361 
168 570 348 168 837 343 797 867 337 441 962 550 815 387 571 499 392 824 340 222 400 532 955 791 603 514 400 527 0 365 909 545 971 689 659 938 782 104 515 1 872 532 542 313 603 501 625 194 186 20 94 673 117 583 548 524 810 33 58 788 
549 771 903 771 864 743 153 851 378 122 88 377 995 838 203 163 185 988 458 897 507 878 373 536 163 487 44 439 365 0 51 386 609 572 111 262 912 205 185 959 627 806 517 794 127 323 306 748 230 806 61 334 173 190 356 827 230 244 809 57 
588 763 884 874 189 602 30 611 707 905 315 634 677 528 313 583 207 146 963 558 191 473 935 802 814 626 563 351 909 51 0 13 227 521 374 624 273 579 268 825 469 556 348 497 536 891 157 605 187 308 820 161 944 34 943 193 244 940 311 49 
66 762 764 116 91 645 274 393 102 327 823 884 300 808 401 685 109 234 755 629 660 790 192 123 559 324 601 903 545 386 13 0 511 731 565 447 348 188 464 219 977 165 665 323 129 885 825 212 435 740 618 970 86 840 534 517 931 605 661 930 
742 281 802 956 302 320 424 318 95 500 104 912 357 704 301 661 52 436 967 612 624 723 502 781 142 995 319 101 971 609 227 511 0 636 481 978 194 90 279 86 226 961 819 812 322 354 547 359 363 280 126 294 217 339 389 517 708 704 820 395 
135 650 908 764 295 392 807 121 412 441 991 991 859 376 435 834 486 983 685 664 581 224 596 956 670 819 734 131 689 572 521 731 636 0 693 865 899 116 94 49 945 262 414 586 945 302 918 992 114 872 483 354 331 156 438 627 330 341 153 206 
253 497 82 510 203 709 703 999 53 309 581 954 576 894 127 465 451 489 586 367 719 76 271 828 309 320 601 775 659 111 374 565 481 693 0 463 877 479 537 967 125 651 723 550 70 782 678 251 857 446 985 848 998 608 647 90 325 192 5 995 
844 626 457 342 65 91 954 38 993 868 563 178 587 492 448 30 331 883 762 566 481 950 840 708 575 992 701 566 938 262 624 447 978 865 463 0 350 561 489 237 148 379 398 22 865 366 718 352 351 451 906 723 981 409 504 921 680 163 836 14 
689 593 189 263 325 451 858 636 261 82 556 276 428 800 479 488 954 53 76 417 464 778 849 791 359 588 283 600 782 912 273 348 194 899 877 350 0 484 233 590 459 208 974 403 131 561 197 198 936 406 435 314 430 382 953 559 637 967 77 905 
845 401 725 680 573 724 573 965 524 777 69 217 792 734 55 953 434 680 233 553 921 188 393 810 895 519 528 655 104 205 579 188 90 116 479 561 484 0 286 373 406 400 940 218 911 341 860 48 351 997 3 942 378 139 419 224 381 164 851 844 
507 160 499 640 660 972 596 389 747 593 244 58 513 118 470 796 772 170 888 981 415 588 334 580 386 689 450 639 515 185 268 464 279 94 537 489 233 286 0 131 592 319 57 461 664 577 612 158 702 512 474 133 583 972 829 935 731 443 795 971 
183 751 450 545 668 412 603 536 918 510 426 874 404 967 840 547 497 37 962 735 713 698 930 878 961 488 975 138 1 959 825 219 86 49 967 237 590 373 131 0 285 78 567 396 474 720 556 397 741 70 400 901 396 799 480 196 565 54 725 966 
231 292 669 753 688 563 961 335 989 475 878 946 594 776 827 247 556 929 945 607 40 824 961 509 393 644 761 462 872 627 469 977 226 945 125 148 459 406 592 285 0 788 682 420 724 471 392 520 757 497 740 384 814 529 907 641 932 254 71 711 
685 896 156 4 473 317 671 273 213 34 984 308 182 713 253 365 787 330 731 652 399 51 557 467 653 406 601 911 532 806 556 165 961 262 651 379 208 400 319 78 788 0 621 871 215 356 790 239 810 396 251 274 519 695 452 802 782 47 92 106 
10 533 364 330 78 907 84 908 541 88 928 721 6 699 100 207 117 799 19 796 93 579 970 604 150 450 11 370 542 517 348 665 819 414 723 398 974 940 57 567 682 621 0 257 18 39 438 399 262 835 750 112 619 732 89 389 483 299 214 242 
636 253 359 166 129 759 942 995 275 108 328 467 833 794 281 583 960 809 235 174 327 755 548 68 175 223 177 567 313 794 497 323 812 586 550 22 403 218 461 396 420 871 257 0 965 233 748 598 433 733 848 732 918 729 863 255 677 656 796 782 
418 63 73 623 710 963 240 802 274 480 907 287 868 156 577 648 868 308 396 865 78 202 74 54 982 584 905 121 603 127 536 129 322 945 70 865 131 911 664 474 724 215 18 965 0 916 299 385 804 236 95 998 966 649 610 898 452 270 154 532 
994 859 401 263 137 602 699 483 559 274 345 483 135 928 858 402 373 375 771 475 846 784 612 137 215 480 187 787 501 323 891 885 354 302 782 366 561 341 577 720 471 356 39 233 916 0 119 418 117 941 465 675 93 988 468 101 132 791 350 419 
321 80 902 819 271 370 259 959 567 861 633 971 782 387 354 37 479 822 442 899 986 845 687 980 835 962 912 862 625 306 157 825 547 918 678 718 197 860 612 556 392 790 438 748 299 119 0 545 421 509 436 493 66 379 113 359 377 357 667 762 
563 659 809 911 953 756 329 780 506 195 891 807 18 971 278 134 70 385 810 88 599 695 172 384 225 173 457 724 194 748 605 212 359 992 251 352 198 48 158 397 520 239 399 598 385 418 545 0 867 13 210 790 182 427 561 45 696 924 784 521 
891 842 915 383 996 933 740 617 634 271 819 587 720 912 958 370 124 916 178 50 941 232 722 905 565 141 970 554 186 230 187 435 363 114 857 351 936 351 702 741 757 810 262 433 804 117 421 867 0 692 786 104 78 141 913 548 456 779 530 577 
98 945 642 97 37 593 205 527 503 653 222 38 176 980 322 306 837 890 83 641 83 542 40 624 919 254 780 822 20 806 308 740 280 872 446 451 406 997 512 70 497 396 835 733 236 941 509 13 692 0 184 370 376 522 8 690 590 418 222 562 
887 112 74 504 259 921 36 30 89 834 344 896 389 146 833 233 903 569 162 512 627 494 187 596 252 695 363 848 94 61 820 618 126 483 985 906 435 3 474 400 740 251 750 848 95 465 436 210 786 184 0 124 359 286 72 572 538 914 626 201 
461 307 814 558 78 390 998 279 838 680 414 717 336 148 166 477 819 120 792 399 603 15 667 511 582 757 624 788 673 334 161 970 294 354 848 723 314 942 133 901 384 274 112 732 998 675 493 790 104 370 124 0 752 76 22 757 745 747 609 601 
759 889 411 980 20 121 164 941 135 421 61 388 579 588 389 354 460 138 188 63 375 747 399 99 789 453 550 504 117 173 944 86 217 331 998 981 430 378 583 396 814 519 619 918 966 93 66 182 78 376 359 752 0 581 535 521 713 115 985 431 
625 2 471 154 520 445 791 557 63 857 109 784 286 599 570 362 355 777 332 903 534 597 735 908 811 781 465 16 583 190 34 840 339 156 608 409 382 139 972 799 529 695 732 729 649 988 379 427 141 522 286 76 581 0 273 396 560 988 306 986 
789 200 243 91 575 571 406 217 324 431 220 337 795 732 572 550 766 793 151 644 957 325 853 132 697 640 171 425 548 356 943 534 389 438 647 504 953 419 829 480 907 452 89 863 610 468 113 561 913 8 72 22 535 273 0 329 322 896 410 600 
237 56 530 687 981 688 328 722 669 444 537 864 674 367 611 267 974 235 855 115 251 997 407 20 682 343 920 604 524 827 193 517 517 627 90 921 559 224 935 196 641 802 389 255 898 101 359 45 548 690 572 757 521 396 329 0 211 397 553 49 
363 438 315 610 58 302 109 629 872 810 486 168 535 970 952 250 654 682 642 983 950 438 454 14 728 442 567 814 810 230 244 931 708 330 325 680 637 381 731 565 932 782 483 677 452 132 377 696 456 590 538 745 713 560 322 211 0 446 952 842 
750 984 360 709 985 413 138 164 52 653 872 66 592 780 18 763 245 390 554 446 780 411 896 530 181 114 509 608 33 244 940 605 704 341 192 163 967 164 443 54 254 47 299 656 270 791 357 924 779 418 914 747 115 988 896 397 446 0 28 699 
922 609 683 19 703 275 969 84 667 52 146 521 709 929 740 585 439 956 541 173 233 296 76 488 577 412 655 332 58 809 311 661 820 153 5 836 77 851 795 725 71 92 214 796 154 350 667 784 530 222 626 609 985 306 410 553 952 28 0 336 
165 584 817 660 498 501 310 99 179 279 755 817 457 37 168 730 912 758 777 644 163 991 634 422 965 973 334 361 788 57 49 930 395 206 995 14 905 844 971 966 711 106 242 782 532 419 762 521 577 562 201 601 431 986 600 49 842 699 336 0 
0 161 648 393 384 792 186 8 516 724 860 506 670 990 405 433 108 346 409 940 968 987 896 847 280 973 659 791 168 549 588 66 742 135 253 844 689 845 507 183 231 685 10 636 418 994 321 563 891 98 887 461 759 625 789 237 363 750 922 165 
161 0 156 913 885 137 644 675 492 977 868 692 25 68 893 826 30 240 995 165 594 815 962 12 24 863 588 213 570 771 763 762 281 650 497 626 593 401 160 751 292 896 533 253 63 859 80 659 842 945 112 307 889 2 200 56 438 984 609 584 
648 156 0 79 614 871 235 960 498 327 283 740 755 533 647 452 848 335 366 535 618 807 802 504 711 817 710 918 348 903 884 764 802 908 82 457 189 725 499 450 669 156 364 359 73 401 902 809 915 642 74 814 411 471 243 530 315 360 683 817 
393 913 79 0 938 984 314 27 97 841 264 456 708 910 867 194 919 309 466 657 882 125 57 834 665 905 801 511 168 771 874 116 956 764 510 342 263 680 640 545 753 4 330 166 623 263 819 911 383 97 504 558 980 154 91 687 610 709 19 660 
384 885 614 938 0 984 238 944 66 225 786 196 915 948 789 416 370 825 276 553 894 146 187 372 841 61 986 486 837 864 189 91 302 295 203 65 325 573 660 668 688 473 78 129 710 137 271 953 996 37 259 78 20 520 575 981 58 985 703 498 
792 137 871 984 984 0 663 919 21 746 113 689 504 642 146 338 616 224 189 128 54 569 533 681 170 564 151 525 343 743 602 645 320 392 709 91 451 724 972 412 563 317 907 759 963 602 370 756 933 593 921 390 121 445 571 688 302 413 275 501 
186 644 235 314 238 663 0 672 91 277 812 813 649 847 38 199 596 37 188 997 323 7 719 288 518 766 65 101 797 153 30 274 424 807 703 954 858 573 596 603 961 671 84 942 240 699 259 329 740 205 36 998 164 791 406 328 109 138 969 310 
8 675 960 27 944 919 672 0 770 758 676 512 439 174 745 545 650 202 57 157 761 931 190 553 568 781 115 384 867 851 611 393 318 121 999 38 636 965 389 536 335 273 908 995 802 483 959 780 617 527 30 279 941 557 217 722 629 164 84 99 
516 492 498 97 66 21 91 770 0 316 947 3 45 404 948 587 398 390 418 447 380 780 938 743 64 234 693 936 337 378 707 102 95 412 53 993 261 524 747 918 989 213 541 275 274 559 567 506 634 503 89 838 135 63 324 669 872 52 667 179 
724 977 327 841 225 746 277 758 316 0 818 237 268 177 329 435 858 108 49 186 252 960 194 815 626 666 395 727 441 122 905 327 500 441 309 868 82 777 593 510 475 34 88 108 480 274 861 195 271 653 834 680 421 857 431 444 810 653 52 279 
860 868 283 264 786 113 812 676 947 818 0 718 921 40 145 618 11 428 42 274 764 131 57 694 28 194 81 143 962 88 315 823 104 991 581 563 556 69 244 426 878 984 928 328 907 345 633 891 819 222 344 414 61 109 220 537 486 872 146 755 
506 692 740 456 196 689 813 512 3 237 718 0 358 987 479 313 809 310 956 111 886 974 78 529 386 732 792 490 550 377 634 884 912 991 954 178 276 217 58 874 946 308 721 467 287 483 971 807 587 38 896 717 388 784 337 864 168 66 521 817 
670 25 755 708 915 504 649 439 45 268 921 358 0 293 462 872 207 794 932 557 330 799 994 814 108 766 55 767 815 995 677 300 357 859 576 587 428 792 513 404 594 182 6 833 868 135 782 18 720 176 389 336 579 286 795 674 535 592 709 457 
990 68 533 910 948 642 847 174 404 177 40 987 293 0 578 119 265 9 722 736 819 428 24 194 579 453 604 492 387 838 528 808 704 376 894 492 800 734 118 967 776 713 699 794 156 928 387 971 912 980 146 148 588 599 732 367 970 780 929 37 
405 893 647 867 789 146 38 745 948 329 145 479 462 578 0 642 668 919 941 386 437 506 414 767 255 927 691 316 571 203 313 401 301 435 127 448 479 55 470 840 827 253 100 281 577 858 354 278 958 322 833 166 389 570 572 611 952 18 740 168 
433 826 452 194 416 338 199 545 587 435 618 313 872 119 642 0 696 746 994 891 734 123 476 634 818 366 698 138 499 163 583 685 661 834 465 30 488 953 796 547 247 365 207 583 648 402 37 134 370 306 233 477 354 362 550 267 250 763 585 730 
108 30 848 919 370 616 596 650 398 858 11 809 207 265 668 696 0 898 480 347 840 71 309 904 588 401 703 742 392 185 207 109 52 486 451 331 954 434 772 497 556 787 117 960 868 373 479 70 124 837 903 819 460 355 766 974 654 245 439 912 
346 240 335 309 825 224 37 202 390 108 428 310 794 9 919 746 898 0 276 176 862 812 968 430 439 408 329 361 824 988 146 234 436 983 489 883 53 680 170 37 929 330 799 809 308 375 822 385 916 890 569 120 138 777 793 235 682 390 956 758 
409 995 366 466 276 189 188 57 418 49 42 956 932 722 941 994 480 276 0 104 213 391 855 772 546 109 919 877 340 458 963 755 967 685 586 762 76 233 888 962 945 731 19 235 396 771 442 810 178 83 162 792 188 332 151 855 642 554 541 777 
940 165 535 657 553 128 997 157 447 186 274 111 557 736 386 891 347 176 104 0 171 134 395 335 979 955 753 756 222 897 558 629 612 664 367 566 417 553 981 735 607 652 796 174 865 475 899 88 50 641 512 399 63 903 644 115 983 446 173 644 
968 594 618 882 894 54 323 761 380 252 764 886 330 819 437 734 840 862 213 171 0 389 412 916 569 509 522 626 400 507 191 660 624 581 719 481 464 921 415 713 40 399 93 327 78 846 986 599 941 83 627 603 375 534 957 251 950 780 233 163 
987 815 807 125 146 569 7 931 780 960 131 974 799 428 506 123 71 812 391 134 389 0 939 476 956 62 375 865 532 878 473 790 723 224 76 950 778 188 588 698 824 51 579 755 202 784 845 695 232 542 494 15 747 597 325 997 438 411 296 991 
896 962 802 57 187 533 719 190 938 194 57 78 994 24 414 476 309 968 855 395 412 939 0 473 800 730 486 709 955 373 935 192 502 596 271 840 849 393 334 930 961 557 970 548 74 612 687 172 722 40 187 667 399 735 853 407 454 896 76 634 
847 12 504 834 372 681 288 553 743 815 694 529 814 194 767 634 904 430 772 335 916 476 473 0 656 652 875 983 791 536 802 123 781 956 828 708 791 810 580 878 509 467 604 68 54 137 980 384 905 624 596 511 99 908 132 20 14 530 488 422 
280 24 711 665 841 170 518 568 64 626 28 386 108 579 255 818 588 439 546 979 569 956 800 656 0 627 21 820 603 163 814 559 142 670 309 575 359 895 386 961 393 653 150 175 982 215 835 225 565 919 252 582 789 811 697 682 728 181 577 965 
973 863 817 905 61 564 766 781 234 666 194 732 766 453 927 366 401 408 109 955 509 62 730 652 627 0 876 179 514 487 626 324 995 819 320 992 588 519 689 488 644 406 450 223 584 480 962 173 141 254 695 757 453 781 640 343 442 114 412 973 
659 588 710 801 986 151 65 115 693 395 81 792 55 604 691 698 703 329 919 753 522 375 486 875 21 876 0 393 400 44 563 601 319 734 601 701 283 528 450 975 761 601 11 177 905 187 912 457 970 780 363 624 550 465 171 920 567 509 655 334 
791 213 918 511 486 525 101 384 936 727 143 490 767 492 316 138 742 361 877 756 626 865 709 983 820 179 393 0 527 439 351 903 101 131 775 566 600 655 639 138 462 911 370 567 121 787 862 724 554 822 848 788 504 16 425 604 814 608 332 361 
168 570 348 168 837 343 797 867 337 441 962 550 815 387 571 499 392 824 340 222 400 532 955 791 603 514 400 527 0 365 909 545 971 689 659 938 782 104 515 1 872 532 542 313 603 501 625 194 186 20 94 673 117 583 548 524 810 33 58 788 
549 771 903 771 864 743 153 851 378 122 88 377 995 838 203 163 185 988 458 897 507 878 373 536 163 487 44 439 365 0 51 386 609 572 111 262 912 205 185 959 627 806 517 794 127 323 306 748 230 806 61 334 173 190 356 827 230 244 809 57 
588 763 884 874 189 602 30 611 707 905 315 634 677 528 313 583 207 146 963 558 191 473 935 802 814 626 563 351 909 51 0 13 227 521 374 624 273 579 268 825 469 556 348 497 536 891 157 605 187 308 820 161 944 34 943 193 244 940 311 49 
66 762 764 116 91 645 274 393 102 327 823 884 300 808 401 685 109 234 755 629 660 790 192 123 559 324 601 903 545 386 13 0 511 731 565 447 348 188 464 219 977 165 665 323 129 885 825 212 435 740 618 970 86 840 534 517 931 605 661 930 
742 281 802 956 302 320 424 318 95 500 104 912 357 704 301 661 52 436 967 612 624 723 502 781 142 995 319 101 971 609 227 511 0 636 481 978 194 90 279 86 226 961 819 812 322 354 547 359 363 280 126 294 217 339 389 517 708 704 820 395 
135 650 908 764 295 392 807 121 412 441 991 991 859 376 435 834 486 983 685 664 581 224 596 956 670 819 734 131 689 572 521 731 636 0 693 865 899 116 94 49 945 262 414 586 945 302 918 992 114 872 483 354 331 156 438 627 330 341 153 206 
253 497 82 510 203 709 703 999 53 309 581 954 576 894 127 465 451 489 586 367 719 76 271 828 309 320 601 775 659 111 374 565 481 693 0 463 877 479 537 967 125 651 723 550 70 782 678 251 857 446 985 848 998 608 647 90 325 192 5 995 
844 626 457 342 65 91 954 38 993 868 563 178 587 492 448 30 331 883 762 566 481 950 840 708 575 992 701 566 938 262 624 447 978 865 463 0 350 561 489 237 148 379 398 22 865 366 718 352 351 451 906 723 981 409 504 921 680 163 836 14 
689 593 189 263 325 451 858 636 261 82 556 276 428 800 479 488 954 53 76 417 464 778 849 791 359 588 283 600 782 912 273 348 194 899 877 350 0 484 233 590 459 208 974 403 131 561 197 198 936 406 435 314 430 382 953 559 637 967 77 905 
845 401 725 680 573 724 573 965 524 777 69 217 792 734 55 953 434 680 233 553 921 188 393 810 895 519 528 655 104 205 579 188 90 116 479 561 484 0 286 373 406 400 940 218 911 341 860 48 351 997 3 942 378 139 419 224 381 164 851 844 
507 160 499 640 660 972 596 389 747 593 244 58 513 118 470 796 772 170 888 981 415 588 334 580 386 689 450 639 515 185 268 464 279 94 537 489 233 286 0 131 592 319 57 461 664 577 612 158 702 512 474 133 583 972 829 935 731 443 795 971 
183 751 450 545 668 412 603 536 918 510 426 874 404 967 840 547 497 37 962 735 713 698 930 878 961 488 975 138 1 959 825 219 86 49 967 237 590 373 131 0 285 78 567 396 474 720 556 397 741 70 400 901 396 799 480 196 565 54 725 966 
231 292 669 753 688 563 961 335 989 475 878 946 594 776 827 247 556 929 945 607 40 824 961 509 393 644 761 462 872 627 469 977 226 945 125 148 459 406 592 285 0 788 682 420 724 471 392 520 757 497 740 384 814 529 907 641 932 254 71 711 
685 896 156 4 473 317 671 273 213 34 984 308 182 713 253 365 787 330 731 652 399 51 557 467 653 406 601 911 532 806 556 165 961 262 651 379 208 400 319 78 788 0 621 871 215 356 790 239 810 396 251 274 519 695 452 802 782 47 92 106 
10 533 364 330 78 907 84 908 541 88 928 721 6 699 100 207 117 799 19 796 93 579 970 604 150 450 11 370 542 517 348 665 819 414 723 398 974 940 57 567 682 621 0 257 18 39 438 399 262 835 750 112 619 732 89 389 483 299 214 242 
636 253 359 166 129 759 942 995 275 108 328 467 833 794 281 583 960 809 235 174 327 755 548 68 175 223 177 567 313 794 497 323 812 586 550 22 403 218 461 396 420 871 257 0 965 233 748 598 433 733 848 732 918 729 863 255 677 656 796 782 
418 63 73 623 710 963 240 802 274 480 907 287 868 156 577 648 868 308 396 865 78 202 74 54 982 584 905 121 603 127 536 129 322 945 70 865 131 911 664 474 724 215 18 965 0 916 299 385 804 236 95 998 966 649 610 898 452 270 154 532 
994 859 401 263 137 602 699 483 559 274 345 483 135 928 858 402 373 375 771 475 846 784 612 137 215 480 187 787 501 323 891 885 354 302 782 366 561 341 577 720 471 356 39 233 916 0 119 418 117 941 465 675 93 988 468 101 132 791 350 419 
321 80 902 819 271 370 259 959 567 861 633 971 782 387 354 37 479 822 442 899 986 845 687 980 835 962 912 862 625 306 157 825 547 918 678 718 197 860 612 556 392 790 438 748 299 119 0 545 421 509 436 493 66 379 113 359 377 357 667 762 
563 659 809 911 953 756 329 780 506 195 891 807 18 971 278 134 70 385 810 88 599 695 172 384 225 173 457 724 194 748 605 212 359 992 251 352 198 48 158 397 520 239 399 598 385 418 545 0 867 13 210 790 182 427 561 45 696 924 784 521 
891 842 915 383 996 933 740 617 634 271 819 587 720 912 958 370 124 916 178 50 941 232 722 905 565 141 970 554 186 230 187 435 363 114 857 351 936 351 702 741 757 810 262 433 804 117 421 867 0 692 786 104 78 141 913 548 456 779 530 577 
98 945 642 97 37 593 205 527 503 653 222 38 176 980 322 306 837 890 83 641 83 542 40 624 919 254 780 822 20 806 308 740 280 872 446 451 406 997 512 70 497 396 835 733 236 941 509 13 692 0 184 370 376 522 8 690 590 418 222 562 
887 112 74 504 259 921 36 30 89 834 344 896 389 146 833 233 903 569 162 512 627 494 187 596 252 695 363 848 94 61 820 618 126 483 985 906 435 3 474 400 740 251 750 848 95 465 436 210 786 184 0 124 359 286 72 572 538 914 626 201 
461 307 814 558 78 390 998 279 838 680 414 717 336 148 166 477 819 120 792 399 603 15 667 511 582 757 624 788 673 334 161 970 294 354 848 723 314 942 133 901 384 274 112 732 998 675 493 790 104 370 124 0 752 76 22 757 745 747 609 601 
759 889 411 980 20 121 164 941 135 421 61 388 579 588 389 354 460 138 188 63 375 747 399 99 789 453 550 504 117 173 944 86 217 331 998 981 430 378 583 396 814 519 619 918 966 93 66 182 78 376 359 752 0 581 535 521 713 115 985 431 
625 2 471 154 520 445 791 557 63 857 109 784 286 599 570 362 355 777 332 903 534 597 735 908 811 781 465 16 583 190 34 840 339 156 608 409 382 139 972 799 529 695 732 729 649 988 379 427 141 522 286 76 581 0 273 396 560 988 306 986 
789 200 243 91 575 571 406 217 324 431 220 337 795 732 572 550 766 793 151 644 957 325 853 132 697 640 171 425 548 356 943 534 389 438 647 504 953 419 829 480 907 452 89 863 610 468 113 561 913 8 72 22 535 273 0 329 322 896 410 600 
237 56 530 687 981 688 328 722 669 444 537 864 674 367 611 267 974 235 855 115 251 997 407 20 682 343 920 604 524 827 193 517 517 627 90 921 559 224 935 196 641 802 389 255 898 101 359 45 548 690 572 757 521 396 329 0 211 397 553 49 
363 438 315 610 58 302 109 629 872 810 486 168 535 970 952 250 654 682 642 983 950 438 454 14 728 442 567 814 810 230 244 931 708 330 325 680 637 381 731 565 932 782 483 677 452 132 377 696 456 590 538 745 713 560 322 211 0 446 952 842 
750 984 360 709 985 413 138 164 52 653 872 66 592 780 18 763 245 390 554 446 780 411 896 530 181 114 509 608 33 244 940 605 704 341 192 163 967 164 443 54 254 47 299 656 270 791 357 924 779 418 914 747 115 988 896 397 446 0 28 699 
922 609 683 19 703 275 969 84 667 52 146 521 709 929 740 585 439 956 541 173 233 296 76 488 577 412 655 332 58 809 311 661 820 153 5 836 77 851 795 725 71 92 214 796 154 350 667 784 530 222 626 609 985 306 410 553 952 28 0 336 
165 584 817 660 498 501 310 99 179 279 755 817 457 37 168 730 912 758 777 644 163 991 634 422 965 973 334 361 788 57 49 930 395 206 995 14 905 844 971 966 711 106 242 782 532 419 762 521 577 562 201 601 431 986 600 49 842 699 336 0 
