10 2
0 166 345 551 958 93 183 557 623 581 
166 0 397 933 809 709 408 200 204 698 
345 397 0 256 703 322 572 856 70 599 
551 933 256 0 151 944 619 51 938 656 
958 809 703 151 0 368 896 785 592 878 
93 709 322 944 368 0 14 818 852 998 
183 408 572 619 896 14 0 164 434 102 
557 200 856 51 785 818 164 0 147 715 
623 204 70 938 592 852 434 147 0 215 
581 698 599 656 878 998 102 715 215 0 
0 474 993 536 384 198 537 480 735 579 
474 0 420 207 661 763 173 147 663 308 
993 420 0 725 852 222 532 483 3 881 
536 207 725 0 461 478 915 835 969 465 
384 661 852 461 0 882 142 396 72 1 
198 763 222 478 882 0 982 285 161 819 
537 173 532 915 142 982 0 319 376 1000 
480 147 483 835 396 285 319 0 745 267 
735 663 3 969 72 161 376 745 0 422 
579 308 881 465 1 819 1000 267 422 0 
0 545 846 555 512 288 648 502 671 513 
545 0 357 147 879 644 196 147 651 176 
846 357 0 650 863 278 492 542 47 902 
555 147 650 0 580 473 793 881 976 308 
512 879 863 580 0 893 263 399 190 27 
288 644 278 473 893 0 936 116 148 737 
648 196 492 793 263 936 0 349 177 969 
502 147 542 881 399 116 349 0 864 342 
671 651 47 976 190 148 177 864 0 622 
513 176 902 308 27 737 969 342 622 0 
