50 4
0 370 414 515 363 386 22 327 909 500 422 102 296 620 494 256 355 909 721 598 169 791 930 4 479 677 161 739 860 296 100 37 660 912 826 954 20 586 429 680 980 749 570 268 336 408 21 616 832 674 
370 0 394 315 397 836 816 921 312 84 358 30 402 430 895 964 899 598 402 128 553 637 814 425 153 855 495 733 417 996 818 331 796 131 422 408 868 789 676 971 400 724 537 647 271 674 792 416 83 375 
414 394 0 810 848 831 61 860 861 152 534 676 677 972 525 886 786 404 91 965 616 824 354 121 517 8 126 876 43 134 149 628 458 27 264 192 767 167 275 922 518 573 805 984 720 837 208 495 577 477 
515 315 810 0 369 69 85 501 22 229 689 392 173 971 943 284 556 146 607 555 538 947 511 429 954 925 476 916 131 952 867 721 73 264 642 997 396 857 289 624 748 715 35 877 942 920 526 811 779 101 
363 397 848 369 0 903 614 886 551 990 197 153 567 647 773 135 8 61 507 864 621 955 838 374 342 964 244 347 214 926 27 437 270 98 635 784 694 344 877 640 381 975 798 719 441 975 55 88 424 985 
386 836 831 69 903 0 706 668 565 403 472 894 581 446 397 900 887 287 407 719 279 113 797 603 652 687 300 282 168 213 625 39 231 803 386 263 19 814 594 874 610 3 248 238 185 958 917 533 742 11 
22 816 61 85 614 706 0 702 156 818 709 814 314 881 324 827 410 723 900 488 903 600 777 419 763 158 938 844 83 638 546 580 677 694 113 276 855 94 700 477 336 960 511 523 849 725 60 348 258 197 
327 921 860 501 886 668 702 0 581 604 73 294 526 803 207 363 518 844 733 622 705 506 486 476 826 841 635 598 404 469 235 774 365 372 766 109 94 954 725 995 173 251 451 783 835 743 994 946 640 344 
909 312 861 22 551 565 156 581 0 977 491 242 904 200 993 594 528 617 223 152 707 410 566 218 162 846 756 881 483 741 72 520 88 804 599 153 319 692 580 679 977 299 314 491 199 702 656 343 961 756 
500 84 152 229 990 403 818 604 977 0 717 833 672 85 186 404 71 258 836 162 626 164 229 114 536 447 933 197 615 391 603 942 32 122 401 809 225 437 423 562 765 263 541 503 661 794 79 511 352 640 
422 358 534 689 197 472 709 73 491 717 0 900 42 897 241 676 127 349 108 499 179 231 674 234 433 684 387 521 211 404 522 390 665 186 895 49 227 454 689 260 274 395 623 829 758 322 117 62 672 389 
102 30 676 392 153 894 814 294 242 833 900 0 833 910 187 410 74 126 30 553 166 941 432 606 706 306 32 29 51 555 476 505 407 6 232 267 743 361 709 878 495 624 377 71 366 434 165 327 199 116 
296 402 677 173 567 581 314 526 904 672 42 833 0 828 261 237 24 213 661 207 633 899 210 965 47 614 174 226 240 971 577 971 246 957 889 4 304 88 280 682 451 799 264 114 699 755 262 593 72 966 
620 430 972 971 647 446 881 803 200 85 897 910 828 0 124 358 857 636 271 321 471 810 575 728 444 462 160 572 130 908 461 196 587 211 388 354 475 296 142 593 128 37 995 171 596 619 924 452 812 476 
494 895 525 943 773 397 324 207 993 186 241 187 261 124 0 519 147 460 778 50 574 504 212 299 670 248 88 652 51 228 31 540 556 647 836 475 642 166 589 785 276 288 436 14 828 281 36 662 235 886 
256 964 886 284 135 900 827 363 594 404 676 410 237 358 519 0 545 760 579 255 881 847 120 686 450 841 474 183 979 980 469 616 165 732 571 31 778 788 525 823 475 161 57 386 238 268 334 185 342 639 
355 899 786 556 8 887 410 518 528 71 127 74 24 857 147 545 0 574 165 431 51 178 906 194 144 236 422 784 634 133 363 439 690 474 637 98 684 293 370 870 335 643 438 330 528 754 169 168 686 808 
909 598 404 146 61 287 723 844 617 258 349 126 213 636 460 760 574 0 509 484 660 261 414 251 419 940 722 714 300 466 141 534 936 126 396 46 61 717 279 302 942 414 338 178 243 571 168 937 500 476 
721 402 91 607 507 407 900 733 223 836 108 30 661 271 778 579 165 509 0 879 239 153 171 586 218 665 312 22 113 266 46 66 966 648 636 332 562 395 682 338 776 266 147 779 177 221 712 771 977 15 
598 128 965 555 864 719 488 622 152 162 499 553 207 321 50 255 431 484 879 0 449 676 334 340 26 496 810 138 62 721 302 439 858 405 90 150 14 658 778 642 99 729 769 310 56 106 540 456 371 845 
169 553 616 538 621 279 903 705 707 626 179 166 633 471 574 881 51 660 239 449 0 466 865 912 878 495 222 348 816 853 567 900 219 456 25 342 860 49 782 15 89 376 322 998 941 339 661 441 39 861 
791 637 824 947 955 113 600 506 410 164 231 941 899 810 504 847 178 261 153 676 466 0 279 545 816 918 13 154 801 1000 216 226 69 198 780 661 252 519 511 452 874 967 267 752 326 592 69 198 378 667 
930 814 354 511 838 797 777 486 566 229 674 432 210 575 212 120 906 414 171 334 865 279 0 656 194 197 645 957 266 242 55 563 400 878 224 400 960 261 102 198 466 712 379 389 82 805 155 837 56 568 
4 425 121 429 374 603 419 476 218 114 234 606 965 728 299 686 194 251 586 340 912 545 656 0 332 630 182 793 567 664 428 870 836 748 444 456 326 553 361 910 390 589 804 627 995 891 770 113 871 412 
479 153 517 954 342 652 763 826 162 536 433 706 47 444 670 450 144 419 218 26 878 816 194 332 0 156 652 737 669 480 740 211 697 463 729 86 650 425 502 232 131 327 148 46 586 550 170 445 56 414 
677 855 8 925 964 687 158 841 846 447 684 306 614 462 248 841 236 940 665 496 495 918 197 630 156 0 272 300 136 610 297 302 798 654 807 460 950 774 731 621 674 987 315 670 462 325 389 974 299 853 
161 495 126 476 244 300 938 635 756 933 387 32 174 160 88 474 422 722 312 810 222 13 645 182 652 272 0 663 127 65 936 182 431 389 346 188 546 94 278 23 236 945 39 767 486 444 908 648 931 378 
739 733 876 916 347 282 844 598 881 197 521 29 226 572 652 183 784 714 22 138 348 154 957 793 737 300 663 0 614 10 857 365 314 232 43 316 46 624 824 253 390 666 93 293 171 416 7 38 185 891 
860 417 43 131 214 168 83 404 483 615 211 51 240 130 51 979 634 300 113 62 816 801 266 567 669 136 127 614 0 116 339 715 948 264 976 535 91 294 98 148 287 273 463 474 247 760 806 801 641 473 
296 996 134 952 926 213 638 469 741 391 404 555 971 908 228 980 133 466 266 721 853 1000 242 664 480 610 65 10 116 0 962 189 901 13 145 353 21 911 10 244 528 213 313 740 410 420 62 374 349 491 
100 818 149 867 27 625 546 235 72 603 522 476 577 461 31 469 363 141 46 302 567 216 55 428 740 297 936 857 339 962 0 102 919 702 729 382 493 480 504 69 757 807 118 463 807 915 26 557 101 798 
37 331 628 721 437 39 580 774 520 942 390 505 971 196 540 616 439 534 66 439 900 226 563 870 211 302 182 365 715 189 102 0 736 916 785 883 953 185 869 381 427 716 991 837 260 512 811 802 112 282 
660 796 458 73 270 231 677 365 88 32 665 407 246 587 556 165 690 936 966 858 219 69 400 836 697 798 431 314 948 901 919 736 0 381 717 195 459 62 496 74 112 820 121 525 880 406 190 934 441 789 
912 131 27 264 98 803 694 372 804 122 186 6 957 211 647 732 474 126 648 405 456 198 878 748 463 654 389 232 264 13 702 916 381 0 625 275 806 793 748 733 998 6 586 907 377 243 369 534 654 263 
826 422 264 642 635 386 113 766 599 401 895 232 889 388 836 571 637 396 636 90 25 780 224 444 729 807 346 43 976 145 729 785 717 625 0 299 10 778 823 615 175 707 381 461 19 844 929 317 734 539 
954 408 192 997 784 263 276 109 153 809 49 267 4 354 475 31 98 46 332 150 342 661 400 456 86 460 188 316 535 353 382 883 195 275 299 0 975 22 603 305 192 897 837 276 15 337 121 777 711 18 
20 868 767 396 694 19 855 94 319 225 227 743 304 475 642 778 684 61 562 14 860 252 960 326 650 950 546 46 91 21 493 953 459 806 10 975 0 999 905 492 182 542 589 815 176 739 195 452 421 556 
586 789 167 857 344 814 94 954 692 437 454 361 88 296 166 788 293 717 395 658 49 519 261 553 425 774 94 624 294 911 480 185 62 793 778 22 999 0 737 121 785 399 914 563 423 663 485 346 160 583 
429 676 275 289 877 594 700 725 580 423 689 709 280 142 589 525 370 279 682 778 782 511 102 361 502 731 278 824 98 10 504 869 496 748 823 603 905 737 0 183 289 205 825 710 412 162 864 138 587 789 
680 971 922 624 640 874 477 995 679 562 260 878 682 593 785 823 870 302 338 642 15 452 198 910 232 621 23 253 148 244 69 381 74 733 615 305 492 121 183 0 161 340 885 219 554 76 638 424 979 966 
980 400 518 748 381 610 336 173 977 765 274 495 451 128 276 475 335 942 776 99 89 874 466 390 131 674 236 390 287 528 757 427 112 998 175 192 182 785 289 161 0 57 523 90 625 669 624 261 749 339 
749 724 573 715 975 3 960 251 299 263 395 624 799 37 288 161 643 414 266 729 376 967 712 589 327 987 945 666 273 213 807 716 820 6 707 897 542 399 205 340 57 0 125 993 249 891 67 245 816 625 
570 537 805 35 798 248 511 451 314 541 623 377 264 995 436 57 438 338 147 769 322 267 379 804 148 315 39 93 463 313 118 991 121 586 381 837 589 914 825 885 523 125 0 811 813 712 666 973 551 157 
268 647 984 877 719 238 523 783 491 503 829 71 114 171 14 386 330 178 779 310 998 752 389 627 46 670 767 293 474 740 463 837 525 907 461 276 815 563 710 219 90 993 811 0 708 394 315 509 983 498 
336 271 720 942 441 185 849 835 199 661 758 366 699 596 828 238 528 243 177 56 941 326 82 995 586 462 486 171 247 410 807 260 880 377 19 15 176 423 412 554 625 249 813 708 0 964 263 311 670 812 
408 674 837 920 975 958 725 743 702 794 322 434 755 619 281 268 754 571 221 106 339 592 805 891 550 325 444 416 760 420 915 512 406 243 844 337 739 663 162 76 669 891 712 394 964 0 50 507 459 760 
21 792 208 526 55 917 60 994 656 79 117 165 262 924 36 334 169 168 712 540 661 69 155 770 170 389 908 7 806 62 26 811 190 369 929 121 195 485 864 638 624 67 666 315 263 50 0 977 500 809 
616 416 495 811 88 533 348 946 343 511 62 327 593 452 662 185 168 937 771 456 441 198 837 113 445 974 648 38 801 374 557 802 934 534 317 777 452 346 138 424 261 245 973 509 311 507 977 0 834 900 
832 83 577 779 424 742 258 640 961 352 672 199 72 812 235 342 686 500 977 371 39 378 56 871 56 299 931 185 641 349 101 112 441 654 734 711 421 160 587 979 749 816 551 983 670 459 500 834 0 767 
674 375 477 101 985 11 197 344 756 640 389 116 966 476 886 639 808 476 15 845 861 667 568 412 414 853 378 891 473 491 798 282 789 263 539 18 556 583 789 966 339 625 157 498 812 760 809 900 767 0 
0 226 133 864 511 930 857 596 721 769 677 118 890 908 123 520 452 238 943 953 248 900 105 459 695 180 756 420 596 295 102 347 533 189 895 288 769 710 558 874 163 271 749 766 394 531 666 38 264 235 
226 0 80 781 255 347 922 237 465 833 2 449 381 692 559 927 757 237 491 967 735 131 781 945 376 92 932 509 868 371 919 466 332 814 997 942 642 495 17 761 938 603 933 59 615 577 651 721 336 595 
133 80 0 767 644 692 364 875 20 387 219 60 840 653 150 912 109 471 530 166 409 666 970 716 950 941 812 4 181 321 70 374 358 180 877 682 339 504 885 249 978 718 988 415 412 315 431 953 135 37 
864 781 767 0 88 91 335 364 306 664 380 722 123 9 961 249 494 718 973 913 634 127 729 465 772 826 595 282 676 745 883 371 300 402 702 108 781 127 138 333 540 783 684 904 728 608 270 420 997 25 
511 255 644 88 0 690 424 182 201 833 627 704 447 822 674 98 94 396 744 721 650 267 677 508 52 845 904 55 601 657 750 68 538 787 962 112 565 711 782 241 692 218 508 949 322 962 458 988 125 909 
930 347 692 91 690 0 558 896 891 752 419 795 197 141 280 374 758 537 415 239 667 550 353 324 553 418 155 334 399 138 812 208 751 181 349 491 872 803 135 771 37 241 316 674 529 165 441 608 944 14 
857 922 364 335 424 558 0 211 984 398 48 626 491 705 389 452 152 783 627 932 622 129 773 77 18 731 905 703 505 121 193 756 90 545 120 697 500 181 628 973 686 633 399 903 706 744 73 928 637 226 
596 237 875 364 182 896 211 0 216 909 199 928 746 35 868 17 300 210 642 669 227 963 740 149 958 832 584 272 988 498 627 997 332 543 309 46 181 108 849 135 544 11 545 560 784 655 860 462 27 766 
721 465 20 306 201 891 984 216 0 435 65 580 243 222 296 79 47 583 259 51 520 224 487 492 541 699 504 218 180 491 674 617 192 3 400 808 198 203 802 909 503 894 89 260 81 896 533 586 986 272 
769 833 387 664 833 752 398 909 435 0 644 995 537 792 5 718 448 818 567 310 662 287 132 798 229 203 376 158 133 637 836 897 223 544 995 477 960 273 71 930 101 861 723 675 934 411 987 40 176 201 
677 2 219 380 627 419 48 199 65 644 0 979 314 174 986 613 956 699 951 644 56 519 387 957 196 826 754 996 769 979 825 291 57 740 393 319 731 613 614 812 44 836 625 25 678 185 459 957 158 678 
118 449 60 722 704 795 626 928 580 995 979 0 42 6 372 241 917 298 630 411 533 5 644 671 512 103 382 456 470 322 927 12 527 597 333 754 937 781 60 748 621 993 866 861 218 561 597 183 601 259 
890 381 840 123 447 197 491 746 243 537 314 42 0 812 65 167 111 886 202 624 698 183 872 39 693 673 360 82 474 147 864 917 238 305 935 24 963 570 138 272 382 683 389 681 602 608 439 526 282 268 
908 692 653 9 822 141 705 35 222 792 174 6 812 0 194 462 717 202 223 726 383 598 590 561 740 670 95 686 197 791 840 613 232 488 906 625 682 863 687 375 944 945 850 937 255 506 836 64 890 482 
123 559 150 961 674 280 389 868 296 5 986 372 65 194 0 717 877 913 792 4 221 246 1000 712 361 893 516 61 684 24 11 800 220 447 273 451 680 66 679 197 119 661 314 270 951 333 974 49 777 99 
520 927 912 249 98 374 452 17 79 718 613 241 167 462 717 0 929 768 224 329 528 59 895 749 683 191 948 276 990 285 247 198 134 145 264 593 10 26 987 349 528 190 563 427 434 525 33 407 759 659 
452 757 109 494 94 758 152 300 47 448 956 917 111 717 877 929 0 806 367 558 846 929 548 548 97 660 917 247 818 273 424 241 228 447 454 919 223 333 880 391 375 167 572 402 581 518 80 631 674 557 
238 237 471 718 396 537 783 210 583 818 699 298 886 202 913 768 806 0 371 773 549 852 733 815 377 648 168 132 905 70 51 913 392 666 144 581 47 382 684 104 995 430 777 732 537 936 426 204 659 488 
943 491 530 973 744 415 627 642 259 567 951 630 202 223 792 224 367 371 0 734 9 96 901 444 770 879 226 982 820 392 552 494 559 915 392 162 861 65 166 941 868 51 422 15 844 23 756 319 375 454 
953 967 166 913 721 239 932 669 51 310 644 411 624 726 4 329 558 773 734 0 618 298 204 921 302 178 105 682 172 1 27 155 29 533 561 588 194 999 968 721 319 341 2 214 49 222 330 111 730 271 
248 735 409 634 650 667 622 227 520 662 56 533 698 383 221 528 846 549 9 618 0 888 423 517 231 701 748 71 181 28 995 66 208 578 495 405 223 488 733 765 153 215 194 194 808 626 859 66 358 683 
900 131 666 127 267 550 129 963 224 287 519 5 183 598 246 59 929 852 96 298 888 0 145 258 870 96 457 389 989 81 342 219 738 291 707 877 840 279 672 109 644 577 867 272 216 504 753 808 156 983 
105 781 970 729 677 353 773 740 487 132 387 644 872 590 1000 895 548 733 901 204 423 145 0 99 430 230 655 774 328 936 286 50 53 339 37 825 192 583 693 849 604 955 74 850 669 603 535 709 707 362 
459 945 716 465 508 324 77 149 492 798 957 671 39 561 712 749 548 815 444 921 517 258 99 0 45 593 944 558 986 621 777 859 457 83 887 947 980 552 772 586 730 176 542 949 549 845 869 414 727 228 
695 376 950 772 52 553 18 958 541 229 196 512 693 740 361 683 97 377 770 302 231 870 430 45 0 107 56 570 424 169 212 721 697 60 781 296 512 743 681 354 297 940 232 908 438 585 315 872 878 532 
180 92 941 826 845 418 731 832 699 203 826 103 673 670 893 191 660 648 879 178 701 96 230 593 107 0 68 448 599 718 79 142 833 463 996 314 259 223 154 327 157 579 322 293 109 702 3 56 413 178 
756 932 812 595 904 155 905 584 504 376 754 382 360 95 516 948 917 168 226 105 748 457 655 944 56 68 0 980 381 461 401 944 512 112 252 514 353 521 711 985 841 756 330 615 234 842 82 731 682 597 
420 509 4 282 55 334 703 272 218 158 996 456 82 686 61 276 247 132 982 682 71 389 774 558 570 448 980 0 821 548 52 713 393 111 724 194 723 721 258 592 281 944 217 757 531 92 417 96 551 807 
596 868 181 676 601 399 505 988 180 133 769 470 474 197 684 990 818 905 820 172 181 989 328 986 424 599 381 821 0 382 305 148 388 559 14 397 622 118 436 24 307 849 172 601 524 511 188 430 503 509 
295 371 321 745 657 138 121 498 491 637 979 322 147 791 24 285 273 70 392 1 28 81 936 621 169 718 461 548 382 0 239 699 937 396 254 831 732 940 926 48 122 567 935 123 933 227 577 751 558 890 
102 919 70 883 750 812 193 627 674 836 825 927 864 840 11 247 424 51 552 27 995 342 286 777 212 79 401 52 305 239 0 396 106 706 1000 88 382 142 495 237 742 220 473 967 712 596 135 144 990 155 
347 466 374 371 68 208 756 997 617 897 291 12 917 613 800 198 241 913 494 155 66 219 50 859 721 142 944 713 148 699 396 0 419 295 563 249 332 358 320 930 259 38 195 527 619 56 18 536 787 905 
533 332 358 300 538 751 90 332 192 223 57 527 238 232 220 134 228 392 559 29 208 738 53 457 697 833 512 393 388 937 106 419 0 214 658 765 404 678 329 782 842 716 313 530 682 537 475 990 413 682 
189 814 180 402 787 181 545 543 3 544 740 597 305 488 447 145 447 666 915 533 578 291 339 83 60 463 112 111 559 396 706 295 214 0 957 598 623 696 695 348 678 829 297 315 693 645 628 181 716 694 
895 997 877 702 962 349 120 309 400 995 393 333 935 906 273 264 454 144 392 561 495 707 37 887 781 996 252 724 14 254 1000 563 658 957 0 268 795 981 189 668 416 58 185 349 812 766 410 986 946 731 
288 942 682 108 112 491 697 46 808 477 319 754 24 625 451 593 919 581 162 588 405 877 825 947 296 314 514 194 397 831 88 249 765 598 268 0 318 742 123 614 71 457 392 117 441 724 308 63 540 940 
769 642 339 781 565 872 500 181 198 960 731 937 963 682 680 10 223 47 861 194 223 840 192 980 512 259 353 723 622 732 382 332 404 623 795 318 0 649 12 952 775 650 105 514 880 897 824 703 527 810 
710 495 504 127 711 803 181 108 203 273 613 781 570 863 66 26 333 382 65 999 488 279 583 552 743 223 521 721 118 940 142 358 678 696 981 742 649 0 75 145 575 396 574 266 593 775 218 970 925 204 
558 17 885 138 782 135 628 849 802 71 614 60 138 687 679 987 880 684 166 968 733 672 693 772 681 154 711 258 436 926 495 320 329 695 189 123 12 75 0 548 17 957 78 569 234 43 253 628 203 103 
874 761 249 333 241 771 973 135 909 930 812 748 272 375 197 349 391 104 941 721 765 109 849 586 354 327 985 592 24 48 237 930 782 348 668 614 952 145 548 0 891 17 719 38 713 228 610 458 700 147 
163 938 978 540 692 37 686 544 503 101 44 621 382 944 119 528 375 995 868 319 153 644 604 730 297 157 841 281 307 122 742 259 842 678 416 71 775 575 17 891 0 770 772 180 484 768 443 857 115 58 
271 603 718 783 218 241 633 11 894 861 836 993 683 945 661 190 167 430 51 341 215 577 955 176 940 579 756 944 849 567 220 38 716 829 58 457 650 396 957 17 770 0 515 372 75 161 68 288 377 860 
749 933 988 684 508 316 399 545 89 723 625 866 389 850 314 563 572 777 422 2 194 867 74 542 232 322 330 217 172 935 473 195 313 297 185 392 105 574 78 719 772 515 0 78 536 997 44 21 476 54 
766 59 415 904 949 674 903 560 260 675 25 861 681 937 270 427 402 732 15 214 194 272 850 949 908 293 615 757 601 123 967 527 530 315 349 117 514 266 569 38 180 372 78 0 823 381 55 360 871 483 
394 615 412 728 322 529 706 784 81 934 678 218 602 255 951 434 581 537 844 49 808 216 669 549 438 109 234 531 524 933 712 619 682 693 812 441 880 593 234 713 484 75 536 823 0 451 649 232 851 714 
531 577 315 608 962 165 744 655 896 411 185 561 608 506 333 525 518 936 23 222 626 504 603 845 585 702 842 92 511 227 596 56 537 645 766 724 897 775 43 228 768 161 997 381 451 0 906 931 404 841 
666 651 431 270 458 441 73 860 533 987 459 597 439 836 974 33 80 426 756 330 859 753 535 869 315 3 82 417 188 577 135 18 475 628 410 308 824 218 253 610 443 68 44 55 649 906 0 358 235 685 
38 721 953 420 988 608 928 462 586 40 957 183 526 64 49 407 631 204 319 111 66 808 709 414 872 56 731 96 430 751 144 536 990 181 986 63 703 970 628 458 857 288 21 360 232 931 358 0 359 300 
264 336 135 997 125 944 637 27 986 176 158 601 282 890 777 759 674 659 375 730 358 156 707 727 878 413 682 551 503 558 990 787 413 716 946 540 527 925 203 700 115 377 476 871 851 404 235 359 0 815 
235 595 37 25 909 14 226 766 272 201 678 259 268 482 99 659 557 488 454 271 683 983 362 228 532 178 597 807 509 890 155 905 682 694 731 940 810 204 103 147 58 860 54 483 714 841 685 300 815 0 
0 400 81 503 414 459 963 582 798 997 453 66 981 927 257 677 272 496 898 748 178 623 186 518 516 292 620 946 735 353 283 302 109 430 531 201 86 452 213 903 50 161 778 547 95 512 707 223 368 72 
400 0 141 531 312 152 851 146 660 583 112 293 49 748 790 789 574 513 552 561 562 10 840 497 356 288 954 428 942 620 463 331 135 802 744 536 857 375 216 303 729 157 460 245 378 402 158 653 420 732 
81 141 0 677 628 48 658 454 380 204 868 435 410 120 314 530 192 887 176 447 26 902 836 833 334 626 796 110 58 459 438 132 847 384 384 900 849 992 894 557 720 824 805 9 934 240 363 331 9 212 
503 531 677 0 270 918 516 704 74 414 875 554 217 278 589 612 592 958 808 937 698 361 813 726 987 360 525 638 883 740 680 471 159 286 771 502 454 137 657 226 329 953 426 883 612 571 297 115 638 387 
414 312 628 270 0 827 493 306 233 317 602 698 250 944 454 320 147 878 857 631 860 308 34 678 451 165 937 778 541 785 685 134 868 380 320 110 964 913 141 328 395 303 761 482 708 913 281 437 478 632 
459 152 48 918 827 0 668 782 855 999 295 837 277 389 591 80 640 838 434 620 879 176 331 142 462 361 373 392 809 668 411 333 914 853 22 132 976 701 514 732 355 311 346 708 567 388 208 737 574 141 
963 851 658 516 493 668 0 483 564 71 750 710 857 72 457 525 436 954 153 753 406 241 560 67 479 802 946 540 797 854 782 255 335 403 412 836 605 575 752 559 679 772 617 652 673 327 503 929 817 340 
582 146 454 704 306 782 483 0 150 535 370 706 569 323 666 16 429 105 328 413 248 654 361 339 694 774 152 65 773 657 795 998 331 581 451 452 21 523 819 163 587 434 37 560 504 349 963 139 407 324 
798 660 380 74 233 855 564 150 0 86 577 847 545 421 636 261 189 340 477 325 675 132 389 599 446 495 136 449 492 215 800 622 239 620 412 726 459 4 305 954 840 706 219 642 257 635 416 784 915 243 
997 583 204 414 317 999 71 535 86 0 253 491 162 748 407 906 965 75 377 348 314 183 697 867 573 37 148 173 277 753 590 791 97 480 912 301 709 125 115 492 85 877 890 892 966 299 921 152 231 349 
453 112 868 875 602 295 750 370 577 253 0 812 978 277 952 604 830 777 836 928 345 73 759 371 554 762 138 778 607 795 561 325 282 421 741 596 853 796 781 387 292 584 17 150 656 171 427 355 697 468 
66 293 435 554 698 837 710 706 847 491 812 0 634 132 342 482 875 48 746 611 205 403 599 939 497 309 975 282 858 254 829 526 572 609 176 833 899 667 228 262 337 792 634 570 258 101 728 380 321 113 
981 49 410 217 250 277 857 569 545 162 978 634 0 584 245 295 172 855 54 689 833 503 776 197 77 914 346 704 821 431 149 807 345 82 847 265 932 743 65 189 117 333 789 656 498 272 527 697 490 289 
927 748 120 278 944 389 72 323 421 748 277 132 584 0 281 443 912 261 322 266 365 215 422 311 248 725 396 586 120 993 675 510 83 923 780 326 484 568 599 332 903 814 795 594 558 242 947 102 597 216 
257 790 314 589 454 591 457 666 636 407 952 342 245 281 0 722 888 945 325 466 245 355 713 964 260 345 69 757 646 221 197 642 849 517 296 317 479 498 690 437 269 711 210 820 558 452 521 186 467 137 
677 789 530 612 320 80 525 16 261 906 604 482 295 443 722 0 658 669 639 58 877 381 724 490 127 18 789 453 457 11 885 487 280 6 329 838 540 99 885 383 952 117 867 197 69 521 237 103 900 659 
272 574 192 592 147 640 436 429 189 965 830 875 172 912 888 658 0 424 559 443 794 621 617 984 348 440 721 456 211 440 489 207 441 690 547 73 651 23 597 343 632 21 601 141 922 452 178 381 793 393 
496 513 887 958 878 838 954 105 340 75 777 48 855 261 945 669 424 0 267 561 248 387 181 227 847 189 494 146 905 67 649 707 370 148 770 524 124 769 907 519 331 34 593 783 379 561 573 578 270 279 
898 552 176 808 857 434 153 328 477 377 836 746 54 322 325 639 559 267 0 257 213 235 855 163 488 273 785 191 349 828 888 942 159 687 443 155 861 374 260 512 660 289 881 668 772 729 245 250 461 404 
748 561 447 937 631 620 753 413 325 348 928 611 689 266 466 58 443 561 257 0 783 104 219 799 80 658 209 811 227 664 88 429 763 804 392 444 659 820 45 298 345 253 416 197 86 647 208 353 461 429 
178 562 26 698 860 879 406 248 675 314 345 205 833 365 245 877 794 248 213 783 0 98 802 365 694 649 991 324 223 687 982 2 19 676 160 840 107 428 771 974 535 260 597 366 54 557 371 171 300 965 
623 10 902 361 308 176 241 654 132 183 73 403 503 215 355 381 621 387 235 104 98 0 52 179 791 224 509 90 707 490 384 22 894 693 699 968 918 514 488 358 580 296 233 250 243 418 665 461 425 604 
186 840 836 813 34 331 560 361 389 697 759 599 776 422 713 724 617 181 855 219 802 52 0 69 166 213 50 879 2 858 270 298 616 629 258 576 575 739 943 451 557 543 109 906 475 335 416 845 347 201 
518 497 833 726 678 142 67 339 599 867 371 939 197 311 964 490 984 227 163 799 365 179 69 0 73 272 658 616 531 826 98 721 766 113 900 365 614 791 780 815 67 628 950 580 488 863 531 468 109 174 
516 356 334 987 451 462 479 694 446 573 554 497 77 248 260 127 348 847 488 80 694 791 166 73 0 343 400 677 434 595 588 832 436 612 612 334 106 984 661 128 411 460 217 538 311 814 476 394 982 717 
292 288 626 360 165 361 802 774 495 37 762 309 914 725 345 18 440 189 273 658 649 224 213 272 343 0 44 192 404 955 485 205 737 708 945 618 784 741 448 101 811 505 590 263 454 702 543 256 522 310 
620 954 796 525 937 373 946 152 136 148 138 975 346 396 69 789 721 494 785 209 991 509 50 658 400 44 0 670 346 20 719 937 630 261 457 422 382 722 956 914 770 252 157 800 644 905 396 326 563 387 
946 428 110 638 778 392 540 65 449 173 778 282 704 586 757 453 456 146 191 811 324 90 879 616 677 192 670 0 554 391 100 496 463 233 611 118 616 487 50 314 66 848 397 876 188 325 840 528 267 736 
735 942 58 883 541 809 797 773 492 277 607 858 821 120 646 457 211 905 349 227 223 707 2 531 434 404 346 554 0 99 323 152 743 143 385 312 919 453 414 147 217 585 56 359 444 936 239 710 665 648 
353 620 459 740 785 668 854 657 215 753 795 254 431 993 221 11 440 67 828 664 687 490 858 826 595 955 20 391 99 0 272 747 432 117 568 899 688 922 884 242 537 562 655 454 731 478 268 764 102 911 
283 463 438 680 685 411 782 795 800 590 561 829 149 675 197 885 489 649 888 88 982 384 270 98 588 485 719 100 323 272 0 503 329 773 499 75 449 959 929 249 561 489 979 451 39 783 137 156 867 555 
302 331 132 471 134 333 255 998 622 791 325 526 807 510 642 487 207 707 942 429 2 22 298 721 832 205 937 496 152 747 503 0 262 104 232 748 536 239 264 443 673 77 769 403 564 60 302 606 339 668 
109 135 847 159 868 914 335 331 239 97 282 572 345 83 849 280 441 370 159 763 19 894 616 766 436 737 630 463 743 432 329 262 0 409 831 635 40 929 356 804 227 962 538 972 903 263 332 678 495 552 
430 802 384 286 380 853 403 581 620 480 421 609 82 923 517 6 690 148 687 804 676 693 629 113 612 708 261 233 143 117 773 104 409 0 991 310 145 547 970 808 10 719 548 390 518 459 642 98 596 959 
531 744 384 771 320 22 412 451 412 912 741 176 847 780 296 329 547 770 443 392 160 699 258 900 612 945 457 611 385 568 499 232 831 991 0 636 660 836 367 690 546 75 181 213 928 381 12 610 645 869 
201 536 900 502 110 132 836 452 726 301 596 833 265 326 317 838 73 524 155 444 840 968 576 365 334 618 422 118 312 899 75 748 635 310 636 0 106 474 179 341 585 55 528 390 706 473 15 23 423 892 
86 857 849 454 964 976 605 21 459 709 853 899 932 484 479 540 651 124 861 659 107 918 575 614 106 784 382 616 919 688 449 536 40 145 660 106 0 426 667 796 691 202 84 361 854 741 635 628 271 395 
452 375 992 137 913 701 575 523 4 125 796 667 743 568 498 99 23 769 374 820 428 514 739 791 984 741 722 487 453 922 959 239 929 547 836 474 426 0 410 342 903 291 255 143 418 286 663 618 881 422 
213 216 894 657 141 514 752 819 305 115 781 228 65 599 690 885 597 907 260 45 771 488 943 780 661 448 956 50 414 884 929 264 356 970 367 179 667 410 0 569 660 918 397 692 181 70 384 528 183 4 
903 303 557 226 328 732 559 163 954 492 387 262 189 332 437 383 343 519 512 298 974 358 451 815 128 101 914 314 147 242 249 443 804 808 690 341 796 342 569 0 404 260 695 256 516 185 805 507 555 688 
50 729 720 329 395 355 679 587 840 85 292 337 117 903 269 952 632 331 660 345 535 580 557 67 411 811 770 66 217 537 561 673 227 10 546 585 691 903 660 404 0 481 626 338 672 834 739 673 354 582 
161 157 824 953 303 311 772 434 706 877 584 792 333 814 711 117 21 34 289 253 260 296 543 628 460 505 252 848 585 562 489 77 962 719 75 55 202 291 918 260 481 0 735 296 450 300 36 266 94 602 
778 460 805 426 761 346 617 37 219 890 17 634 789 795 210 867 601 593 881 416 597 233 109 950 217 590 157 397 56 655 979 769 538 548 181 528 84 255 397 695 626 735 0 131 426 292 288 359 313 177 
547 245 9 883 482 708 652 560 642 892 150 570 656 594 820 197 141 783 668 197 366 250 906 580 538 263 800 876 359 454 451 403 972 390 213 390 361 143 692 256 338 296 131 0 433 134 442 327 832 349 
95 378 934 612 708 567 673 504 257 966 656 258 498 558 558 69 922 379 772 86 54 243 475 488 311 454 644 188 444 731 39 564 903 518 928 706 854 418 181 516 672 450 426 433 0 357 776 21 969 891 
512 402 240 571 913 388 327 349 635 299 171 101 272 242 452 521 452 561 729 647 557 418 335 863 814 702 905 325 936 478 783 60 263 459 381 473 741 286 70 185 834 300 292 134 357 0 306 483 347 977 
707 158 363 297 281 208 503 963 416 921 427 728 527 947 521 237 178 573 245 208 371 665 416 531 476 543 396 840 239 268 137 302 332 642 12 15 635 663 384 805 739 36 288 442 776 306 0 635 617 316 
223 653 331 115 437 737 929 139 784 152 355 380 697 102 186 103 381 578 250 353 171 461 845 468 394 256 326 528 710 764 156 606 678 98 610 23 628 618 528 507 673 266 359 327 21 483 635 0 818 379 
368 420 9 638 478 574 817 407 915 231 697 321 490 597 467 900 793 270 461 461 300 425 347 109 982 522 563 267 665 102 867 339 495 596 645 423 271 881 183 555 354 94 313 832 969 347 617 818 0 451 
72 732 212 387 632 141 340 324 243 349 468 113 289 216 137 659 393 279 404 429 965 604 201 174 717 310 387 736 648 911 555 668 552 959 869 892 395 422 4 688 582 602 177 349 891 977 316 379 451 0 
0 834 364 518 579 833 775 793 768 951 703 198 559 551 789 664 352 26 842 923 226 725 92 305 721 277 464 665 780 390 355 8 540 250 788 61 543 525 647 917 736 490 801 526 726 561 960 437 388 182 
834 0 42 945 685 674 116 252 874 833 522 426 494 801 669 995 860 478 571 158 439 260 464 720 179 221 917 597 775 309 872 485 122 889 508 476 846 506 271 494 836 623 124 698 157 599 647 85 125 482 
364 42 0 179 144 304 444 713 422 134 324 63 660 696 21 766 265 492 471 263 752 505 869 845 360 378 458 39 669 501 272 577 451 445 584 35 98 64 926 275 695 611 223 381 950 598 549 489 334 702 
518 945 179 0 122 179 85 2 500 512 775 89 308 847 695 613 822 848 964 750 535 151 638 369 935 61 236 444 453 840 887 659 102 298 614 364 647 869 825 173 749 887 495 808 737 269 556 528 979 512 
579 685 144 122 0 597 768 446 159 645 754 464 245 939 83 10 554 628 458 515 326 163 803 413 331 623 939 228 503 805 381 2 782 958 829 440 217 841 119 374 835 593 618 540 894 708 913 693 485 563 
833 674 304 179 597 0 583 525 790 329 541 929 482 272 552 94 944 558 687 514 883 314 356 924 641 54 447 555 840 483 947 203 890 11 435 931 717 789 544 556 558 55 874 265 410 383 764 328 714 291 
775 116 444 85 768 583 0 51 716 221 399 806 33 973 211 153 776 702 895 613 350 526 731 96 388 939 913 281 577 501 165 808 204 298 616 685 679 204 449 682 557 504 165 494 843 665 738 134 464 694 
793 252 713 2 446 525 51 0 254 690 197 994 717 629 882 95 451 756 8 986 140 834 613 341 898 102 552 520 967 658 570 654 997 475 557 332 303 556 846 558 562 392 8 607 529 470 741 867 4 998 
768 874 422 500 159 790 716 254 0 561 2 933 288 278 360 561 357 812 590 395 720 106 826 36 432 942 756 491 321 512 768 120 898 535 729 929 117 271 823 821 287 630 727 398 552 729 692 807 961 400 
951 833 134 512 645 329 221 690 561 0 765 871 40 642 131 536 869 555 377 217 155 606 498 773 200 206 463 387 296 311 446 289 47 856 395 106 745 152 341 430 163 716 362 637 863 198 889 171 508 955 
703 522 324 775 754 541 399 197 2 765 0 738 833 621 737 690 645 392 464 999 179 313 530 987 427 938 509 883 950 544 473 310 803 213 774 140 418 482 535 802 444 945 416 5 311 121 84 575 195 236 
198 426 63 89 464 929 806 994 933 871 738 0 179 133 192 528 497 121 904 168 476 698 743 327 903 11 613 661 133 168 722 8 625 463 376 999 804 352 426 610 501 929 928 665 359 451 623 551 798 269 
559 494 660 308 245 482 33 717 288 40 833 179 0 555 19 304 334 940 12 24 818 390 896 125 76 541 308 317 657 76 844 971 374 422 493 204 468 496 478 442 293 693 244 697 801 945 450 362 6 715 
551 801 696 847 939 272 973 629 278 642 621 133 555 0 362 923 138 416 714 907 622 644 461 964 405 638 393 541 455 688 263 592 284 59 252 912 575 610 749 936 538 538 585 935 487 590 469 179 863 466 
789 669 21 695 83 552 211 882 360 131 737 192 19 362 0 309 440 739 320 118 146 209 758 484 281 732 821 46 602 151 410 556 372 151 570 86 644 56 612 531 307 26 695 452 875 584 969 327 886 342 
664 995 766 613 10 94 153 95 561 536 690 528 304 923 309 0 910 789 312 8 932 107 888 612 889 298 442 26 823 173 241 281 457 60 216 238 530 278 24 207 407 155 995 162 911 195 117 315 107 637 
352 860 265 822 554 944 776 451 357 869 645 497 334 138 440 910 0 589 961 601 479 162 393 656 387 398 917 184 217 12 311 393 473 241 298 911 21 501 822 33 118 503 384 262 477 913 377 779 648 620 
26 478 492 848 628 558 702 756 812 555 392 121 940 416 739 789 589 0 95 662 55 761 708 747 442 394 328 433 856 264 196 715 519 847 590 953 345 913 234 414 657 461 903 965 445 781 466 207 202 29 
842 571 471 964 458 687 895 8 590 377 464 904 12 714 320 312 961 95 0 471 400 294 480 825 985 560 732 812 870 333 842 626 162 751 531 408 878 325 708 577 766 553 764 156 609 174 893 592 457 767 
923 158 263 750 515 514 613 986 395 217 999 168 24 907 118 8 601 662 471 0 224 623 326 589 417 493 165 110 763 20 78 338 366 762 190 367 363 764 801 1000 144 105 464 26 181 316 89 386 231 63 
226 439 752 535 326 883 350 140 720 155 179 476 818 622 146 932 479 55 400 224 0 800 508 548 8 692 277 126 506 60 688 475 374 463 834 862 302 729 852 904 217 198 346 706 778 890 632 370 867 771 
725 260 505 151 163 314 526 834 106 606 313 698 390 644 209 107 162 761 294 623 800 0 281 69 622 414 339 105 631 632 187 278 884 978 187 923 842 363 672 55 432 314 956 404 524 516 294 214 387 689 
92 464 869 638 803 356 731 613 826 498 530 743 896 461 758 888 393 708 480 326 508 281 0 143 267 262 29 446 60 640 225 493 95 503 167 847 675 922 755 869 636 950 377 571 385 63 377 437 359 497 
305 720 845 369 413 924 96 341 36 773 987 327 125 964 484 612 656 747 825 589 548 69 143 0 323 612 854 624 854 888 664 519 507 254 921 708 794 578 987 647 654 547 640 781 671 668 668 459 696 229 
721 179 360 935 331 641 388 898 432 200 427 903 76 405 281 889 387 442 985 417 8 622 267 323 0 427 409 691 264 746 207 731 795 534 588 34 615 337 734 335 96 904 525 488 177 237 336 633 802 219 
277 221 378 61 623 54 939 102 942 206 938 11 541 638 732 298 398 394 560 493 692 414 262 612 427 0 705 636 528 379 201 60 305 402 905 419 176 619 562 736 378 955 363 123 671 297 238 119 471 340 
464 917 458 236 939 447 913 552 756 463 509 613 308 393 821 442 917 328 732 165 277 339 29 854 409 705 0 878 39 265 900 65 686 153 242 910 129 450 531 610 643 364 401 494 523 283 236 927 655 453 
665 597 39 444 228 555 281 520 491 387 883 661 317 541 46 26 184 433 812 110 126 105 446 624 691 636 878 0 698 142 478 955 404 66 857 48 740 784 659 987 126 872 543 976 480 177 504 349 308 842 
780 775 669 453 503 840 577 967 321 296 950 133 657 455 602 823 217 856 870 763 506 631 60 854 264 528 39 698 0 674 309 7 597 360 839 597 6 302 927 337 541 639 315 300 443 700 631 333 683 40 
390 309 501 840 805 483 501 658 512 311 544 168 76 688 151 173 12 264 333 20 60 632 640 888 746 379 265 142 674 0 862 619 571 214 297 520 585 962 540 275 59 272 823 152 476 664 787 643 628 938 
355 872 272 887 381 947 165 570 768 446 473 722 844 263 410 241 311 196 842 78 688 187 225 664 207 201 900 478 309 862 0 747 242 398 836 199 941 135 364 196 719 7 292 668 655 512 389 368 604 155 
8 485 577 659 2 203 808 654 120 289 310 8 971 592 556 281 393 715 626 338 475 278 493 519 731 60 65 955 7 619 747 0 484 325 830 489 382 864 464 898 323 245 478 615 631 100 393 425 527 729 
540 122 451 102 782 890 204 997 898 47 803 625 374 284 372 457 473 519 162 366 374 884 95 507 795 305 686 404 597 571 242 484 0 498 445 669 851 966 880 691 553 773 128 261 909 796 624 499 773 132 
250 889 445 298 958 11 298 475 535 856 213 463 422 59 151 60 241 847 751 762 463 978 503 254 534 402 153 66 360 214 398 325 498 0 851 626 985 854 664 129 771 660 283 104 921 123 608 493 610 553 
788 508 584 614 829 435 616 557 729 395 774 376 493 252 570 216 298 590 531 190 834 187 167 921 588 905 242 857 839 297 836 830 445 851 0 220 954 568 775 605 431 55 639 119 736 762 474 560 628 199 
61 476 35 364 440 931 685 332 929 106 140 999 204 912 86 238 911 953 408 367 862 923 847 708 34 419 910 48 597 520 199 489 669 626 220 0 552 659 882 284 340 634 564 303 541 202 473 460 808 934 
543 846 98 647 217 717 679 303 117 745 418 804 468 575 644 530 21 345 878 363 302 842 675 794 615 176 129 740 6 585 941 382 851 985 954 552 0 632 242 489 660 544 508 473 568 956 609 908 280 688 
525 506 64 869 841 789 204 556 271 152 482 352 496 610 56 278 501 913 325 764 729 363 922 578 337 619 450 784 302 962 135 864 966 854 568 659 632 0 386 557 395 291 522 14 654 805 722 444 903 431 
647 271 926 825 119 544 449 846 823 341 535 426 478 749 612 24 822 234 708 801 852 672 755 987 734 562 531 659 927 540 364 464 880 664 775 882 242 386 0 367 328 472 126 166 247 414 883 904 362 353 
917 494 275 173 374 556 682 558 821 430 802 610 442 936 531 207 33 414 577 1000 904 55 869 647 335 736 610 987 337 275 196 898 691 129 605 284 489 557 367 0 566 282 603 184 908 264 662 406 706 629 
736 836 695 749 835 558 557 562 287 163 444 501 293 538 307 407 118 657 766 144 217 432 636 654 96 378 643 126 541 59 719 323 553 771 431 340 660 395 328 566 0 333 643 343 415 788 714 635 65 13 
490 623 611 887 593 55 504 392 630 716 945 929 693 538 26 155 503 461 553 105 198 314 950 547 904 955 364 872 639 272 7 245 773 660 55 634 544 291 472 282 333 0 650 601 455 847 87 697 299 807 
801 124 223 495 618 874 165 8 727 362 416 928 244 585 695 995 384 903 764 464 346 956 377 640 525 363 401 543 315 823 292 478 128 283 639 564 508 522 126 603 643 650 0 370 383 996 608 267 819 89 
526 698 381 808 540 265 494 607 398 637 5 665 697 935 452 162 262 965 156 26 706 404 571 781 488 123 494 976 300 152 668 615 261 104 119 303 473 14 166 184 343 601 370 0 496 247 307 741 602 764 
726 157 950 737 894 410 843 529 552 863 311 359 801 487 875 911 477 445 609 181 778 524 385 671 177 671 523 480 443 476 655 631 909 921 736 541 568 654 247 908 415 455 383 496 0 644 868 510 826 203 
561 599 598 269 708 383 665 470 729 198 121 451 945 590 584 195 913 781 174 316 890 516 63 668 237 297 283 177 700 664 512 100 796 123 762 202 956 805 414 264 788 847 996 247 644 0 580 842 69 962 
960 647 549 556 913 764 738 741 692 889 84 623 450 469 969 117 377 466 893 89 632 294 377 668 336 238 236 504 631 787 389 393 624 608 474 473 609 722 883 662 714 87 608 307 868 580 0 41 173 396 
437 85 489 528 693 328 134 867 807 171 575 551 362 179 327 315 779 207 592 386 370 214 437 459 633 119 927 349 333 643 368 425 499 493 560 460 908 444 904 406 635 697 267 741 510 842 41 0 634 608 
388 125 334 979 485 714 464 4 961 508 195 798 6 863 886 107 648 202 457 231 867 387 359 696 802 471 655 308 683 628 604 527 773 610 628 808 280 903 362 706 65 299 819 602 826 69 173 634 0 529 
182 482 702 512 563 291 694 998 400 955 236 269 715 466 342 637 620 29 767 63 771 689 497 229 219 340 453 842 40 938 155 729 132 553 199 934 688 431 353 629 13 807 89 764 203 962 396 608 529 0 
0 483 104 336 335 270 771 176 564 637 726 51 551 990 342 947 724 475 920 978 586 968 605 395 430 49 813 70 187 537 629 675 434 594 576 224 177 448 304 700 510 613 487 620 610 627 376 526 645 301 
483 0 500 621 35 593 679 564 88 859 51 484 57 271 294 996 479 7 348 180 635 92 934 852 448 183 853 391 730 389 492 662 629 544 815 601 936 106 72 852 884 130 854 565 713 301 601 475 68 881 
104 500 0 364 414 752 193 722 455 664 508 392 163 374 166 390 134 393 532 424 162 762 517 436 333 962 631 325 241 236 75 907 181 540 544 972 497 170 754 798 715 642 996 547 973 509 15 911 177 37 
336 621 364 0 20 23 174 587 645 454 73 772 238 859 844 814 70 179 780 780 895 333 582 802 678 356 425 846 990 681 846 322 545 320 752 103 589 514 326 337 484 789 892 808 974 154 489 292 626 308 
335 35 414 20 0 824 341 272 148 601 702 18 578 802 323 634 25 231 424 564 820 498 727 254 44 891 101 198 419 970 936 412 280 569 147 178 185 649 331 583 31 220 87 249 728 979 583 660 488 359 
270 593 752 23 824 0 521 750 689 734 601 892 149 684 366 749 696 622 216 262 759 104 39 469 581 607 155 176 357 238 769 10 944 165 383 926 301 454 141 594 50 858 446 452 414 623 475 133 909 159 
771 679 193 174 341 521 0 243 921 152 383 851 689 201 563 181 321 771 3 452 298 322 526 96 215 810 725 794 359 21 302 384 96 340 264 847 470 267 154 388 651 645 902 904 421 341 471 921 145 248 
176 564 722 587 272 750 243 0 184 842 392 996 466 376 814 53 235 289 947 432 175 878 181 367 876 914 615 36 945 330 728 536 123 432 61 28 211 34 771 354 149 71 581 578 814 804 759 428 426 326 
564 88 455 645 148 689 921 184 0 381 150 926 303 460 204 476 44 698 184 322 117 466 335 272 613 507 39 246 1 932 885 245 96 44 336 319 310 170 553 564 482 71 235 341 452 969 262 92 395 200 
637 859 664 454 601 734 152 842 381 0 192 982 513 835 276 565 304 970 249 253 260 626 320 852 340 215 353 22 16 573 837 929 635 552 686 206 634 572 400 256 376 874 722 895 903 440 395 531 346 41 
726 51 508 73 702 601 383 392 150 192 0 676 512 116 585 945 793 599 307 550 572 206 268 440 189 950 865 386 688 955 258 626 343 708 93 319 973 902 708 688 121 772 680 172 930 198 156 993 147 500 
51 484 392 772 18 892 851 996 926 982 676 0 210 129 90 354 618 334 578 95 302 167 292 649 866 96 558 312 708 241 264 28 370 577 458 892 961 337 744 780 716 929 700 873 115 335 745 577 128 325 
551 57 163 238 578 149 689 466 303 513 512 210 0 700 276 522 414 877 211 857 708 463 871 297 396 47 679 448 745 246 337 936 489 240 708 58 794 34 523 919 545 788 667 524 454 753 294 76 25 578 
990 271 374 859 802 684 201 376 460 835 116 129 700 0 364 611 391 562 415 409 585 874 809 848 583 557 129 715 423 502 742 602 25 484 471 530 785 682 418 348 786 776 418 924 367 585 521 29 287 569 
342 294 166 844 323 366 563 814 204 276 585 90 276 364 0 766 596 893 596 282 306 164 235 956 499 501 829 172 476 42 515 46 882 311 843 817 402 465 249 370 765 658 2 753 503 123 472 255 871 327 
947 996 390 814 634 749 181 53 476 565 945 354 522 611 766 0 165 851 721 314 325 329 733 829 798 10 150 520 106 859 535 141 171 189 333 265 339 143 894 661 151 540 813 296 155 917 629 315 921 908 
724 479 134 70 25 696 321 235 44 304 793 618 414 391 596 165 0 346 152 727 872 623 782 392 312 664 987 585 595 471 279 72 309 447 432 276 389 296 755 800 286 217 776 3 360 316 37 254 365 295 
475 7 393 179 231 622 771 289 698 970 599 334 877 562 893 851 346 0 48 369 779 356 836 611 161 612 252 594 793 6 40 906 990 477 319 25 290 689 992 690 691 173 717 933 282 852 181 297 316 548 
920 348 532 780 424 216 3 947 184 249 307 578 211 415 596 721 152 48 0 636 688 396 345 797 329 911 214 388 397 337 83 411 914 850 52 81 881 167 208 988 305 64 293 571 946 66 547 435 529 345 
978 180 424 780 564 262 452 432 322 253 550 95 857 409 282 314 727 369 636 0 924 332 803 127 609 405 191 980 917 264 108 873 566 705 870 721 490 526 967 247 510 206 38 312 84 930 413 112 731 414 
586 635 162 895 820 759 298 175 117 260 572 302 708 585 306 325 872 779 688 924 0 685 4 684 138 897 784 60 390 66 407 11 15 830 561 102 889 650 110 695 588 179 175 39 878 429 684 908 727 746 
968 92 762 333 498 104 322 878 466 626 206 167 463 874 164 329 623 356 396 332 685 0 221 104 553 111 513 752 438 22 760 132 844 854 485 804 250 168 919 155 19 423 412 305 603 184 708 601 457 730 
605 934 517 582 727 39 526 181 335 320 268 292 871 809 235 733 782 836 345 803 4 221 0 652 744 124 959 947 895 372 303 48 285 216 128 924 328 305 818 630 497 948 106 634 316 306 631 539 508 365 
395 852 436 802 254 469 96 367 272 852 440 649 297 848 956 829 392 611 797 127 684 104 652 0 393 237 959 290 454 804 551 689 428 461 566 608 483 484 990 213 823 693 778 907 935 707 553 581 809 88 
430 448 333 678 44 581 215 876 613 340 189 866 396 583 499 798 312 161 329 609 138 553 744 393 0 205 139 263 695 324 457 894 834 440 636 172 1000 955 686 789 624 797 123 690 55 114 239 745 708 413 
49 183 962 356 891 607 810 914 507 215 950 96 47 557 501 10 664 612 911 405 897 111 124 237 205 0 165 847 321 193 602 852 958 680 953 219 49 356 123 221 189 727 608 59 121 269 3 169 373 598 
813 853 631 425 101 155 725 615 39 353 865 558 679 129 829 150 987 252 214 191 784 513 959 959 139 165 0 722 703 607 357 857 162 593 248 556 528 195 866 946 899 699 104 819 213 626 46 606 436 633 
70 391 325 846 198 176 794 36 246 22 386 312 448 715 172 520 585 594 388 980 60 752 947 290 263 847 722 0 684 67 282 491 619 343 592 145 440 988 148 645 208 941 471 631 719 244 388 266 485 787 
187 730 241 990 419 357 359 945 1 16 688 708 745 423 476 106 595 793 397 917 390 438 895 454 695 321 703 684 0 253 253 480 22 951 135 200 891 136 564 499 213 772 305 700 105 360 547 648 83 634 
537 389 236 681 970 238 21 330 932 573 955 241 246 502 42 859 471 6 337 264 66 22 372 804 324 193 607 67 253 0 345 888 438 401 947 920 976 795 889 13 616 101 977 472 736 834 566 559 529 337 
629 492 75 846 936 769 302 728 885 837 258 264 337 742 515 535 279 40 83 108 407 760 303 551 457 602 357 282 253 345 0 98 433 217 764 90 600 143 630 363 910 198 272 477 761 423 494 152 769 27 
675 662 907 322 412 10 384 536 245 929 626 28 936 602 46 141 72 906 411 873 11 132 48 689 894 852 857 491 480 888 98 0 375 64 861 289 532 314 417 553 280 197 346 941 554 168 15 829 929 615 
434 629 181 545 280 944 96 123 96 635 343 370 489 25 882 171 309 990 914 566 15 844 285 428 834 958 162 619 22 438 433 375 0 444 668 28 551 513 243 172 644 313 604 925 329 72 524 551 48 724 
594 544 540 320 569 165 340 432 44 552 708 577 240 484 311 189 447 477 850 705 830 854 216 461 440 680 593 343 951 401 217 64 444 0 800 144 459 406 784 815 511 447 375 154 635 421 915 401 622 479 
576 815 544 752 147 383 264 61 336 686 93 458 708 471 843 333 432 319 52 870 561 485 128 566 636 953 248 592 135 947 764 861 668 800 0 144 744 771 150 717 477 424 458 461 850 701 391 710 928 248 
224 601 972 103 178 926 847 28 319 206 319 892 58 530 817 265 276 25 81 721 102 804 924 608 172 219 556 145 200 920 90 289 28 144 144 0 263 767 495 435 254 357 902 70 567 467 841 854 421 953 
177 936 497 589 185 301 470 211 310 634 973 961 794 785 402 339 389 290 881 490 889 250 328 483 1000 49 528 440 891 976 600 532 551 459 744 263 0 654 372 433 322 779 473 766 663 638 676 347 469 845 
448 106 170 514 649 454 267 34 170 572 902 337 34 682 465 143 296 689 167 526 650 168 305 484 955 356 195 988 136 795 143 314 513 406 771 767 654 0 48 350 52 391 625 378 617 417 102 480 578 155 
304 72 754 326 331 141 154 771 553 400 708 744 523 418 249 894 755 992 208 967 110 919 818 990 686 123 866 148 564 889 630 417 243 784 150 495 372 48 0 729 4 448 123 501 386 171 355 650 320 63 
700 852 798 337 583 594 388 354 564 256 688 780 919 348 370 661 800 690 988 247 695 155 630 213 789 221 946 645 499 13 363 553 172 815 717 435 433 350 729 0 764 239 299 252 888 414 428 42 666 248 
510 884 715 484 31 50 651 149 482 376 121 716 545 786 765 151 286 691 305 510 588 19 497 823 624 189 899 208 213 616 910 280 644 511 477 254 322 52 4 764 0 971 558 504 187 454 138 310 240 68 
613 130 642 789 220 858 645 71 71 874 772 929 788 776 658 540 217 173 64 206 179 423 948 693 797 727 699 941 772 101 198 197 313 447 424 357 779 391 448 239 971 0 485 177 488 82 194 864 217 888 
487 854 996 892 87 446 902 581 235 722 680 700 667 418 2 813 776 717 293 38 175 412 106 778 123 608 104 471 305 977 272 346 604 375 458 902 473 625 123 299 558 485 0 885 176 456 16 236 260 61 
620 565 547 808 249 452 904 578 341 895 172 873 524 924 753 296 3 933 571 312 39 305 634 907 690 59 819 631 700 472 477 941 925 154 461 70 766 378 501 252 504 177 885 0 429 468 711 779 772 431 
610 713 973 974 728 414 421 814 452 903 930 115 454 367 503 155 360 282 946 84 878 603 316 935 55 121 213 719 105 736 761 554 329 635 850 567 663 617 386 888 187 488 176 429 0 470 682 174 629 558 
627 301 509 154 979 623 341 804 969 440 198 335 753 585 123 917 316 852 66 930 429 184 306 707 114 269 626 244 360 834 423 168 72 421 701 467 638 417 171 414 454 82 456 468 470 0 585 701 250 676 
376 601 15 489 583 475 471 759 262 395 156 745 294 521 472 629 37 181 547 413 684 708 631 553 239 3 46 388 547 566 494 15 524 915 391 841 676 102 355 428 138 194 16 711 682 585 0 284 833 502 
526 475 911 292 660 133 921 428 92 531 993 577 76 29 255 315 254 297 435 112 908 601 539 581 745 169 606 266 648 559 152 829 551 401 710 854 347 480 650 42 310 864 236 779 174 701 284 0 276 238 
645 68 177 626 488 909 145 426 395 346 147 128 25 287 871 921 365 316 529 731 727 457 508 809 708 373 436 485 83 529 769 929 48 622 928 421 469 578 320 666 240 217 260 772 629 250 833 276 0 847 
301 881 37 308 359 159 248 326 200 41 500 325 578 569 327 908 295 548 345 414 746 730 365 88 413 598 633 787 634 337 27 615 724 479 248 953 845 155 63 248 68 888 61 431 558 676 502 238 847 0 
