70 4
0 238 188 213 379 843 385 88 339 674 269 203 753 431 249 515 572 411 585 698 447 253 385 146 279 421 825 749 873 903 545 724 74 221 322 728 371 147 104 208 758 449 151 660 200 389 129 807 332 813 33 506 404 730 651 969 1 957 879 182 952 591 478 802 893 91 406 498 806 194 
238 0 10 553 23 624 5 346 12 753 680 387 261 787 779 724 136 873 147 880 44 950 947 351 723 534 901 628 666 142 176 832 784 660 45 275 796 958 5 897 878 186 387 174 143 539 166 772 561 617 537 134 510 807 184 688 923 485 39 219 490 127 892 515 538 757 451 991 477 812 
188 10 0 554 937 117 626 930 804 678 613 498 40 195 263 100 467 267 244 926 477 432 806 358 471 461 215 784 409 896 312 454 414 495 503 853 36 723 655 712 982 596 577 456 578 101 144 611 129 839 342 42 616 715 166 841 182 104 510 120 920 174 193 38 291 321 160 149 743 359 
213 553 554 0 45 303 93 797 984 956 192 333 668 522 851 855 389 330 58 100 691 44 182 825 878 310 573 969 138 795 376 547 556 377 872 899 722 290 496 846 939 1 369 220 103 563 686 996 781 450 553 531 354 877 802 364 430 572 901 128 906 253 552 123 743 511 480 518 902 881 
379 23 937 45 0 839 930 595 828 571 237 233 11 640 390 487 698 165 285 926 393 343 529 849 784 131 983 51 806 562 996 741 841 825 622 95 974 983 626 500 271 692 624 133 895 44 98 557 851 467 111 523 400 912 999 34 77 404 54 576 768 686 617 216 914 748 501 318 897 212 
843 624 117 303 839 0 30 821 869 777 489 557 497 842 437 572 182 661 896 222 468 267 839 582 588 577 872 273 904 346 424 389 341 332 732 915 430 75 300 756 90 759 511 890 107 950 363 209 895 910 896 484 506 90 867 189 330 259 335 623 61 757 852 656 828 977 764 275 461 115 
385 5 626 93 930 30 0 27 165 915 519 401 164 661 204 435 971 155 515 694 340 565 179 383 432 73 961 925 961 849 574 88 432 439 557 452 117 290 583 610 573 352 646 936 608 612 747 551 526 455 803 931 183 423 659 535 377 376 354 534 169 112 503 562 69 376 182 8 230 891 
88 346 930 797 595 821 27 0 796 804 167 616 134 833 838 626 960 164 279 458 278 585 648 420 768 12 853 700 737 724 579 471 437 820 437 719 996 642 952 856 196 925 383 998 662 125 904 523 128 872 425 385 883 333 630 467 542 571 770 359 777 615 345 315 583 168 445 173 867 785 
339 12 804 984 828 869 165 796 0 701 1000 86 40 909 212 534 316 454 302 19 360 100 557 70 457 994 898 871 726 66 60 365 622 444 161 438 362 82 844 338 427 390 907 71 737 935 974 813 388 46 757 872 591 412 260 17 596 123 875 545 779 896 785 621 641 24 793 89 776 232 
674 753 678 956 571 777 915 804 701 0 492 193 677 31 986 834 477 622 332 412 425 884 232 713 799 358 889 458 807 8 691 556 498 670 274 753 896 553 266 758 460 113 394 343 512 913 982 499 115 930 533 260 293 245 759 81 879 218 155 653 955 330 222 642 127 111 138 667 178 212 
269 680 613 192 237 489 519 167 1000 492 0 412 625 432 53 466 757 20 540 172 675 824 680 655 893 153 106 697 194 234 249 540 893 876 6 203 701 406 67 806 422 122 67 487 296 801 163 545 898 143 372 512 415 334 520 774 934 328 619 125 871 321 616 757 148 149 788 911 484 920 
203 387 498 333 233 557 401 616 86 193 412 0 594 25 333 117 811 210 153 176 510 195 498 891 919 212 567 377 468 851 121 132 190 465 501 980 747 368 682 906 444 266 738 491 454 253 335 774 356 62 790 40 92 979 350 381 332 946 982 499 256 429 99 436 757 250 273 796 903 377 
753 261 40 668 11 497 164 134 40 677 625 594 0 235 297 961 401 7 688 906 105 96 100 464 937 543 77 669 765 440 566 766 758 648 554 574 189 193 986 914 897 474 274 338 23 89 451 365 7 390 175 120 880 752 472 154 634 649 41 21 89 289 874 359 696 778 720 289 800 718 
431 787 195 522 640 842 661 833 909 31 432 25 235 0 250 200 637 602 98 292 197 781 70 340 914 641 122 31 217 396 146 693 758 114 874 161 237 678 162 254 423 989 612 5 760 961 409 898 77 74 685 73 825 642 423 594 433 242 640 12 292 107 505 903 556 618 872 121 427 656 
249 779 263 851 390 437 204 838 212 986 53 333 297 250 0 711 503 924 522 760 751 613 717 969 503 559 122 370 27 755 386 819 647 935 586 727 855 450 878 1000 904 889 630 743 236 953 131 921 522 234 41 965 590 55 725 831 893 267 14 231 886 965 813 726 465 842 249 553 943 338 
515 724 100 855 487 572 435 626 534 834 466 117 961 200 711 0 125 31 80 958 267 71 793 113 737 649 256 248 216 637 162 531 787 328 429 512 413 775 932 52 785 26 937 543 818 323 235 55 181 277 470 774 965 341 704 139 140 899 78 51 38 409 72 143 597 795 621 36 901 547 
572 136 467 389 698 182 971 960 316 477 757 811 401 637 503 125 0 771 642 426 129 393 990 797 763 3 920 770 230 522 778 38 659 857 108 351 614 635 593 66 418 213 573 536 767 310 721 331 495 853 650 638 671 478 354 817 346 233 416 613 344 540 864 58 74 437 653 634 64 621 
411 873 267 330 165 661 155 164 454 622 20 210 7 602 924 31 771 0 598 504 846 408 316 566 416 796 136 540 78 512 227 289 9 582 422 258 610 685 620 896 770 384 386 789 760 293 396 36 681 773 559 47 502 60 143 249 543 82 82 695 502 336 497 918 63 117 847 44 358 227 
585 147 244 58 285 896 515 279 302 332 540 153 688 98 522 80 642 598 0 560 108 76 274 817 219 560 819 630 804 657 8 286 124 661 927 923 108 370 141 569 259 228 293 695 142 108 930 850 790 80 853 640 426 485 47 572 168 653 90 974 574 106 389 565 500 168 497 370 764 82 
698 880 926 100 926 222 694 458 19 412 172 176 906 292 760 958 426 504 560 0 219 488 407 18 400 188 740 21 432 921 352 637 628 674 710 231 786 884 567 705 440 821 975 639 301 185 584 928 214 189 167 256 930 677 270 851 494 297 309 60 866 904 992 91 600 293 431 275 133 649 
447 44 477 691 393 468 340 278 360 425 675 510 105 197 751 267 129 846 108 219 0 986 795 403 294 932 633 96 927 126 92 537 863 462 656 896 430 929 578 127 715 854 253 1000 922 664 929 508 408 381 811 911 467 928 105 194 337 41 322 86 990 660 87 102 80 270 104 702 856 952 
253 950 432 44 343 267 565 585 100 884 824 195 96 781 613 71 393 408 76 488 986 0 911 86 298 265 632 96 333 242 630 470 734 309 5 269 378 74 672 809 308 415 44 453 271 791 911 409 932 951 529 972 202 452 809 216 488 161 210 350 883 967 507 663 345 418 593 950 740 662 
385 947 806 182 529 839 179 648 557 232 680 498 100 70 717 793 990 316 274 407 795 911 0 592 512 385 227 780 416 792 989 223 581 833 470 240 855 409 58 72 349 692 337 672 365 736 624 792 207 385 188 607 479 551 201 920 627 277 694 521 769 1 58 728 685 668 214 49 407 253 
146 351 358 825 849 582 383 420 70 713 655 891 464 340 969 113 797 566 817 18 403 86 592 0 924 158 413 456 865 774 414 924 485 824 67 881 599 898 164 572 937 616 599 880 785 174 115 747 281 57 911 822 436 238 909 582 883 37 749 410 654 531 2 53 917 669 408 415 499 358 
279 723 471 878 784 588 432 768 457 799 893 919 937 914 503 737 763 416 219 400 294 298 512 924 0 275 536 409 524 214 500 946 615 109 756 883 873 404 647 971 434 236 223 349 146 908 582 220 217 45 326 669 433 366 576 807 171 1000 368 670 643 247 517 143 769 545 515 856 877 278 
421 534 461 310 131 577 73 12 994 358 153 212 543 641 559 649 3 796 560 188 932 265 385 158 275 0 502 367 332 793 102 556 139 830 124 117 727 58 663 163 354 726 417 582 463 827 543 529 121 275 564 920 740 621 463 708 386 206 190 35 800 676 493 352 161 84 695 982 216 676 
825 901 215 573 983 872 961 853 898 889 106 567 77 122 122 256 920 136 819 740 633 632 227 413 536 502 0 597 57 181 955 123 808 938 364 480 36 399 582 377 453 642 683 64 87 972 821 486 113 243 781 289 214 817 360 871 826 544 294 518 600 887 611 24 363 861 659 983 859 460 
749 628 784 969 51 273 925 700 871 458 697 377 669 31 370 248 770 540 630 21 96 96 780 456 409 367 597 0 843 388 411 231 595 879 840 702 259 190 601 517 139 726 553 660 521 770 627 270 28 403 271 50 49 596 635 5 54 326 73 984 824 931 447 673 773 335 784 864 304 627 
873 666 409 138 806 904 961 737 726 807 194 468 765 217 27 216 230 78 804 432 927 333 416 865 524 332 57 843 0 40 295 788 168 497 668 916 21 813 988 750 578 205 874 720 709 974 298 872 432 785 615 616 411 566 800 579 785 454 79 19 248 722 483 800 42 486 868 981 24 736 
903 142 896 795 562 346 849 724 66 8 234 851 440 396 755 637 522 512 657 921 126 242 792 774 214 793 181 388 40 0 446 679 634 41 352 147 899 674 353 824 796 431 62 624 855 288 740 910 258 334 333 493 268 226 59 831 924 117 503 719 52 885 701 845 613 202 453 120 344 452 
545 176 312 376 996 424 574 579 60 691 249 121 566 146 386 162 778 227 8 352 92 630 989 414 500 102 955 411 295 446 0 999 376 712 746 576 902 344 490 469 495 863 983 309 490 489 151 535 323 860 196 461 438 527 263 466 197 262 625 637 899 1000 221 226 375 579 943 585 348 328 
724 832 454 547 741 389 88 471 365 556 540 132 766 693 819 531 38 289 286 637 537 470 223 924 946 556 123 231 788 679 999 0 412 364 9 464 839 41 659 367 210 489 227 965 965 382 132 350 5 517 971 298 784 51 289 783 309 562 437 705 339 763 141 118 774 735 437 447 106 366 
74 784 414 556 841 341 432 437 622 498 893 190 758 758 647 787 659 9 124 628 863 734 581 485 615 139 808 595 168 634 376 412 0 710 571 100 651 772 83 975 163 507 434 90 470 820 822 91 142 41 349 712 650 770 494 486 492 446 950 119 205 721 583 514 987 724 478 606 331 532 
221 660 495 377 825 332 439 820 444 670 876 465 648 114 935 328 857 582 661 674 462 309 833 824 109 830 938 879 497 41 712 364 710 0 930 225 91 762 332 685 728 759 908 429 469 336 486 566 376 589 343 321 695 202 952 482 702 520 610 563 65 715 335 611 78 693 460 470 742 299 
322 45 503 872 622 732 557 437 161 274 6 501 554 874 586 429 108 422 927 710 656 5 470 67 756 124 364 840 668 352 746 9 571 930 0 45 974 338 291 746 1 840 557 956 426 438 332 87 7 792 238 234 357 616 862 52 835 325 524 931 616 488 193 667 253 499 945 303 217 487 
728 275 853 899 95 915 452 719 438 753 203 980 574 161 727 512 351 258 923 231 896 269 240 881 883 117 480 702 916 147 576 464 100 225 45 0 881 583 168 391 82 830 83 703 808 631 443 867 990 252 307 641 438 26 831 847 469 529 739 530 724 481 470 334 825 726 449 197 797 404 
371 796 36 722 974 430 117 996 362 896 701 747 189 237 855 413 614 610 108 786 430 378 855 599 873 727 36 259 21 899 902 839 651 91 974 881 0 514 186 799 112 354 279 760 151 266 93 641 628 190 519 825 853 414 912 973 396 444 334 33 12 727 952 490 230 232 669 201 965 858 
147 958 723 290 983 75 290 642 82 553 406 368 193 678 450 775 635 685 370 884 929 74 409 898 404 58 399 190 813 674 344 41 772 762 338 583 514 0 232 270 819 702 78 173 107 346 228 763 800 694 960 149 167 546 269 509 248 148 742 37 589 19 936 689 943 656 543 248 536 744 
104 5 655 496 626 300 583 952 844 266 67 682 986 162 878 932 593 620 141 567 578 672 58 164 647 663 582 601 988 353 490 659 83 332 291 168 186 232 0 913 130 524 301 37 772 811 933 496 731 377 664 30 215 87 114 262 557 117 119 933 320 188 718 457 2 788 482 308 354 58 
208 897 712 846 500 756 610 856 338 758 806 906 914 254 1000 52 66 896 569 705 127 809 72 572 971 163 377 517 750 824 469 367 975 685 746 391 799 270 913 0 43 818 879 527 722 266 659 766 961 921 972 181 46 590 164 596 319 756 39 30 169 112 957 280 194 597 174 567 169 334 
758 878 982 939 271 90 573 196 427 460 422 444 897 423 904 785 418 770 259 440 715 308 349 937 434 354 453 139 578 796 495 210 163 728 1 82 112 819 130 43 0 992 361 520 145 464 893 907 418 586 980 532 11 272 587 610 390 632 658 809 940 153 733 219 182 497 835 549 44 383 
449 186 596 1 692 759 352 925 390 113 122 266 474 989 889 26 213 384 228 821 854 415 692 616 236 726 642 726 205 431 863 489 507 759 840 830 354 702 524 818 992 0 244 962 370 681 390 271 2 32 780 685 63 541 341 434 283 262 267 462 445 723 505 92 41 780 570 831 344 612 
151 387 577 369 624 511 646 383 907 394 67 738 274 612 630 937 573 386 293 975 253 44 337 599 223 417 683 553 874 62 983 227 434 908 557 83 279 78 301 879 361 244 0 385 976 281 843 960 526 781 216 82 558 193 972 605 87 261 963 409 10 879 414 895 426 228 720 64 432 974 
660 174 456 220 133 890 936 998 71 343 487 491 338 5 743 543 536 789 695 639 1000 453 672 880 349 582 64 660 720 624 309 965 90 429 956 703 760 173 37 527 520 962 385 0 651 658 40 209 942 307 996 522 357 653 875 19 98 603 310 461 174 60 683 516 692 404 767 806 425 485 
200 143 578 103 895 107 608 662 737 512 296 454 23 760 236 818 767 760 142 301 922 271 365 785 146 463 87 521 709 855 490 965 470 469 426 808 151 107 772 722 145 370 976 651 0 241 929 194 20 414 779 536 615 546 871 218 787 814 907 630 404 811 368 429 118 294 599 769 978 664 
389 539 101 563 44 950 612 125 935 913 801 253 89 961 953 323 310 293 108 185 664 791 736 174 908 827 972 770 974 288 489 382 820 336 438 631 266 346 811 266 464 681 281 658 241 0 353 637 370 865 666 670 409 459 695 810 132 456 604 350 51 648 689 527 132 136 155 144 697 856 
129 166 144 686 98 363 747 904 974 982 163 335 451 409 131 235 721 396 930 584 929 911 624 115 582 543 821 627 298 740 151 132 822 486 332 443 93 228 933 659 893 390 843 40 929 353 0 342 439 701 364 833 409 978 757 823 392 755 723 558 435 382 795 355 955 323 360 166 784 870 
807 772 611 996 557 209 551 523 813 499 545 774 365 898 921 55 331 36 850 928 508 409 792 747 220 529 486 270 872 910 535 350 91 566 87 867 641 763 496 766 907 271 960 209 194 637 342 0 367 224 143 26 400 388 355 464 889 327 494 676 554 886 130 928 278 389 148 529 83 432 
332 561 129 781 851 895 526 128 388 115 898 356 7 77 522 181 495 681 790 214 408 932 207 281 217 121 113 28 432 258 323 5 142 376 7 990 628 800 731 961 418 2 526 942 20 370 439 367 0 200 567 522 948 509 187 31 541 339 650 421 462 822 760 438 438 362 188 711 871 262 
813 617 839 450 467 910 455 872 46 930 143 62 390 74 234 277 853 773 80 189 381 951 385 57 45 275 243 403 785 334 860 517 41 589 792 252 190 694 377 921 586 32 781 307 414 865 701 224 200 0 787 783 406 534 400 523 791 702 21 179 47 340 271 889 912 281 170 75 303 803 
33 537 342 553 111 896 803 425 757 533 372 790 175 685 41 470 650 559 853 167 811 529 188 911 326 564 781 271 615 333 196 971 349 343 238 307 519 960 664 972 980 780 216 996 779 666 364 143 567 787 0 925 180 211 720 556 788 727 117 943 722 349 421 525 2 404 523 315 772 713 
506 134 42 531 523 484 931 385 872 260 512 40 120 73 965 774 638 47 640 256 911 972 607 822 669 920 289 50 616 493 461 298 712 321 234 641 825 149 30 181 532 685 82 522 536 670 833 26 522 783 925 0 806 731 960 459 321 786 275 732 613 350 148 706 733 52 393 912 485 650 
404 510 616 354 400 506 183 883 591 293 415 92 880 825 590 965 671 502 426 930 467 202 479 436 433 740 214 49 411 268 438 784 650 695 357 438 853 167 215 46 11 63 558 357 615 409 409 400 948 406 180 806 0 873 117 378 175 297 580 838 233 655 528 919 487 409 283 797 279 337 
730 807 715 877 912 90 423 333 412 245 334 979 752 642 55 341 478 60 485 677 928 452 551 238 366 621 817 596 566 226 527 51 770 202 616 26 414 546 87 590 272 541 193 653 546 459 978 388 509 534 211 731 873 0 796 299 506 1 932 829 47 898 512 874 160 939 75 926 55 343 
651 184 166 802 999 867 659 630 260 759 520 350 472 423 725 704 354 143 47 270 105 809 201 909 576 463 360 635 800 59 263 289 494 952 862 831 912 269 114 164 587 341 972 875 871 695 757 355 187 400 720 960 117 796 0 372 390 770 889 124 467 79 749 881 414 423 454 823 83 786 
969 688 841 364 34 189 535 467 17 81 774 381 154 594 831 139 817 249 572 851 194 216 920 582 807 708 871 5 579 831 466 783 486 482 52 847 973 509 262 596 610 434 605 19 218 810 823 464 31 523 556 459 378 299 372 0 301 831 272 704 580 605 940 674 335 806 987 999 940 460 
1 923 182 430 77 330 377 542 596 879 934 332 634 433 893 140 346 543 168 494 337 488 627 883 171 386 826 54 785 924 197 309 492 702 835 469 396 248 557 319 390 283 87 98 787 132 392 889 541 791 788 321 175 506 390 301 0 540 912 94 355 328 170 548 806 435 24 450 27 770 
957 485 104 572 404 259 376 571 123 218 328 946 649 242 267 899 233 82 653 297 41 161 277 37 1000 206 544 326 454 117 262 562 446 520 325 529 444 148 117 756 632 262 261 603 814 456 755 327 339 702 727 786 297 1 770 831 540 0 74 374 927 384 219 516 784 220 285 722 217 218 
879 39 510 901 54 335 354 770 875 155 619 982 41 640 14 78 416 82 90 309 322 210 694 749 368 190 294 73 79 503 625 437 950 610 524 739 334 742 119 39 658 267 963 310 907 604 723 494 650 21 117 275 580 932 889 272 912 74 0 503 826 795 74 310 977 409 1 941 419 201 
182 219 120 128 576 623 534 359 545 653 125 499 21 12 231 51 613 695 974 60 86 350 521 410 670 35 518 984 19 719 637 705 119 563 931 530 33 37 933 30 809 462 409 461 630 350 558 676 421 179 943 732 838 829 124 704 94 374 503 0 717 380 643 394 210 413 85 28 30 251 
952 490 920 906 768 61 169 777 779 955 871 256 89 292 886 38 344 502 574 866 990 883 769 654 643 800 600 824 248 52 899 339 205 65 616 724 12 589 320 169 940 445 10 174 404 51 435 554 462 47 722 613 233 47 467 580 355 927 826 717 0 937 380 183 537 19 916 480 174 576 
591 127 174 253 686 757 112 615 896 330 321 429 289 107 965 409 540 336 106 904 660 967 1 531 247 676 887 931 722 885 1000 763 721 715 488 481 727 19 188 112 153 723 879 60 811 648 382 886 822 340 349 350 655 898 79 605 328 384 795 380 937 0 698 626 951 937 486 49 528 962 
478 892 193 552 617 852 503 345 785 222 616 99 874 505 813 72 864 497 389 992 87 507 58 2 517 493 611 447 483 701 221 141 583 335 193 470 952 936 718 957 733 505 414 683 368 689 795 130 760 271 421 148 528 512 749 940 170 219 74 643 380 698 0 619 466 219 942 267 184 79 
802 515 38 123 216 656 562 315 621 642 757 436 359 903 726 143 58 918 565 91 102 663 728 53 143 352 24 673 800 845 226 118 514 611 667 334 490 689 457 280 219 92 895 516 429 527 355 928 438 889 525 706 919 874 881 674 548 516 310 394 183 626 619 0 966 15 222 58 461 325 
893 538 291 743 914 828 69 583 641 127 148 757 696 556 465 597 74 63 500 600 80 345 685 917 769 161 363 773 42 613 375 774 987 78 253 825 230 943 2 194 182 41 426 692 118 132 955 278 438 912 2 733 487 160 414 335 806 784 977 210 537 951 466 966 0 836 465 127 503 955 
91 757 321 511 748 977 376 168 24 111 149 250 778 618 842 795 437 117 168 293 270 418 668 669 545 84 861 335 486 202 579 735 724 693 499 726 232 656 788 597 497 780 228 404 294 136 323 389 362 281 404 52 409 939 423 806 435 220 409 413 19 937 219 15 836 0 702 556 509 533 
406 451 160 480 501 764 182 445 793 138 788 273 720 872 249 621 653 847 497 431 104 593 214 408 515 695 659 784 868 453 943 437 478 460 945 449 669 543 482 174 835 570 720 767 599 155 360 148 188 170 523 393 283 75 454 987 24 285 1 85 916 486 942 222 465 702 0 139 532 310 
498 991 149 518 318 275 8 173 89 667 911 796 289 121 553 36 634 44 370 275 702 950 49 415 856 982 983 864 981 120 585 447 606 470 303 197 201 248 308 567 549 831 64 806 769 144 166 529 711 75 315 912 797 926 823 999 450 722 941 28 480 49 267 58 127 556 139 0 597 708 
806 477 743 902 897 461 230 867 776 178 484 903 800 427 943 901 64 358 764 133 856 740 407 499 877 216 859 304 24 344 348 106 331 742 217 797 965 536 354 169 44 344 432 425 978 697 784 83 871 303 772 485 279 55 83 940 27 217 419 30 174 528 184 461 503 509 532 597 0 221 
194 812 359 881 212 115 891 785 232 212 920 377 718 656 338 547 621 227 82 649 952 662 253 358 278 676 460 627 736 452 328 366 532 299 487 404 858 744 58 334 383 612 974 485 664 856 870 432 262 803 713 650 337 343 786 460 770 218 201 251 576 962 79 325 955 533 310 708 221 0 
0 373 405 998 227 976 236 897 344 274 82 58 333 700 984 546 882 488 251 111 83 243 304 112 971 220 703 73 66 401 254 266 779 946 705 639 841 755 773 316 298 588 24 582 294 606 71 386 306 692 982 428 146 719 974 143 619 624 198 360 164 715 290 974 333 863 480 926 776 6 
373 0 970 356 211 61 626 828 405 579 317 434 362 200 894 967 517 151 868 874 475 164 123 372 56 527 942 818 405 533 724 48 892 565 641 254 372 658 424 682 507 138 729 505 929 923 287 44 896 42 876 409 278 799 497 597 496 143 489 117 675 225 89 356 196 718 156 226 267 176 
405 970 0 695 752 133 152 216 633 813 927 317 175 3 853 66 412 388 591 871 749 438 647 615 296 719 836 311 374 339 656 196 483 929 65 20 564 539 714 56 994 556 233 735 473 535 838 541 684 170 288 209 199 979 896 732 196 440 158 138 94 21 948 573 914 426 391 157 161 237 
998 356 695 0 789 788 9 958 851 489 351 612 49 508 379 9 246 25 949 640 936 26 186 985 545 759 273 443 227 15 243 81 63 815 381 471 219 742 846 729 504 203 686 432 715 31 421 359 924 379 395 655 486 978 809 246 760 686 837 53 372 446 512 201 902 144 798 47 844 841 
227 211 752 789 0 449 583 601 805 453 121 69 922 356 90 63 793 36 86 876 603 65 254 445 429 181 679 892 315 231 115 560 761 413 939 727 229 582 139 216 573 646 206 890 452 602 966 614 550 180 23 671 669 189 273 704 470 455 501 302 754 604 997 569 986 356 222 384 748 982 
976 61 133 788 449 0 213 469 176 129 443 263 427 842 412 112 207 180 886 314 864 490 3 717 687 639 848 223 825 645 286 82 185 468 276 742 383 847 847 32 717 399 887 184 513 538 740 380 145 566 492 831 199 241 472 922 850 245 285 826 792 765 201 747 262 126 437 280 155 976 
236 626 152 9 583 213 0 346 76 648 146 417 35 468 983 451 822 816 62 376 916 969 905 908 78 111 959 242 561 128 163 664 443 873 43 759 49 201 376 185 159 339 392 127 454 994 770 655 220 547 935 347 622 860 876 272 454 946 126 796 47 825 496 110 79 115 528 74 578 365 
897 828 216 958 601 469 346 0 979 49 62 614 819 23 942 768 672 968 665 855 60 644 746 487 315 692 548 319 151 67 520 504 603 470 565 76 546 713 717 634 241 423 63 524 589 978 848 367 115 212 575 282 429 510 381 729 890 639 819 239 24 558 999 783 700 323 891 84 858 268 
344 405 633 851 805 176 76 979 0 974 49 481 661 94 726 708 656 785 242 53 38 750 897 440 99 795 493 141 232 303 230 780 889 857 871 981 126 980 623 904 462 609 917 329 846 985 852 775 736 696 973 431 523 577 835 558 225 596 499 179 703 811 407 957 199 685 612 631 410 740 
274 579 813 489 453 129 648 49 974 0 366 295 552 465 964 776 70 394 432 454 473 444 995 339 171 862 232 25 245 638 817 269 840 990 331 880 698 845 19 135 914 202 217 662 579 586 920 575 564 829 256 255 89 844 384 545 624 508 176 683 94 774 953 906 237 696 661 810 423 711 
82 317 927 351 121 443 146 62 49 366 0 773 903 178 640 486 679 166 257 568 287 79 41 15 684 339 267 689 467 430 756 703 888 945 417 758 808 423 769 489 839 40 754 824 525 587 317 200 203 525 476 672 323 258 436 841 449 220 472 185 442 880 137 130 544 90 458 399 557 705 
58 434 317 612 69 263 417 614 481 295 773 0 271 422 964 73 793 677 344 161 208 203 308 892 720 135 24 590 884 176 321 928 679 116 93 328 378 823 333 219 732 716 902 54 643 235 117 918 815 130 817 520 280 553 699 685 865 237 692 438 362 846 529 62 590 72 228 636 763 98 
333 362 175 49 922 427 35 819 661 552 903 271 0 851 948 720 316 90 576 251 881 77 770 254 33 285 417 546 787 709 908 905 309 355 436 263 116 539 723 693 787 702 164 197 881 231 930 492 60 259 193 267 732 58 982 782 186 552 549 821 186 574 44 50 121 24 144 753 957 969 
700 200 3 508 356 842 468 23 94 465 178 422 851 0 573 988 511 999 156 118 495 548 658 433 206 891 891 74 51 213 712 710 565 850 850 535 432 867 881 515 58 92 234 693 636 175 548 979 857 260 8 578 131 623 891 339 458 64 296 231 307 38 943 129 830 713 812 821 651 465 
984 894 853 379 90 412 983 942 726 964 640 964 948 573 0 301 920 830 448 950 856 93 650 69 274 845 68 529 269 359 464 578 32 295 566 321 111 717 719 439 995 58 342 228 390 591 214 964 195 960 365 904 727 786 617 398 551 758 483 29 37 433 89 990 276 149 242 691 914 273 
546 967 66 9 63 112 451 768 708 776 486 73 720 988 301 0 864 958 516 458 836 782 599 399 143 175 43 379 970 784 614 386 105 30 299 600 200 661 841 477 22 117 543 204 917 738 335 231 307 734 694 461 545 716 608 392 354 452 217 286 907 990 750 5 951 845 174 397 539 805 
882 517 412 246 793 207 822 672 656 70 679 793 316 511 920 864 0 385 61 824 572 578 722 175 519 942 910 464 822 17 17 251 777 598 407 60 58 934 442 481 147 200 4 208 86 185 45 695 603 611 394 331 587 454 980 349 206 438 159 749 257 69 474 305 711 3 231 684 321 141 
488 151 388 25 36 180 816 968 785 394 166 677 90 999 830 958 385 0 837 175 518 518 29 784 704 623 62 141 497 850 51 489 468 352 73 984 552 805 717 870 267 432 628 959 951 95 538 506 213 337 13 349 98 638 144 814 253 918 141 40 775 651 88 328 436 314 192 347 522 299 
251 868 591 949 86 886 62 665 242 432 257 344 576 156 448 516 61 837 0 627 203 305 444 910 104 787 356 217 917 998 476 60 960 594 295 669 977 949 947 468 537 896 201 452 100 800 750 61 985 994 628 849 244 115 560 262 208 770 896 490 221 104 315 735 581 997 533 499 84 554 
111 874 871 640 876 314 376 855 53 454 568 161 251 118 950 458 824 175 627 0 604 305 599 835 395 457 190 778 83 134 845 860 242 653 191 581 88 349 868 345 353 354 498 584 757 951 225 20 447 94 367 372 610 777 637 658 132 985 400 300 107 586 621 262 715 320 918 249 397 189 
83 475 749 936 603 864 916 60 38 473 287 208 881 495 856 836 572 518 203 604 0 40 640 988 607 126 574 783 145 96 986 588 350 813 229 431 481 610 426 217 1 258 445 622 516 934 61 882 619 634 261 800 227 957 314 206 870 765 424 61 412 921 558 339 435 714 277 920 802 151 
243 164 438 26 65 490 969 644 750 444 79 203 77 548 93 782 578 518 305 305 40 0 41 526 589 561 892 632 82 820 111 768 693 818 401 169 38 382 598 487 156 299 490 614 207 307 562 965 94 726 251 111 674 771 988 662 52 41 287 885 156 803 173 458 379 127 289 696 248 59 
304 123 647 186 254 3 905 746 897 995 41 308 770 658 650 599 722 29 444 599 640 41 0 718 536 388 736 720 127 905 421 182 487 911 655 650 679 296 559 863 520 901 854 47 323 302 168 289 92 739 609 816 100 195 230 97 873 80 613 833 984 224 100 582 978 556 723 977 16 108 
112 372 615 985 445 717 908 487 440 339 15 892 254 433 69 399 175 784 910 835 988 526 718 0 628 506 140 698 486 163 782 372 59 788 756 173 108 115 335 938 167 455 739 348 799 228 29 657 951 400 994 462 624 107 117 446 984 329 760 421 86 166 862 65 509 892 870 445 782 197 
971 56 296 545 429 687 78 315 99 171 684 720 33 206 274 143 519 704 104 395 607 589 536 628 0 657 9 648 697 230 994 641 321 64 468 101 579 525 186 613 787 330 263 508 35 333 536 909 525 696 814 192 197 415 665 876 618 368 696 327 136 986 239 248 648 800 903 73 35 334 
220 527 719 759 181 639 111 692 795 862 339 135 285 891 845 175 942 623 787 457 126 561 388 506 657 0 306 363 336 482 783 261 622 318 663 313 375 188 223 232 484 965 985 627 285 687 137 910 94 704 560 274 811 999 746 340 814 932 837 476 326 754 246 790 794 331 704 87 983 689 
703 942 836 273 679 848 959 548 493 232 267 24 417 891 68 43 910 62 356 190 574 892 736 140 9 306 0 848 71 248 983 171 290 635 884 958 285 936 613 129 219 497 795 408 515 275 357 344 85 354 884 798 702 172 734 814 455 341 930 214 738 858 945 130 574 284 393 55 569 869 
73 818 311 443 892 223 242 319 141 25 689 590 546 74 529 379 464 141 217 778 783 632 720 698 648 363 848 0 910 260 423 679 146 280 454 836 744 369 910 620 263 183 353 294 640 363 62 821 982 95 784 762 68 821 663 220 372 879 777 859 15 154 937 877 238 429 33 89 785 417 
66 405 374 227 315 825 561 151 232 245 467 884 787 51 269 970 822 497 917 83 145 82 127 486 697 336 71 910 0 652 977 160 435 17 812 617 634 141 337 472 600 679 758 211 153 606 347 139 698 797 116 395 711 460 700 791 827 859 699 99 10 764 464 285 187 744 603 455 776 698 
401 533 339 15 231 645 128 67 303 638 430 176 709 213 359 784 17 850 998 134 96 820 905 163 230 482 248 260 652 0 780 641 321 366 701 209 682 869 622 705 684 139 248 81 815 411 870 288 976 354 764 444 756 914 987 685 84 524 171 981 143 110 696 268 879 530 332 430 780 395 
254 724 656 243 115 286 163 520 230 817 756 321 908 712 464 614 17 51 476 845 986 111 421 782 994 783 983 423 977 780 0 835 955 17 428 955 713 242 522 84 733 119 263 292 694 217 366 95 242 417 409 913 280 285 528 33 582 317 262 49 258 772 709 101 609 504 779 452 266 228 
266 48 196 81 560 82 664 504 780 269 703 928 905 710 578 386 251 489 60 860 588 768 182 372 641 261 171 679 160 641 835 0 842 763 63 169 473 200 492 989 190 99 318 781 356 640 491 388 59 596 278 832 509 344 711 671 718 195 940 617 152 701 232 976 580 255 676 761 903 555 
779 892 483 63 761 185 443 603 889 840 888 679 309 565 32 105 777 468 960 242 350 693 487 59 321 622 290 146 435 321 955 842 0 219 407 937 384 30 555 940 460 176 50 541 79 495 662 959 979 775 553 310 963 893 745 16 417 756 642 722 181 424 265 729 649 285 354 719 788 633 
946 565 929 815 413 468 873 470 857 990 945 116 355 850 295 30 598 352 594 653 813 818 911 788 64 318 635 280 17 366 17 763 219 0 36 475 699 218 911 33 246 532 122 596 579 163 205 935 993 991 380 775 481 412 782 682 549 822 337 327 560 290 57 35 547 543 740 142 732 195 
705 641 65 381 939 276 43 565 871 331 417 93 436 850 566 299 407 73 295 191 229 401 655 756 468 663 884 454 812 701 428 63 407 36 0 924 239 923 177 359 51 736 164 43 333 139 350 462 777 569 857 557 208 426 373 840 754 527 18 425 533 154 441 649 210 609 15 200 108 466 
639 254 20 471 727 742 759 76 981 880 758 328 263 535 321 600 60 984 669 581 431 169 650 173 101 313 958 836 617 209 955 169 937 475 924 0 975 644 655 685 382 727 495 860 504 193 537 534 633 391 404 519 312 519 737 437 999 964 30 78 445 969 188 599 943 85 475 468 909 847 
841 372 564 219 229 383 49 546 126 698 808 378 116 432 111 200 58 552 977 88 481 38 679 108 579 375 285 744 634 682 713 473 384 699 239 975 0 592 655 89 425 30 178 659 990 720 307 284 658 759 305 499 180 70 835 302 227 545 866 461 319 474 982 880 985 292 129 602 891 570 
755 658 539 742 582 847 201 713 980 845 423 823 539 867 717 661 934 805 949 349 610 382 296 115 525 188 936 369 141 869 242 200 30 218 923 644 592 0 527 920 744 139 112 219 174 399 850 727 52 939 654 588 239 586 178 257 697 478 547 157 286 170 173 862 586 93 388 460 368 782 
773 424 714 846 139 847 376 717 623 19 769 333 723 881 719 841 442 717 947 868 426 598 559 335 186 223 613 910 337 622 522 492 555 911 177 655 655 527 0 965 459 565 924 89 656 251 461 646 20 208 963 793 815 194 601 557 838 883 411 990 955 846 542 582 423 482 215 572 252 723 
316 682 56 729 216 32 185 634 904 135 489 219 693 515 439 477 481 870 468 345 217 487 863 938 613 232 129 620 472 705 84 989 940 33 359 685 89 920 965 0 426 969 614 526 338 323 917 485 776 298 631 445 918 2 445 541 171 878 915 670 14 221 373 312 91 570 859 445 431 927 
298 507 994 504 573 717 159 241 462 914 839 732 787 58 995 22 147 267 537 353 1 156 520 167 787 484 219 263 600 684 733 190 460 246 51 382 425 744 459 426 0 105 693 373 283 987 765 175 969 816 753 812 19 491 518 79 865 244 386 803 947 704 743 698 249 115 817 89 663 519 
588 138 556 203 646 399 339 423 609 202 40 716 702 92 58 117 200 432 896 354 258 299 901 455 330 965 497 183 679 139 119 99 176 532 736 727 30 139 565 969 105 0 225 163 903 137 538 561 888 184 338 125 332 328 391 302 374 352 398 766 857 659 179 522 611 769 477 142 622 313 
24 729 233 686 206 887 392 63 917 217 754 902 164 234 342 543 4 628 201 498 445 490 854 739 263 985 795 353 758 248 263 318 50 122 164 495 178 112 924 614 693 225 0 669 375 826 32 926 516 153 434 924 746 994 697 424 489 791 722 477 27 792 499 880 562 570 992 528 795 111 
582 505 735 432 890 184 127 524 329 662 824 54 197 693 228 204 208 959 452 584 622 614 47 348 508 627 408 294 211 81 292 781 541 596 43 860 659 219 89 526 373 163 669 0 291 388 466 580 225 201 627 505 212 745 770 800 143 704 777 129 726 552 885 685 655 934 437 240 176 363 
294 929 473 715 452 513 454 589 846 579 525 643 881 636 390 917 86 951 100 757 516 207 323 799 35 285 515 640 153 815 694 356 79 579 333 504 990 174 656 338 283 903 375 291 0 619 606 758 21 254 212 919 393 179 9 805 80 765 147 193 382 52 901 832 713 158 392 787 669 606 
606 923 535 31 602 538 994 978 985 586 587 235 231 175 591 738 185 95 800 951 934 307 302 228 333 687 275 363 606 411 217 640 495 163 139 193 720 399 251 323 987 137 826 388 619 0 548 657 949 863 460 981 540 210 707 825 192 209 934 28 549 538 936 420 330 925 510 686 507 931 
71 287 838 421 966 740 770 848 852 920 317 117 930 548 214 335 45 538 750 225 61 562 168 29 536 137 357 62 347 870 366 491 662 205 350 537 307 850 461 917 765 538 32 466 606 548 0 586 695 816 790 931 553 12 521 500 744 711 867 622 870 42 304 334 63 22 457 223 836 571 
386 44 541 359 614 380 655 367 775 575 200 918 492 979 964 231 695 506 61 20 882 965 289 657 909 910 344 821 139 288 95 388 959 935 462 534 284 727 646 485 175 561 926 580 758 657 586 0 153 822 716 947 762 383 895 811 988 494 990 413 73 990 44 332 104 386 262 157 280 813 
306 896 684 924 550 145 220 115 736 564 203 815 60 857 195 307 603 213 985 447 619 94 92 951 525 94 85 982 698 976 242 59 979 993 777 633 658 52 20 776 969 888 516 225 21 949 695 153 0 349 764 989 607 751 298 421 392 966 945 392 346 636 458 892 95 80 744 910 407 343 
692 42 170 379 180 566 547 212 696 829 525 130 259 260 960 734 611 337 994 94 634 726 739 400 696 704 354 95 797 354 417 596 775 991 569 391 759 939 208 298 816 184 153 201 254 863 816 822 349 0 756 369 451 956 704 784 819 280 775 832 228 976 587 680 259 325 433 510 361 896 
982 876 288 395 23 492 935 575 973 256 476 817 193 8 365 694 394 13 628 367 261 251 609 994 814 560 884 784 116 764 409 278 553 380 857 404 305 654 963 631 753 338 434 627 212 460 790 716 764 756 0 182 866 405 404 766 501 662 636 228 862 348 153 552 325 863 75 417 709 864 
428 409 209 655 671 831 347 282 431 255 672 520 267 578 904 461 331 349 849 372 800 111 816 462 192 274 798 762 395 444 913 832 310 775 557 519 499 588 793 445 812 125 924 505 919 981 931 947 989 369 182 0 614 808 981 40 16 781 202 431 334 683 40 35 561 274 599 829 842 801 
146 278 199 486 669 199 622 429 523 89 323 280 732 131 727 545 587 98 244 610 227 674 100 624 197 811 702 68 711 756 280 509 963 481 208 312 180 239 815 918 19 332 746 212 393 540 553 762 607 451 866 614 0 946 61 229 6 763 31 708 273 317 325 582 677 128 609 282 346 258 
719 799 979 978 189 241 860 510 577 844 258 553 58 623 786 716 454 638 115 777 957 771 195 107 415 999 172 821 460 914 285 344 893 412 426 519 70 586 194 2 491 328 994 745 179 210 12 383 751 956 405 808 946 0 576 581 498 3 480 319 474 353 596 531 541 75 595 466 165 629 
974 497 896 809 273 472 876 381 835 384 436 699 982 891 617 608 980 144 560 637 314 988 230 117 665 746 734 663 700 987 528 711 745 782 373 737 835 178 601 445 518 391 697 770 9 707 521 895 298 704 404 981 61 576 0 729 814 650 346 605 602 53 812 62 667 433 184 859 666 370 
143 597 732 246 704 922 272 729 558 545 841 685 782 339 398 392 349 814 262 658 206 662 97 446 876 340 814 220 791 685 33 671 16 682 840 437 302 257 557 541 79 302 424 800 805 825 500 811 421 784 766 40 229 581 729 0 199 151 933 847 937 463 964 891 765 639 687 877 481 491 
619 496 196 760 470 850 454 890 225 624 449 865 186 458 551 354 206 253 208 132 870 52 873 984 618 814 455 372 827 84 582 718 417 549 754 999 227 697 838 171 865 374 489 143 80 192 744 988 392 819 501 16 6 498 814 199 0 350 117 684 103 61 187 139 556 687 112 106 488 44 
624 143 440 686 455 245 946 639 596 508 220 237 552 64 758 452 438 918 770 985 765 41 80 329 368 932 341 879 859 524 317 195 756 822 527 964 545 478 883 878 244 352 791 704 765 209 711 494 966 280 662 781 763 3 650 151 350 0 215 533 383 646 813 811 557 563 979 484 145 514 
198 489 158 837 501 285 126 819 499 176 472 692 549 296 483 217 159 141 896 400 424 287 613 760 696 837 930 777 699 171 262 940 642 337 18 30 866 547 411 915 386 398 722 777 147 934 867 990 945 775 636 202 31 480 346 933 117 215 0 951 798 199 718 878 135 536 896 877 578 811 
360 117 138 53 302 826 796 239 179 683 185 438 821 231 29 286 749 40 490 300 61 885 833 421 327 476 214 859 99 981 49 617 722 327 425 78 461 157 990 670 803 766 477 129 193 28 622 413 392 832 228 431 708 319 605 847 684 533 951 0 623 519 376 4 236 802 919 240 247 247 
164 675 94 372 754 792 47 24 703 94 442 362 186 307 37 907 257 775 221 107 412 156 984 86 136 326 738 15 10 143 258 152 181 560 533 445 319 286 955 14 947 857 27 726 382 549 870 73 346 228 862 334 273 474 602 937 103 383 798 623 0 98 872 822 192 263 875 937 58 296 
715 225 21 446 604 765 825 558 811 774 880 846 574 38 433 990 69 651 104 586 921 803 224 166 986 754 858 154 764 110 772 701 424 290 154 969 474 170 846 221 704 659 792 552 52 538 42 990 636 976 348 683 317 353 53 463 61 646 199 519 98 0 265 469 546 189 243 538 592 996 
290 89 948 512 997 201 496 999 407 953 137 529 44 943 89 750 474 88 315 621 558 173 100 862 239 246 945 937 464 696 709 232 265 57 441 188 982 173 542 373 743 179 499 885 901 936 304 44 458 587 153 40 325 596 812 964 187 813 718 376 872 265 0 715 443 854 472 457 799 106 
974 356 573 201 569 747 110 783 957 906 130 62 50 129 990 5 305 328 735 262 339 458 582 65 248 790 130 877 285 268 101 976 729 35 649 599 880 862 582 312 698 522 880 685 832 420 334 332 892 680 552 35 582 531 62 891 139 811 878 4 822 469 715 0 344 125 122 861 989 417 
333 196 914 902 986 262 79 700 199 237 544 590 121 830 276 951 711 436 581 715 435 379 978 509 648 794 574 238 187 879 609 580 649 547 210 943 985 586 423 91 249 611 562 655 713 330 63 104 95 259 325 561 677 541 667 765 556 557 135 236 192 546 443 344 0 134 166 39 670 767 
863 718 426 144 356 126 115 323 685 696 90 72 24 713 149 845 3 314 997 320 714 127 556 892 800 331 284 429 744 530 504 255 285 543 609 85 292 93 482 570 115 769 570 934 158 925 22 386 80 325 863 274 128 75 433 639 687 563 536 802 263 189 854 125 134 0 569 703 504 449 
480 156 391 798 222 437 528 891 612 661 458 228 144 812 242 174 231 192 533 918 277 289 723 870 903 704 393 33 603 332 779 676 354 740 15 475 129 388 215 859 817 477 992 437 392 510 457 262 744 433 75 599 609 595 184 687 112 979 896 919 875 243 472 122 166 569 0 255 180 34 
926 226 157 47 384 280 74 84 631 810 399 636 753 821 691 397 684 347 499 249 920 696 977 445 73 87 55 89 455 430 452 761 719 142 200 468 602 460 572 445 89 142 528 240 787 686 223 157 910 510 417 829 282 466 859 877 106 484 877 240 937 538 457 861 39 703 255 0 19 26 
776 267 161 844 748 155 578 858 410 423 557 763 957 651 914 539 321 522 84 397 802 248 16 782 35 983 569 785 776 780 266 903 788 732 108 909 891 368 252 431 663 622 795 176 669 507 836 280 407 361 709 842 346 165 666 481 488 145 578 247 58 592 799 989 670 504 180 19 0 646 
6 176 237 841 982 976 365 268 740 711 705 98 969 465 273 805 141 299 554 189 151 59 108 197 334 689 869 417 698 395 228 555 633 195 466 847 570 782 723 927 519 313 111 363 606 931 571 813 343 896 864 801 258 629 370 491 44 514 811 247 296 996 106 417 767 449 34 26 646 0 
0 304 100 732 261 957 278 345 176 233 186 255 633 226 791 23 926 801 336 22 134 900 517 271 884 154 882 105 19 342 975 9 549 1000 547 442 598 59 512 506 242 525 257 705 268 714 317 528 480 699 912 353 88 874 533 210 608 952 167 717 216 927 759 356 521 684 572 943 799 759 
304 0 845 126 787 498 784 747 761 42 594 807 603 341 913 465 529 356 913 447 183 85 377 451 53 580 769 954 345 730 446 619 413 483 67 360 125 346 609 396 418 270 303 109 842 475 467 45 493 516 918 798 26 445 424 605 329 496 568 206 655 478 305 660 190 774 259 237 255 167 
100 845 0 662 853 467 283 52 714 438 749 413 105 368 969 388 89 218 854 886 841 482 844 313 128 903 927 172 397 396 737 844 687 441 17 360 625 13 691 442 305 29 453 100 611 853 325 163 285 203 980 255 143 958 888 709 649 209 410 732 568 17 698 264 819 695 371 117 515 554 
732 126 662 0 671 819 173 225 827 992 836 818 120 356 101 259 580 642 659 807 679 16 877 772 280 231 410 88 22 141 180 109 431 920 286 141 822 961 563 549 29 200 814 1000 715 481 349 8 62 648 25 868 497 873 167 326 926 646 768 74 249 648 463 735 307 217 816 99 661 385 
261 787 853 671 0 520 615 515 148 411 234 298 709 7 294 94 553 105 94 588 909 211 352 883 743 799 866 884 558 541 509 127 782 569 732 940 405 394 367 524 449 983 193 369 681 332 905 633 775 508 2 783 6 455 735 496 488 844 657 330 570 707 803 513 831 100 42 736 415 932 
957 498 467 819 520 0 434 77 58 30 592 130 525 956 728 421 509 918 729 409 490 774 33 633 595 634 685 867 381 753 470 90 57 306 420 624 661 754 849 295 969 253 496 778 82 182 815 203 78 912 729 345 438 856 578 579 422 390 300 997 509 812 134 258 71 266 547 35 204 998 
278 784 283 173 615 434 0 120 809 709 434 854 270 602 768 567 809 782 862 648 979 682 394 593 133 288 850 587 644 470 376 332 492 809 43 192 3 535 212 379 267 317 187 209 16 775 679 833 529 498 554 93 324 304 965 980 592 873 32 987 49 641 922 239 445 146 365 97 883 184 
345 747 52 225 515 77 120 0 503 188 273 379 511 434 731 344 788 781 439 761 83 658 631 77 129 666 284 696 504 188 500 138 137 323 799 343 288 191 543 763 263 911 269 858 458 381 775 244 814 148 632 154 744 708 819 743 812 538 970 802 75 312 752 589 662 625 446 156 355 119 
176 761 714 827 148 58 809 503 0 744 245 195 454 720 491 904 993 623 438 440 200 379 811 610 216 274 919 142 56 6 900 967 657 748 816 367 800 689 505 597 466 734 723 548 887 773 691 794 761 777 780 60 872 692 654 464 26 833 516 351 636 905 51 274 350 913 295 371 62 974 
233 42 438 992 411 30 709 188 744 0 706 441 684 583 718 551 241 540 685 176 29 594 991 789 159 680 529 426 473 964 291 787 883 472 644 969 671 914 255 314 436 421 728 693 575 527 370 338 550 644 381 779 880 588 465 614 691 543 495 887 342 999 893 454 367 251 789 870 756 395 
186 594 749 836 234 592 434 273 245 706 0 942 775 164 778 811 471 41 965 553 261 202 412 174 293 575 894 691 750 961 436 337 903 382 822 845 613 717 873 906 562 521 255 873 501 431 18 332 769 618 592 278 671 815 409 935 700 307 638 816 766 760 233 289 408 646 250 685 359 896 
255 807 413 818 298 130 854 379 195 441 942 0 199 463 727 959 885 746 717 65 475 542 469 816 880 339 472 325 696 241 374 812 86 212 481 551 659 890 544 270 378 491 797 55 88 447 155 801 734 85 879 141 240 566 643 870 991 61 443 591 350 424 300 53 144 851 162 185 562 460 
633 603 105 120 709 525 270 511 454 684 775 199 0 882 979 783 697 229 520 402 246 186 719 110 272 716 171 987 301 239 909 684 304 583 737 300 491 897 961 985 219 206 216 172 926 426 646 631 401 649 549 223 938 500 664 728 951 467 717 441 141 842 596 117 315 640 323 576 970 831 
226 341 368 356 7 956 602 434 720 583 164 463 882 0 184 992 254 733 435 109 825 629 381 265 95 909 720 315 113 71 231 148 708 696 876 330 431 547 951 317 396 571 42 886 286 408 170 610 795 514 821 303 217 483 338 419 166 414 675 514 247 15 52 664 964 735 345 722 828 220 
791 913 969 101 294 728 768 731 491 718 778 727 979 184 0 871 467 848 528 429 822 731 612 626 383 698 773 747 98 969 517 424 50 477 447 605 469 771 708 673 644 690 213 559 140 959 296 756 237 769 462 485 862 807 178 237 555 864 169 403 244 361 165 411 913 349 466 657 938 35 
23 465 388 259 94 421 567 344 904 551 811 959 783 992 871 0 878 981 32 463 809 940 669 1 150 245 229 441 818 924 351 334 12 255 374 509 515 922 422 436 122 328 471 361 810 513 791 29 294 762 46 370 272 406 274 966 823 314 188 760 953 770 884 234 631 703 604 116 294 928 
926 529 89 580 553 509 809 788 993 241 471 885 697 254 467 878 0 628 163 497 165 660 576 491 155 884 684 569 490 78 278 154 837 576 50 257 350 832 777 393 310 18 299 180 174 780 9 759 983 349 430 979 674 194 793 682 229 413 147 759 602 518 269 483 525 300 356 485 443 562 
801 356 218 642 105 918 782 781 623 540 41 746 229 733 848 981 628 0 750 86 98 511 435 810 679 250 153 123 674 242 163 620 384 678 505 1000 653 735 689 709 287 435 585 814 988 109 536 252 358 371 348 262 222 452 76 542 312 952 102 57 631 310 881 471 523 633 463 401 137 443 
336 913 854 659 94 729 862 439 438 685 965 717 520 435 528 32 163 750 0 815 815 444 30 349 657 783 552 199 226 764 376 344 1000 18 149 528 840 345 937 156 960 921 345 79 66 785 926 93 851 963 994 982 458 129 593 115 315 796 830 638 312 9 109 468 780 820 104 235 627 877 
22 447 886 807 588 409 648 761 440 176 553 65 402 109 429 463 497 86 815 0 536 261 585 943 219 613 817 770 532 310 646 670 545 752 514 315 438 30 768 889 289 823 766 267 752 501 580 732 893 406 204 347 803 609 973 649 121 973 636 471 67 479 847 327 498 959 793 978 298 88 
134 183 841 679 909 490 979 83 200 29 261 475 246 825 822 809 165 98 815 536 0 368 512 235 772 150 928 490 282 616 845 886 43 326 218 993 146 178 93 483 5 583 419 736 385 997 109 772 494 613 38 348 237 716 187 4 999 977 309 397 436 468 744 114 897 533 24 348 587 238 
900 85 482 16 211 774 682 658 379 594 202 542 186 629 731 940 660 511 444 261 368 0 257 699 183 254 269 169 608 745 271 539 928 620 687 658 70 476 775 557 651 612 525 988 657 237 122 775 119 825 427 645 409 260 848 870 213 195 684 819 867 886 266 790 62 449 239 460 317 80 
517 377 844 877 352 33 394 631 811 991 412 469 719 381 612 669 576 435 30 585 512 257 0 772 144 553 512 825 230 586 570 341 651 964 503 716 489 366 602 975 540 693 721 615 532 232 246 318 241 730 968 347 255 335 486 52 484 57 786 963 914 358 3 794 383 657 851 612 189 31 
271 451 313 772 883 633 593 77 610 789 174 816 110 265 626 1 491 810 349 943 235 699 772 0 43 929 638 336 816 50 287 472 74 34 767 84 298 400 755 530 92 173 703 881 835 369 39 800 201 741 399 623 950 693 19 632 947 462 832 596 791 643 626 271 271 740 794 762 549 72 
884 53 128 280 743 595 133 129 216 159 293 880 272 95 383 150 155 679 657 219 772 183 144 43 0 459 96 585 583 95 863 582 918 840 317 25 956 328 191 916 329 335 419 660 260 341 979 571 563 752 1000 585 133 413 604 979 513 833 741 615 270 694 165 236 888 492 746 29 544 787 
154 580 903 231 799 634 288 666 274 680 575 339 716 909 698 245 884 250 783 613 150 254 553 929 459 0 571 67 142 855 655 515 262 403 381 402 33 31 169 670 169 985 443 548 393 881 135 635 526 889 444 484 325 447 769 295 719 930 957 172 88 414 80 467 780 493 615 378 620 724 
882 769 927 410 866 685 850 284 919 529 894 472 171 720 773 229 684 153 552 817 928 269 512 638 96 571 0 306 91 304 748 76 733 668 904 457 416 993 352 146 443 159 372 427 937 196 829 111 58 450 761 469 671 270 551 464 512 449 626 257 292 779 562 145 640 350 473 37 732 903 
105 954 172 88 884 867 587 696 142 426 691 325 987 315 747 441 569 123 199 770 490 169 825 336 585 67 306 0 773 571 601 412 353 912 840 911 377 320 804 516 432 318 262 122 336 83 144 507 735 84 702 867 441 438 162 40 694 896 936 869 332 465 324 922 103 483 25 100 567 841 
19 345 397 22 558 381 644 504 56 473 750 696 301 113 98 818 490 674 226 532 282 608 230 816 583 142 91 773 0 47 428 21 726 120 627 731 959 350 106 324 456 747 730 413 405 182 375 148 400 761 383 186 915 393 577 334 731 534 713 290 168 701 829 759 138 641 238 730 921 342 
342 730 396 141 541 753 470 188 6 964 961 241 239 71 969 924 78 242 764 310 616 745 586 50 95 855 304 571 47 0 958 829 895 521 741 285 964 984 982 193 761 38 543 135 580 569 838 231 770 689 517 619 834 632 471 941 30 308 387 847 56 63 721 157 703 833 378 272 892 462 
975 446 737 180 509 470 376 500 900 291 436 374 909 231 517 351 278 163 376 646 845 271 570 287 863 655 748 601 428 958 0 45 472 197 640 917 900 106 705 449 490 389 218 909 769 512 311 312 360 186 448 395 506 596 1 295 203 776 603 1 13 866 990 367 278 677 674 856 506 128 
9 619 844 109 127 90 332 138 967 787 337 812 684 148 424 334 154 620 344 670 886 539 341 472 582 515 76 412 21 829 45 0 158 302 133 915 193 164 406 674 347 201 998 938 967 311 845 608 102 695 139 879 275 156 797 387 794 540 500 778 413 99 774 905 284 200 570 522 882 199 
549 413 687 431 782 57 492 137 657 883 903 86 304 708 50 12 837 384 1000 545 43 928 651 74 918 262 733 353 726 895 472 158 0 441 43 833 127 41 588 805 533 479 199 913 802 248 775 399 667 957 409 168 866 467 739 571 276 197 678 177 18 105 419 905 856 929 223 560 591 528 
1000 483 441 920 569 306 809 323 748 472 382 212 583 696 477 255 576 678 18 752 326 620 964 34 840 403 668 912 120 521 197 302 441 0 41 189 725 587 961 401 78 139 199 421 677 293 561 645 624 541 393 493 309 326 696 741 125 699 296 219 88 860 351 282 835 254 772 332 749 395 
547 67 17 286 732 420 43 799 816 644 822 481 737 876 447 374 50 505 149 514 218 687 503 767 317 381 904 840 627 741 640 133 43 41 0 706 508 925 201 611 270 735 118 879 550 497 226 466 881 553 885 526 3 713 764 496 565 288 326 514 292 567 353 805 617 789 49 957 136 685 
442 360 360 141 940 624 192 343 367 969 845 551 300 330 605 509 257 1000 528 315 993 658 716 84 25 402 457 911 731 285 917 915 833 189 706 0 256 972 606 770 361 791 348 425 474 370 481 728 485 205 69 415 255 550 599 886 825 897 98 60 570 589 517 327 508 34 728 176 957 647 
598 125 625 822 405 661 3 288 800 671 613 659 491 431 469 515 350 653 840 438 146 70 489 298 956 33 416 377 959 964 900 193 127 725 508 256 0 134 497 7 250 269 70 778 519 734 112 179 908 838 212 883 207 317 866 763 657 540 955 614 533 231 941 380 649 363 97 420 890 743 
59 346 13 961 394 754 535 191 689 914 717 890 897 547 771 922 832 735 345 30 178 476 366 400 328 31 993 320 350 984 106 164 41 587 925 972 134 0 875 532 301 279 267 132 375 748 767 610 147 937 257 641 66 860 296 391 545 488 455 194 318 789 323 789 700 680 486 162 342 269 
512 609 691 563 367 849 212 543 505 255 873 544 961 951 708 422 777 689 937 768 93 775 602 755 191 169 352 804 106 982 705 406 588 961 201 606 497 875 0 884 613 554 879 533 870 264 499 351 21 119 487 960 970 787 350 160 589 680 411 819 387 773 309 423 166 901 282 814 524 620 
506 396 442 549 524 295 379 763 597 314 906 270 985 317 673 436 393 709 156 889 483 557 975 530 916 670 146 516 324 193 449 674 805 401 611 770 7 532 884 0 280 831 415 639 724 267 482 341 577 850 577 591 836 632 817 946 552 765 6 666 474 181 223 618 36 314 465 417 450 805 
242 418 305 29 449 969 267 263 466 436 562 378 219 396 644 122 310 287 960 289 5 651 540 92 329 169 443 432 456 761 490 347 533 78 270 361 250 301 613 280 0 203 824 430 586 839 692 273 545 458 308 609 688 791 537 478 927 993 59 995 694 69 626 453 859 336 174 411 427 655 
525 270 29 200 983 253 317 911 734 421 521 491 206 571 690 328 18 435 921 823 583 612 693 173 335 985 159 318 747 38 389 201 479 139 735 791 269 279 554 831 203 0 248 13 914 463 606 538 849 208 649 455 296 580 602 357 476 498 399 223 914 549 23 800 761 694 175 713 524 783 
257 303 453 814 193 496 187 269 723 728 255 797 216 42 213 471 299 585 345 766 419 525 721 703 419 443 372 262 730 543 218 998 199 199 118 348 70 267 879 415 824 248 0 506 344 893 131 796 736 289 491 863 863 830 505 476 256 595 355 389 45 154 980 127 538 346 919 666 672 101 
705 109 100 1000 369 778 209 858 548 693 873 55 172 886 559 361 180 814 79 267 736 988 615 881 660 548 427 122 413 135 909 938 913 421 879 425 778 132 533 639 430 13 506 0 888 416 729 590 626 763 554 528 142 935 571 854 3 884 600 84 612 883 286 804 267 851 206 612 500 171 
268 842 611 715 681 82 16 458 887 575 501 88 926 286 140 810 174 988 66 752 385 657 532 835 260 393 937 336 405 580 769 967 802 677 550 474 519 375 870 724 586 914 344 888 0 579 687 898 595 208 728 641 649 292 388 551 510 982 513 63 899 207 743 678 558 136 437 567 855 905 
714 475 853 481 332 182 775 381 773 527 431 447 426 408 959 513 780 109 785 501 997 237 232 369 341 881 196 83 182 569 512 311 248 293 497 370 734 748 264 267 839 463 893 416 579 0 82 682 518 933 640 498 358 429 819 800 187 504 628 72 729 634 724 102 522 800 698 89 201 817 
317 467 325 349 905 815 679 775 691 370 18 155 646 170 296 791 9 536 926 580 109 122 246 39 979 135 829 144 375 838 311 845 775 561 226 481 112 767 499 482 692 606 131 729 687 82 0 428 493 693 874 522 612 315 454 34 471 251 484 675 649 651 404 452 271 16 472 648 643 738 
528 45 163 8 633 203 833 244 794 338 332 801 631 610 756 29 759 252 93 732 772 775 318 800 571 635 111 507 148 231 312 608 399 645 466 728 179 610 351 341 273 538 796 590 898 682 428 0 429 637 855 525 173 519 800 925 888 494 988 455 526 857 790 404 117 390 241 921 876 546 
480 493 285 62 775 78 529 814 761 550 769 734 401 795 237 294 983 358 851 893 494 119 241 201 563 526 58 735 400 770 360 102 667 624 881 485 908 147 21 577 545 849 736 626 595 518 493 429 0 330 934 584 383 807 735 808 166 511 348 635 346 541 890 564 183 298 937 751 549 574 
699 516 203 648 508 912 498 148 777 644 618 85 649 514 769 762 349 371 963 406 613 825 730 741 752 889 450 84 761 689 186 695 957 541 553 205 838 937 119 850 458 208 289 763 208 933 693 637 330 0 58 537 534 846 628 459 195 446 134 960 489 821 434 741 973 527 275 637 860 408 
912 918 980 25 2 729 554 632 780 381 592 879 549 821 462 46 430 348 994 204 38 427 968 399 1000 444 761 702 383 517 448 139 409 393 885 69 212 257 487 577 308 649 491 554 728 640 874 855 934 58 0 56 581 793 759 903 705 741 675 660 254 303 561 772 464 501 146 171 807 373 
353 798 255 868 783 345 93 154 60 779 278 141 223 303 485 370 979 262 982 347 348 645 347 623 585 484 469 867 186 619 395 879 168 493 526 415 883 641 960 591 609 455 863 528 641 498 522 525 584 537 56 0 503 653 445 392 224 449 481 254 364 158 268 358 582 516 950 909 328 374 
88 26 143 497 6 438 324 744 872 880 671 240 938 217 862 272 674 222 458 803 237 409 255 950 133 325 671 441 915 834 506 275 866 309 3 255 207 66 970 836 688 296 863 142 649 358 612 173 383 534 581 503 0 899 419 138 255 932 547 257 337 144 82 511 840 307 799 241 249 46 
874 445 958 873 455 856 304 708 692 588 815 566 500 483 807 406 194 452 129 609 716 260 335 693 413 447 270 438 393 632 596 156 467 326 713 550 317 860 787 632 791 580 830 935 292 429 315 519 807 846 793 653 899 0 351 522 380 159 579 410 314 433 751 340 160 90 227 37 289 690 
533 424 888 167 735 578 965 819 654 465 409 643 664 338 178 274 793 76 593 973 187 848 486 19 604 769 551 162 577 471 1 797 739 696 764 599 866 296 350 817 537 602 505 571 388 819 454 800 735 628 759 445 419 351 0 682 207 968 97 21 610 104 917 97 722 406 390 433 839 51 
210 605 709 326 496 579 980 743 464 614 935 870 728 419 237 966 682 542 115 649 4 870 52 632 979 295 464 40 334 941 295 387 571 741 496 886 763 391 160 946 478 357 476 854 551 800 34 925 808 459 903 392 138 522 682 0 75 308 864 351 795 478 572 475 138 268 774 379 764 800 
608 329 649 926 488 422 592 812 26 691 700 991 951 166 555 823 229 312 315 121 999 213 484 947 513 719 512 694 731 30 203 794 276 125 565 825 657 545 589 552 927 476 256 3 510 187 471 888 166 195 705 224 255 380 207 75 0 247 699 515 570 428 476 179 228 884 117 281 933 470 
952 496 209 646 844 390 873 538 833 543 307 61 467 414 864 314 413 952 796 973 977 195 57 462 833 930 449 896 534 308 776 540 197 699 288 897 540 488 680 765 993 498 595 884 982 504 251 494 511 446 741 449 932 159 968 308 247 0 378 541 460 903 960 713 944 358 953 806 581 248 
167 568 410 768 657 300 32 970 516 495 638 443 717 675 169 188 147 102 830 636 309 684 786 832 741 957 626 936 713 387 603 500 678 296 326 98 955 455 411 6 59 399 355 600 513 628 484 988 348 134 675 481 547 579 97 864 699 378 0 986 849 38 801 357 680 903 580 600 594 331 
717 206 732 74 330 997 987 802 351 887 816 591 441 514 403 760 759 57 638 471 397 819 963 596 615 172 257 869 290 847 1 778 177 219 514 60 614 194 819 666 995 223 389 84 63 72 675 455 635 960 660 254 257 410 21 351 515 541 986 0 595 633 393 357 523 525 779 246 293 42 
216 655 568 249 570 509 49 75 636 342 766 350 141 247 244 953 602 631 312 67 436 867 914 791 270 88 292 332 168 56 13 413 18 88 292 570 533 318 387 474 694 914 45 612 899 729 649 526 346 489 254 364 337 314 610 795 570 460 849 595 0 71 638 667 292 224 624 781 762 28 
927 478 17 648 707 812 641 312 905 999 760 424 842 15 361 770 518 310 9 479 468 886 358 643 694 414 779 465 701 63 866 99 105 860 567 589 231 789 773 181 69 549 154 883 207 634 651 857 541 821 303 158 144 433 104 478 428 903 38 633 71 0 15 442 804 19 430 844 305 553 
759 305 698 463 803 134 922 752 51 893 233 300 596 52 165 884 269 881 109 847 744 266 3 626 165 80 562 324 829 721 990 774 419 351 353 517 941 323 309 223 626 23 980 286 743 724 404 790 890 434 561 268 82 751 917 572 476 960 801 393 638 15 0 519 188 935 139 604 615 388 
356 660 264 735 513 258 239 589 274 454 289 53 117 664 411 234 483 471 468 327 114 790 794 271 236 467 145 922 759 157 367 905 905 282 805 327 380 789 423 618 453 800 127 804 678 102 452 404 564 741 772 358 511 340 97 475 179 713 357 357 667 442 519 0 139 450 544 291 280 294 
521 190 819 307 831 71 445 662 350 367 408 144 315 964 913 631 525 523 780 498 897 62 383 271 888 780 640 103 138 703 278 284 856 835 617 508 649 700 166 36 859 761 538 267 558 522 271 117 183 973 464 582 840 160 722 138 228 944 680 523 292 804 188 139 0 876 670 23 601 603 
684 774 695 217 100 266 146 625 913 251 646 851 640 735 349 703 300 633 820 959 533 449 657 740 492 493 350 483 641 833 677 200 929 254 789 34 363 680 901 314 336 694 346 851 136 800 16 390 298 527 501 516 307 90 406 268 884 358 903 525 224 19 935 450 876 0 370 737 376 87 
572 259 371 816 42 547 365 446 295 789 250 162 323 345 466 604 356 463 104 793 24 239 851 794 746 615 473 25 238 378 674 570 223 772 49 728 97 486 282 465 174 175 919 206 437 698 472 241 937 275 146 950 799 227 390 774 117 953 580 779 624 430 139 544 670 370 0 726 29 346 
943 237 117 99 736 35 97 156 371 870 685 185 576 722 657 116 485 401 235 978 348 460 612 762 29 378 37 100 730 272 856 522 560 332 957 176 420 162 814 417 411 713 666 612 567 89 648 921 751 637 171 909 241 37 433 379 281 806 600 246 781 844 604 291 23 737 726 0 57 5 
799 255 515 661 415 204 883 355 62 756 359 562 970 828 938 294 443 137 627 298 587 317 189 549 544 620 732 567 921 892 506 882 591 749 136 957 890 342 524 450 427 524 672 500 855 201 643 876 549 860 807 328 249 289 839 764 933 581 594 293 762 305 615 280 601 376 29 57 0 46 
759 167 554 385 932 998 184 119 974 395 896 460 831 220 35 928 562 443 877 88 238 80 31 72 787 724 903 841 342 462 128 199 528 395 685 647 743 269 620 805 655 783 101 171 905 817 738 546 574 408 373 374 46 690 51 800 470 248 331 42 28 553 388 294 603 87 346 5 46 0 
0 375 326 829 541 463 454 837 600 967 194 247 312 436 378 624 942 574 46 420 928 126 177 619 819 346 702 645 129 334 2 501 858 849 950 773 209 149 494 327 3 711 457 779 718 769 241 168 418 806 662 356 45 476 599 194 834 489 356 570 290 616 408 581 271 454 488 495 49 343 
375 0 701 585 493 335 596 787 376 562 308 622 573 153 941 966 456 24 814 972 503 9 466 585 502 689 991 234 703 730 737 582 916 679 460 927 596 550 689 158 582 224 856 363 725 519 306 141 434 544 619 562 235 777 609 838 990 707 991 448 528 124 302 509 71 779 361 472 390 228 
326 701 0 560 700 672 4 762 798 566 527 820 269 71 149 837 868 313 608 850 805 867 824 819 740 775 957 545 581 477 336 488 269 815 732 281 964 465 462 291 783 850 89 896 622 794 422 172 777 707 454 533 483 526 998 447 416 567 394 421 108 391 521 556 846 410 398 938 438 533 
829 585 560 0 693 964 566 559 796 428 274 292 177 187 272 189 141 297 693 587 992 265 467 789 425 412 399 553 376 18 800 190 232 297 538 849 179 770 850 409 739 761 717 314 577 405 394 228 760 648 459 352 403 899 878 255 750 798 509 218 516 842 331 373 645 303 270 301 274 726 
541 493 700 693 0 461 850 361 283 166 822 15 963 515 446 264 308 261 504 657 485 175 650 474 330 132 573 205 581 416 580 274 840 330 530 318 703 659 95 183 335 602 282 348 174 903 617 138 479 339 14 715 972 158 713 893 368 957 324 225 595 536 824 851 878 204 242 243 768 723 
463 335 672 964 461 0 483 332 763 165 952 66 745 500 97 418 263 329 670 138 773 104 87 576 870 236 471 146 357 316 397 356 548 203 588 594 407 416 751 385 471 147 493 536 468 419 846 355 390 383 832 524 734 611 812 691 620 150 487 849 532 831 771 313 640 479 599 97 75 619 
454 596 4 566 850 483 0 247 185 468 145 252 164 584 929 552 829 893 497 486 715 1000 482 971 22 237 566 516 650 689 241 513 606 885 259 691 434 431 524 257 25 59 234 256 862 959 901 543 108 759 608 409 359 776 603 289 831 388 337 985 165 932 137 772 621 35 640 527 271 256 
837 787 762 559 361 332 247 0 954 544 823 232 645 60 973 436 297 407 62 996 489 282 467 242 388 892 218 461 400 642 30 562 488 825 366 173 383 651 574 864 408 547 450 691 616 908 958 472 91 119 558 662 681 895 351 665 538 292 784 89 110 802 422 966 856 358 395 5 865 471 
600 376 798 796 283 763 185 954 0 988 45 80 770 70 948 773 341 678 573 2 10 727 588 246 461 838 327 905 134 201 430 734 493 633 800 195 241 487 906 846 614 870 667 289 218 502 392 328 794 790 837 438 444 956 462 983 553 275 741 258 621 845 299 783 319 146 593 687 390 530 
967 562 566 428 166 165 468 544 988 0 823 66 489 946 766 692 48 584 807 473 571 373 995 171 37 224 483 290 480 731 495 459 680 825 597 423 650 697 128 828 791 230 369 729 513 645 905 854 868 843 164 646 97 556 286 674 391 855 296 325 117 439 963 624 830 970 383 603 671 736 
194 308 527 274 822 952 145 823 45 823 0 508 789 189 216 937 472 193 536 100 900 224 299 449 806 442 310 574 361 396 305 122 837 988 458 729 786 250 486 814 963 152 451 538 683 957 590 179 185 371 247 825 474 47 285 413 660 267 592 57 181 674 537 143 742 45 474 536 781 898 
247 622 820 292 15 66 252 232 80 66 508 0 464 606 651 296 532 157 570 203 495 618 144 532 869 762 196 69 542 310 814 213 278 424 307 618 622 947 507 420 604 308 478 458 227 947 428 685 646 74 700 817 54 273 637 994 741 640 886 673 193 949 23 53 706 166 332 196 603 562 
312 573 269 177 963 745 164 645 770 489 789 464 0 796 473 477 150 132 407 734 807 335 296 381 415 311 251 939 695 514 203 902 289 475 256 403 24 434 359 380 579 983 64 498 695 680 820 751 338 651 315 366 190 9 580 870 364 605 320 328 456 525 402 492 20 241 820 916 503 817 
436 153 71 187 515 500 584 60 70 946 189 606 796 0 563 952 534 857 217 473 470 562 70 365 123 251 718 137 287 345 353 982 289 560 994 516 412 998 659 788 57 766 611 706 613 671 487 884 485 391 98 589 76 771 983 135 871 83 554 671 400 15 831 684 756 704 537 836 689 747 
378 941 149 272 446 97 929 973 948 766 216 651 473 563 0 133 314 967 739 523 904 631 47 43 65 879 788 920 971 484 429 840 882 20 470 681 224 341 287 514 994 447 422 112 635 812 292 461 4 869 2 773 804 216 744 501 447 405 844 803 251 926 429 802 62 135 476 573 527 449 
624 966 837 189 264 418 552 436 773 692 937 296 477 952 133 0 539 632 362 634 841 980 519 13 367 793 420 572 418 658 423 649 147 25 713 677 464 727 824 419 336 99 746 351 797 320 57 87 345 166 516 326 599 199 661 479 408 973 159 379 823 829 652 497 749 591 98 375 995 682 
942 456 868 141 308 263 829 297 341 48 472 532 150 534 314 539 0 543 360 534 489 380 151 281 326 460 512 505 707 657 612 281 399 171 378 159 55 544 200 149 620 483 97 277 131 390 722 359 563 416 589 126 552 299 394 86 660 413 478 615 254 163 567 826 882 84 378 440 449 562 
574 24 313 297 261 329 893 407 678 584 193 157 132 857 967 632 543 0 545 341 293 222 164 967 744 868 50 488 774 671 56 770 640 429 361 779 427 373 447 481 137 47 450 705 280 608 416 37 318 147 65 129 214 854 292 58 250 528 191 542 515 802 378 396 938 777 356 261 589 466 
46 814 608 693 504 670 497 62 573 807 536 570 407 217 739 362 360 545 0 477 198 243 980 869 536 265 648 255 816 867 341 381 780 128 282 782 861 853 645 682 768 320 181 200 355 524 633 125 176 963 603 926 954 489 768 842 364 207 684 668 576 782 506 809 984 669 379 200 110 399 
420 972 850 587 657 138 486 996 2 473 100 203 734 473 523 634 534 341 477 0 794 293 735 960 567 686 628 567 278 112 964 429 312 952 425 523 49 593 557 272 721 243 674 513 709 671 82 681 779 344 80 323 946 748 678 391 48 807 307 491 355 941 825 464 184 651 571 161 174 148 
928 503 805 992 485 773 715 489 10 571 900 495 807 470 904 841 489 293 198 794 0 136 733 673 125 95 223 866 985 161 745 838 433 932 245 218 228 354 109 114 44 509 246 438 805 899 142 507 239 496 625 404 316 804 894 67 735 884 804 327 369 446 641 971 581 926 419 541 433 10 
126 9 867 265 175 104 1000 282 727 373 224 618 335 562 631 980 380 222 243 293 136 0 264 167 510 373 922 999 284 743 419 394 924 496 135 103 184 288 751 381 144 215 191 671 454 255 160 655 272 78 30 494 698 580 685 522 37 913 270 920 54 730 281 747 467 392 687 911 160 312 
177 466 824 467 650 87 482 467 588 995 299 144 296 70 47 519 151 164 980 735 733 264 0 656 183 666 940 556 69 902 671 405 659 324 946 985 837 339 715 299 330 851 360 311 723 101 403 411 491 656 434 880 51 842 225 356 908 103 566 738 651 745 182 339 901 216 744 832 17 145 
619 585 819 789 474 576 971 242 246 171 449 532 381 365 43 13 281 967 869 960 673 167 656 0 886 68 350 527 367 221 609 772 690 688 858 146 564 14 774 795 586 71 941 792 521 563 273 786 468 646 994 961 881 256 396 553 911 372 382 596 450 169 868 209 153 758 495 867 621 246 
819 502 740 425 330 870 22 388 461 37 806 869 415 123 65 367 326 744 536 567 125 510 183 886 0 426 102 611 794 331 741 242 303 515 23 427 547 219 53 854 311 337 471 912 40 455 578 776 764 499 473 751 136 517 711 622 725 813 118 45 712 924 681 842 584 399 810 690 121 652 
346 689 775 412 132 236 237 892 838 224 442 762 311 251 879 793 460 868 265 686 95 373 666 68 426 0 424 402 628 411 315 354 873 172 390 612 837 163 294 115 560 879 991 989 878 961 94 697 23 666 705 260 588 704 805 450 701 405 610 519 431 462 405 253 673 521 896 54 332 497 
702 991 957 399 573 471 566 218 327 483 310 196 251 718 788 420 512 50 648 628 223 922 940 350 102 424 0 473 141 228 854 371 38 341 936 539 430 550 546 380 599 502 711 536 842 224 645 408 390 583 553 752 990 95 268 595 607 430 994 501 689 327 940 111 650 126 734 830 508 674 
645 234 545 553 205 146 516 461 905 290 574 69 939 137 920 572 505 488 255 567 866 999 556 527 611 402 473 0 545 288 329 611 360 224 280 504 365 476 841 624 798 494 342 297 246 278 65 123 625 123 726 986 159 831 741 57 544 361 751 594 356 606 769 76 127 210 226 207 923 464 
129 703 581 376 581 357 650 400 134 480 361 542 695 287 971 418 707 774 816 278 985 284 69 367 794 628 141 545 0 802 987 558 494 763 505 690 489 557 618 265 391 880 315 340 177 618 527 250 723 767 313 934 569 114 443 891 746 742 460 8 127 760 407 394 213 513 743 990 621 394 
334 730 477 18 416 316 689 642 201 731 396 310 514 345 484 658 657 671 867 112 161 743 902 221 331 411 228 288 802 0 259 760 390 562 892 258 421 622 330 205 724 46 687 142 535 217 897 517 807 822 976 418 812 360 824 477 38 270 208 211 67 311 859 340 704 131 232 918 824 346 
2 737 336 800 580 397 241 30 430 495 305 814 203 353 429 423 612 56 341 964 745 419 671 609 741 315 854 329 987 259 0 471 866 455 321 967 710 591 852 364 843 542 383 624 733 445 358 556 328 119 664 572 51 488 316 362 676 554 295 24 882 366 8 103 749 474 666 253 387 556 
501 582 488 190 274 356 513 562 734 459 122 213 902 982 840 649 281 770 381 429 838 394 405 772 242 354 371 611 558 760 471 0 987 456 346 225 332 105 551 855 79 464 551 863 638 282 96 446 147 554 648 814 557 942 743 991 283 162 846 598 701 552 523 714 472 306 655 661 625 376 
858 916 269 232 840 548 606 488 493 680 837 278 289 289 882 147 399 640 780 312 433 924 659 690 303 873 38 360 494 390 866 987 0 209 333 845 559 33 617 865 640 603 211 462 389 349 564 576 828 564 506 648 353 648 176 187 927 736 643 675 488 606 304 747 809 36 484 543 510 685 
849 679 815 297 330 203 885 825 633 825 988 424 475 560 20 25 171 429 128 952 932 496 324 688 515 172 341 224 763 562 455 456 209 0 30 350 799 689 893 398 151 599 21 428 158 69 220 840 968 665 460 731 223 790 771 905 939 222 483 268 726 44 60 57 544 634 545 302 954 216 
950 460 732 538 530 588 259 366 800 597 458 307 256 994 470 713 378 361 282 425 245 135 946 858 23 390 936 280 505 892 321 346 333 30 0 938 280 845 199 517 37 518 635 39 450 91 835 596 244 832 882 61 374 779 302 424 691 584 143 552 909 383 224 584 348 821 212 843 464 387 
773 927 281 849 318 594 691 173 195 423 729 618 403 516 681 677 159 779 782 523 218 103 985 146 427 612 539 504 690 258 967 225 845 350 938 0 562 434 766 783 338 310 163 334 453 207 60 98 194 302 263 147 189 928 888 217 903 803 227 556 366 645 911 434 187 727 565 354 702 644 
209 596 964 179 703 407 434 383 241 650 786 622 24 412 224 464 55 427 861 49 228 184 837 564 547 837 430 365 489 421 710 332 559 799 280 562 0 210 938 304 316 603 324 378 526 116 926 70 951 856 263 577 634 394 835 538 648 847 907 94 255 198 467 489 596 247 465 619 320 866 
149 550 465 770 659 416 431 651 487 697 250 947 434 998 341 727 544 373 853 593 354 288 339 14 219 163 550 476 557 622 591 105 33 689 845 434 210 0 89 547 8 279 59 534 305 422 431 553 342 841 592 605 739 192 22 27 561 622 448 228 311 379 694 432 967 444 409 723 384 406 
494 689 462 850 95 751 524 574 906 128 486 507 359 659 287 824 200 447 645 557 109 751 715 774 53 294 546 841 618 330 852 551 617 893 199 766 938 89 0 776 707 485 655 586 116 876 417 279 56 485 951 721 611 395 525 358 688 981 503 615 646 696 823 897 541 437 134 653 836 311 
327 158 291 409 183 385 257 864 846 828 814 420 380 788 514 419 149 481 682 272 114 381 299 795 854 115 380 624 265 205 364 855 865 398 517 783 304 547 776 0 230 703 601 83 759 180 192 473 876 851 729 144 639 383 958 229 321 924 922 839 910 516 694 299 50 768 399 566 471 770 
3 582 783 739 335 471 25 408 614 791 963 604 579 57 994 336 620 137 768 721 44 144 330 586 311 560 599 798 391 724 843 79 640 151 37 338 316 8 707 230 0 383 337 591 411 465 274 447 1000 735 804 856 439 579 662 490 879 16 926 270 709 922 368 573 530 172 473 125 894 540 
711 224 850 761 602 147 59 547 870 230 152 308 983 766 447 99 483 47 320 243 509 215 851 71 337 879 502 494 880 46 542 464 603 599 518 310 603 279 485 703 383 0 252 638 520 444 307 191 757 502 326 217 862 763 114 702 710 913 106 968 676 672 596 132 369 629 548 1 634 485 
457 856 89 717 282 493 234 450 667 369 451 478 64 611 422 746 97 450 181 674 246 191 360 941 471 991 711 342 315 687 383 551 211 21 635 163 324 59 655 601 337 252 0 186 175 981 593 900 231 110 550 685 983 720 838 210 972 777 963 60 183 880 134 939 369 138 859 654 37 239 
779 363 896 314 348 536 256 691 289 729 538 458 498 706 112 351 277 705 200 513 438 671 311 792 912 989 536 297 340 142 624 863 462 428 39 334 378 534 586 83 591 638 186 0 198 325 328 674 244 201 857 611 580 740 936 582 422 722 623 219 761 36 963 843 3 796 570 375 289 766 
718 725 622 577 174 468 862 616 218 513 683 227 695 613 635 797 131 280 355 709 805 454 723 521 40 878 842 246 177 535 733 638 389 158 450 453 526 305 116 759 411 520 175 198 0 530 474 261 418 42 672 670 12 888 29 938 583 521 24 71 97 193 476 696 480 537 508 661 268 814 
769 519 794 405 903 419 959 908 502 645 957 947 680 671 812 320 390 608 524 671 899 255 101 563 455 961 224 278 618 217 445 282 349 69 91 207 116 422 876 180 465 444 981 325 530 0 752 999 839 333 440 962 468 338 936 615 505 246 533 86 381 161 458 507 289 690 575 508 10 502 
241 306 422 394 617 846 901 958 392 905 590 428 820 487 292 57 722 416 633 82 142 160 403 273 578 94 645 65 527 897 358 96 564 220 835 60 926 431 417 192 274 307 593 328 474 752 0 641 689 223 365 398 834 179 424 65 887 209 313 674 956 484 630 264 123 234 317 117 706 644 
168 141 172 228 138 355 543 472 328 854 179 685 751 884 461 87 359 37 125 681 507 655 411 786 776 697 408 123 250 517 556 446 576 840 596 98 70 553 279 473 447 191 900 674 261 999 641 0 771 681 369 528 711 266 755 740 988 830 888 327 155 934 52 702 788 268 368 137 849 881 
418 434 777 760 479 390 108 91 794 868 185 646 338 485 4 345 563 318 176 779 239 272 491 468 764 23 390 625 723 807 328 147 828 968 244 194 951 342 56 876 1000 757 231 244 418 839 689 771 0 615 547 860 811 448 439 384 523 638 638 571 328 162 554 937 424 9 542 649 995 433 
806 544 707 648 339 383 759 119 790 843 371 74 651 391 869 166 416 147 963 344 496 78 656 646 499 666 583 123 767 822 119 554 564 665 832 302 856 841 485 851 735 502 110 201 42 333 223 681 615 0 899 584 348 399 962 519 917 484 469 759 76 951 183 589 764 915 769 859 741 451 
662 619 454 459 14 832 608 558 837 164 247 700 315 98 2 516 589 65 603 80 625 30 434 994 473 705 553 726 313 976 664 648 506 460 882 263 263 592 951 729 804 326 550 857 672 440 365 369 547 899 0 100 809 434 485 396 721 357 429 488 931 222 4 667 395 602 257 10 813 623 
356 562 533 352 715 524 409 662 438 646 825 817 366 589 773 326 126 129 926 323 404 494 880 961 751 260 752 986 934 418 572 814 648 731 61 147 577 605 721 144 856 217 685 611 670 962 398 528 860 584 100 0 287 519 990 297 14 767 370 818 254 363 130 52 132 320 228 661 989 957 
45 235 483 403 972 734 359 681 444 97 474 54 190 76 804 599 552 214 954 946 316 698 51 881 136 588 990 159 569 812 51 557 353 223 374 189 634 739 611 639 439 862 983 580 12 468 834 711 811 348 809 287 0 852 168 152 278 948 317 363 115 306 205 865 381 50 273 348 479 807 
476 777 526 899 158 611 776 895 956 556 47 273 9 771 216 199 299 854 489 748 804 580 842 256 517 704 95 831 114 360 488 942 648 790 779 928 394 192 395 383 579 763 720 740 888 338 179 266 448 399 434 519 852 0 680 284 789 5 785 277 979 780 380 356 476 563 541 459 177 503 
599 609 998 878 713 812 603 351 462 286 285 637 580 983 744 661 394 292 768 678 894 685 225 396 711 805 268 741 443 824 316 743 176 771 302 888 835 22 525 958 662 114 838 936 29 936 424 755 439 962 485 990 168 680 0 219 780 410 567 328 591 437 490 64 979 426 266 502 887 2 
194 838 447 255 893 691 289 665 983 674 413 994 870 135 501 479 86 58 842 391 67 522 356 553 622 450 595 57 891 477 362 991 187 905 424 217 538 27 358 229 490 702 210 582 938 615 65 740 384 519 396 297 152 284 219 0 170 102 668 431 804 888 460 839 289 402 694 547 428 67 
834 990 416 750 368 620 831 538 553 391 660 741 364 871 447 408 660 250 364 48 735 37 908 911 725 701 607 544 746 38 676 283 927 939 691 903 648 561 688 321 879 710 972 422 583 505 887 988 523 917 721 14 278 789 780 170 0 511 144 457 283 32 210 391 877 117 131 657 358 254 
489 707 567 798 957 150 388 292 275 855 267 640 605 83 405 973 413 528 207 807 884 913 103 372 813 405 430 361 742 270 554 162 736 222 584 803 847 622 981 924 16 913 777 722 521 246 209 830 638 484 357 767 948 5 410 102 511 0 736 263 364 292 408 217 972 851 936 27 496 763 
356 991 394 509 324 487 337 784 741 296 592 886 320 554 844 159 478 191 684 307 804 270 566 382 118 610 994 751 460 208 295 846 643 483 143 227 907 448 503 922 926 106 963 623 24 533 313 888 638 469 429 370 317 785 567 668 144 736 0 939 933 147 816 674 441 758 833 833 791 765 
570 448 421 218 225 849 985 89 258 325 57 673 328 671 803 379 615 542 668 491 327 920 738 596 45 519 501 594 8 211 24 598 675 268 552 556 94 228 615 839 270 968 60 219 71 86 674 327 571 759 488 818 363 277 328 431 457 263 939 0 618 613 191 175 853 805 624 556 438 264 
290 528 108 516 595 532 165 110 621 117 181 193 456 400 251 823 254 515 576 355 369 54 651 450 712 431 689 356 127 67 882 701 488 726 909 366 255 311 646 910 709 676 183 761 97 381 956 155 328 76 931 254 115 979 591 804 283 364 933 618 0 24 665 843 33 781 569 197 104 485 
616 124 391 842 536 831 932 802 845 439 674 949 525 15 926 829 163 802 782 941 446 730 745 169 924 462 327 606 760 311 366 552 606 44 383 645 198 379 696 516 922 672 880 36 193 161 484 934 162 951 222 363 306 780 437 888 32 292 147 613 24 0 295 94 808 656 515 341 313 799 
408 302 521 331 824 771 137 422 299 963 537 23 402 831 429 652 567 378 506 825 641 281 182 868 681 405 940 769 407 859 8 523 304 60 224 911 467 694 823 694 368 596 134 963 476 458 630 52 554 183 4 130 205 380 490 460 210 408 816 191 665 295 0 961 762 724 434 196 557 214 
581 509 556 373 851 313 772 966 783 624 143 53 492 684 802 497 826 396 809 464 971 747 339 209 842 253 111 76 394 340 103 714 747 57 584 434 489 432 897 299 573 132 939 843 696 507 264 702 937 589 667 52 865 356 64 839 391 217 674 175 843 94 961 0 88 294 758 836 687 374 
271 71 846 645 878 640 621 856 319 830 742 706 20 756 62 749 882 938 984 184 581 467 901 153 584 673 650 127 213 704 749 472 809 544 348 187 596 967 541 50 530 369 369 3 480 289 123 788 424 764 395 132 381 476 979 289 877 972 441 853 33 808 762 88 0 840 110 225 630 197 
454 779 410 303 204 479 35 358 146 970 45 166 241 704 135 591 84 777 669 651 926 392 216 758 399 521 126 210 513 131 474 306 36 634 821 727 247 444 437 768 172 629 138 796 537 690 234 268 9 915 602 320 50 563 426 402 117 851 758 805 781 656 724 294 840 0 767 799 873 489 
488 361 398 270 242 599 640 395 593 383 474 332 820 537 476 98 378 356 379 571 419 687 744 495 810 896 734 226 743 232 666 655 484 545 212 565 465 409 134 399 473 548 859 570 508 575 317 368 542 769 257 228 273 541 266 694 131 936 833 624 569 515 434 758 110 767 0 832 446 309 
495 472 938 301 243 97 527 5 687 603 536 196 916 836 573 375 440 261 200 161 541 911 832 867 690 54 830 207 990 918 253 661 543 302 843 354 619 723 653 566 125 1 654 375 661 508 117 137 649 859 10 661 348 459 502 547 657 27 833 556 197 341 196 836 225 799 832 0 330 280 
49 390 438 274 768 75 271 865 390 671 781 603 503 689 527 995 449 589 110 174 433 160 17 621 121 332 508 923 621 824 387 625 510 954 464 702 320 384 836 471 894 634 37 289 268 10 706 849 995 741 813 989 479 177 887 428 358 496 791 438 104 313 557 687 630 873 446 330 0 507 
343 228 533 726 723 619 256 471 530 736 898 562 817 747 449 682 562 466 399 148 10 312 145 246 652 497 674 464 394 346 556 376 685 216 387 644 866 406 311 770 540 485 239 766 814 502 644 881 433 451 623 957 807 503 2 67 254 763 765 264 485 799 214 374 197 489 309 280 507 0 
0 800 996 618 337 702 378 649 201 378 402 210 881 908 761 615 991 368 230 58 266 743 134 586 777 442 282 213 158 138 174 364 153 951 987 962 822 894 513 228 369 222 353 418 66 465 681 538 657 651 790 424 188 844 645 167 857 837 56 327 174 194 484 686 367 944 194 907 996 614 
800 0 957 265 436 295 247 938 563 395 763 962 81 683 709 988 454 444 948 342 942 883 90 637 323 482 616 827 19 375 435 214 872 832 445 27 291 840 319 603 951 155 339 703 243 748 577 157 930 49 943 808 636 502 271 662 389 133 42 199 498 261 621 433 659 535 70 139 815 190 
996 957 0 535 252 336 322 266 604 494 777 252 265 394 512 868 499 442 667 87 606 397 627 641 444 454 261 164 406 163 668 464 831 427 498 604 357 508 915 296 727 882 339 349 363 734 591 353 642 655 480 370 139 426 213 21 206 743 79 12 319 417 814 920 490 38 922 78 722 150 
618 265 535 0 846 729 289 885 713 433 625 780 478 740 740 158 138 329 840 617 484 230 269 797 299 331 363 228 221 43 214 35 246 4 268 722 203 841 549 832 780 762 928 208 254 89 48 707 949 389 725 470 274 870 829 491 201 687 843 306 301 632 617 324 716 215 569 58 779 509 
337 436 252 846 0 932 858 813 157 593 42 326 886 796 153 419 889 270 202 757 283 11 58 738 135 93 620 783 134 768 217 263 638 814 950 745 360 377 375 240 384 934 586 295 259 405 947 617 610 122 681 911 769 208 269 675 123 559 786 553 966 754 843 794 866 685 141 419 400 963 
702 295 336 729 932 0 159 942 16 50 525 121 608 951 664 1 881 511 655 328 690 793 76 561 857 676 908 259 688 751 600 96 863 591 227 783 618 50 806 99 570 553 819 296 192 85 171 818 985 645 552 914 184 10 217 809 608 512 502 652 876 868 538 574 95 149 812 474 491 527 
378 247 322 289 858 159 0 671 815 772 137 770 490 359 911 129 485 355 19 301 836 934 911 6 398 689 805 170 198 279 196 736 735 911 631 40 205 779 372 12 168 203 794 199 647 989 730 725 457 666 383 381 232 462 660 58 950 532 49 348 104 916 325 113 217 706 207 166 969 309 
649 938 266 885 813 942 671 0 976 478 320 628 606 371 913 734 616 832 493 956 70 660 296 711 365 843 486 416 220 418 707 738 697 146 396 195 755 789 263 471 850 483 394 368 503 618 656 434 431 354 863 275 335 416 529 938 842 796 567 505 481 71 577 747 457 301 640 321 640 709 
201 563 604 713 157 16 815 976 0 856 272 657 395 28 163 499 363 80 376 611 416 114 537 845 635 427 877 14 105 40 298 665 397 354 844 690 440 862 823 684 386 803 988 396 822 827 756 955 851 558 478 193 872 206 871 350 991 314 351 98 799 941 272 849 57 315 301 950 933 316 
378 395 494 433 593 50 772 478 856 0 172 676 413 99 653 804 145 29 64 551 763 534 676 131 202 884 520 88 400 418 1000 87 927 734 317 673 514 549 456 1 754 570 228 85 805 448 895 996 405 252 349 391 472 596 345 752 502 372 286 293 442 847 913 369 255 523 553 801 419 986 
402 763 777 625 42 525 137 320 272 172 0 760 386 613 386 335 706 158 363 679 235 14 658 341 150 501 661 449 672 208 765 404 604 488 252 311 520 926 676 966 822 316 57 637 146 654 103 865 19 541 529 704 225 456 326 305 584 373 854 267 328 801 857 168 485 336 486 729 207 292 
210 962 252 780 326 121 770 628 657 676 760 0 266 283 292 456 721 527 205 81 786 226 718 837 842 376 127 666 798 487 272 547 861 238 60 584 749 385 146 235 777 660 892 36 667 450 171 800 631 280 668 491 281 15 498 212 448 603 256 449 729 723 507 475 815 165 450 911 537 12 
881 81 265 478 886 608 490 606 395 413 386 266 0 401 968 259 669 159 313 365 296 139 669 370 372 945 8 556 598 886 502 443 834 581 595 787 343 247 397 190 942 952 237 235 962 342 769 334 115 345 501 198 135 30 658 910 338 660 647 759 311 273 116 257 150 58 393 664 577 965 
908 683 394 740 796 951 359 371 28 99 613 283 401 0 437 702 160 848 799 721 669 271 365 660 198 604 752 484 235 28 672 762 793 304 96 684 619 781 553 953 341 208 659 607 656 201 273 597 692 869 965 442 145 620 274 40 789 70 631 457 559 114 816 385 163 656 804 515 450 548 
761 709 512 740 153 664 911 913 163 653 386 292 968 437 0 681 952 141 286 976 925 401 801 266 619 486 149 401 863 310 603 627 142 151 996 617 447 368 186 133 960 34 603 290 518 667 486 987 775 985 747 905 497 784 237 208 278 536 751 73 269 691 185 490 821 691 454 512 528 94 
615 988 868 158 419 1 129 734 499 804 335 456 259 702 681 0 797 975 441 943 445 195 801 89 283 328 362 251 608 714 484 473 216 290 529 337 137 306 697 744 23 213 681 878 986 673 593 438 316 522 921 278 942 752 457 336 697 213 490 846 348 879 830 112 716 625 491 305 428 663 
991 454 499 138 889 881 485 616 363 145 706 721 669 160 952 797 0 926 222 793 110 216 588 380 790 924 944 266 878 228 782 914 831 427 577 23 285 689 334 365 421 221 214 235 119 214 27 538 584 589 423 501 965 454 893 547 6 958 170 628 732 108 796 180 736 23 426 360 261 194 
368 444 442 329 270 511 355 832 80 29 158 527 159 848 141 975 926 0 906 47 683 199 611 594 641 855 194 14 929 692 108 347 780 601 268 627 664 390 571 915 18 548 157 482 584 342 471 596 180 978 282 391 398 733 800 612 80 881 552 72 824 318 327 466 894 453 527 111 688 390 
230 948 667 840 202 655 19 493 376 64 363 205 313 799 286 441 222 906 0 919 129 203 370 248 222 573 518 276 851 853 498 565 822 912 247 739 729 931 163 532 356 737 464 603 6 338 169 187 725 631 697 692 90 294 738 252 76 164 577 466 346 100 580 921 116 574 58 645 229 544 
58 342 87 617 757 328 301 956 611 551 679 81 365 721 976 943 793 47 919 0 528 251 908 811 856 745 209 320 42 338 928 99 100 624 634 719 597 519 891 835 776 293 185 593 499 469 193 53 546 54 211 448 697 687 919 253 583 980 373 120 739 852 751 440 952 207 517 9 420 491 
266 942 606 484 283 690 836 70 416 763 235 786 296 669 925 445 110 683 129 528 0 92 270 585 207 157 575 975 541 554 678 726 617 767 401 508 2 860 372 24 406 497 353 666 365 263 25 149 18 416 148 389 167 824 312 411 609 360 565 13 885 788 870 622 425 253 75 823 637 297 
743 883 397 230 11 793 934 660 114 534 14 226 139 271 401 195 216 199 203 251 92 0 268 497 414 958 632 960 282 910 22 978 775 909 243 675 560 580 257 661 149 380 515 816 686 336 712 723 636 526 655 79 796 864 812 584 367 234 307 638 51 69 13 482 909 374 519 333 168 190 
134 90 627 269 58 76 911 296 537 676 658 718 669 365 801 801 588 611 370 908 270 268 0 462 899 511 648 611 276 773 603 370 155 968 909 740 735 176 374 845 594 897 818 7 546 84 576 518 438 582 163 351 230 435 389 577 746 151 874 960 795 319 23 558 934 807 956 795 769 760 
586 637 641 797 738 561 6 711 845 131 341 837 370 660 266 89 380 594 248 811 585 497 462 0 873 424 592 620 918 95 639 861 195 849 142 457 88 528 358 792 678 574 883 432 615 571 885 690 297 733 803 809 680 42 474 451 658 426 437 554 236 672 528 66 467 804 902 572 985 293 
777 323 444 299 135 857 398 365 635 202 150 842 372 198 619 283 790 641 222 856 207 414 899 873 0 19 245 784 482 605 871 644 267 166 894 390 163 78 11 544 367 855 635 723 340 175 545 568 528 644 717 69 439 291 947 604 473 404 334 740 589 365 390 33 375 972 880 526 5 409 
442 482 454 331 93 676 689 843 427 884 501 376 945 604 486 328 924 855 573 745 157 958 511 424 19 0 93 437 504 268 629 424 720 341 680 339 297 313 313 205 495 998 988 298 272 662 925 659 816 596 745 64 539 548 828 728 444 153 910 142 279 839 138 826 860 388 486 19 817 193 
282 616 261 363 620 908 805 486 877 520 661 127 8 752 149 362 944 194 518 209 575 632 648 592 245 93 0 994 5 543 567 305 495 518 484 761 5 783 750 80 703 372 970 489 347 571 299 468 22 51 826 277 903 43 974 945 557 600 588 576 704 877 597 68 792 201 380 253 569 902 
213 827 164 228 783 259 170 416 14 88 449 666 556 484 401 251 266 14 276 320 975 960 611 620 784 437 994 0 624 435 33 357 665 959 674 686 629 798 876 591 345 271 522 513 423 8 475 895 762 284 867 791 410 831 661 577 311 795 68 654 487 842 770 191 524 332 423 89 822 809 
158 19 406 221 134 688 198 220 105 400 672 798 598 235 863 608 878 929 851 42 541 282 276 918 482 504 5 624 0 845 650 707 460 603 241 329 533 467 519 421 564 552 451 673 377 685 342 736 313 730 34 279 707 360 889 594 991 601 627 343 82 307 744 569 767 970 440 399 485 437 
138 375 163 43 768 751 279 418 40 418 208 487 886 28 310 714 228 692 853 338 554 910 773 95 605 268 543 435 845 0 394 690 226 619 844 476 441 606 97 747 852 221 234 308 984 335 784 950 662 388 717 421 852 979 725 438 686 341 92 762 178 673 385 627 503 134 33 510 635 854 
174 435 668 214 217 600 196 707 298 1000 765 272 502 672 603 484 782 108 498 928 678 22 603 639 871 629 567 33 650 394 0 612 909 171 575 582 463 319 507 293 716 554 194 531 736 625 431 197 141 498 64 747 718 57 527 722 384 200 556 692 189 128 857 487 67 585 880 290 38 304 
364 214 464 35 263 96 736 738 665 87 404 547 443 762 627 473 914 347 565 99 726 978 370 861 644 424 305 357 707 690 612 0 639 510 335 279 500 482 356 926 241 108 225 430 381 946 724 161 151 890 469 615 543 535 917 469 594 533 751 671 322 273 314 911 577 18 60 303 492 286 
153 872 831 246 638 863 735 697 397 927 604 861 834 793 142 216 831 780 822 100 617 775 155 195 267 720 495 665 460 226 909 639 0 367 341 307 676 9 234 658 582 776 405 771 355 639 594 862 719 682 746 281 626 224 472 261 516 588 758 353 97 614 811 642 845 222 415 712 884 308 
951 832 427 4 814 591 911 146 354 734 488 238 581 304 151 290 427 601 912 624 767 909 968 849 166 341 518 959 603 619 171 510 367 0 256 112 526 187 723 218 291 473 213 750 718 146 56 904 866 553 265 694 566 951 964 465 744 777 730 717 657 392 241 330 994 555 905 253 523 713 
987 445 498 268 950 227 631 396 844 317 252 60 595 96 996 529 577 268 247 634 401 243 909 142 894 680 484 674 241 844 575 335 341 256 0 667 966 495 559 282 783 735 189 465 248 319 612 308 302 441 212 387 577 743 49 625 432 243 756 460 862 344 58 854 545 531 145 238 184 938 
962 27 604 722 745 783 40 195 690 673 311 584 787 684 617 337 23 627 739 719 508 675 740 457 390 339 761 686 329 476 582 279 307 112 667 0 953 610 499 609 279 385 572 656 108 206 400 488 999 368 229 9 537 527 617 778 601 927 89 515 101 521 868 435 870 144 431 460 764 897 
822 291 357 203 360 618 205 755 440 514 520 749 343 619 447 137 285 664 729 597 2 560 735 88 163 297 5 629 533 441 463 500 676 526 966 953 0 756 908 170 695 312 313 849 649 794 343 890 254 612 632 458 95 7 840 718 189 609 739 270 188 263 954 729 932 553 598 652 258 785 
894 840 508 841 377 50 779 789 862 549 926 385 247 781 368 306 689 390 931 519 860 580 176 528 78 313 783 798 467 606 319 482 9 187 495 610 756 0 358 335 186 66 301 559 335 179 351 864 457 742 92 882 365 771 622 28 392 347 204 60 406 266 233 415 685 377 953 279 170 614 
513 319 915 549 375 806 372 263 823 456 676 146 397 553 186 697 334 571 163 891 372 257 374 358 11 313 750 876 519 97 507 356 234 723 559 499 908 358 0 579 717 378 820 598 627 133 661 949 272 280 430 315 444 257 658 367 438 957 438 711 320 739 13 372 474 800 245 679 431 640 
228 603 296 832 240 99 12 471 684 1 966 235 190 953 133 744 365 915 532 835 24 661 845 792 544 205 80 591 421 747 293 926 658 218 282 609 170 335 579 0 25 903 159 433 389 263 782 570 538 229 350 292 609 278 728 912 121 856 852 974 269 115 116 343 927 358 890 558 518 986 
369 951 727 780 384 570 168 850 386 754 822 777 942 341 960 23 421 18 356 776 406 149 594 678 367 495 703 345 564 852 716 241 582 291 783 279 695 186 717 25 0 208 684 928 286 766 634 291 187 379 746 587 237 585 378 599 944 134 32 846 333 188 252 600 66 526 420 627 775 697 
222 155 882 762 934 553 203 483 803 570 316 660 952 208 34 213 221 548 737 293 497 380 897 574 855 998 372 271 552 221 554 108 776 473 735 385 312 66 378 903 208 0 431 416 730 387 151 466 804 232 404 633 96 555 446 283 490 892 605 792 831 347 183 600 684 412 884 419 583 120 
353 339 339 928 586 819 794 394 988 228 57 892 237 659 603 681 214 157 464 185 353 515 818 883 635 988 970 522 451 234 194 225 405 213 189 572 313 301 820 159 684 431 0 899 862 645 97 247 962 316 216 928 952 404 772 87 178 528 750 21 224 676 849 143 66 109 524 654 965 209 
418 703 349 208 295 296 199 368 396 85 637 36 235 607 290 878 235 482 603 593 666 816 7 432 723 298 489 513 673 308 531 430 771 750 465 656 849 559 598 433 928 416 899 0 272 638 235 215 734 401 661 636 471 232 821 658 463 844 784 358 331 566 346 733 221 518 469 299 629 835 
66 243 363 254 259 192 647 503 822 805 146 667 962 656 518 986 119 584 6 499 365 686 546 615 340 272 347 423 377 984 736 381 355 718 248 108 649 335 627 389 286 730 862 272 0 534 969 583 450 452 711 799 733 452 639 886 233 455 622 416 513 563 840 173 770 50 257 443 846 550 
465 748 734 89 405 85 989 618 827 448 654 450 342 201 667 673 214 342 338 469 263 336 84 571 175 662 571 8 685 335 625 946 639 146 319 206 794 179 133 263 766 387 645 638 534 0 411 956 924 681 303 531 621 588 650 717 342 82 976 569 666 448 988 298 135 853 97 723 433 674 
681 577 591 48 947 171 730 656 756 895 103 171 769 273 486 593 27 471 169 193 25 712 576 885 545 925 299 475 342 784 431 724 594 56 612 400 343 351 661 782 634 151 97 235 969 411 0 241 887 900 672 317 938 27 825 946 75 449 643 36 675 191 210 372 133 216 79 73 760 779 
538 157 353 707 617 818 725 434 955 996 865 800 334 597 987 438 538 596 187 53 149 723 518 690 568 659 468 895 736 950 197 161 862 904 308 488 890 864 949 570 291 466 247 215 583 956 241 0 502 657 199 676 954 120 764 959 709 6 301 432 361 998 442 661 187 673 158 106 418 738 
657 930 642 949 610 985 457 431 851 405 19 631 115 692 775 316 584 180 725 546 18 636 438 297 528 816 22 762 313 662 141 151 719 866 302 999 254 457 272 538 187 804 962 734 450 924 887 502 0 33 440 749 709 421 338 62 691 212 822 134 176 830 511 350 173 625 686 867 413 849 
651 49 655 389 122 645 666 354 558 252 541 280 345 869 985 522 589 978 631 54 416 526 582 733 644 596 51 284 730 388 498 890 682 553 441 368 612 742 280 229 379 232 316 401 452 681 900 657 33 0 690 183 600 535 477 737 144 74 974 747 170 601 373 515 398 139 533 692 191 851 
790 943 480 725 681 552 383 863 478 349 529 668 501 965 747 921 423 282 697 211 148 655 163 803 717 745 826 867 34 717 64 469 746 265 212 229 632 92 430 350 746 404 216 661 711 303 672 199 440 690 0 458 973 678 187 100 530 844 456 880 908 946 242 710 453 652 121 310 558 800 
424 808 370 470 911 914 381 275 193 391 704 491 198 442 905 278 501 391 692 448 389 79 351 809 69 64 277 791 279 421 747 615 281 694 387 9 458 882 315 292 587 633 928 636 799 531 317 676 749 183 458 0 967 646 830 400 268 420 322 716 436 258 164 578 783 289 698 945 624 956 
188 636 139 274 769 184 232 335 872 472 225 281 135 145 497 942 965 398 90 697 167 796 230 680 439 539 903 410 707 852 718 543 626 566 577 537 95 365 444 609 237 96 952 471 733 621 938 954 709 600 973 967 0 826 400 83 245 539 419 414 632 689 565 256 423 148 264 471 425 450 
844 502 426 870 208 10 462 416 206 596 456 15 30 620 784 752 454 733 294 687 824 864 435 42 291 548 43 831 360 979 57 535 224 951 743 527 7 771 257 278 585 555 404 232 452 588 27 120 421 535 678 646 826 0 441 256 567 482 349 715 483 441 597 643 735 278 377 795 453 116 
645 271 213 829 269 217 660 529 871 345 326 498 658 274 237 457 893 800 738 919 312 812 389 474 947 828 974 661 889 725 527 917 472 964 49 617 840 622 658 728 378 446 772 821 639 650 825 764 338 477 187 830 400 441 0 397 33 324 224 842 517 638 755 599 825 415 74 872 828 356 
167 662 21 491 675 809 58 938 350 752 305 212 910 40 208 336 547 612 252 253 411 584 577 451 604 728 945 577 594 438 722 469 261 465 625 778 718 28 367 912 599 283 87 658 886 717 946 959 62 737 100 400 83 256 397 0 912 323 858 788 764 479 605 986 633 73 430 587 993 832 
857 389 206 201 123 608 950 842 991 502 584 448 338 789 278 697 6 80 76 583 609 367 746 658 473 444 557 311 991 686 384 594 516 744 432 601 189 392 438 121 944 490 178 463 233 342 75 709 691 144 530 268 245 567 33 912 0 645 330 928 357 144 212 421 704 721 611 37 270 267 
837 133 743 687 559 512 532 796 314 372 373 603 660 70 536 213 958 881 164 980 360 234 151 426 404 153 600 795 601 341 200 533 588 777 243 927 609 347 957 856 134 892 528 844 455 82 449 6 212 74 844 420 539 482 324 323 645 0 313 721 393 718 829 988 591 420 879 371 285 755 
56 42 79 843 786 502 49 567 351 286 854 256 647 631 751 490 170 552 577 373 565 307 874 437 334 910 588 68 627 92 556 751 758 730 756 89 739 204 438 852 32 605 750 784 622 976 643 301 822 974 456 322 419 349 224 858 330 313 0 971 529 583 999 406 168 119 980 607 768 827 
327 199 12 306 553 652 348 505 98 293 267 449 759 457 73 846 628 72 466 120 13 638 960 554 740 142 576 654 343 762 692 671 353 717 460 515 270 60 711 974 846 792 21 358 416 569 36 432 134 747 880 716 414 715 842 788 928 721 971 0 574 745 396 335 420 616 728 679 332 565 
174 498 319 301 966 876 104 481 799 442 328 729 311 559 269 348 732 824 346 739 885 51 795 236 589 279 704 487 82 178 189 322 97 657 862 101 188 406 320 269 333 831 224 331 513 666 675 361 176 170 908 436 632 483 517 764 357 393 529 574 0 431 369 792 460 206 442 929 148 202 
194 261 417 632 754 868 916 71 941 847 801 723 273 114 691 879 108 318 100 852 788 69 319 672 365 839 877 842 307 673 128 273 614 392 344 521 263 266 739 115 188 347 676 566 563 448 191 998 830 601 946 258 689 441 638 479 144 718 583 745 431 0 613 403 349 516 499 587 581 952 
484 621 814 617 843 538 325 577 272 913 857 507 116 816 185 830 796 327 580 751 870 13 23 528 390 138 597 770 744 385 857 314 811 241 58 868 954 233 13 116 252 183 849 346 840 988 210 442 511 373 242 164 565 597 755 605 212 829 999 396 369 613 0 327 192 955 638 575 996 967 
686 433 920 324 794 574 113 747 849 369 168 475 257 385 490 112 180 466 921 440 622 482 558 66 33 826 68 191 569 627 487 911 642 330 854 435 729 415 372 343 600 600 143 733 173 298 372 661 350 515 710 578 256 643 599 986 421 988 406 335 792 403 327 0 771 294 255 138 710 300 
367 659 490 716 866 95 217 457 57 255 485 815 150 163 821 716 736 894 116 952 425 909 934 467 375 860 792 524 767 503 67 577 845 994 545 870 932 685 474 927 66 684 66 221 770 135 133 187 173 398 453 783 423 735 825 633 704 591 168 420 460 349 192 771 0 431 756 559 716 974 
944 535 38 215 685 149 706 301 315 523 336 165 58 656 691 625 23 453 574 207 253 374 807 804 972 388 201 332 970 134 585 18 222 555 531 144 553 377 800 358 526 412 109 518 50 853 216 673 625 139 652 289 148 278 415 73 721 420 119 616 206 516 955 294 431 0 957 262 245 395 
194 70 922 569 141 812 207 640 301 553 486 450 393 804 454 491 426 527 58 517 75 519 956 902 880 486 380 423 440 33 880 60 415 905 145 431 598 953 245 890 420 884 524 469 257 97 79 158 686 533 121 698 264 377 74 430 611 879 980 728 442 499 638 255 756 957 0 175 65 527 
907 139 78 58 419 474 166 321 950 801 729 911 664 515 512 305 360 111 645 9 823 333 795 572 526 19 253 89 399 510 290 303 712 253 238 460 652 279 679 558 627 419 654 299 443 723 73 106 867 692 310 945 471 795 872 587 37 371 607 679 929 587 575 138 559 262 175 0 4 52 
996 815 722 779 400 491 969 640 933 419 207 537 577 450 528 428 261 688 229 420 637 168 769 985 5 817 569 822 485 635 38 492 884 523 184 764 258 170 431 518 775 583 965 629 846 433 760 418 413 191 558 624 425 453 828 993 270 285 768 332 148 581 996 710 716 245 65 4 0 977 
614 190 150 509 963 527 309 709 316 986 292 12 965 548 94 663 194 390 544 491 297 190 760 293 409 193 902 809 437 854 304 286 308 713 938 897 785 614 640 986 697 120 209 835 550 674 779 738 849 851 800 956 450 116 356 832 267 755 827 565 202 952 967 300 974 395 527 52 977 0 
