70 2
0 220 896 992 329 860 302 427 348 445 773 136 134 579 278 600 864 338 940 649 483 116 966 858 348 49 493 676 452 425 264 525 920 770 509 886 891 36 791 56 650 24 501 735 325 867 628 628 749 377 120 346 730 36 227 689 901 285 508 608 269 896 742 323 485 247 254 225 342 184 
220 0 671 138 352 501 990 35 515 757 397 957 165 165 801 506 314 479 665 927 615 264 37 219 915 267 953 275 198 11 995 907 975 170 311 639 549 951 519 689 446 760 656 917 39 546 160 94 782 605 882 913 341 990 882 426 705 888 162 333 845 928 742 579 670 486 182 316 895 793 
896 671 0 911 750 886 440 479 507 527 324 316 462 509 23 410 278 319 496 814 211 991 331 69 289 4 459 289 910 508 436 461 958 389 507 808 107 518 616 616 61 629 19 543 570 768 493 469 127 444 571 937 925 190 359 691 950 554 627 996 143 836 100 922 18 906 647 281 578 811 
992 138 911 0 282 668 747 235 536 240 207 707 214 555 363 164 341 479 495 115 51 363 628 400 626 354 806 877 232 3 57 276 725 908 977 476 488 639 689 132 922 153 607 499 979 521 339 113 746 448 67 917 691 690 847 500 877 131 718 88 308 629 200 458 589 790 907 557 138 315 
329 352 750 282 0 702 14 104 961 280 993 626 312 692 647 231 630 153 918 672 240 644 721 836 624 475 10 594 621 917 438 815 743 7 277 15 273 531 87 185 403 381 45 654 992 869 142 62 667 214 572 833 270 949 297 403 503 915 598 285 846 851 238 956 282 533 868 722 224 717 
860 501 886 668 702 0 69 242 443 449 186 386 909 296 683 941 691 517 197 662 130 246 437 697 189 31 975 700 23 486 338 563 702 806 917 845 134 227 300 926 571 409 153 89 501 960 885 348 722 811 731 663 507 699 43 531 746 282 593 862 567 287 726 992 719 453 640 311 31 220 
302 990 440 747 14 69 0 559 856 860 241 8 598 485 259 899 571 954 630 6 51 141 39 798 701 98 230 725 253 81 147 710 794 62 832 861 340 12 331 93 656 531 450 712 667 345 925 735 653 3 735 900 850 587 208 595 669 700 313 922 465 842 437 653 96 802 742 300 739 750 
427 35 479 235 104 242 559 0 780 241 187 658 404 575 707 810 848 342 156 49 979 70 580 431 686 46 133 580 148 327 769 219 322 26 83 667 379 982 349 474 886 819 112 431 746 667 725 896 152 833 711 714 27 424 633 74 182 632 85 321 42 124 118 537 643 970 129 392 452 540 
348 515 507 536 961 443 856 780 0 498 261 998 146 919 97 504 271 652 708 906 634 741 774 314 730 332 585 423 244 749 322 90 434 811 577 568 413 972 916 562 76 286 580 415 542 141 48 730 211 749 565 687 954 116 202 187 284 818 824 191 860 824 861 168 753 540 390 560 153 530 
445 757 527 240 280 449 860 241 498 0 124 472 61 166 189 847 230 763 912 496 300 359 520 948 347 150 86 689 69 724 267 993 755 190 779 412 589 271 557 297 399 720 47 860 626 102 148 12 70 126 858 467 57 749 216 787 666 482 602 734 558 579 259 432 209 927 621 984 471 572 
773 397 324 207 993 186 241 187 261 124 0 273 287 426 127 178 290 826 984 915 113 505 942 901 826 342 151 709 381 573 379 811 619 369 424 414 243 938 880 914 520 755 500 296 338 517 770 862 544 99 954 274 285 854 6 915 274 956 23 755 506 104 718 885 95 796 17 931 579 347 
136 957 316 707 626 386 8 658 998 472 273 0 723 808 967 261 243 162 310 552 62 140 390 919 422 661 159 280 74 715 804 144 281 929 742 853 300 110 84 824 840 838 499 71 421 626 602 444 75 852 393 408 241 36 73 305 329 322 496 576 853 138 798 186 464 219 553 415 270 441 
134 165 462 214 312 909 598 404 146 61 287 723 0 757 741 153 187 536 139 739 816 409 505 736 264 400 271 142 733 975 148 190 268 121 258 378 901 985 350 405 616 473 642 428 624 674 549 69 961 854 63 985 78 132 195 514 756 465 122 633 224 542 455 723 864 346 106 537 989 752 
579 165 509 555 692 296 485 575 919 166 426 808 757 0 973 676 820 433 400 733 801 481 971 361 642 456 819 589 615 3 315 481 754 195 640 891 805 632 87 106 218 464 133 614 207 26 779 750 718 558 218 591 449 799 711 665 742 914 742 726 246 678 777 2 993 737 32 793 299 741 
278 801 23 363 647 683 259 707 97 189 127 967 741 973 0 466 229 706 231 876 266 156 196 155 635 86 598 525 305 960 39 175 571 485 961 473 220 315 385 145 912 338 48 375 66 746 130 680 706 493 753 803 792 602 182 569 574 443 220 256 864 478 510 459 503 953 160 179 879 687 
600 506 410 164 231 941 899 810 504 847 178 261 153 676 466 0 505 47 476 916 567 792 540 85 386 460 117 370 492 251 93 589 221 864 352 491 655 823 806 255 160 444 197 289 724 474 138 990 955 258 724 394 843 247 75 34 594 598 430 525 501 167 499 127 130 67 208 244 133 76 
864 314 278 341 630 691 571 848 271 230 290 243 187 820 229 505 0 444 559 347 669 613 616 360 113 188 897 279 121 299 463 443 106 638 672 798 604 249 843 422 893 646 309 978 216 60 640 988 317 398 676 803 29 49 520 944 152 226 64 508 148 267 581 6 69 847 403 320 856 670 
338 479 319 479 153 517 954 342 652 763 826 162 536 433 706 47 444 0 683 282 136 666 439 662 766 316 688 682 183 263 313 336 339 624 199 282 358 813 307 298 842 164 303 162 431 229 948 844 554 785 120 704 689 31 294 521 708 406 509 398 985 918 244 106 518 110 126 845 941 103 
940 665 496 495 918 197 630 156 708 912 984 310 139 400 231 476 559 683 0 844 127 351 534 552 599 535 957 778 286 395 118 271 592 67 72 789 870 889 155 337 355 63 73 585 54 35 760 882 292 369 578 349 273 685 514 189 982 50 6 872 806 621 144 836 17 916 749 198 215 993 
649 927 814 115 672 662 6 49 906 496 915 552 739 733 876 916 347 282 844 0 614 35 66 361 401 353 586 782 475 624 991 720 805 666 812 263 357 100 741 787 38 454 134 600 166 129 389 7 622 90 585 695 821 816 608 627 434 114 813 611 428 566 477 766 116 933 293 929 599 233 
483 615 211 51 240 130 51 979 634 300 113 62 816 801 266 567 669 136 127 614 0 70 439 15 895 382 789 511 953 799 121 942 891 315 235 539 493 844 906 23 918 114 294 181 802 515 740 485 349 27 754 662 550 743 580 924 116 911 365 605 882 926 94 69 336 195 759 536 921 547 
116 264 991 363 644 246 141 70 741 359 505 140 409 481 156 792 613 666 351 35 70 0 900 216 232 883 167 102 313 37 586 441 550 263 342 18 726 321 207 804 420 684 969 91 589 690 203 739 775 139 946 246 494 427 961 887 837 60 750 293 733 686 524 738 17 547 373 210 989 326 
966 37 331 628 721 437 39 580 774 520 942 390 505 971 196 540 616 439 534 66 439 900 0 803 889 195 857 361 902 288 381 185 325 50 686 556 68 492 623 866 119 880 948 932 471 666 179 396 594 899 564 313 248 425 595 165 984 837 566 226 992 37 951 440 781 352 70 124 824 601 
858 219 69 400 836 697 798 431 314 948 901 919 736 361 155 85 360 662 552 361 15 216 803 0 388 275 344 502 865 161 837 849 444 447 500 583 247 35 652 675 719 744 420 105 181 164 778 710 361 921 553 558 249 4 377 375 994 481 733 643 746 363 894 92 22 804 645 185 175 895 
348 915 289 626 624 189 701 686 730 347 826 422 264 642 635 386 113 766 599 401 895 232 889 388 0 299 814 731 816 643 589 835 416 238 977 789 450 483 818 962 454 169 960 108 331 686 319 347 519 686 173 786 395 710 509 832 63 205 456 436 409 756 544 653 531 14 814 809 456 41 
49 267 4 354 475 31 98 46 332 150 342 661 400 456 86 460 188 316 535 353 382 883 195 275 299 0 94 278 159 414 914 199 760 774 371 966 588 719 759 478 925 621 992 835 142 179 839 600 58 3 957 874 230 988 1 875 703 60 558 776 27 19 242 580 334 743 447 311 763 995 
493 953 459 806 10 975 230 133 585 86 151 159 271 819 598 117 897 688 957 586 789 167 857 344 814 94 0 824 997 266 825 661 420 616 39 339 553 795 479 882 541 69 449 113 188 345 498 452 227 369 412 281 556 512 752 959 863 518 699 333 77 919 941 220 75 240 570 742 282 273 
676 275 289 877 594 700 725 580 423 689 709 280 142 589 525 370 279 682 778 782 511 102 361 502 731 278 824 0 513 729 885 758 915 416 378 625 879 594 813 295 743 982 925 99 667 742 737 520 533 414 96 908 753 187 571 76 187 727 846 859 176 724 624 694 945 618 717 274 16 974 
452 198 910 232 621 23 253 148 244 69 381 74 733 615 305 492 121 183 286 475 953 313 902 865 816 159 997 513 0 376 523 366 512 495 56 157 674 236 105 577 834 742 14 267 789 338 865 407 402 387 549 724 668 541 797 875 680 920 161 293 961 478 83 556 905 705 904 483 134 365 
425 11 508 3 917 486 81 327 749 724 573 715 975 3 960 251 299 263 395 624 799 37 288 161 643 414 266 729 376 0 125 699 406 811 871 498 383 455 267 217 686 142 627 641 160 433 598 685 861 588 948 907 3 991 330 594 245 36 842 428 580 322 749 487 802 732 567 223 836 144 
264 995 436 57 438 338 147 769 322 267 379 804 148 315 39 93 463 313 118 991 121 586 381 837 589 914 825 885 523 125 0 596 243 88 56 812 914 678 453 166 129 190 242 110 368 154 209 990 512 146 914 897 858 511 923 69 353 539 756 82 37 987 283 337 222 834 179 667 79 57 
525 907 461 276 815 563 710 219 90 993 811 144 190 481 175 589 443 336 271 720 942 441 185 849 835 199 661 758 366 699 596 0 844 533 299 760 159 30 48 331 509 238 885 543 414 873 475 262 745 672 980 178 247 423 954 667 526 508 619 4 500 377 89 53 745 956 682 581 140 399 
920 975 958 725 743 702 794 322 434 755 619 281 268 754 571 221 106 339 592 805 891 550 325 444 416 760 420 915 512 406 243 844 0 348 931 809 300 424 727 965 899 421 934 67 40 738 300 817 151 1000 458 972 639 74 170 299 862 734 113 802 212 686 280 389 404 232 249 583 110 892 
770 170 389 908 7 806 62 26 811 190 369 929 121 195 485 864 638 624 67 666 315 263 50 447 238 774 616 416 495 811 88 533 348 0 185 900 878 631 187 87 90 807 404 590 182 856 543 323 581 144 793 350 362 655 715 167 845 363 952 568 397 221 592 942 747 40 605 614 354 82 
509 311 507 977 277 917 832 83 577 779 424 742 258 640 961 352 672 199 72 812 235 342 686 500 977 371 39 378 56 871 56 299 931 185 0 767 430 414 54 936 573 987 745 550 57 693 154 114 428 838 902 119 242 665 69 236 89 782 537 615 535 652 217 491 621 186 825 356 862 461 
886 639 808 476 15 845 861 667 568 412 414 853 378 891 473 491 798 282 789 263 539 18 556 583 789 966 339 625 157 498 812 760 809 900 767 0 300 846 35 15 443 644 882 402 150 31 135 978 829 172 564 303 803 624 613 280 940 35 283 695 401 704 468 696 419 391 577 938 159 677 
891 549 107 488 273 134 340 379 413 589 243 300 901 805 220 655 604 358 870 357 493 726 68 247 450 588 553 879 674 383 914 159 300 878 430 300 0 763 553 905 604 543 556 928 226 899 593 680 333 780 575 279 903 301 3 430 572 901 123 968 39 510 427 802 767 228 172 410 524 329 
36 951 518 639 531 227 12 982 972 271 938 110 985 632 315 823 249 813 889 100 844 321 492 35 483 719 795 594 236 455 678 30 424 631 414 846 763 0 245 529 926 313 934 114 914 195 314 309 341 931 879 459 174 112 251 350 664 646 701 685 784 704 819 17 433 606 171 456 103 44 
791 519 616 689 87 300 331 349 916 557 880 84 350 87 385 806 843 307 155 741 906 207 623 652 818 759 479 813 105 267 453 48 727 187 54 35 553 245 0 564 684 274 810 802 674 727 177 248 468 25 240 750 275 929 487 810 653 407 577 700 218 53 65 894 677 513 243 758 109 251 
56 689 616 132 185 926 93 474 562 297 914 824 405 106 145 255 422 298 337 787 23 804 866 675 962 478 882 295 577 217 166 331 965 87 936 15 905 529 564 0 753 958 857 245 724 413 445 601 27 961 504 458 659 192 617 373 2 588 600 712 972 617 685 98 116 429 307 895 526 647 
650 446 61 922 403 571 656 886 76 399 520 840 616 218 912 160 893 842 355 38 918 420 119 719 454 925 541 743 834 686 129 509 899 90 573 443 604 926 684 753 0 694 480 523 400 897 160 766 975 324 680 372 243 861 470 730 1 180 968 790 581 334 402 633 998 495 185 925 491 208 
24 760 629 153 381 409 531 819 286 720 755 838 473 464 338 444 646 164 63 454 114 684 880 744 169 621 69 982 742 142 190 238 421 807 987 644 543 313 274 958 694 0 414 994 136 766 291 242 326 707 97 180 583 555 763 998 3 438 673 260 53 18 733 284 153 357 944 226 58 858 
501 656 19 607 45 153 450 112 580 47 500 499 642 133 48 197 309 303 73 134 294 969 948 420 960 992 449 925 14 627 242 885 934 404 745 882 556 934 810 857 480 414 0 911 105 872 477 1000 97 479 452 502 593 244 61 128 48 899 659 82 714 116 349 870 890 776 49 861 486 590 
735 917 543 499 654 89 712 431 415 860 296 71 428 614 375 289 978 162 585 600 181 91 932 105 108 835 113 99 267 641 110 543 67 590 550 402 928 114 802 245 523 994 911 0 580 757 387 907 34 369 632 76 401 520 717 491 271 695 949 112 5 304 47 826 234 173 807 155 262 791 
325 39 570 979 992 501 667 746 542 626 338 421 624 207 66 724 216 431 54 166 802 589 471 181 331 142 188 667 789 160 368 414 40 182 57 150 226 914 674 724 400 136 105 580 0 303 931 199 149 251 177 426 632 948 188 573 135 2 35 643 920 113 341 680 917 60 32 754 929 575 
867 546 768 521 869 960 345 667 141 102 517 626 674 26 746 474 60 229 35 129 515 690 666 164 686 179 345 742 338 433 154 873 738 856 693 31 899 195 727 413 897 766 872 757 303 0 213 807 825 125 362 908 122 487 593 718 932 843 593 733 349 387 647 366 269 337 411 304 502 96 
628 160 493 339 142 885 925 725 48 148 770 602 549 779 130 138 640 948 760 389 740 203 179 778 319 839 498 737 865 598 209 475 300 543 154 135 593 314 177 445 160 291 477 387 931 213 0 48 332 695 482 607 946 183 239 817 292 88 520 632 498 428 117 427 521 164 544 594 491 106 
628 94 469 113 62 348 735 896 730 12 862 444 69 750 680 990 988 844 882 7 485 739 396 710 347 600 452 520 407 685 990 262 817 323 114 978 680 309 248 601 766 242 1000 907 199 807 48 0 632 857 464 176 143 351 275 281 257 146 203 217 442 21 138 896 179 980 699 775 676 194 
749 782 127 746 667 722 653 152 211 70 544 75 961 718 706 955 317 554 292 622 349 775 594 361 519 58 227 533 402 861 512 745 151 581 428 829 333 341 468 27 975 326 97 34 149 825 332 632 0 869 923 923 925 110 357 610 560 940 270 979 485 63 941 116 58 648 815 509 220 1 
377 605 444 448 214 811 3 833 749 126 99 852 854 558 493 258 398 785 369 90 27 139 899 921 686 3 369 414 387 588 146 672 1000 144 838 172 780 931 25 961 324 707 479 369 251 125 695 857 869 0 2 987 932 60 625 952 149 560 815 288 119 972 159 355 737 429 454 146 515 846 
120 882 571 67 572 731 735 711 565 858 954 393 63 218 753 724 676 120 578 585 754 946 564 553 173 957 412 96 549 948 914 980 458 793 902 564 575 879 240 504 680 97 452 632 177 362 482 464 923 2 0 665 409 303 485 950 692 555 984 821 895 497 36 769 364 483 750 789 186 527 
346 913 937 917 833 663 900 714 687 467 274 408 985 591 803 394 803 704 349 695 662 246 313 558 786 874 281 908 724 907 897 178 972 350 119 303 279 459 750 458 372 180 502 76 426 908 607 176 923 987 665 0 47 859 273 89 397 329 839 311 437 957 373 733 76 393 357 231 246 400 
730 341 925 691 270 507 850 27 954 57 285 241 78 449 792 843 29 689 273 821 550 494 248 249 395 230 556 753 668 3 858 247 639 362 242 803 903 174 275 659 243 583 593 401 632 122 946 143 925 932 409 47 0 116 133 524 911 526 339 725 216 324 220 249 666 149 695 966 673 689 
36 990 190 690 949 699 587 424 116 749 854 36 132 799 602 247 49 31 685 816 743 427 425 4 710 988 512 187 541 991 511 423 74 655 665 624 301 112 929 192 861 555 244 520 948 487 183 351 110 60 303 859 116 0 397 497 846 681 415 737 367 747 679 91 99 64 989 664 767 968 
227 882 359 847 297 43 208 633 202 216 6 73 195 711 182 75 520 294 514 608 580 961 595 377 509 1 752 571 797 330 923 954 170 715 69 613 3 251 487 617 470 763 61 717 188 593 239 275 357 625 485 273 133 397 0 17 648 236 224 150 387 334 74 832 428 155 766 459 66 322 
689 426 691 500 403 531 595 74 187 787 915 305 514 665 569 34 944 521 189 627 924 887 165 375 832 875 959 76 875 594 69 667 299 167 236 280 430 350 810 373 730 998 128 491 573 718 817 281 610 952 950 89 524 497 17 0 4 983 152 487 737 103 831 561 332 883 881 908 943 124 
901 705 950 877 503 746 669 182 284 666 274 329 756 742 574 594 152 708 982 434 116 837 984 994 63 703 863 187 680 245 353 526 862 845 89 940 572 664 653 2 1 3 48 271 135 932 292 257 560 149 692 397 911 846 648 4 0 538 497 211 328 626 262 78 758 501 804 580 818 654 
285 888 554 131 915 282 700 632 818 482 956 322 465 914 443 598 226 406 50 114 911 60 837 481 205 60 518 727 920 36 539 508 734 363 782 35 901 646 407 588 180 438 899 695 2 843 88 146 940 560 555 329 526 681 236 983 538 0 351 55 462 223 51 447 134 448 687 352 378 298 
508 162 627 718 598 593 313 85 824 602 23 496 122 742 220 430 64 509 6 813 365 750 566 733 456 558 699 846 161 842 756 619 113 952 537 283 123 701 577 600 968 673 659 949 35 593 520 203 270 815 984 839 339 415 224 152 497 351 0 519 135 150 468 24 941 601 210 26 925 633 
608 333 996 88 285 862 922 321 191 734 755 576 633 726 256 525 508 398 872 611 605 293 226 643 436 776 333 859 293 428 82 4 802 568 615 695 968 685 700 712 790 260 82 112 643 733 632 217 979 288 821 311 725 737 150 487 211 55 519 0 263 689 46 536 495 275 321 591 144 16 
269 845 143 308 846 567 465 42 860 558 506 853 224 246 864 501 148 985 806 428 882 733 992 746 409 27 77 176 961 580 37 500 212 397 535 401 39 784 218 972 581 53 714 5 920 349 498 442 485 119 895 437 216 367 387 737 328 462 135 263 0 232 991 583 335 566 763 602 755 420 
896 928 836 629 851 287 842 124 824 579 104 138 542 678 478 167 267 918 621 566 926 686 37 363 756 19 919 724 478 322 987 377 686 221 652 704 510 704 53 617 334 18 116 304 113 387 428 21 63 972 497 957 324 747 334 103 626 223 150 689 232 0 993 445 749 592 716 91 808 975 
742 742 100 200 238 726 437 118 861 259 718 798 455 777 510 499 581 244 144 477 94 524 951 894 544 242 941 624 83 749 283 89 280 592 217 468 427 819 65 685 402 733 349 47 341 647 117 138 941 159 36 373 220 679 74 831 262 51 468 46 991 993 0 709 506 612 964 379 578 482 
323 579 922 458 956 992 653 537 168 432 885 186 723 2 459 127 6 106 836 766 69 738 440 92 653 580 220 694 556 487 337 53 389 942 491 696 802 17 894 98 633 284 870 826 680 366 427 896 116 355 769 733 249 91 832 561 78 447 24 536 583 445 709 0 809 853 338 870 201 477 
485 670 18 589 282 719 96 643 753 209 95 464 864 993 503 130 69 518 17 116 336 17 781 22 531 334 75 945 905 802 222 745 404 747 621 419 767 433 677 116 998 153 890 234 917 269 521 179 58 737 364 76 666 99 428 332 758 134 941 495 335 749 506 809 0 684 319 936 19 577 
247 486 906 790 533 453 802 970 540 927 796 219 346 737 953 67 847 110 916 933 195 547 352 804 14 743 240 618 705 732 834 956 232 40 186 391 228 606 513 429 495 357 776 173 60 337 164 980 648 429 483 393 149 64 155 883 501 448 601 275 566 592 612 853 684 0 786 695 319 20 
254 182 647 907 868 640 742 129 390 621 17 553 106 32 160 208 403 126 749 293 759 373 70 645 814 447 570 717 904 567 179 682 249 605 825 577 172 171 243 307 185 944 49 807 32 411 544 699 815 454 750 357 695 989 766 881 804 687 210 321 763 716 964 338 319 786 0 323 860 782 
225 316 281 557 722 311 300 392 560 984 931 415 537 793 179 244 320 845 198 929 536 210 124 185 809 311 742 274 483 223 667 581 583 614 356 938 410 456 758 895 925 226 861 155 754 304 594 775 509 146 789 231 966 664 459 908 580 352 26 591 602 91 379 870 936 695 323 0 681 678 
342 895 578 138 224 31 739 452 153 471 579 270 989 299 879 133 856 941 215 599 921 989 824 175 456 763 282 16 134 836 79 140 110 354 862 159 524 103 109 526 491 58 486 262 929 502 491 676 220 515 186 246 673 767 66 943 818 378 925 144 755 808 578 201 19 319 860 681 0 237 
184 793 811 315 717 220 750 540 530 572 347 441 752 741 687 76 670 103 993 233 547 326 601 895 41 995 273 974 365 144 57 399 892 82 461 677 329 44 251 647 208 858 590 791 575 96 106 194 1 846 527 400 689 968 322 124 654 298 633 16 420 975 482 477 577 20 782 678 237 0 
0 935 101 38 516 135 609 451 6 744 663 862 730 608 69 706 571 782 867 282 510 717 855 548 342 810 208 601 150 761 845 98 700 351 416 475 51 740 853 886 486 454 332 629 622 31 893 273 983 678 522 90 670 65 377 657 167 269 57 224 426 929 777 273 935 970 847 71 274 258 
935 0 894 757 566 80 108 990 516 988 967 410 174 692 330 196 651 253 720 495 547 757 331 406 142 295 432 752 305 296 454 779 192 452 686 806 449 977 387 406 703 466 678 800 436 774 593 63 857 190 57 65 370 273 230 390 295 188 976 955 841 446 317 760 767 699 171 940 457 532 
101 894 0 944 45 384 115 184 306 928 611 116 424 491 250 249 898 139 950 361 467 499 116 106 391 737 336 999 917 69 449 552 149 88 741 817 796 884 943 874 986 243 755 837 645 604 991 795 44 309 342 728 538 137 32 249 770 422 198 340 817 658 833 174 389 777 890 525 56 973 
38 757 944 0 129 366 331 991 309 12 456 869 493 519 60 836 309 617 446 63 600 348 689 635 291 870 758 46 879 612 469 615 949 237 572 876 293 445 985 686 733 964 313 99 601 851 534 230 823 116 559 245 552 299 747 612 798 326 784 98 595 466 805 434 221 79 334 795 45 808 
516 566 45 129 0 461 534 408 47 556 563 68 881 246 781 355 390 750 765 25 22 882 984 224 94 532 673 247 319 581 500 712 809 726 258 486 567 962 305 505 727 545 804 530 809 973 129 845 663 224 790 663 507 306 657 830 979 941 155 381 696 708 450 158 359 870 130 272 244 489 
135 80 384 366 461 0 444 679 114 835 154 314 711 234 544 304 751 211 32 846 922 662 241 503 375 994 817 734 231 799 27 44 750 132 85 735 542 759 574 764 110 983 723 695 120 71 812 222 337 950 317 994 383 980 46 603 583 775 548 854 152 626 49 712 490 392 750 181 861 622 
609 108 115 331 534 444 0 930 768 825 566 991 652 59 521 344 176 928 521 944 349 234 289 593 15 798 944 398 624 194 247 789 34 609 800 641 9 573 656 822 722 266 40 836 923 990 207 583 556 699 15 221 723 244 179 168 694 211 3 404 677 165 199 191 238 318 471 987 917 269 
451 990 184 991 408 679 930 0 300 407 911 751 235 29 779 95 928 629 240 785 506 917 564 980 743 522 445 942 644 376 522 677 995 73 343 490 484 785 692 620 192 775 298 799 220 692 584 99 363 746 294 857 509 940 867 673 522 720 794 513 885 428 499 855 496 849 775 886 125 780 
6 516 306 309 47 114 768 300 0 319 244 840 341 469 327 29 531 483 250 950 224 589 771 246 757 577 992 71 600 879 341 453 70 382 538 553 60 882 356 367 545 481 44 607 207 748 373 535 261 947 150 899 392 265 587 814 462 566 44 242 816 514 674 996 930 599 699 272 171 744 
744 988 928 12 556 835 825 407 319 0 688 229 558 311 516 873 67 19 511 7 335 128 157 46 936 220 70 601 163 413 837 515 377 880 334 34 435 522 600 941 464 303 12 337 623 459 418 928 790 635 314 806 227 739 195 98 443 631 571 93 781 595 746 757 611 298 375 157 385 857 
663 967 611 456 563 154 566 911 244 688 0 992 668 194 156 992 301 185 368 29 532 289 460 548 890 24 45 190 637 863 126 299 95 672 518 722 65 968 73 450 439 537 489 559 117 528 752 656 758 934 662 11 651 36 355 320 469 172 528 575 436 97 590 368 475 48 916 12 659 898 
862 410 116 869 68 314 991 751 840 229 992 0 21 73 913 598 336 243 704 906 902 980 483 771 403 244 836 152 606 125 294 285 25 38 353 572 728 748 521 390 839 162 972 859 62 271 627 333 115 529 551 276 653 24 585 136 312 340 647 756 408 652 898 834 237 957 639 342 449 702 
730 174 424 493 881 711 652 235 341 558 668 21 0 782 267 844 784 814 551 587 989 529 630 939 308 512 957 909 838 117 450 726 499 560 21 689 739 47 321 542 768 123 123 718 557 653 192 291 202 660 166 194 530 197 261 839 611 8 418 220 206 44 900 293 555 32 16 35 610 300 
608 692 491 519 246 234 59 29 469 311 194 73 782 0 940 486 730 698 139 373 227 6 644 3 879 503 618 595 315 533 333 2 171 844 288 68 392 16 98 949 607 797 641 17 351 120 306 721 437 538 961 348 185 538 53 978 717 358 284 280 321 304 192 675 513 990 325 50 529 424 
69 330 250 60 781 544 521 779 327 516 156 913 267 940 0 853 51 252 860 461 149 200 36 548 600 515 347 535 198 212 995 112 621 946 634 375 722 941 734 625 379 75 243 497 817 660 700 883 130 713 85 281 819 922 688 634 35 65 229 637 300 1 189 520 413 841 486 18 769 415 
706 196 249 836 355 304 344 95 29 873 992 598 844 486 853 0 101 801 932 692 167 194 89 349 920 484 742 777 13 812 352 134 859 10 505 613 554 925 277 616 516 513 407 293 744 182 827 761 976 281 89 30 110 580 129 374 722 671 187 985 429 945 956 676 590 334 591 895 226 149 
571 651 898 309 390 751 176 928 531 67 301 336 784 730 51 101 0 271 622 342 424 39 190 699 621 157 69 261 442 987 426 921 348 63 628 768 929 756 974 511 934 314 567 419 273 374 649 26 981 923 589 216 564 608 983 80 722 871 620 823 77 74 5 582 752 886 428 762 813 434 
782 253 139 617 750 211 928 629 483 19 185 243 814 698 252 801 271 0 689 856 569 155 202 925 183 337 990 842 693 458 119 139 588 604 521 202 838 613 107 267 87 978 919 719 794 9 934 985 988 507 205 781 549 833 858 980 673 708 779 881 680 728 573 734 7 455 899 306 543 374 
867 720 950 446 765 32 521 240 250 511 368 704 551 139 860 932 622 689 0 146 320 389 509 372 946 663 859 435 104 971 28 834 682 625 748 205 136 537 36 852 555 863 174 105 950 278 246 727 156 645 376 867 86 664 550 814 321 933 382 811 235 314 311 364 471 855 49 219 747 314 
282 495 361 63 25 846 944 785 950 7 29 906 587 373 461 692 342 856 146 0 965 576 921 230 842 880 844 86 639 235 17 51 400 60 861 723 56 499 209 798 890 178 918 669 912 895 949 241 953 226 275 670 471 953 93 607 766 953 775 480 47 750 828 902 185 827 316 287 714 216 
510 547 467 600 22 922 349 506 224 335 532 902 989 227 149 167 424 569 320 965 0 89 216 33 900 996 466 594 235 96 569 219 223 421 312 79 772 336 395 68 981 512 730 557 940 693 223 453 881 230 411 364 446 787 935 666 35 84 731 814 189 881 15 433 80 547 279 485 757 627 
717 757 499 348 882 662 234 917 589 128 289 980 529 6 200 194 39 155 389 576 89 0 150 941 310 788 799 194 123 294 483 868 30 167 919 32 704 152 224 947 569 42 445 997 98 27 933 94 360 768 844 616 5 623 4 749 284 558 35 161 850 313 244 270 887 292 368 582 277 153 
855 331 116 689 984 241 289 564 771 157 460 483 630 644 36 89 190 202 509 921 216 150 0 1000 478 356 902 381 885 503 726 906 998 338 704 918 698 790 100 54 396 634 9 607 362 859 79 499 306 500 674 290 326 109 483 452 981 577 463 453 332 543 934 723 782 877 551 739 460 750 
548 406 106 635 224 503 593 980 246 46 548 771 939 3 548 349 699 925 372 230 33 941 1000 0 725 51 39 50 986 569 345 514 643 652 709 609 216 359 980 978 23 921 668 994 183 822 106 524 927 33 167 350 11 48 424 525 452 177 236 424 514 999 971 527 373 202 893 852 893 773 
342 142 391 291 94 375 15 743 757 936 890 403 308 879 600 920 621 183 946 842 900 310 478 725 0 490 737 644 465 686 687 508 774 18 798 537 892 642 784 428 551 782 56 684 801 944 778 133 475 191 454 913 261 644 931 638 853 242 935 845 44 279 605 69 393 261 417 480 596 504 
810 295 737 870 532 994 798 522 577 220 24 244 512 503 515 484 157 337 663 880 996 788 356 51 490 0 798 127 396 542 938 380 497 908 331 140 161 828 135 369 381 877 43 81 294 344 383 185 523 38 879 157 491 867 745 787 141 363 657 29 448 957 106 172 718 442 196 844 518 3 
208 432 336 758 673 817 944 445 992 70 45 836 957 618 347 742 69 990 859 844 466 799 902 39 737 798 0 750 912 489 834 29 892 123 29 410 18 932 186 310 49 210 554 811 768 828 64 504 191 967 226 222 968 127 262 251 291 527 805 835 965 410 284 887 958 20 390 103 137 642 
601 752 999 46 247 734 398 942 71 601 190 152 909 595 535 777 261 842 435 86 594 194 381 50 644 127 750 0 514 324 799 875 132 337 298 869 795 718 267 494 250 952 961 728 846 319 434 424 142 184 323 306 367 466 605 907 524 590 923 592 148 557 434 518 757 562 341 439 87 234 
150 305 917 879 319 231 624 644 600 163 637 606 838 315 198 13 442 693 104 639 235 123 885 986 465 396 912 514 0 937 363 198 251 586 494 628 837 451 831 273 91 787 210 298 216 802 901 971 518 118 280 752 26 334 852 54 604 193 112 280 610 516 529 470 643 913 575 57 215 328 
761 296 69 612 581 799 194 376 879 413 863 125 117 533 212 812 987 458 971 235 96 294 503 569 686 542 489 324 937 0 776 532 908 463 872 938 237 18 986 607 57 396 292 344 134 141 118 45 956 203 591 598 309 197 502 998 903 58 795 652 450 213 171 836 179 945 914 684 866 811 
845 454 449 469 500 27 247 522 341 837 126 294 450 333 995 352 426 119 28 17 569 483 726 345 687 938 834 799 363 776 0 73 426 777 948 240 509 219 48 502 840 764 40 967 510 389 207 133 738 816 804 617 182 435 268 181 881 981 642 862 304 137 218 549 396 460 500 400 69 198 
98 779 552 615 712 44 789 677 453 515 299 285 726 2 112 134 921 139 834 51 219 868 906 514 508 380 29 875 198 532 73 0 673 337 294 883 892 452 38 570 78 945 646 985 793 56 539 244 844 562 273 254 419 209 31 17 562 645 809 425 956 912 251 404 878 804 487 659 962 947 
700 192 149 949 809 750 34 995 70 377 95 25 499 171 621 859 348 588 682 400 223 30 998 643 774 497 892 132 251 908 426 673 0 759 985 161 626 113 485 379 410 110 515 23 448 680 740 618 742 325 366 239 127 822 744 540 236 764 495 70 137 49 835 723 284 893 619 114 234 259 
351 452 88 237 726 132 609 73 382 880 672 38 560 844 946 10 63 604 625 60 421 167 338 652 18 908 123 337 586 463 777 337 759 0 420 74 710 728 321 341 699 628 608 693 354 758 678 605 399 90 389 828 281 492 60 875 602 837 113 202 830 634 638 624 660 768 902 15 105 477 
416 686 741 572 258 85 800 343 538 334 518 353 21 288 634 505 628 521 748 861 312 919 704 709 798 331 29 298 494 872 948 294 985 420 0 467 887 267 46 575 531 327 501 244 829 684 954 838 706 856 940 644 978 375 989 665 498 686 602 643 294 290 585 177 231 669 619 381 859 928 
475 806 817 876 486 735 641 490 553 34 722 572 689 68 375 613 768 202 205 723 79 32 918 609 537 140 410 869 628 938 240 883 161 74 467 0 713 11 599 382 770 661 355 64 96 705 434 265 835 360 457 313 308 714 81 653 76 999 81 592 885 994 446 1 537 450 524 627 784 583 
51 449 796 293 567 542 9 484 60 435 65 728 739 392 722 554 929 838 136 56 772 704 698 216 892 161 18 795 837 237 509 892 626 710 887 713 0 807 448 405 163 638 240 288 991 388 415 923 518 417 609 277 43 56 988 16 986 866 354 306 453 734 686 545 838 925 722 952 504 184 
740 977 884 445 962 759 573 785 882 522 968 748 47 16 941 925 756 613 537 499 336 152 790 359 642 828 932 718 451 18 219 452 113 728 267 11 807 0 584 67 123 346 596 668 506 72 817 240 229 449 923 997 139 885 758 642 915 530 379 659 934 227 944 834 39 851 729 534 848 567 
853 387 943 985 305 574 656 692 356 600 73 521 321 98 734 277 974 107 36 209 395 224 100 980 784 135 186 267 831 986 48 38 485 321 46 599 448 584 0 343 623 480 35 22 684 680 541 421 709 111 90 27 128 505 30 397 237 335 440 452 145 664 957 411 722 806 117 592 770 377 
886 406 874 686 505 764 822 620 367 941 450 390 542 949 625 616 511 267 852 798 68 947 54 978 428 369 310 494 273 607 502 570 379 341 575 382 405 67 343 0 491 503 129 636 637 683 979 927 727 772 563 253 877 904 130 566 490 940 950 272 58 766 943 463 837 424 184 302 842 115 
486 703 986 733 727 110 722 192 545 464 439 839 768 607 379 516 934 87 555 890 981 569 396 23 551 381 49 250 91 57 840 78 410 699 531 770 163 123 623 491 0 475 380 874 892 400 677 73 41 814 868 976 648 545 745 414 276 82 517 458 793 51 53 6 938 113 510 142 107 621 
454 466 243 964 545 983 266 775 481 303 537 162 123 797 75 513 314 978 863 178 512 42 634 921 782 877 210 952 787 396 764 945 110 628 327 661 638 346 480 503 475 0 332 850 348 52 719 126 64 443 666 975 74 784 32 995 407 38 972 497 917 528 880 623 633 49 500 554 669 249 
332 678 755 313 804 723 40 298 44 12 489 972 123 641 243 407 567 919 174 918 730 445 9 668 56 43 554 961 210 292 40 646 515 608 501 355 240 596 35 129 380 332 0 671 923 201 783 19 518 826 702 789 823 408 856 527 244 422 712 13 612 886 892 288 947 346 964 750 237 951 
629 800 837 99 530 695 836 799 607 337 559 859 718 17 497 293 419 719 105 669 557 997 607 994 684 81 811 728 298 344 967 985 23 693 244 64 288 668 22 636 874 850 671 0 698 35 255 679 641 334 730 266 225 700 43 53 74 91 298 724 202 350 298 128 622 881 389 751 424 96 
622 436 645 601 809 120 923 220 207 623 117 62 557 351 817 744 273 794 950 912 940 98 362 183 801 294 768 846 216 134 510 793 448 354 829 96 991 506 684 637 892 348 923 698 0 323 826 120 66 166 398 432 545 959 187 79 780 912 401 757 875 827 572 962 783 29 737 584 384 357 
31 774 604 851 973 71 990 692 748 459 528 271 653 120 660 182 374 9 278 895 693 27 859 822 944 344 828 319 802 141 389 56 680 758 684 705 388 72 680 683 400 52 201 35 323 0 605 96 73 680 814 9 60 474 893 261 213 612 999 574 354 4 129 679 954 943 271 837 68 83 
893 593 991 534 129 812 207 584 373 418 752 627 192 306 700 827 649 934 246 949 223 933 79 106 778 383 64 434 901 118 207 539 740 678 954 434 415 817 541 979 677 719 783 255 826 605 0 93 143 695 296 963 122 472 944 680 456 34 541 523 532 116 413 537 877 40 667 201 155 61 
273 63 795 230 845 222 583 99 535 928 656 333 291 721 883 761 26 985 727 241 453 94 499 524 133 185 504 424 971 45 133 244 618 605 838 265 923 240 421 927 73 126 19 679 120 96 93 0 629 189 636 995 615 79 717 617 473 537 742 346 463 663 285 729 138 133 615 753 478 49 
983 857 44 823 663 337 556 363 261 790 758 115 202 437 130 976 981 988 156 953 881 360 306 927 475 523 191 142 518 956 738 844 742 399 706 835 518 229 709 727 41 64 518 641 66 73 143 629 0 99 438 649 279 348 42 251 667 541 847 479 48 981 515 393 345 690 243 883 900 836 
678 190 309 116 224 950 699 746 947 635 934 529 660 538 713 281 923 507 645 226 230 768 500 33 191 38 967 184 118 203 816 562 325 90 856 360 417 449 111 772 814 443 826 334 166 680 695 189 99 0 895 56 967 35 337 476 243 303 342 109 618 180 547 96 148 109 367 530 576 977 
522 57 342 559 790 317 15 294 150 314 662 551 166 961 85 89 589 205 376 275 411 844 674 167 454 879 226 323 280 591 804 273 366 389 940 457 609 923 90 563 868 666 702 730 398 814 296 636 438 895 0 568 224 974 626 718 506 11 103 192 111 284 499 248 771 969 229 662 637 270 
90 65 728 245 663 994 221 857 899 806 11 276 194 348 281 30 216 781 867 670 364 616 290 350 913 157 222 306 752 598 617 254 239 828 644 313 277 997 27 253 976 975 789 266 432 9 963 995 649 56 568 0 436 963 982 906 31 813 556 925 172 658 466 697 210 181 357 152 557 714 
670 370 538 552 507 383 723 509 392 227 651 653 530 185 819 110 564 549 86 471 446 5 326 11 261 491 968 367 26 309 182 419 127 281 978 308 43 139 128 877 648 74 823 225 545 60 122 615 279 967 224 436 0 624 520 228 680 454 447 469 69 478 235 550 948 157 144 78 241 311 
65 273 137 299 306 980 244 940 265 739 36 24 197 538 922 580 608 833 664 953 787 623 109 48 644 867 127 466 334 197 435 209 822 492 375 714 56 885 505 904 545 784 408 700 959 474 472 79 348 35 974 963 624 0 677 169 761 84 89 134 575 417 332 799 105 185 717 759 113 956 
377 230 32 747 657 46 179 867 587 195 355 585 261 53 688 129 983 858 550 93 935 4 483 424 931 745 262 605 852 502 268 31 744 60 989 81 988 758 30 130 745 32 856 43 187 893 944 717 42 337 626 982 520 677 0 565 647 626 444 494 94 397 49 17 77 996 10 402 943 946 
657 390 249 612 830 603 168 673 814 98 320 136 839 978 634 374 80 980 814 607 666 749 452 525 638 787 251 907 54 998 181 17 540 875 665 653 16 642 397 566 414 995 527 53 79 261 680 617 251 476 718 906 228 169 565 0 435 788 861 592 414 891 431 512 66 68 657 104 161 918 
167 295 770 798 979 583 694 522 462 443 469 312 611 717 35 722 722 673 321 766 35 284 981 452 853 141 291 524 604 903 881 562 236 602 498 76 986 915 237 490 276 407 244 74 780 213 456 473 667 243 506 31 680 761 647 435 0 315 663 265 717 108 226 578 289 914 646 720 898 938 
269 188 422 326 941 775 211 720 566 631 172 340 8 358 65 671 871 708 933 953 84 558 577 177 242 363 527 590 193 58 981 645 764 837 686 999 866 530 335 940 82 38 422 91 912 612 34 537 541 303 11 813 454 84 626 788 315 0 144 611 912 174 347 292 583 924 579 745 221 634 
57 976 198 784 155 548 3 794 44 571 528 647 418 284 229 187 620 779 382 775 731 35 463 236 935 657 805 923 112 795 642 809 495 113 602 81 354 379 440 950 517 972 712 298 401 999 541 742 847 342 103 556 447 89 444 861 663 144 0 70 889 944 32 881 340 402 480 688 895 351 
224 955 340 98 381 854 404 513 242 93 575 756 220 280 637 985 823 881 811 480 814 161 453 424 845 29 835 592 280 652 862 425 70 202 643 592 306 659 452 272 458 497 13 724 757 574 523 346 479 109 192 925 469 134 494 592 265 611 70 0 77 185 153 518 175 825 435 897 920 307 
426 841 817 595 696 152 677 885 816 781 436 408 206 321 300 429 77 680 235 47 189 850 332 514 44 448 965 148 610 450 304 956 137 830 294 885 453 934 145 58 793 917 612 202 875 354 532 463 48 618 111 172 69 575 94 414 717 912 889 77 0 484 359 588 254 206 28 39 491 630 
929 446 658 466 708 626 165 428 514 595 97 652 44 304 1 945 74 728 314 750 881 313 543 999 279 957 410 557 516 213 137 912 49 634 290 994 734 227 664 766 51 528 886 350 827 4 116 663 981 180 284 658 478 417 397 891 108 174 944 185 484 0 151 685 698 486 86 560 552 362 
777 317 833 805 450 49 199 499 674 746 590 898 900 192 189 956 5 573 311 828 15 244 934 971 605 106 284 434 529 171 218 251 835 638 585 446 686 944 957 943 53 880 892 298 572 129 413 285 515 547 499 466 235 332 49 431 226 347 32 153 359 151 0 705 818 321 268 44 397 746 
273 760 174 434 158 712 191 855 996 757 368 834 293 675 520 676 582 734 364 902 433 270 723 527 69 172 887 518 470 836 549 404 723 624 177 1 545 834 411 463 6 623 288 128 962 679 537 729 393 96 248 697 550 799 17 512 578 292 881 518 588 685 705 0 13 930 640 574 279 209 
935 767 389 221 359 490 238 496 930 611 475 237 555 513 413 590 752 7 471 185 80 887 782 373 393 718 958 757 643 179 396 878 284 660 231 537 838 39 722 837 938 633 947 622 783 954 877 138 345 148 771 210 948 105 77 66 289 583 340 175 254 698 818 13 0 510 262 573 348 433 
970 699 777 79 870 392 318 849 599 298 48 957 32 990 841 334 886 455 855 827 547 292 877 202 261 442 20 562 913 945 460 804 893 768 669 450 925 851 806 424 113 49 346 881 29 943 40 133 690 109 969 181 157 185 996 68 914 924 402 825 206 486 321 930 510 0 360 218 530 578 
847 171 890 334 130 750 471 775 699 375 916 639 16 325 486 591 428 899 49 316 279 368 551 893 417 196 390 341 575 914 500 487 619 902 619 524 722 729 117 184 510 500 964 389 737 271 667 615 243 367 229 357 144 717 10 657 646 579 480 435 28 86 268 640 262 360 0 126 729 202 
71 940 525 795 272 181 987 886 272 157 12 342 35 50 18 895 762 306 219 287 485 582 739 852 480 844 103 439 57 684 400 659 114 15 381 627 952 534 592 302 142 554 750 751 584 837 201 753 883 530 662 152 78 759 402 104 720 745 688 897 39 560 44 574 573 218 126 0 176 54 
274 457 56 45 244 861 917 125 171 385 659 449 610 529 769 226 813 543 747 714 757 277 460 893 596 518 137 87 215 866 69 962 234 105 859 784 504 848 770 842 107 669 237 424 384 68 155 478 900 576 637 557 241 113 943 161 898 221 895 920 491 552 397 279 348 530 729 176 0 928 
258 532 973 808 489 622 269 780 744 857 898 702 300 424 415 149 434 374 314 216 627 153 750 773 504 3 642 234 328 811 198 947 259 477 928 583 184 567 377 115 621 249 951 96 357 83 61 49 836 977 270 714 311 956 946 918 938 634 351 307 630 362 746 209 433 578 202 54 928 0 
0 935 101 38 516 135 609 451 6 744 663 862 730 608 69 706 571 782 867 282 510 717 855 548 342 810 208 601 150 761 845 98 700 351 416 475 51 740 853 886 486 454 332 629 622 31 893 273 983 678 522 90 670 65 377 657 167 269 57 224 426 929 777 273 935 970 847 71 274 258 
935 0 894 757 566 80 108 990 516 988 967 410 174 692 330 196 651 253 720 495 547 757 331 406 142 295 432 752 305 296 454 779 192 452 686 806 449 977 387 406 703 466 678 800 436 774 593 63 857 190 57 65 370 273 230 390 295 188 976 955 841 446 317 760 767 699 171 940 457 532 
101 894 0 944 45 384 115 184 306 928 611 116 424 491 250 249 898 139 950 361 467 499 116 106 391 737 336 999 917 69 449 552 149 88 741 817 796 884 943 874 986 243 755 837 645 604 991 795 44 309 342 728 538 137 32 249 770 422 198 340 817 658 833 174 389 777 890 525 56 973 
38 757 944 0 129 366 331 991 309 12 456 869 493 519 60 836 309 617 446 63 600 348 689 635 291 870 758 46 879 612 469 615 949 237 572 876 293 445 985 686 733 964 313 99 601 851 534 230 823 116 559 245 552 299 747 612 798 326 784 98 595 466 805 434 221 79 334 795 45 808 
516 566 45 129 0 461 534 408 47 556 563 68 881 246 781 355 390 750 765 25 22 882 984 224 94 532 673 247 319 581 500 712 809 726 258 486 567 962 305 505 727 545 804 530 809 973 129 845 663 224 790 663 507 306 657 830 979 941 155 381 696 708 450 158 359 870 130 272 244 489 
135 80 384 366 461 0 444 679 114 835 154 314 711 234 544 304 751 211 32 846 922 662 241 503 375 994 817 734 231 799 27 44 750 132 85 735 542 759 574 764 110 983 723 695 120 71 812 222 337 950 317 994 383 980 46 603 583 775 548 854 152 626 49 712 490 392 750 181 861 622 
609 108 115 331 534 444 0 930 768 825 566 991 652 59 521 344 176 928 521 944 349 234 289 593 15 798 944 398 624 194 247 789 34 609 800 641 9 573 656 822 722 266 40 836 923 990 207 583 556 699 15 221 723 244 179 168 694 211 3 404 677 165 199 191 238 318 471 987 917 269 
451 990 184 991 408 679 930 0 300 407 911 751 235 29 779 95 928 629 240 785 506 917 564 980 743 522 445 942 644 376 522 677 995 73 343 490 484 785 692 620 192 775 298 799 220 692 584 99 363 746 294 857 509 940 867 673 522 720 794 513 885 428 499 855 496 849 775 886 125 780 
6 516 306 309 47 114 768 300 0 319 244 840 341 469 327 29 531 483 250 950 224 589 771 246 757 577 992 71 600 879 341 453 70 382 538 553 60 882 356 367 545 481 44 607 207 748 373 535 261 947 150 899 392 265 587 814 462 566 44 242 816 514 674 996 930 599 699 272 171 744 
744 988 928 12 556 835 825 407 319 0 688 229 558 311 516 873 67 19 511 7 335 128 157 46 936 220 70 601 163 413 837 515 377 880 334 34 435 522 600 941 464 303 12 337 623 459 418 928 790 635 314 806 227 739 195 98 443 631 571 93 781 595 746 757 611 298 375 157 385 857 
663 967 611 456 563 154 566 911 244 688 0 992 668 194 156 992 301 185 368 29 532 289 460 548 890 24 45 190 637 863 126 299 95 672 518 722 65 968 73 450 439 537 489 559 117 528 752 656 758 934 662 11 651 36 355 320 469 172 528 575 436 97 590 368 475 48 916 12 659 898 
862 410 116 869 68 314 991 751 840 229 992 0 21 73 913 598 336 243 704 906 902 980 483 771 403 244 836 152 606 125 294 285 25 38 353 572 728 748 521 390 839 162 972 859 62 271 627 333 115 529 551 276 653 24 585 136 312 340 647 756 408 652 898 834 237 957 639 342 449 702 
730 174 424 493 881 711 652 235 341 558 668 21 0 782 267 844 784 814 551 587 989 529 630 939 308 512 957 909 838 117 450 726 499 560 21 689 739 47 321 542 768 123 123 718 557 653 192 291 202 660 166 194 530 197 261 839 611 8 418 220 206 44 900 293 555 32 16 35 610 300 
608 692 491 519 246 234 59 29 469 311 194 73 782 0 940 486 730 698 139 373 227 6 644 3 879 503 618 595 315 533 333 2 171 844 288 68 392 16 98 949 607 797 641 17 351 120 306 721 437 538 961 348 185 538 53 978 717 358 284 280 321 304 192 675 513 990 325 50 529 424 
69 330 250 60 781 544 521 779 327 516 156 913 267 940 0 853 51 252 860 461 149 200 36 548 600 515 347 535 198 212 995 112 621 946 634 375 722 941 734 625 379 75 243 497 817 660 700 883 130 713 85 281 819 922 688 634 35 65 229 637 300 1 189 520 413 841 486 18 769 415 
706 196 249 836 355 304 344 95 29 873 992 598 844 486 853 0 101 801 932 692 167 194 89 349 920 484 742 777 13 812 352 134 859 10 505 613 554 925 277 616 516 513 407 293 744 182 827 761 976 281 89 30 110 580 129 374 722 671 187 985 429 945 956 676 590 334 591 895 226 149 
571 651 898 309 390 751 176 928 531 67 301 336 784 730 51 101 0 271 622 342 424 39 190 699 621 157 69 261 442 987 426 921 348 63 628 768 929 756 974 511 934 314 567 419 273 374 649 26 981 923 589 216 564 608 983 80 722 871 620 823 77 74 5 582 752 886 428 762 813 434 
782 253 139 617 750 211 928 629 483 19 185 243 814 698 252 801 271 0 689 856 569 155 202 925 183 337 990 842 693 458 119 139 588 604 521 202 838 613 107 267 87 978 919 719 794 9 934 985 988 507 205 781 549 833 858 980 673 708 779 881 680 728 573 734 7 455 899 306 543 374 
867 720 950 446 765 32 521 240 250 511 368 704 551 139 860 932 622 689 0 146 320 389 509 372 946 663 859 435 104 971 28 834 682 625 748 205 136 537 36 852 555 863 174 105 950 278 246 727 156 645 376 867 86 664 550 814 321 933 382 811 235 314 311 364 471 855 49 219 747 314 
282 495 361 63 25 846 944 785 950 7 29 906 587 373 461 692 342 856 146 0 965 576 921 230 842 880 844 86 639 235 17 51 400 60 861 723 56 499 209 798 890 178 918 669 912 895 949 241 953 226 275 670 471 953 93 607 766 953 775 480 47 750 828 902 185 827 316 287 714 216 
510 547 467 600 22 922 349 506 224 335 532 902 989 227 149 167 424 569 320 965 0 89 216 33 900 996 466 594 235 96 569 219 223 421 312 79 772 336 395 68 981 512 730 557 940 693 223 453 881 230 411 364 446 787 935 666 35 84 731 814 189 881 15 433 80 547 279 485 757 627 
717 757 499 348 882 662 234 917 589 128 289 980 529 6 200 194 39 155 389 576 89 0 150 941 310 788 799 194 123 294 483 868 30 167 919 32 704 152 224 947 569 42 445 997 98 27 933 94 360 768 844 616 5 623 4 749 284 558 35 161 850 313 244 270 887 292 368 582 277 153 
855 331 116 689 984 241 289 564 771 157 460 483 630 644 36 89 190 202 509 921 216 150 0 1000 478 356 902 381 885 503 726 906 998 338 704 918 698 790 100 54 396 634 9 607 362 859 79 499 306 500 674 290 326 109 483 452 981 577 463 453 332 543 934 723 782 877 551 739 460 750 
548 406 106 635 224 503 593 980 246 46 548 771 939 3 548 349 699 925 372 230 33 941 1000 0 725 51 39 50 986 569 345 514 643 652 709 609 216 359 980 978 23 921 668 994 183 822 106 524 927 33 167 350 11 48 424 525 452 177 236 424 514 999 971 527 373 202 893 852 893 773 
342 142 391 291 94 375 15 743 757 936 890 403 308 879 600 920 621 183 946 842 900 310 478 725 0 490 737 644 465 686 687 508 774 18 798 537 892 642 784 428 551 782 56 684 801 944 778 133 475 191 454 913 261 644 931 638 853 242 935 845 44 279 605 69 393 261 417 480 596 504 
810 295 737 870 532 994 798 522 577 220 24 244 512 503 515 484 157 337 663 880 996 788 356 51 490 0 798 127 396 542 938 380 497 908 331 140 161 828 135 369 381 877 43 81 294 344 383 185 523 38 879 157 491 867 745 787 141 363 657 29 448 957 106 172 718 442 196 844 518 3 
208 432 336 758 673 817 944 445 992 70 45 836 957 618 347 742 69 990 859 844 466 799 902 39 737 798 0 750 912 489 834 29 892 123 29 410 18 932 186 310 49 210 554 811 768 828 64 504 191 967 226 222 968 127 262 251 291 527 805 835 965 410 284 887 958 20 390 103 137 642 
601 752 999 46 247 734 398 942 71 601 190 152 909 595 535 777 261 842 435 86 594 194 381 50 644 127 750 0 514 324 799 875 132 337 298 869 795 718 267 494 250 952 961 728 846 319 434 424 142 184 323 306 367 466 605 907 524 590 923 592 148 557 434 518 757 562 341 439 87 234 
150 305 917 879 319 231 624 644 600 163 637 606 838 315 198 13 442 693 104 639 235 123 885 986 465 396 912 514 0 937 363 198 251 586 494 628 837 451 831 273 91 787 210 298 216 802 901 971 518 118 280 752 26 334 852 54 604 193 112 280 610 516 529 470 643 913 575 57 215 328 
761 296 69 612 581 799 194 376 879 413 863 125 117 533 212 812 987 458 971 235 96 294 503 569 686 542 489 324 937 0 776 532 908 463 872 938 237 18 986 607 57 396 292 344 134 141 118 45 956 203 591 598 309 197 502 998 903 58 795 652 450 213 171 836 179 945 914 684 866 811 
845 454 449 469 500 27 247 522 341 837 126 294 450 333 995 352 426 119 28 17 569 483 726 345 687 938 834 799 363 776 0 73 426 777 948 240 509 219 48 502 840 764 40 967 510 389 207 133 738 816 804 617 182 435 268 181 881 981 642 862 304 137 218 549 396 460 500 400 69 198 
98 779 552 615 712 44 789 677 453 515 299 285 726 2 112 134 921 139 834 51 219 868 906 514 508 380 29 875 198 532 73 0 673 337 294 883 892 452 38 570 78 945 646 985 793 56 539 244 844 562 273 254 419 209 31 17 562 645 809 425 956 912 251 404 878 804 487 659 962 947 
700 192 149 949 809 750 34 995 70 377 95 25 499 171 621 859 348 588 682 400 223 30 998 643 774 497 892 132 251 908 426 673 0 759 985 161 626 113 485 379 410 110 515 23 448 680 740 618 742 325 366 239 127 822 744 540 236 764 495 70 137 49 835 723 284 893 619 114 234 259 
351 452 88 237 726 132 609 73 382 880 672 38 560 844 946 10 63 604 625 60 421 167 338 652 18 908 123 337 586 463 777 337 759 0 420 74 710 728 321 341 699 628 608 693 354 758 678 605 399 90 389 828 281 492 60 875 602 837 113 202 830 634 638 624 660 768 902 15 105 477 
416 686 741 572 258 85 800 343 538 334 518 353 21 288 634 505 628 521 748 861 312 919 704 709 798 331 29 298 494 872 948 294 985 420 0 467 887 267 46 575 531 327 501 244 829 684 954 838 706 856 940 644 978 375 989 665 498 686 602 643 294 290 585 177 231 669 619 381 859 928 
475 806 817 876 486 735 641 490 553 34 722 572 689 68 375 613 768 202 205 723 79 32 918 609 537 140 410 869 628 938 240 883 161 74 467 0 713 11 599 382 770 661 355 64 96 705 434 265 835 360 457 313 308 714 81 653 76 999 81 592 885 994 446 1 537 450 524 627 784 583 
51 449 796 293 567 542 9 484 60 435 65 728 739 392 722 554 929 838 136 56 772 704 698 216 892 161 18 795 837 237 509 892 626 710 887 713 0 807 448 405 163 638 240 288 991 388 415 923 518 417 609 277 43 56 988 16 986 866 354 306 453 734 686 545 838 925 722 952 504 184 
740 977 884 445 962 759 573 785 882 522 968 748 47 16 941 925 756 613 537 499 336 152 790 359 642 828 932 718 451 18 219 452 113 728 267 11 807 0 584 67 123 346 596 668 506 72 817 240 229 449 923 997 139 885 758 642 915 530 379 659 934 227 944 834 39 851 729 534 848 567 
853 387 943 985 305 574 656 692 356 600 73 521 321 98 734 277 974 107 36 209 395 224 100 980 784 135 186 267 831 986 48 38 485 321 46 599 448 584 0 343 623 480 35 22 684 680 541 421 709 111 90 27 128 505 30 397 237 335 440 452 145 664 957 411 722 806 117 592 770 377 
886 406 874 686 505 764 822 620 367 941 450 390 542 949 625 616 511 267 852 798 68 947 54 978 428 369 310 494 273 607 502 570 379 341 575 382 405 67 343 0 491 503 129 636 637 683 979 927 727 772 563 253 877 904 130 566 490 940 950 272 58 766 943 463 837 424 184 302 842 115 
486 703 986 733 727 110 722 192 545 464 439 839 768 607 379 516 934 87 555 890 981 569 396 23 551 381 49 250 91 57 840 78 410 699 531 770 163 123 623 491 0 475 380 874 892 400 677 73 41 814 868 976 648 545 745 414 276 82 517 458 793 51 53 6 938 113 510 142 107 621 
454 466 243 964 545 983 266 775 481 303 537 162 123 797 75 513 314 978 863 178 512 42 634 921 782 877 210 952 787 396 764 945 110 628 327 661 638 346 480 503 475 0 332 850 348 52 719 126 64 443 666 975 74 784 32 995 407 38 972 497 917 528 880 623 633 49 500 554 669 249 
332 678 755 313 804 723 40 298 44 12 489 972 123 641 243 407 567 919 174 918 730 445 9 668 56 43 554 961 210 292 40 646 515 608 501 355 240 596 35 129 380 332 0 671 923 201 783 19 518 826 702 789 823 408 856 527 244 422 712 13 612 886 892 288 947 346 964 750 237 951 
629 800 837 99 530 695 836 799 607 337 559 859 718 17 497 293 419 719 105 669 557 997 607 994 684 81 811 728 298 344 967 985 23 693 244 64 288 668 22 636 874 850 671 0 698 35 255 679 641 334 730 266 225 700 43 53 74 91 298 724 202 350 298 128 622 881 389 751 424 96 
622 436 645 601 809 120 923 220 207 623 117 62 557 351 817 744 273 794 950 912 940 98 362 183 801 294 768 846 216 134 510 793 448 354 829 96 991 506 684 637 892 348 923 698 0 323 826 120 66 166 398 432 545 959 187 79 780 912 401 757 875 827 572 962 783 29 737 584 384 357 
31 774 604 851 973 71 990 692 748 459 528 271 653 120 660 182 374 9 278 895 693 27 859 822 944 344 828 319 802 141 389 56 680 758 684 705 388 72 680 683 400 52 201 35 323 0 605 96 73 680 814 9 60 474 893 261 213 612 999 574 354 4 129 679 954 943 271 837 68 83 
893 593 991 534 129 812 207 584 373 418 752 627 192 306 700 827 649 934 246 949 223 933 79 106 778 383 64 434 901 118 207 539 740 678 954 434 415 817 541 979 677 719 783 255 826 605 0 93 143 695 296 963 122 472 944 680 456 34 541 523 532 116 413 537 877 40 667 201 155 61 
273 63 795 230 845 222 583 99 535 928 656 333 291 721 883 761 26 985 727 241 453 94 499 524 133 185 504 424 971 45 133 244 618 605 838 265 923 240 421 927 73 126 19 679 120 96 93 0 629 189 636 995 615 79 717 617 473 537 742 346 463 663 285 729 138 133 615 753 478 49 
983 857 44 823 663 337 556 363 261 790 758 115 202 437 130 976 981 988 156 953 881 360 306 927 475 523 191 142 518 956 738 844 742 399 706 835 518 229 709 727 41 64 518 641 66 73 143 629 0 99 438 649 279 348 42 251 667 541 847 479 48 981 515 393 345 690 243 883 900 836 
678 190 309 116 224 950 699 746 947 635 934 529 660 538 713 281 923 507 645 226 230 768 500 33 191 38 967 184 118 203 816 562 325 90 856 360 417 449 111 772 814 443 826 334 166 680 695 189 99 0 895 56 967 35 337 476 243 303 342 109 618 180 547 96 148 109 367 530 576 977 
522 57 342 559 790 317 15 294 150 314 662 551 166 961 85 89 589 205 376 275 411 844 674 167 454 879 226 323 280 591 804 273 366 389 940 457 609 923 90 563 868 666 702 730 398 814 296 636 438 895 0 568 224 974 626 718 506 11 103 192 111 284 499 248 771 969 229 662 637 270 
90 65 728 245 663 994 221 857 899 806 11 276 194 348 281 30 216 781 867 670 364 616 290 350 913 157 222 306 752 598 617 254 239 828 644 313 277 997 27 253 976 975 789 266 432 9 963 995 649 56 568 0 436 963 982 906 31 813 556 925 172 658 466 697 210 181 357 152 557 714 
670 370 538 552 507 383 723 509 392 227 651 653 530 185 819 110 564 549 86 471 446 5 326 11 261 491 968 367 26 309 182 419 127 281 978 308 43 139 128 877 648 74 823 225 545 60 122 615 279 967 224 436 0 624 520 228 680 454 447 469 69 478 235 550 948 157 144 78 241 311 
65 273 137 299 306 980 244 940 265 739 36 24 197 538 922 580 608 833 664 953 787 623 109 48 644 867 127 466 334 197 435 209 822 492 375 714 56 885 505 904 545 784 408 700 959 474 472 79 348 35 974 963 624 0 677 169 761 84 89 134 575 417 332 799 105 185 717 759 113 956 
377 230 32 747 657 46 179 867 587 195 355 585 261 53 688 129 983 858 550 93 935 4 483 424 931 745 262 605 852 502 268 31 744 60 989 81 988 758 30 130 745 32 856 43 187 893 944 717 42 337 626 982 520 677 0 565 647 626 444 494 94 397 49 17 77 996 10 402 943 946 
657 390 249 612 830 603 168 673 814 98 320 136 839 978 634 374 80 980 814 607 666 749 452 525 638 787 251 907 54 998 181 17 540 875 665 653 16 642 397 566 414 995 527 53 79 261 680 617 251 476 718 906 228 169 565 0 435 788 861 592 414 891 431 512 66 68 657 104 161 918 
167 295 770 798 979 583 694 522 462 443 469 312 611 717 35 722 722 673 321 766 35 284 981 452 853 141 291 524 604 903 881 562 236 602 498 76 986 915 237 490 276 407 244 74 780 213 456 473 667 243 506 31 680 761 647 435 0 315 663 265 717 108 226 578 289 914 646 720 898 938 
269 188 422 326 941 775 211 720 566 631 172 340 8 358 65 671 871 708 933 953 84 558 577 177 242 363 527 590 193 58 981 645 764 837 686 999 866 530 335 940 82 38 422 91 912 612 34 537 541 303 11 813 454 84 626 788 315 0 144 611 912 174 347 292 583 924 579 745 221 634 
57 976 198 784 155 548 3 794 44 571 528 647 418 284 229 187 620 779 382 775 731 35 463 236 935 657 805 923 112 795 642 809 495 113 602 81 354 379 440 950 517 972 712 298 401 999 541 742 847 342 103 556 447 89 444 861 663 144 0 70 889 944 32 881 340 402 480 688 895 351 
224 955 340 98 381 854 404 513 242 93 575 756 220 280 637 985 823 881 811 480 814 161 453 424 845 29 835 592 280 652 862 425 70 202 643 592 306 659 452 272 458 497 13 724 757 574 523 346 479 109 192 925 469 134 494 592 265 611 70 0 77 185 153 518 175 825 435 897 920 307 
426 841 817 595 696 152 677 885 816 781 436 408 206 321 300 429 77 680 235 47 189 850 332 514 44 448 965 148 610 450 304 956 137 830 294 885 453 934 145 58 793 917 612 202 875 354 532 463 48 618 111 172 69 575 94 414 717 912 889 77 0 484 359 588 254 206 28 39 491 630 
929 446 658 466 708 626 165 428 514 595 97 652 44 304 1 945 74 728 314 750 881 313 543 999 279 957 410 557 516 213 137 912 49 634 290 994 734 227 664 766 51 528 886 350 827 4 116 663 981 180 284 658 478 417 397 891 108 174 944 185 484 0 151 685 698 486 86 560 552 362 
777 317 833 805 450 49 199 499 674 746 590 898 900 192 189 956 5 573 311 828 15 244 934 971 605 106 284 434 529 171 218 251 835 638 585 446 686 944 957 943 53 880 892 298 572 129 413 285 515 547 499 466 235 332 49 431 226 347 32 153 359 151 0 705 818 321 268 44 397 746 
273 760 174 434 158 712 191 855 996 757 368 834 293 675 520 676 582 734 364 902 433 270 723 527 69 172 887 518 470 836 549 404 723 624 177 1 545 834 411 463 6 623 288 128 962 679 537 729 393 96 248 697 550 799 17 512 578 292 881 518 588 685 705 0 13 930 640 574 279 209 
935 767 389 221 359 490 238 496 930 611 475 237 555 513 413 590 752 7 471 185 80 887 782 373 393 718 958 757 643 179 396 878 284 660 231 537 838 39 722 837 938 633 947 622 783 954 877 138 345 148 771 210 948 105 77 66 289 583 340 175 254 698 818 13 0 510 262 573 348 433 
970 699 777 79 870 392 318 849 599 298 48 957 32 990 841 334 886 455 855 827 547 292 877 202 261 442 20 562 913 945 460 804 893 768 669 450 925 851 806 424 113 49 346 881 29 943 40 133 690 109 969 181 157 185 996 68 914 924 402 825 206 486 321 930 510 0 360 218 530 578 
847 171 890 334 130 750 471 775 699 375 916 639 16 325 486 591 428 899 49 316 279 368 551 893 417 196 390 341 575 914 500 487 619 902 619 524 722 729 117 184 510 500 964 389 737 271 667 615 243 367 229 357 144 717 10 657 646 579 480 435 28 86 268 640 262 360 0 126 729 202 
71 940 525 795 272 181 987 886 272 157 12 342 35 50 18 895 762 306 219 287 485 582 739 852 480 844 103 439 57 684 400 659 114 15 381 627 952 534 592 302 142 554 750 751 584 837 201 753 883 530 662 152 78 759 402 104 720 745 688 897 39 560 44 574 573 218 126 0 176 54 
274 457 56 45 244 861 917 125 171 385 659 449 610 529 769 226 813 543 747 714 757 277 460 893 596 518 137 87 215 866 69 962 234 105 859 784 504 848 770 842 107 669 237 424 384 68 155 478 900 576 637 557 241 113 943 161 898 221 895 920 491 552 397 279 348 530 729 176 0 928 
258 532 973 808 489 622 269 780 744 857 898 702 300 424 415 149 434 374 314 216 627 153 750 773 504 3 642 234 328 811 198 947 259 477 928 583 184 567 377 115 621 249 951 96 357 83 61 49 836 977 270 714 311 956 946 918 938 634 351 307 630 362 746 209 433 578 202 54 928 0 
