30 3
0 822 902 999 754 569 790 323 197 326 706 456 668 249 214 79 623 689 60 661 914 582 430 856 241 434 307 866 498 617 
822 0 345 685 815 468 747 535 972 705 388 607 702 359 397 964 179 197 237 348 703 16 972 439 187 895 705 355 792 258 
902 345 0 86 408 515 698 906 706 434 713 322 447 80 356 308 729 472 791 515 864 191 971 957 261 792 375 899 20 349 
999 685 86 0 325 315 543 143 558 265 624 764 805 399 731 222 710 709 927 507 789 245 647 803 124 890 711 786 886 126 
754 815 408 325 0 810 386 992 934 707 22 379 934 825 403 783 796 73 799 536 839 952 446 953 487 520 558 556 613 213 
569 468 515 315 810 0 254 138 292 147 816 926 399 190 775 749 952 491 71 961 726 683 881 170 606 528 136 8 373 636 
790 747 698 543 386 254 0 911 948 495 61 14 84 432 189 500 483 717 957 443 245 442 803 301 466 363 957 887 221 460 
323 535 906 143 992 138 911 0 981 169 85 169 743 896 502 84 970 762 55 856 510 967 200 184 647 451 316 410 771 760 
197 972 706 558 934 292 948 981 0 886 614 749 712 417 302 152 26 389 860 780 296 360 85 24 242 760 707 518 104 574 
326 705 434 265 707 147 495 169 886 0 706 631 584 994 990 229 769 245 303 773 402 618 897 480 740 168 626 528 90 723 
706 388 713 624 22 816 61 85 614 706 0 572 193 331 440 990 447 976 988 770 677 21 910 283 84 256 386 71 735 812 
456 607 322 764 379 926 14 169 749 631 572 0 512 849 747 403 751 956 611 175 173 733 828 763 559 964 8 127 369 390 
668 702 447 805 934 399 84 743 712 584 193 512 0 458 14 818 49 441 379 938 567 445 247 666 687 886 658 74 833 904 
249 359 80 399 825 190 432 896 417 994 331 849 458 0 69 604 116 101 132 318 581 757 901 643 943 284 998 24 494 452 
214 397 356 731 403 775 189 502 302 990 440 747 14 69 0 977 303 899 364 306 314 527 279 862 269 135 472 857 376 399 
79 964 308 222 783 749 500 84 152 229 990 403 818 604 977 0 366 431 595 755 526 240 963 569 690 900 273 147 45 937 
623 179 729 710 796 952 483 970 26 769 447 751 49 116 303 366 0 880 87 109 904 280 262 930 757 827 580 545 134 762 
689 197 472 709 73 491 717 762 389 245 976 956 441 101 899 431 880 0 102 7 672 449 248 680 413 363 34 831 165 788 
60 237 791 927 799 71 957 55 860 303 988 611 379 132 364 595 87 102 0 469 42 860 180 395 340 594 136 93 462 399 
661 348 515 507 536 961 443 856 780 773 770 175 938 318 306 755 109 7 469 0 833 241 639 494 488 404 690 393 214 800 
914 703 864 789 839 726 245 510 296 402 677 173 567 581 314 526 904 672 42 833 0 498 54 895 731 676 405 114 312 177 
582 16 191 245 952 683 442 967 360 618 21 733 445 757 527 240 280 449 860 241 498 0 438 525 37 410 315 82 909 197 
430 972 971 647 446 881 803 200 85 897 910 828 247 901 279 963 262 248 180 639 54 438 0 943 937 237 903 841 598 327 
856 439 957 803 953 170 301 184 24 480 283 763 666 643 862 569 930 680 395 494 895 525 943 0 328 358 999 192 404 216 
241 187 261 124 487 606 466 647 242 740 84 559 687 943 269 690 757 413 340 488 731 37 937 328 0 519 975 336 146 173 
434 895 792 890 520 528 363 451 760 168 256 964 886 284 135 900 827 363 594 404 676 410 237 358 519 0 698 474 61 351 
307 705 375 711 558 136 957 316 707 626 386 8 658 998 472 273 580 34 136 690 405 315 903 999 975 698 0 421 287 241 
866 355 899 786 556 8 887 410 518 528 71 127 74 24 857 147 545 831 93 393 114 82 841 192 336 474 421 0 723 1 
498 792 20 886 613 373 221 771 104 90 735 369 833 494 376 45 134 165 462 214 312 909 598 404 146 61 287 723 0 849 
617 258 349 126 213 636 460 760 574 723 812 390 904 452 399 937 762 788 399 800 177 197 327 216 173 351 241 1 849 0 
0 136 381 959 431 119 339 60 965 22 730 259 768 41 396 331 227 907 748 921 195 882 129 297 74 935 955 448 487 600 
136 0 128 107 928 78 939 647 437 516 294 846 541 490 49 803 257 782 922 317 628 712 430 219 176 260 368 726 54 885 
381 128 0 878 980 659 192 553 674 954 513 2 6 867 306 344 600 128 893 230 262 668 734 233 280 561 823 563 644 171 
959 107 878 0 724 946 755 904 737 59 655 185 322 67 704 115 251 945 766 589 546 807 106 57 209 742 643 657 826 497 
431 928 980 724 0 927 776 807 54 845 285 171 564 375 341 931 100 119 79 344 42 190 172 590 320 704 555 801 590 657 
119 78 659 946 927 0 615 964 771 395 120 831 771 206 849 312 523 386 320 366 80 453 440 152 409 414 688 433 663 217 
339 939 192 755 776 615 0 537 941 134 23 216 201 469 345 710 321 463 817 45 320 651 96 262 926 987 241 628 442 478 
60 647 553 904 807 964 537 0 481 53 654 189 745 742 825 248 608 782 540 879 175 70 570 574 963 786 592 589 767 367 
965 437 674 737 54 771 941 481 0 813 536 740 331 747 435 925 148 190 385 100 17 860 588 971 957 385 111 916 548 540 
22 516 954 59 845 395 134 53 813 0 118 148 78 833 60 706 942 407 48 65 105 469 983 917 574 727 689 472 920 395 
730 294 513 655 285 120 23 654 536 118 0 387 89 578 779 299 406 634 985 484 604 375 782 271 68 909 450 23 423 435 
259 846 2 185 171 831 216 189 740 148 387 0 924 28 192 410 436 56 693 254 208 426 61 105 223 298 160 139 175 297 
768 541 6 322 564 771 201 745 331 78 89 924 0 614 134 344 949 177 120 544 981 269 722 856 77 73 178 563 497 50 
41 490 867 67 375 206 469 742 747 833 578 28 614 0 929 934 612 962 658 9 238 47 747 161 648 216 410 297 822 956 
396 49 306 704 341 849 345 825 435 60 779 192 134 929 0 815 488 17 928 535 602 875 210 338 720 370 15 262 387 243 
331 803 344 115 931 312 710 248 925 706 299 410 344 934 815 0 229 193 698 761 977 453 675 258 285 759 600 786 774 289 
227 257 600 251 100 523 321 608 148 942 406 436 949 612 488 229 0 213 191 68 525 680 818 458 212 140 689 932 324 589 
907 782 128 945 119 386 463 782 190 407 634 56 177 962 17 193 213 0 417 281 608 94 857 415 863 852 56 536 276 365 
748 922 893 766 79 320 817 540 385 48 985 693 120 658 928 698 191 417 0 376 933 558 455 746 620 232 468 513 418 471 
921 317 230 589 344 366 45 879 100 65 484 254 544 9 535 761 68 281 376 0 685 881 45 198 168 755 667 243 884 414 
195 628 262 546 42 80 320 175 17 105 604 208 981 238 602 977 525 608 933 685 0 779 49 305 466 818 626 597 13 852 
882 712 668 807 190 453 651 70 860 469 375 426 269 47 875 453 680 94 558 881 779 0 860 951 142 563 350 424 374 309 
129 430 734 106 172 440 96 570 588 983 782 61 722 747 210 675 818 857 455 45 49 860 0 38 405 479 210 389 352 918 
297 219 233 57 590 152 262 574 971 917 271 105 856 161 338 258 458 415 746 198 305 951 38 0 601 851 977 871 858 239 
74 176 280 209 320 409 926 963 957 574 68 223 77 648 720 285 212 863 620 168 466 142 405 601 0 32 728 207 420 348 
935 260 561 742 704 414 987 786 385 727 909 298 73 216 370 759 140 852 232 755 818 563 479 851 32 0 338 36 569 945 
955 368 823 643 555 688 241 592 111 689 450 160 178 410 15 600 689 56 468 667 626 350 210 977 728 338 0 803 120 104 
448 726 563 657 801 433 628 589 916 472 23 139 563 297 262 786 932 536 513 243 597 424 389 871 207 36 803 0 449 482 
487 54 644 826 590 663 442 767 548 920 423 175 497 822 387 774 324 276 418 884 13 374 352 858 420 569 120 449 0 482 
600 885 171 497 657 217 478 367 540 395 435 297 50 956 243 289 589 365 471 414 852 309 918 239 348 945 104 482 482 0 
0 740 665 114 401 875 777 852 10 888 290 862 296 883 513 734 744 168 190 34 740 180 766 870 892 158 35 635 612 551 
740 0 902 728 199 972 137 259 552 695 847 297 332 525 908 197 642 214 414 707 479 259 696 714 834 904 657 294 899 172 
665 902 0 160 9 418 913 628 412 62 461 926 962 110 890 449 480 808 10 962 733 286 241 766 688 439 145 500 402 696 
114 728 160 0 167 76 396 176 113 916 335 758 749 951 247 878 798 120 289 327 509 147 931 859 867 283 204 386 105 565 
401 199 9 167 0 75 142 314 724 313 689 716 518 709 707 302 866 762 895 718 887 884 824 489 722 196 448 201 579 390 
875 972 418 76 75 0 301 70 304 447 919 97 271 758 287 670 490 642 849 612 822 577 560 923 576 662 324 499 302 712 
777 137 913 396 142 301 0 465 190 955 968 777 768 453 638 309 553 614 22 790 865 382 753 669 233 40 696 232 766 660 
852 259 628 176 314 70 465 0 565 883 503 815 207 142 274 911 521 323 610 15 907 799 360 428 146 298 459 418 113 590 
10 552 412 113 724 304 190 565 0 177 524 146 885 323 453 25 842 819 606 809 985 286 296 20 90 747 699 140 820 353 
888 695 62 916 313 447 955 883 177 0 947 960 912 348 874 515 90 434 963 990 848 507 128 232 575 406 206 431 204 549 
290 847 461 335 689 919 968 503 524 947 0 506 785 343 212 751 496 388 30 599 519 459 43 789 946 118 439 966 488 674 
862 297 926 758 716 97 777 815 146 960 506 0 67 923 978 761 682 958 340 762 618 565 936 894 800 669 835 863 876 690 
296 332 962 749 518 271 768 207 885 912 785 67 0 499 862 963 149 851 905 608 148 768 164 92 821 925 799 485 604 803 
883 525 110 951 709 758 453 142 323 348 343 923 499 0 91 342 448 202 330 945 779 957 299 780 275 839 591 763 203 67 
513 908 890 247 707 287 638 274 453 874 212 978 862 91 0 213 470 961 18 399 503 122 896 565 437 643 991 676 394 794 
734 197 449 878 302 670 309 911 25 515 751 761 963 342 213 0 908 881 311 494 4 647 189 732 657 283 496 244 284 705 
744 642 480 798 866 490 553 521 842 90 496 682 149 448 470 908 0 696 859 836 813 419 258 584 782 714 107 90 581 483 
168 214 808 120 762 642 614 323 819 434 388 958 851 202 961 881 696 0 559 693 166 924 84 567 140 239 891 392 794 743 
190 414 10 289 895 849 22 610 606 963 30 340 905 330 18 311 859 559 0 738 48 616 559 138 395 822 409 476 579 321 
34 707 962 327 718 612 790 15 809 990 599 762 608 945 399 494 836 693 738 0 263 2 865 817 977 303 415 672 312 635 
740 479 733 509 887 822 865 907 985 848 519 618 148 779 503 4 813 166 48 263 0 217 972 624 678 344 229 315 874 146 
180 259 286 147 884 577 382 799 286 507 459 565 768 957 122 647 419 924 616 2 217 0 153 165 883 473 685 639 451 685 
766 696 241 931 824 560 753 360 296 128 43 936 164 299 896 189 258 84 559 865 972 153 0 848 614 585 786 566 798 75 
870 714 766 859 489 923 669 428 20 232 789 894 92 780 565 732 584 567 138 817 624 165 848 0 339 313 31 75 320 604 
892 834 688 867 722 576 233 146 90 575 946 800 821 275 437 657 782 140 395 977 678 883 614 339 0 984 380 728 580 472 
158 904 439 283 196 662 40 298 747 406 118 669 925 839 643 283 714 239 822 303 344 473 585 313 984 0 687 945 648 209 
35 657 145 204 448 324 696 459 699 206 439 835 799 591 991 496 107 891 409 415 229 685 786 31 380 687 0 294 765 987 
635 294 500 386 201 499 232 418 140 431 966 863 485 763 676 244 90 392 476 672 315 639 566 75 728 945 294 0 568 700 
612 899 402 105 579 302 766 113 820 204 488 876 604 203 394 284 581 794 579 312 874 451 798 320 580 648 765 568 0 480 
551 172 696 565 390 712 660 590 353 549 674 690 803 67 794 705 483 743 321 635 146 685 75 604 472 209 987 700 480 0 
0 845 506 110 451 716 650 747 182 995 233 637 206 950 687 731 792 80 129 211 846 29 682 695 992 103 193 330 516 314 
845 0 870 842 235 827 214 380 332 453 793 177 472 485 808 205 645 253 235 531 256 109 634 762 908 704 630 431 733 254 
506 870 0 128 87 369 810 431 341 21 509 982 869 138 556 697 573 901 204 912 972 362 125 562 795 460 166 427 258 845 
110 842 128 0 247 53 358 57 207 937 309 900 711 849 479 977 777 18 68 385 284 168 932 979 814 250 123 399 130 505 
451 235 87 247 0 11 199 238 884 266 794 785 568 655 767 140 754 590 795 728 992 840 745 339 684 329 616 66 540 395 
716 827 369 53 11 0 264 70 250 524 932 254 356 863 275 715 516 727 586 556 903 608 608 829 411 686 147 292 210 839 
650 214 810 358 199 264 0 420 174 907 926 862 842 654 764 355 641 458 246 996 674 576 751 957 58 122 560 547 687 538 
747 380 431 57 238 70 420 0 588 787 251 807 146 316 117 732 481 112 585 264 820 860 483 394 65 242 458 378 268 571 
182 332 341 207 884 250 174 588 0 257 418 326 609 364 509 40 705 758 411 911 906 76 383 140 324 650 815 105 521 630 
995 453 21 937 266 524 907 787 257 0 588 799 965 168 903 189 115 788 975 810 866 318 114 143 460 267 460 552 198 701 
233 793 509 309 794 932 926 251 418 588 0 580 747 297 298 861 682 333 100 384 473 894 153 767 949 215 772 933 620 585 
637 177 982 900 785 254 862 807 326 799 580 0 40 976 889 439 459 788 322 687 717 716 962 792 647 830 803 869 949 703 
206 472 869 711 568 356 842 146 609 965 747 40 0 392 816 626 64 810 974 569 166 766 350 58 899 975 605 472 553 955 
950 485 138 849 655 863 654 316 364 168 297 976 392 0 126 65 287 43 247 953 765 849 230 818 370 820 571 718 47 254 
687 808 556 479 767 275 764 117 509 903 298 889 816 126 0 349 379 938 108 418 430 116 779 540 487 704 847 765 710 838 
731 205 697 977 140 715 355 732 40 189 861 439 626 65 349 0 535 757 478 148 121 504 303 739 682 53 640 212 245 685 
792 645 573 777 754 516 641 481 705 115 682 459 64 287 379 535 0 939 817 874 493 426 58 577 938 687 192 54 632 484 
80 253 901 18 590 727 458 112 758 788 333 788 810 43 938 757 939 0 483 916 293 988 115 503 73 219 959 471 673 825 
129 235 204 68 795 586 246 585 411 975 100 322 974 247 108 478 817 483 0 386 135 251 558 190 401 796 511 569 705 355 
211 531 912 385 728 556 996 264 911 810 384 687 569 953 418 148 874 916 386 0 356 186 888 941 735 205 438 723 81 612 
846 256 972 284 992 903 674 820 906 866 473 717 166 765 430 121 493 293 135 356 0 89 809 752 366 54 317 472 923 173 
29 109 362 168 840 608 576 860 76 318 894 716 766 849 116 504 426 988 251 186 89 0 87 50 943 576 498 450 570 632 
682 634 125 932 745 608 751 483 383 114 153 962 350 230 779 303 58 115 558 888 809 87 0 799 611 463 792 481 504 195 
695 762 562 979 339 829 957 394 140 143 767 792 58 818 540 739 577 503 190 941 752 50 799 0 403 323 104 305 151 531 
992 908 795 814 684 411 58 65 324 460 949 647 899 370 487 682 938 73 401 735 366 943 611 403 0 988 317 716 744 581 
103 704 460 250 329 686 122 242 650 267 215 830 975 820 704 53 687 219 796 205 54 576 463 323 988 0 645 942 549 216 
193 630 166 123 616 147 560 458 815 460 772 803 605 571 847 640 192 959 511 438 317 498 792 104 317 645 0 235 876 977 
330 431 427 399 66 292 547 378 105 552 933 869 472 718 765 212 54 471 569 723 472 450 481 305 716 942 235 0 495 613 
516 733 258 130 540 210 687 268 521 198 620 949 553 47 710 245 632 673 705 81 923 570 504 151 744 549 876 495 0 459 
314 254 845 505 395 839 538 571 630 701 585 703 955 254 838 685 484 825 355 612 173 632 195 531 581 216 977 613 459 0 
