60 4
0 345 408 543 934 816 84 502 26 303 677 828 687 998 376 607 321 472 118 679 342 248 652 988 234 625 616 798 299 373 855 293 278 492 486 451 178 171 663 238 961 15 538 841 300 187 675 218 153 499 213 911 40 666 549 469 262 85 707 980 
345 0 325 386 292 61 743 302 769 988 173 247 943 472 45 507 50 590 707 295 652 841 272 272 867 546 439 431 599 694 94 717 824 121 81 314 779 247 162 774 352 845 887 138 853 54 962 912 381 937 261 586 182 164 779 113 811 440 479 458 
408 325 0 254 948 85 712 990 447 611 567 901 269 273 134 407 255 428 743 809 763 236 359 658 116 235 534 314 82 62 319 395 98 183 327 541 310 410 76 616 672 861 93 752 475 35 478 160 409 529 334 618 57 686 130 62 782 297 369 793 
543 386 254 0 981 614 584 440 751 379 581 279 690 580 165 900 431 21 86 504 826 940 492 123 715 72 66 948 236 10 225 658 10 286 749 623 998 807 669 416 199 667 48 227 817 553 882 893 531 947 250 641 150 179 138 348 903 936 251 902 
934 292 948 981 0 706 193 747 49 132 314 963 757 34 462 733 484 792 774 423 162 665 77 353 455 603 439 901 348 954 227 49 504 475 724 377 752 260 891 495 72 568 647 365 128 245 295 842 819 994 943 965 226 345 640 735 45 355 125 564 
816 61 85 614 706 0 512 14 116 364 526 262 413 136 214 223 879 939 725 961 536 496 45 616 296 522 900 919 915 408 743 519 869 953 573 264 389 880 712 811 812 412 549 712 116 178 577 355 286 434 102 499 914 742 948 896 518 849 695 575 
84 743 712 584 193 512 0 69 303 595 904 248 340 690 312 836 983 544 671 4 433 495 669 158 996 476 226 736 289 192 304 261 496 313 715 995 627 377 394 88 235 414 891 540 361 780 217 38 720 25 439 527 674 338 760 730 409 946 857 879 
502 302 990 440 747 14 69 0 366 87 672 180 488 405 909 108 107 184 598 425 706 918 849 359 134 577 563 361 626 997 475 553 748 902 975 436 46 19 964 533 342 853 549 873 822 671 166 918 755 501 581 766 724 433 389 12 19 733 869 240 
26 769 447 751 49 116 303 366 0 102 42 639 731 315 598 30 621 910 308 121 47 197 223 685 952 461 870 155 624 784 642 425 823 865 3 57 670 15 462 348 686 378 107 232 92 247 331 420 838 656 593 69 400 154 740 862 749 728 858 504 
303 988 611 379 132 364 595 87 102 0 833 54 37 903 404 661 594 74 534 429 444 630 597 403 926 31 211 85 189 263 778 774 603 816 960 438 767 176 293 946 500 891 488 675 346 372 965 119 473 19 785 980 136 873 203 444 782 944 206 680 
677 173 567 581 314 526 904 672 42 833 0 438 937 999 146 271 396 223 439 374 670 156 714 750 213 469 302 360 701 276 684 94 905 159 251 338 293 423 186 343 977 473 273 534 554 857 87 719 464 607 857 197 105 738 179 69 127 500 473 97 
828 247 901 279 963 262 248 180 639 54 438 0 328 975 61 778 947 536 186 603 450 708 878 175 638 363 182 662 686 109 61 624 737 997 299 147 474 412 950 511 371 491 134 873 245 182 936 454 338 45 211 684 580 856 778 750 746 333 288 452 
687 943 269 690 757 413 340 488 731 37 937 328 0 698 287 579 837 689 745 419 144 912 343 421 469 141 365 552 730 153 562 294 463 513 263 769 740 554 21 62 39 798 340 419 1000 493 15 925 444 153 727 741 814 693 319 680 667 786 804 632 
998 472 273 580 34 136 690 405 315 903 999 975 698 0 723 165 233 712 563 476 419 984 649 2 741 46 715 361 347 809 14 911 490 980 395 322 463 625 792 327 378 282 379 297 451 448 905 541 646 450 390 769 834 31 839 990 722 751 448 177 
376 45 134 165 462 214 312 909 598 404 146 61 287 723 0 509 894 259 262 218 218 310 927 124 391 302 189 15 826 49 860 480 23 400 624 267 837 249 208 593 56 789 413 510 498 551 529 743 164 112 574 559 169 899 498 988 653 624 708 362 
607 507 407 900 733 223 836 108 30 661 271 778 579 165 509 0 25 443 549 114 26 139 814 860 404 567 102 216 422 267 252 185 249 518 799 379 525 813 526 452 871 263 589 663 393 699 564 834 63 580 536 836 19 195 737 844 152 265 97 482 
321 50 255 431 484 879 983 107 621 594 396 947 837 233 894 25 0 302 930 234 878 400 115 417 555 216 307 803 264 4 960 62 636 748 37 804 907 708 55 662 56 539 243 36 949 746 64 686 454 47 660 841 965 727 865 882 211 832 264 464 
472 590 428 21 792 939 544 184 910 74 223 536 689 712 259 443 302 0 814 606 816 231 672 43 971 55 28 118 642 354 326 793 686 381 288 148 461 78 917 185 299 18 300 951 111 151 234 129 114 500 735 354 678 413 598 7 70 303 855 923 
118 707 743 86 774 725 671 598 308 534 439 186 745 563 262 549 930 814 0 965 194 476 662 131 908 428 639 682 635 475 650 778 58 610 161 315 276 209 60 168 931 556 901 518 833 592 684 509 684 499 917 742 821 897 209 485 544 377 913 2 
679 295 809 504 423 961 4 425 121 429 374 603 419 476 218 114 234 606 965 0 332 559 6 214 228 740 624 87 386 31 950 22 225 336 643 39 815 139 994 937 185 583 805 639 411 729 538 899 880 642 543 742 839 766 475 739 75 605 296 367 
342 652 763 826 162 536 433 706 47 444 670 450 144 419 218 26 878 816 194 332 0 683 49 168 980 297 642 152 113 98 546 999 154 173 414 93 563 549 656 771 641 789 220 531 571 357 527 90 744 133 499 409 947 872 300 396 961 444 744 902 
248 841 236 940 665 496 495 918 197 630 156 708 912 984 310 139 400 231 476 559 683 0 906 83 133 936 955 932 766 46 46 184 177 977 266 463 710 586 79 456 349 966 655 227 239 654 647 573 169 48 654 80 620 757 543 710 718 448 314 357 
652 272 359 492 77 45 669 849 223 597 714 878 343 649 927 814 115 672 662 6 49 906 0 404 466 857 326 793 599 332 91 559 408 765 729 313 219 408 117 441 101 339 604 12 804 345 668 443 621 197 89 520 830 303 154 347 706 214 137 596 
988 272 658 123 353 616 158 359 685 403 750 175 421 2 124 860 417 43 131 214 168 83 404 0 266 339 44 788 401 150 21 661 680 274 376 118 90 674 165 198 112 625 358 982 227 22 349 604 69 309 712 10 677 188 135 600 955 811 95 15 
234 867 116 715 455 296 996 134 952 926 213 638 469 741 391 404 555 971 908 228 980 133 466 266 0 962 650 912 895 342 493 585 971 495 967 991 993 837 262 837 441 157 870 972 209 816 85 926 982 303 431 410 991 660 593 452 317 3 49 249 
625 546 235 72 603 522 476 577 461 31 469 363 141 46 302 567 216 55 428 740 297 936 857 339 962 0 36 131 232 661 953 270 922 451 712 121 811 920 924 113 654 498 357 271 220 252 602 684 742 73 415 361 902 982 314 520 554 833 234 822 
616 439 534 66 439 900 226 563 870 211 302 182 365 715 189 102 307 28 639 624 642 955 326 44 650 36 0 27 889 400 459 411 624 128 589 586 144 975 36 445 734 812 493 938 791 848 97 753 142 134 860 259 483 336 177 407 292 749 339 515 
798 431 314 948 901 919 736 361 155 85 360 662 552 361 15 216 803 118 682 87 152 932 793 788 912 131 27 0 388 456 806 594 640 276 327 381 190 958 334 974 711 760 726 110 519 618 708 11 190 294 296 325 349 356 445 685 622 126 970 193 
299 599 82 236 348 915 289 626 624 189 701 686 730 347 826 422 264 642 635 386 113 766 599 401 895 232 889 388 0 86 10 910 874 475 987 837 481 725 169 648 421 809 68 985 616 300 209 334 238 969 71 39 840 653 160 990 349 99 120 750 
373 694 62 10 954 408 192 997 784 263 276 109 153 809 49 267 4 354 475 31 98 46 332 150 342 661 400 456 86 0 975 932 477 335 945 589 175 743 168 38 160 900 247 632 689 715 730 43 421 948 428 570 643 845 291 262 775 852 882 937 
855 94 319 225 227 743 304 475 642 778 684 61 562 14 860 252 960 326 650 950 546 46 91 21 493 953 459 806 10 975 0 451 995 942 666 914 589 702 712 801 587 767 450 315 87 44 480 655 807 420 614 979 201 55 477 817 594 854 571 992 
293 717 395 658 49 519 261 553 425 774 94 624 294 911 480 185 62 793 778 22 999 184 559 661 585 270 411 594 910 932 451 0 679 776 273 825 443 794 540 374 979 116 588 823 300 849 697 357 987 960 375 992 639 862 387 323 361 558 67 781 
278 824 98 10 504 869 496 748 823 603 905 737 463 490 23 249 636 686 58 225 154 177 408 680 971 922 624 640 874 477 995 679 0 99 213 885 336 322 661 557 749 630 553 249 331 201 594 167 644 992 289 501 836 454 931 114 519 493 572 971 
492 121 183 286 475 953 313 902 865 816 159 997 513 980 400 518 748 381 610 336 173 977 765 274 495 451 128 276 475 335 942 776 99 0 807 523 271 434 69 802 816 404 879 813 349 578 332 616 543 449 978 667 703 179 213 978 58 258 731 340 
486 81 327 749 724 573 715 975 3 960 251 299 263 395 624 799 37 288 161 643 414 266 729 376 967 712 589 327 987 945 666 273 213 807 0 125 720 755 155 934 551 462 674 889 916 418 627 456 313 925 162 746 754 684 499 680 227 398 735 35 
451 314 541 623 377 264 995 436 57 438 338 147 769 322 267 379 804 148 315 39 93 463 313 118 991 121 586 381 837 589 914 825 885 523 125 0 942 619 770 534 983 512 383 100 557 202 19 639 274 14 585 542 544 249 759 309 533 785 711 683 
178 779 310 998 752 389 627 46 670 767 293 474 740 463 837 525 907 461 276 815 563 710 219 90 993 811 144 190 481 175 589 443 336 271 720 942 0 281 170 317 670 988 914 844 880 56 199 757 958 627 600 626 630 337 133 248 402 369 565 831 
171 247 410 807 260 880 377 19 15 176 423 412 554 625 249 813 708 78 209 139 549 586 408 674 837 920 975 958 725 743 702 794 322 434 755 619 281 0 389 777 459 63 159 321 84 689 392 450 694 242 181 338 867 195 445 601 861 90 858 947 
663 162 76 669 891 712 394 964 462 293 186 950 21 792 208 526 55 917 60 994 656 79 117 165 262 924 36 334 169 168 712 540 661 69 155 770 170 389 0 452 500 612 300 492 350 616 131 222 836 885 91 421 546 705 100 766 512 27 954 346 
238 774 616 416 495 811 88 533 348 946 343 511 62 327 593 452 662 185 168 937 771 456 441 198 837 113 445 974 648 38 801 374 557 802 934 534 317 777 452 0 834 253 878 35 87 132 68 37 529 934 932 624 768 339 713 242 745 139 393 913 
961 352 672 199 72 812 235 342 686 500 977 371 39 378 56 871 56 299 931 185 641 349 101 112 441 654 734 711 421 160 587 979 749 816 551 983 670 459 500 834 0 844 430 483 385 185 9 537 707 404 105 207 521 100 827 1000 151 899 63 937 
15 845 861 667 568 412 414 853 378 891 473 491 798 282 789 263 539 18 556 583 789 966 339 625 157 498 812 760 809 900 767 116 630 404 462 512 988 63 612 253 844 0 300 719 806 926 34 197 199 745 108 66 869 450 698 907 581 921 218 917 
538 887 93 48 647 549 891 549 107 488 273 134 340 379 413 589 243 300 901 805 220 655 604 358 870 357 493 726 68 247 450 588 553 879 674 383 914 159 300 878 430 300 0 795 843 93 395 781 135 882 835 724 960 983 689 199 428 686 753 833 
841 138 752 227 365 712 540 873 232 675 534 873 419 297 510 663 36 951 518 639 531 227 12 982 972 271 938 110 985 632 315 823 249 813 889 100 844 321 492 35 483 719 795 0 307 474 339 249 677 556 113 216 345 777 665 807 829 3 724 663 
300 853 475 817 128 116 361 822 92 346 554 245 1000 451 498 393 949 111 833 411 571 239 804 227 209 220 791 519 616 689 87 300 331 349 916 557 880 84 350 87 385 806 843 307 0 562 526 216 135 934 99 431 667 224 350 48 333 369 676 900 
187 54 35 553 245 178 780 671 247 372 857 182 493 448 551 699 746 151 592 729 357 654 345 22 816 252 848 618 300 715 44 849 201 578 418 202 56 689 616 132 185 926 93 474 562 0 895 289 264 810 267 54 141 560 859 529 341 414 120 714 
675 962 478 882 295 577 217 166 331 965 87 936 15 905 529 564 64 234 684 538 527 647 668 349 85 602 97 708 209 730 480 697 594 332 627 19 199 392 131 68 9 34 395 339 526 895 0 6 336 857 641 166 102 344 909 787 468 387 578 687 
218 912 160 893 842 355 38 918 420 119 719 454 925 541 743 834 686 129 509 899 90 573 443 604 926 684 753 11 334 43 655 357 167 616 456 639 757 450 222 37 537 197 781 249 216 289 6 0 501 480 110 802 517 628 179 712 27 588 585 467 
153 381 409 531 819 286 720 755 838 473 464 338 444 646 164 63 454 114 684 880 744 169 621 69 982 742 142 190 238 421 807 987 644 543 313 274 958 694 836 529 707 199 135 677 135 264 336 501 0 414 543 589 626 160 901 46 975 146 754 274 
499 937 529 947 994 434 25 501 656 19 607 45 153 450 112 580 47 500 499 642 133 48 197 309 303 73 134 294 969 948 420 960 992 449 925 14 627 242 885 934 404 745 882 556 934 810 857 480 414 0 67 471 674 493 245 799 326 672 946 408 
213 261 334 250 943 102 439 581 593 785 857 211 727 390 574 536 660 735 917 543 499 654 89 712 431 415 860 296 71 428 614 375 289 978 162 585 600 181 91 932 105 108 835 113 99 267 641 110 543 67 0 181 26 339 56 874 97 1000 564 985 
911 586 618 641 965 499 527 766 69 980 197 684 741 769 559 836 841 354 742 742 409 80 520 10 410 361 259 325 39 570 979 992 501 667 746 542 626 338 421 624 207 66 724 216 431 54 166 802 589 471 181 0 746 142 562 932 34 144 553 591 
40 182 57 150 226 914 674 724 400 136 105 580 814 834 169 19 965 678 821 839 947 620 830 677 991 902 483 349 840 643 201 639 836 703 754 544 630 867 546 768 521 869 960 345 667 141 102 517 626 674 26 746 0 885 141 632 149 838 173 803 
666 164 686 179 345 742 338 433 154 873 738 856 693 31 899 195 727 413 897 766 872 757 303 188 660 982 336 356 653 845 55 862 454 179 684 249 337 195 705 339 100 450 983 777 224 560 344 628 160 493 339 142 885 0 33 812 825 172 957 394 
549 779 130 138 640 948 760 389 740 203 179 778 319 839 498 737 865 598 209 475 300 543 154 135 593 314 177 445 160 291 477 387 931 213 499 759 133 445 100 713 827 698 689 665 350 859 909 179 901 245 56 562 141 33 0 744 332 780 412 803 
469 113 62 348 735 896 730 12 862 444 69 750 680 990 988 844 882 7 485 739 396 710 347 600 452 520 407 685 990 262 817 323 114 978 680 309 248 601 766 242 1000 907 199 807 48 529 787 712 46 799 874 932 632 812 744 0 632 931 96 704 
262 811 782 903 45 518 409 19 749 782 127 746 667 722 653 152 211 70 544 75 961 718 706 955 317 554 292 622 349 775 594 361 519 58 227 533 402 861 512 745 151 581 428 829 333 341 468 27 975 326 97 34 149 825 332 632 0 25 549 349 
85 440 297 936 355 849 946 733 728 944 500 333 786 751 624 265 832 303 377 605 444 448 214 811 3 833 749 126 99 852 854 558 493 258 398 785 369 90 27 139 899 921 686 3 369 414 387 588 146 672 1000 144 838 172 780 931 25 0 948 695 
707 479 369 251 125 695 857 869 858 206 473 288 804 448 708 97 264 855 913 296 744 314 137 95 49 234 339 970 120 882 571 67 572 731 735 711 565 858 954 393 63 218 753 724 676 120 578 585 754 946 564 553 173 957 412 96 549 948 0 662 
980 458 793 902 564 575 879 240 504 680 97 452 632 177 362 482 464 923 2 367 902 357 596 15 249 822 515 193 750 937 992 781 971 340 35 683 831 947 346 913 937 917 833 663 900 714 687 467 274 408 985 591 803 394 803 704 349 695 662 0 
0 911 766 993 965 699 596 544 228 14 495 939 833 470 862 157 584 779 991 223 457 903 498 195 638 350 234 798 477 759 904 584 948 2 497 97 512 698 701 82 639 321 740 671 215 418 424 54 220 715 334 377 349 474 81 194 49 349 598 625 
911 0 220 995 790 372 477 349 976 481 528 533 17 66 403 531 608 475 810 927 813 505 334 659 178 925 276 388 505 180 573 415 587 901 644 712 226 253 692 904 342 98 953 321 611 990 964 907 911 516 8 814 997 770 24 848 129 170 88 968 
766 220 0 892 51 175 28 775 711 332 740 116 859 411 13 815 148 304 698 720 702 510 407 352 53 407 842 820 411 893 576 256 786 357 142 105 77 900 806 143 9 914 832 39 637 626 649 32 396 803 454 503 120 128 405 969 616 152 682 20 
993 995 892 0 301 23 256 851 137 70 980 757 134 893 447 963 255 988 93 93 281 474 1 757 372 881 963 51 525 351 733 592 358 345 496 840 75 972 414 131 296 456 562 456 149 329 689 735 747 712 51 916 616 520 862 137 657 796 439 752 
965 790 51 301 0 538 633 515 677 392 360 526 78 950 326 250 796 714 547 874 895 281 667 549 285 192 155 872 798 561 56 586 287 797 802 703 170 430 920 691 242 700 964 123 697 324 552 123 566 416 936 42 309 891 188 155 804 289 786 970 
699 372 175 23 538 0 513 658 627 464 523 341 512 119 902 217 967 691 198 471 973 624 769 925 552 969 856 926 519 932 138 563 932 423 413 420 374 499 560 921 113 146 582 937 432 278 185 931 763 343 861 612 557 483 903 60 153 418 576 234 
596 477 28 256 633 513 0 344 163 495 277 370 430 704 568 553 593 463 901 496 150 679 435 426 49 176 113 967 591 47 727 978 11 381 142 98 77 865 560 820 280 683 272 712 312 57 88 327 924 286 395 265 412 167 804 605 20 765 898 720 
544 349 775 851 515 658 344 0 120 848 921 978 645 398 956 144 517 4 498 870 316 949 687 70 547 924 521 808 142 300 185 800 104 419 235 763 99 783 346 584 156 337 449 282 95 933 454 371 984 238 52 935 778 544 847 857 724 378 600 693 
228 976 711 137 677 627 163 120 0 534 310 638 261 377 315 198 281 693 480 681 71 48 396 542 151 338 491 807 937 957 455 350 536 982 606 658 97 535 343 642 525 362 31 714 405 90 982 871 69 670 852 342 325 757 947 976 600 275 585 811 
14 481 332 70 392 464 495 848 534 0 999 391 469 454 782 51 753 782 422 513 310 459 746 25 563 510 436 338 118 470 570 566 114 503 86 505 711 241 691 136 288 191 208 126 725 842 688 68 858 232 371 593 926 814 268 339 598 352 678 522 
495 528 740 980 360 523 277 921 310 999 0 998 734 791 726 219 686 18 604 36 65 975 269 10 108 205 176 239 58 418 211 303 460 822 149 785 377 971 223 106 963 109 571 403 246 583 384 220 778 943 328 66 642 40 296 56 404 242 922 643 
939 533 116 757 526 341 370 978 638 391 998 0 546 341 194 484 319 40 692 337 672 657 172 595 388 890 529 551 817 738 835 183 123 229 227 633 130 315 56 263 210 462 780 953 492 726 235 412 107 25 519 143 840 155 776 258 559 66 233 469 
833 17 859 134 78 512 430 645 261 469 734 546 0 340 38 63 450 842 459 698 899 981 720 774 191 69 622 679 207 739 955 242 47 420 599 634 488 417 736 629 60 954 942 610 502 938 535 990 727 179 953 98 458 315 140 628 145 469 122 219 
470 66 411 893 950 119 704 398 377 454 791 341 340 0 485 722 280 641 460 202 824 585 877 436 773 375 97 851 911 746 653 598 317 338 714 322 154 259 318 865 418 181 885 994 703 819 872 10 351 882 464 450 185 658 376 545 435 465 542 227 
862 403 13 447 326 902 568 956 315 782 726 194 38 485 0 89 267 225 374 190 30 155 65 269 675 135 300 93 369 171 417 142 22 587 710 259 158 3 841 613 840 328 181 878 698 861 98 849 675 457 944 726 906 812 556 482 660 575 509 500 
157 531 815 963 250 217 553 144 198 51 219 484 63 722 89 0 787 730 603 953 306 550 637 680 321 428 813 447 471 819 623 423 889 387 773 538 914 301 10 346 450 681 669 381 415 890 727 384 790 441 886 295 358 132 589 301 394 143 677 866 
584 608 148 255 796 967 593 517 281 753 686 319 450 280 267 787 0 817 822 452 290 64 558 475 433 973 216 526 640 76 661 630 665 586 418 58 138 523 363 205 195 470 19 436 842 960 229 202 564 738 349 325 923 163 397 679 614 501 413 659 
779 475 304 988 714 691 463 4 693 782 18 40 842 641 225 730 817 0 939 191 402 745 738 44 582 893 162 267 75 448 585 433 695 140 236 542 622 238 176 396 73 774 15 872 631 908 600 866 283 8 883 409 94 486 597 181 596 382 623 436 
991 810 698 93 547 198 901 498 480 422 604 692 459 460 374 603 822 939 0 184 598 166 193 951 518 561 642 421 525 369 823 31 884 16 765 263 430 975 470 528 181 626 990 116 471 827 184 32 91 620 626 159 264 866 899 696 726 913 521 927 
223 927 720 93 874 471 496 870 681 513 36 337 698 202 190 953 452 191 184 0 16 744 880 956 905 500 8 316 212 803 26 991 686 753 300 972 961 962 43 871 30 342 503 390 256 610 354 892 256 733 684 353 285 9 880 198 513 65 540 884 
457 813 702 281 895 973 150 316 71 310 65 672 899 824 30 306 290 402 598 16 0 218 999 576 177 876 477 200 466 550 315 924 837 419 117 266 73 922 980 833 215 290 399 389 961 425 363 639 865 436 205 26 844 459 607 117 439 483 739 376 
903 505 510 474 281 624 679 949 48 459 975 657 981 585 155 550 64 745 166 744 218 0 136 145 411 729 273 163 222 895 5 111 713 452 666 195 296 499 585 829 958 290 25 497 509 340 152 791 294 609 340 873 495 837 199 239 508 167 647 399 
498 334 407 1 667 769 435 687 396 746 269 172 720 877 65 637 558 738 193 880 999 136 0 644 623 544 621 455 941 326 612 780 775 281 197 395 519 965 998 746 524 77 604 544 975 313 902 646 365 366 397 487 603 895 737 418 928 331 17 759 
195 659 352 757 549 925 426 70 542 25 10 595 774 436 269 680 475 44 951 956 576 145 644 0 860 737 483 911 17 251 797 917 248 756 317 768 569 262 125 228 62 448 951 32 168 283 914 723 923 208 39 54 942 217 838 709 460 526 271 758 
638 178 53 372 285 552 49 547 151 563 108 388 191 773 675 321 433 582 518 905 177 411 623 860 0 570 49 37 395 680 555 511 499 833 297 135 205 504 470 353 924 779 755 263 264 355 253 833 696 371 21 74 180 311 858 915 858 729 885 787 
350 925 407 881 192 969 176 924 338 510 205 890 69 375 135 428 973 893 561 500 876 729 544 737 570 0 170 15 538 297 459 589 533 287 902 225 444 826 621 557 10 785 305 882 183 338 131 130 280 15 987 394 653 694 848 853 892 514 209 329 
234 276 842 963 155 856 113 521 491 436 176 529 622 97 300 813 216 162 642 8 477 273 621 483 49 170 0 426 611 672 859 937 115 184 712 52 105 61 107 600 867 612 301 784 81 698 88 668 331 884 286 23 910 61 598 749 621 294 970 715 
798 388 820 51 872 926 967 808 807 338 239 551 679 851 93 447 526 267 421 316 200 163 455 911 37 15 426 0 104 7 791 832 893 937 859 321 435 165 719 205 567 283 486 452 827 476 880 930 89 616 904 60 591 453 217 899 914 41 527 695 
477 505 411 525 798 519 591 142 937 118 58 817 207 911 369 471 640 75 525 212 466 222 941 17 395 538 611 104 0 681 530 15 926 15 649 427 483 722 350 913 420 601 150 81 353 53 783 585 117 742 131 373 907 461 847 318 614 643 657 654 
759 180 893 351 561 932 47 300 957 470 418 738 739 746 171 819 76 448 369 803 550 895 326 251 680 297 672 7 681 0 52 959 225 72 514 343 305 515 445 117 750 947 107 671 258 666 354 807 320 594 908 968 593 908 395 963 686 829 529 367 
904 573 576 733 56 138 727 185 455 570 211 835 955 653 417 623 661 585 823 26 315 5 612 797 555 459 859 791 530 52 0 143 544 312 279 174 467 222 591 825 428 922 688 583 722 435 304 443 746 337 853 27 241 476 107 603 599 557 141 682 
584 415 256 592 586 563 978 800 350 566 303 183 242 598 142 423 630 433 31 991 924 111 780 917 511 589 937 832 15 959 143 0 696 795 387 519 583 150 522 434 619 867 287 820 517 670 171 100 492 172 11 238 897 676 265 794 506 442 643 862 
948 587 786 358 287 932 11 104 536 114 460 123 47 317 22 889 665 695 884 686 837 713 775 248 499 533 115 893 926 225 544 696 0 6 118 597 910 558 431 604 343 777 708 321 804 549 166 694 929 982 403 362 100 255 37 350 500 169 514 716 
2 901 357 345 797 423 381 419 982 503 822 229 420 338 587 387 586 140 16 753 419 452 281 756 833 287 184 937 15 72 312 795 6 0 906 464 626 5 176 195 858 288 657 794 604 116 330 281 176 709 403 357 355 108 55 653 522 375 72 298 
497 644 142 496 802 413 142 235 606 86 149 227 599 714 710 773 418 236 765 300 117 666 197 317 297 902 712 859 649 514 279 387 118 906 0 512 469 814 138 49 930 763 120 179 324 351 261 79 248 345 732 370 900 514 157 330 912 370 628 122 
97 712 105 840 703 420 98 763 658 505 785 633 634 322 259 538 58 542 263 972 266 195 395 768 135 225 52 321 427 343 174 519 597 464 512 0 321 495 200 457 497 58 924 161 379 930 411 673 447 279 21 551 921 110 353 637 80 195 320 606 
512 226 77 75 170 374 77 99 97 711 377 130 488 154 158 914 138 622 430 961 73 296 519 569 205 444 105 435 483 305 467 583 910 626 469 321 0 729 482 807 384 176 996 292 461 962 933 360 536 30 323 146 612 474 182 977 726 784 556 735 
698 253 900 972 430 499 865 783 535 241 971 315 417 259 3 301 523 238 975 962 922 499 965 262 504 826 61 165 722 515 222 150 558 5 814 495 729 0 507 513 80 221 283 726 265 730 372 694 952 818 470 799 927 777 867 91 757 453 390 517 
701 692 806 414 920 560 560 346 343 691 223 56 736 318 841 10 363 176 470 43 980 585 998 125 470 621 107 719 350 445 591 522 431 176 138 200 482 507 0 72 778 818 559 807 271 36 442 871 819 276 987 216 806 322 864 582 703 956 392 176 
82 904 143 131 691 921 820 584 642 136 106 263 629 865 613 346 205 396 528 871 833 829 746 228 353 557 600 205 913 117 825 434 604 195 49 457 807 513 72 0 175 455 589 923 142 977 520 411 584 489 923 115 151 959 569 651 908 571 573 342 
639 342 9 296 242 113 280 156 525 288 963 210 60 418 840 450 195 73 181 30 215 958 524 62 924 10 867 567 420 750 428 619 343 858 930 497 384 80 778 175 0 878 38 49 99 205 333 603 980 304 110 294 31 38 56 357 656 696 553 394 
321 98 914 456 700 146 683 337 362 191 109 462 954 181 328 681 470 774 626 342 290 290 77 448 779 785 612 283 601 947 922 867 777 288 763 58 176 221 818 455 878 0 411 498 740 746 123 873 39 999 57 860 472 28 796 8 626 805 815 45 
740 953 832 562 964 582 272 449 31 208 571 780 942 885 181 669 19 15 990 503 399 25 604 951 755 305 301 486 150 107 688 287 708 657 120 924 996 283 559 589 38 411 0 511 295 437 380 304 434 802 305 844 855 788 702 153 326 135 344 851 
671 321 39 456 123 937 712 282 714 126 403 953 610 994 878 381 436 872 116 390 389 497 544 32 263 882 784 452 81 671 583 820 321 794 179 161 292 726 807 923 49 498 511 0 211 100 723 634 122 329 422 313 544 29 799 290 355 358 954 479 
215 611 637 149 697 432 312 95 405 725 246 492 502 703 698 415 842 631 471 256 961 509 975 168 264 183 81 827 353 258 722 517 804 604 324 379 461 265 271 142 99 740 295 211 0 164 492 808 847 40 16 655 212 873 289 217 870 466 569 462 
418 990 626 329 324 278 57 933 90 842 583 726 938 819 861 890 960 908 827 610 425 340 313 283 355 338 698 476 53 666 435 670 549 116 351 930 962 730 36 977 205 746 437 100 164 0 479 816 370 204 672 433 940 319 669 467 867 678 915 23 
424 964 649 689 552 185 88 454 982 688 384 235 535 872 98 727 229 600 184 354 363 152 902 914 253 131 88 880 783 354 304 171 166 330 261 411 933 372 442 520 333 123 380 723 492 479 0 720 365 837 517 2 254 140 718 460 170 249 105 570 
54 907 32 735 123 931 327 371 871 68 220 412 990 10 849 384 202 866 32 892 639 791 646 723 833 130 668 930 585 807 443 100 694 281 79 673 360 694 871 411 603 873 304 634 808 816 720 0 102 509 920 832 215 833 664 793 62 287 448 844 
220 911 396 747 566 763 924 984 69 858 778 107 727 351 675 790 564 283 91 256 865 294 365 923 696 280 331 89 117 320 746 492 929 176 248 447 536 952 819 584 980 39 434 122 847 370 365 102 0 170 600 997 499 407 283 501 514 516 687 954 
715 516 803 712 416 343 286 238 670 232 943 25 179 882 457 441 738 8 620 733 436 609 366 208 371 15 884 616 742 594 337 172 982 709 345 279 30 818 276 489 304 999 802 329 40 204 837 509 170 0 745 38 394 119 71 81 624 981 229 163 
334 8 454 51 936 861 395 52 852 371 328 519 953 464 944 886 349 883 626 684 205 340 397 39 21 987 286 904 131 908 853 11 403 403 732 21 323 470 987 923 110 57 305 422 16 672 517 920 600 745 0 847 721 326 741 100 302 492 124 239 
377 814 503 916 42 612 265 935 342 593 66 143 98 450 726 295 325 409 159 353 26 873 487 54 74 394 23 60 373 968 27 238 362 357 370 551 146 799 216 115 294 860 844 313 655 433 2 832 997 38 847 0 621 530 814 767 948 751 681 171 
349 997 120 616 309 557 412 778 325 926 642 840 458 185 906 358 923 94 264 285 844 495 603 942 180 653 910 591 907 593 241 897 100 355 900 921 612 927 806 151 31 472 855 544 212 940 254 215 499 394 721 621 0 86 310 222 63 139 13 641 
474 770 128 520 891 483 167 544 757 814 40 155 315 658 812 132 163 486 866 9 459 837 895 217 311 694 61 453 461 908 476 676 255 108 514 110 474 777 322 959 38 28 788 29 873 319 140 833 407 119 326 530 86 0 912 328 311 649 46 185 
81 24 405 862 188 903 804 847 947 268 296 776 140 376 556 589 397 597 899 880 607 199 737 838 858 848 598 217 847 395 107 265 37 55 157 353 182 867 864 569 56 796 702 799 289 669 718 664 283 71 741 814 310 912 0 405 575 829 13 545 
194 848 969 137 155 60 605 857 976 339 56 258 628 545 482 301 679 181 696 198 117 239 418 709 915 853 749 899 318 963 603 794 350 653 330 637 977 91 582 651 357 8 153 290 217 467 460 793 501 81 100 767 222 328 405 0 204 806 790 705 
49 129 616 657 804 153 20 724 600 598 404 559 145 435 660 394 614 596 726 513 439 508 928 460 858 892 621 914 614 686 599 506 500 522 912 80 726 757 703 908 656 626 326 355 870 867 170 62 514 624 302 948 63 311 575 204 0 712 594 356 
349 170 152 796 289 418 765 378 275 352 242 66 469 465 575 143 501 382 913 65 483 167 331 526 729 514 294 41 643 829 557 442 169 375 370 195 784 453 956 571 696 805 135 358 466 678 249 287 516 981 492 751 139 649 829 806 712 0 807 7 
598 88 682 439 786 576 898 600 585 678 922 233 122 542 509 677 413 623 521 540 739 647 17 271 885 209 970 527 657 529 141 643 514 72 628 320 556 390 392 573 553 815 344 954 569 915 105 448 687 229 124 681 13 46 13 790 594 807 0 290 
625 968 20 752 970 234 720 693 811 522 643 469 219 227 500 866 659 436 927 884 376 399 759 758 787 329 715 695 654 367 682 862 716 298 122 606 735 517 176 342 394 45 851 479 462 23 570 844 954 163 239 171 641 185 545 705 356 7 290 0 
0 837 738 547 713 364 859 228 545 251 167 642 583 140 454 966 696 929 506 661 609 528 76 472 585 945 105 895 253 385 340 371 397 708 926 277 497 1000 69 236 860 44 198 654 173 559 489 887 480 198 612 908 836 485 588 661 353 271 825 708 
837 0 556 974 936 965 134 963 868 876 930 379 833 201 492 659 480 100 671 73 85 904 982 452 391 851 570 389 999 458 242 42 720 713 445 987 920 215 144 39 500 424 89 381 756 658 857 650 619 437 604 688 435 603 367 787 391 273 139 455 
738 556 0 461 90 564 780 249 733 194 424 71 387 375 352 41 482 983 591 417 730 1 244 925 880 589 107 425 611 766 65 931 874 227 157 470 936 635 681 939 826 507 557 968 753 109 334 575 503 62 948 240 805 183 840 419 51 619 595 74 
547 974 461 0 938 557 429 486 260 675 405 189 665 337 626 167 430 501 224 431 740 472 461 574 918 29 297 892 547 727 288 944 755 204 657 168 113 898 207 101 959 138 185 554 293 490 196 140 598 832 647 113 335 737 589 129 430 95 136 252 
713 936 90 938 0 430 856 727 246 870 766 790 39 157 831 438 858 804 73 27 204 779 243 212 515 860 478 681 72 923 51 476 473 326 508 614 583 190 213 371 973 63 839 949 795 453 888 992 298 956 352 363 451 439 102 543 168 882 275 975 
364 965 564 557 430 0 32 544 126 142 158 20 25 111 35 735 911 359 837 679 405 557 707 469 444 181 579 494 359 940 568 626 577 802 82 945 114 601 471 155 689 524 413 623 93 703 409 662 931 527 943 726 719 613 923 317 35 337 169 110 
859 134 780 429 856 32 0 255 33 508 4 963 17 558 670 480 344 320 409 378 696 46 730 206 431 978 943 992 323 446 233 120 99 175 185 382 499 713 588 913 545 41 217 503 285 869 780 577 195 625 983 906 820 662 825 642 976 889 538 672 
228 963 249 486 727 544 255 0 728 189 888 441 177 418 24 118 375 278 202 425 673 111 585 94 319 402 842 323 308 366 442 460 607 52 611 184 889 559 879 152 548 368 822 48 733 745 902 471 684 596 814 680 742 747 244 907 445 827 129 943 
545 868 733 260 246 126 33 728 0 165 717 876 38 532 756 995 519 955 526 527 585 485 100 636 172 276 552 76 846 921 640 642 262 629 217 303 980 948 235 315 161 420 286 38 241 997 769 611 273 374 867 865 912 707 337 923 332 14 124 378 
251 876 194 675 870 142 508 189 165 0 153 291 510 449 93 449 812 332 897 473 192 636 392 758 765 329 77 72 467 369 638 733 938 448 370 251 387 866 427 200 600 91 472 594 136 302 506 831 973 847 830 111 160 7 708 849 382 738 456 656 
167 930 424 405 766 158 4 888 717 153 0 606 398 590 132 426 505 26 851 341 728 82 188 56 273 312 461 53 405 928 527 716 47 202 339 104 847 443 849 709 90 707 596 931 791 245 172 123 536 902 738 526 98 362 334 568 40 610 595 411 
642 379 71 189 790 20 963 441 876 291 606 0 221 837 275 60 436 298 440 556 985 46 508 696 513 334 657 447 788 62 95 503 155 570 861 24 534 372 521 848 686 765 191 391 688 528 865 208 230 220 843 429 213 168 683 454 743 256 744 94 
583 833 387 665 39 25 17 177 38 510 398 221 0 234 560 464 390 526 528 932 806 103 566 570 855 822 269 943 894 339 966 390 432 261 411 854 667 633 924 144 605 526 491 989 24 512 528 203 448 756 333 71 935 366 683 98 267 56 606 648 
140 201 375 337 157 111 558 418 532 449 590 837 234 0 259 554 419 243 336 437 428 261 262 408 70 916 262 853 827 332 100 215 386 995 430 560 79 503 584 382 256 980 824 765 151 819 181 756 852 134 831 401 493 197 764 585 705 26 147 904 
454 492 352 626 831 35 670 24 756 93 132 275 560 259 0 5 852 213 9 709 216 628 671 233 520 695 424 53 734 73 868 515 10 564 70 789 609 969 457 335 177 320 939 955 830 183 808 228 476 47 841 398 780 503 194 257 700 198 61 763 
966 659 41 167 438 735 480 118 995 449 426 60 464 554 5 0 233 445 847 881 931 93 477 235 670 899 805 24 636 809 585 828 890 38 721 4 44 135 382 676 181 60 171 949 159 582 320 997 798 542 7 502 299 168 48 500 84 333 128 258 
696 480 482 430 858 911 344 375 519 812 505 436 390 419 852 233 0 132 944 275 350 489 577 673 270 567 627 322 633 919 889 534 566 692 609 780 870 598 695 147 737 105 883 588 859 483 431 854 491 812 159 922 840 209 312 297 693 747 902 762 
929 100 983 501 804 359 320 278 955 332 26 298 526 243 213 445 132 0 309 142 588 262 112 448 922 417 895 662 872 635 344 626 278 607 313 2 447 779 577 618 269 879 309 6 12 1 316 89 794 370 51 920 398 60 651 787 915 772 591 77 
506 671 591 224 73 837 409 202 526 897 851 440 528 336 9 847 944 309 0 417 617 411 58 869 470 134 234 511 808 148 431 380 70 291 452 828 166 761 683 768 985 312 601 179 70 461 269 123 586 168 12 76 329 233 443 303 291 153 897 490 
661 73 417 431 27 679 378 425 527 473 341 556 932 437 709 881 275 142 417 0 314 60 515 137 869 487 154 704 955 469 824 329 572 916 435 833 714 49 458 622 95 947 241 661 900 969 449 919 334 240 187 552 191 78 289 651 620 987 726 651 
609 85 730 740 204 405 696 673 585 192 728 985 806 428 216 931 350 588 617 314 0 997 866 484 1 822 928 545 221 587 336 316 529 639 939 751 744 812 999 353 455 187 809 393 470 818 357 578 436 535 594 772 678 36 397 538 473 670 558 149 
528 904 1 472 779 557 46 111 485 636 82 46 103 261 628 93 489 262 411 60 997 0 982 58 885 117 60 87 818 650 182 310 430 206 830 756 540 715 624 948 557 570 600 666 464 583 478 986 818 805 279 702 134 834 516 579 71 999 120 198 
76 982 244 461 243 707 730 585 100 392 188 508 566 262 671 477 577 112 58 515 866 982 0 825 288 551 249 852 998 897 325 100 285 267 34 656 393 601 546 442 659 691 143 95 337 759 282 856 197 965 216 730 319 497 748 875 558 764 216 288 
472 452 925 574 212 469 206 94 636 758 56 696 570 408 233 235 673 448 869 137 484 58 825 0 248 271 481 356 535 820 348 356 502 324 662 318 889 224 669 150 4 192 764 609 20 394 790 525 997 913 877 394 693 292 825 616 781 488 881 630 
585 391 880 918 515 444 431 319 172 765 273 513 855 70 520 670 270 922 470 869 1 885 288 248 0 545 836 763 448 215 248 234 204 657 561 560 923 702 8 706 722 510 945 603 28 69 239 130 144 708 592 707 52 606 859 951 917 549 102 464 
945 851 589 29 860 181 978 402 276 329 312 334 822 916 695 899 567 417 134 487 822 117 551 271 545 0 139 815 387 759 256 396 29 828 964 956 143 360 608 10 137 923 939 865 60 463 862 961 800 738 488 463 937 288 789 517 773 713 91 356 
105 570 107 297 478 579 943 842 552 77 461 657 269 262 424 805 627 895 234 154 928 60 249 481 836 139 0 795 173 52 100 766 265 430 964 918 136 570 344 1000 366 946 322 448 490 872 466 341 648 525 645 679 488 598 310 982 152 34 343 880 
895 389 425 892 681 494 992 323 76 72 53 447 943 853 53 24 322 662 511 704 545 87 852 356 763 815 795 0 466 298 88 332 92 166 799 400 847 632 239 885 471 619 87 557 217 374 956 855 756 488 587 244 84 683 591 110 653 772 86 970 
253 999 611 547 72 359 323 308 846 467 405 788 894 827 734 636 633 872 808 955 221 818 998 535 448 387 173 466 0 537 172 208 269 576 481 549 156 269 554 166 946 539 761 106 495 164 568 418 149 700 380 540 104 386 636 485 655 729 366 834 
385 458 766 727 923 940 446 366 921 369 928 62 339 332 73 809 919 635 148 469 587 650 897 820 215 759 52 298 537 0 396 479 958 61 158 490 724 240 295 542 421 49 58 628 392 722 811 332 343 962 597 363 23 736 67 28 961 5 79 602 
340 242 65 288 51 568 233 442 640 638 527 95 966 100 868 585 889 344 431 824 336 182 325 348 248 256 100 88 172 396 0 29 291 497 831 929 463 497 152 555 123 409 470 168 468 720 920 616 731 982 929 738 485 263 98 185 858 698 495 81 
371 42 931 944 476 626 120 460 642 733 716 503 390 215 515 828 534 626 380 329 316 310 100 356 234 396 766 332 208 479 29 0 207 437 131 309 595 810 409 754 190 179 908 918 453 168 388 46 665 436 280 919 367 601 841 682 937 955 287 179 
397 720 874 755 473 577 99 607 262 938 47 155 432 386 10 890 566 278 70 572 529 430 285 502 204 29 265 92 269 958 291 207 0 78 611 184 511 233 253 881 110 273 474 276 169 25 920 948 761 418 102 760 581 35 598 108 206 619 573 358 
708 713 227 204 326 802 175 52 629 448 202 570 261 995 564 38 692 607 291 916 639 206 267 324 657 828 430 166 576 61 497 437 78 0 723 286 312 338 996 53 639 530 623 894 137 685 369 549 209 47 177 22 974 502 761 785 913 813 822 719 
926 445 157 657 508 82 185 611 217 370 339 861 411 430 70 721 609 313 452 435 939 830 34 662 561 964 964 799 481 158 831 131 611 723 0 163 384 560 349 277 643 576 74 827 718 463 596 407 854 703 432 333 16 586 447 210 939 562 962 524 
277 987 470 168 614 945 382 184 303 251 104 24 854 560 789 4 780 2 828 833 751 756 656 318 560 956 918 400 549 490 929 309 184 286 163 0 723 424 924 509 222 26 413 874 957 707 752 788 843 858 974 576 286 569 318 367 594 721 128 584 
497 920 936 113 583 114 499 889 980 387 847 534 667 79 609 44 870 447 166 714 744 540 393 889 923 143 136 847 156 724 463 595 511 312 384 723 0 488 985 852 29 622 474 462 20 192 81 672 63 875 534 716 523 829 333 499 937 641 230 42 
1000 215 635 898 190 601 713 559 948 866 443 372 633 503 969 135 598 779 761 49 812 715 601 224 702 360 570 632 269 240 497 810 233 338 560 424 488 0 829 655 861 649 251 336 190 631 600 71 862 937 193 762 628 238 98 512 473 897 736 48 
69 144 681 207 213 471 588 879 235 427 849 521 924 584 457 382 695 577 683 458 999 624 546 669 8 608 344 239 554 295 152 409 253 996 349 924 985 829 0 29 350 423 106 381 391 698 706 131 899 218 176 432 945 824 822 838 618 769 227 848 
236 39 939 101 371 155 913 152 315 200 709 848 144 382 335 676 147 618 768 622 353 948 442 150 706 10 1000 885 166 542 555 754 881 53 277 509 852 655 29 0 354 420 465 37 236 663 200 155 810 22 483 960 123 751 781 315 736 199 314 431 
860 500 826 959 973 689 545 548 161 600 90 686 605 256 177 181 737 269 985 95 455 557 659 4 722 137 366 471 946 421 123 190 110 639 643 222 29 861 350 354 0 548 318 438 107 303 391 338 653 764 708 518 986 88 950 75 861 702 71 550 
44 424 507 138 63 524 41 368 420 91 707 765 526 980 320 60 105 879 312 947 187 570 691 192 510 923 946 619 539 49 409 179 273 530 576 26 622 649 423 420 548 0 726 232 498 824 883 66 380 205 463 17 85 808 434 963 588 337 989 324 
198 89 557 185 839 413 217 822 286 472 596 191 491 824 939 171 883 309 601 241 809 600 143 764 945 939 322 87 761 58 470 908 474 623 74 413 474 251 106 465 318 726 0 322 884 934 800 781 332 831 599 248 141 348 38 510 452 741 493 98 
654 381 968 554 949 623 503 48 38 594 931 391 989 765 955 949 588 6 179 661 393 666 95 609 603 865 448 557 106 628 168 918 276 894 827 874 462 336 381 37 438 232 322 0 691 885 906 11 601 745 458 689 797 319 696 861 534 661 342 508 
173 756 753 293 795 93 285 733 241 136 791 688 24 151 830 159 859 12 70 900 470 464 337 20 28 60 490 217 495 392 468 453 169 137 718 957 20 190 391 236 107 498 884 691 0 190 248 502 301 767 923 289 32 106 107 665 492 864 789 300 
559 658 109 490 453 703 869 745 997 302 245 528 512 819 183 582 483 1 461 969 818 583 759 394 69 463 872 374 164 722 720 168 25 685 463 707 192 631 698 663 303 824 934 885 190 0 434 132 159 375 958 239 695 596 136 167 271 122 146 775 
489 857 334 196 888 409 780 902 769 506 172 865 528 181 808 320 431 316 269 449 357 478 282 790 239 862 466 956 568 811 920 388 920 369 596 752 81 600 706 200 391 883 800 906 248 434 0 572 430 883 261 863 568 608 74 81 127 966 744 813 
887 650 575 140 992 662 577 471 611 831 123 208 203 756 228 997 854 89 123 919 578 986 856 525 130 961 341 855 418 332 616 46 948 549 407 788 672 71 131 155 338 66 781 11 502 132 572 0 338 879 604 638 164 513 409 490 869 513 478 222 
480 619 503 598 298 931 195 684 273 973 536 230 448 852 476 798 491 794 586 334 436 818 197 997 144 800 648 756 149 343 731 665 761 209 854 843 63 862 899 810 653 380 332 601 301 159 430 338 0 801 6 86 42 513 57 542 711 854 599 483 
198 437 62 832 956 527 625 596 374 847 902 220 756 134 47 542 812 370 168 240 535 805 965 913 708 738 525 488 700 962 982 436 418 47 703 858 875 937 218 22 764 205 831 745 767 375 883 879 801 0 402 365 316 34 717 505 841 104 528 675 
612 604 948 647 352 943 983 814 867 830 738 843 333 831 841 7 159 51 12 187 594 279 216 877 592 488 645 587 380 597 929 280 102 177 432 974 534 193 176 483 708 463 599 458 923 958 261 604 6 402 0 322 740 327 981 492 649 568 690 986 
908 688 240 113 363 726 906 680 865 111 526 429 71 401 398 502 922 920 76 552 772 702 730 394 707 463 679 244 540 363 738 919 760 22 333 576 716 762 432 960 518 17 248 689 289 239 863 638 86 365 322 0 183 451 353 250 776 771 163 473 
836 435 805 335 451 719 820 742 912 160 98 213 935 493 780 299 840 398 329 191 678 134 319 693 52 937 488 84 104 23 485 367 581 974 16 286 523 628 945 123 986 85 141 797 32 695 568 164 42 316 740 183 0 645 142 932 701 659 361 256 
485 603 183 737 439 613 662 747 707 7 362 168 366 197 503 168 209 60 233 78 36 834 497 292 606 288 598 683 386 736 263 601 35 502 586 569 829 238 824 751 88 808 348 319 106 596 608 513 513 34 327 451 645 0 733 980 656 426 393 904 
588 367 840 589 102 923 825 244 337 708 334 683 683 764 194 48 312 651 443 289 397 516 748 825 859 789 310 591 636 67 98 841 598 761 447 318 333 98 822 781 950 434 38 696 107 136 74 409 57 717 981 353 142 733 0 452 798 502 894 112 
661 787 419 129 543 317 642 907 923 849 568 454 98 585 257 500 297 787 303 651 538 579 875 616 951 517 982 110 485 28 185 682 108 785 210 367 499 512 838 315 75 963 510 861 665 167 81 490 542 505 492 250 932 980 452 0 102 506 835 516 
353 391 51 430 168 35 976 445 332 382 40 743 267 705 700 84 693 915 291 620 473 71 558 781 917 773 152 653 655 961 858 937 206 913 939 594 937 473 618 736 861 588 452 534 492 271 127 869 711 841 649 776 701 656 798 102 0 795 755 341 
271 273 619 95 882 337 889 827 14 738 610 256 56 26 198 333 747 772 153 987 670 999 764 488 549 713 34 772 729 5 698 955 619 813 562 721 641 897 769 199 702 337 741 661 864 122 966 513 854 104 568 771 659 426 502 506 795 0 121 844 
825 139 595 136 275 169 538 129 124 456 595 744 606 147 61 128 902 591 897 726 558 120 216 881 102 91 343 86 366 79 495 287 573 822 962 128 230 736 227 314 71 989 493 342 789 146 744 478 599 528 690 163 361 393 894 835 755 121 0 429 
708 455 74 252 975 110 672 943 378 656 411 94 648 904 763 258 762 77 490 651 149 198 288 630 464 356 880 970 834 602 81 179 358 719 524 584 42 48 848 431 550 324 98 508 300 775 813 222 483 675 986 473 256 904 112 516 341 844 429 0 
0 205 92 601 926 147 554 663 36 1000 525 733 114 528 458 293 813 193 684 799 923 232 986 436 446 705 859 1000 644 96 206 110 506 344 90 131 850 861 649 515 531 893 295 528 782 566 416 990 699 67 161 118 22 163 444 688 382 87 929 531 
205 0 337 144 214 634 361 263 472 569 58 659 578 998 725 510 50 945 260 126 253 545 313 272 585 806 701 543 872 236 394 468 68 855 336 397 3 282 314 937 232 520 963 346 639 429 381 909 329 282 531 629 172 321 52 651 232 125 210 19 
92 337 0 329 2 840 963 35 663 994 555 182 204 777 520 47 814 119 917 620 398 796 74 649 892 511 669 938 103 143 667 872 449 480 436 348 207 65 224 310 211 971 726 629 778 430 548 854 111 997 657 108 412 324 700 284 840 699 127 88 
601 144 329 0 470 63 129 60 640 148 905 829 71 92 935 652 897 588 520 398 549 79 328 523 276 943 389 274 513 595 784 762 377 868 369 897 222 987 888 155 830 893 91 976 807 497 450 675 916 938 546 547 183 598 753 204 848 206 581 967 
926 214 2 470 0 887 600 915 558 678 398 715 414 190 735 191 949 2 936 658 5 366 506 715 547 27 900 813 857 297 274 161 516 219 678 181 361 690 430 447 914 948 549 930 335 93 151 565 49 749 628 620 907 908 877 315 891 401 25 422 
147 634 840 63 887 0 423 574 167 573 742 547 614 263 3 509 679 798 302 502 620 21 127 134 31 157 909 480 335 98 544 519 145 513 289 201 281 646 905 905 973 585 142 559 543 778 45 374 783 227 297 185 170 966 213 302 342 570 617 672 
554 361 963 129 600 423 0 399 348 942 768 883 317 298 722 562 440 387 701 136 276 806 278 822 226 165 161 279 409 257 88 178 627 125 207 178 683 717 93 547 270 152 986 795 955 662 644 627 433 50 308 608 435 691 576 80 382 601 231 678 
663 263 35 60 915 574 399 0 763 676 525 307 545 944 845 66 1 778 200 417 663 175 626 481 430 825 35 146 607 36 202 937 825 497 409 853 10 485 999 888 698 46 83 94 117 472 485 151 135 345 581 112 714 461 962 82 941 65 577 424 
36 472 663 640 558 167 348 763 0 612 757 591 601 754 693 520 949 611 908 641 372 918 880 554 51 28 397 731 511 173 999 840 609 676 602 434 348 692 439 791 14 692 837 342 147 768 965 975 333 426 360 153 694 795 289 711 536 677 288 989 
1000 569 994 148 678 573 942 676 612 0 944 94 329 469 30 796 694 678 276 983 110 172 889 640 763 787 797 796 692 786 592 947 530 390 894 633 74 745 969 478 404 815 813 950 76 55 18 541 291 83 350 233 829 10 558 298 599 860 850 990 
525 58 555 905 398 742 768 525 757 944 0 850 942 669 609 463 764 438 973 299 245 338 422 430 760 223 258 158 387 903 226 655 396 615 50 14 967 595 889 414 109 23 735 336 993 148 192 2 262 284 172 349 93 81 727 128 763 899 399 104 
733 659 182 829 715 547 883 307 591 94 850 0 474 126 105 435 788 44 631 363 484 179 608 152 187 130 681 676 390 937 949 210 877 18 165 482 295 417 564 353 175 388 489 41 854 763 864 333 740 639 646 281 376 971 251 585 57 498 722 686 
114 578 204 71 414 614 317 545 601 329 942 474 0 849 844 200 542 182 271 168 11 553 631 336 996 779 780 963 727 659 787 183 243 490 109 661 768 878 586 509 436 29 145 224 221 475 826 732 369 372 381 704 847 129 219 650 868 676 454 177 
528 998 777 92 190 263 298 944 754 469 669 126 849 0 142 929 985 407 696 130 983 53 116 206 313 639 458 621 662 626 607 582 754 616 540 526 363 832 571 975 891 71 350 851 106 614 785 30 193 280 778 706 541 17 910 185 610 694 115 123 
458 725 520 935 735 3 722 845 693 30 609 105 844 142 0 538 798 634 278 548 781 555 871 377 676 821 415 326 257 636 110 675 942 170 867 186 231 111 781 410 982 391 58 152 697 712 962 808 533 83 944 534 180 236 988 717 153 278 40 531 
293 510 47 652 191 509 562 66 520 796 463 435 200 929 538 0 128 9 760 360 419 935 276 47 445 49 687 559 26 890 808 455 972 125 412 181 8 522 396 803 384 389 37 145 272 141 764 301 520 577 211 104 906 725 897 605 958 23 307 50 
813 50 814 897 949 679 440 1 949 694 764 788 542 985 798 128 0 394 344 175 913 648 177 357 723 334 153 26 574 698 951 543 329 976 178 521 791 564 783 189 350 877 175 805 273 852 725 41 284 608 173 490 576 80 928 963 263 328 625 832 
193 945 119 588 2 798 387 778 611 678 438 44 182 407 634 9 394 0 380 518 859 605 776 965 219 196 116 5 405 409 568 375 597 803 714 672 981 180 769 955 234 57 453 494 411 722 481 37 669 484 418 725 921 596 231 21 353 769 858 414 
684 260 917 520 936 302 701 200 908 276 973 631 271 696 278 760 344 380 0 864 254 991 981 152 836 503 328 107 22 38 225 934 273 774 595 712 132 892 875 434 111 850 541 375 374 880 602 125 423 805 189 393 686 441 663 224 1 982 971 561 
799 126 620 398 658 502 136 417 641 983 299 363 168 130 548 360 175 518 864 0 544 989 139 830 323 619 149 280 917 162 699 929 232 2 37 289 138 92 948 129 596 558 812 458 528 276 204 249 16 318 637 139 789 822 227 459 249 977 592 733 
923 253 398 549 5 620 276 663 372 110 245 484 11 983 781 419 913 859 254 544 0 309 530 570 545 253 583 360 891 535 856 54 424 932 967 611 570 724 988 821 650 624 812 676 6 964 52 357 595 101 814 923 432 439 75 741 24 325 213 429 
232 545 796 79 366 21 806 175 918 172 338 179 553 53 555 935 648 605 991 989 309 0 613 793 737 184 305 581 257 860 198 623 867 79 740 72 897 183 223 165 864 677 735 516 333 886 752 235 767 728 889 379 590 255 339 338 595 820 449 889 
986 313 74 328 506 127 278 626 880 889 422 608 631 116 871 276 177 776 981 139 530 613 0 563 128 424 951 829 687 849 703 314 791 965 781 944 832 432 8 720 655 890 359 909 1 61 305 265 703 832 544 69 392 406 786 637 619 799 712 128 
436 272 649 523 715 134 822 481 554 640 430 152 336 206 377 47 357 965 152 830 570 793 563 0 790 667 759 982 778 667 126 96 551 420 125 311 686 232 79 917 736 358 765 341 404 437 309 565 61 69 404 250 462 642 530 865 164 428 250 320 
446 585 892 276 547 31 226 430 51 763 760 187 996 313 676 445 723 219 836 323 545 737 128 790 0 224 977 740 445 883 885 903 627 369 311 914 645 920 559 432 623 33 180 548 977 119 272 745 843 374 554 883 561 522 944 583 763 600 299 821 
705 806 511 943 27 157 165 825 28 787 223 130 779 639 821 49 334 196 503 619 253 184 424 667 224 0 836 345 733 622 308 298 203 166 8 820 699 371 542 987 395 740 692 31 122 280 16 572 529 894 447 546 190 201 818 344 603 499 105 338 
859 701 669 389 900 909 161 35 397 797 258 681 780 458 415 687 153 116 328 149 583 305 951 759 977 836 0 728 244 300 751 623 459 885 64 420 785 424 553 160 641 492 1 524 908 682 796 371 976 23 956 110 870 646 83 622 801 922 586 648 
1000 543 938 274 813 480 279 146 731 796 158 676 963 621 326 559 26 5 107 280 360 581 829 982 740 345 728 0 728 227 304 888 389 184 441 815 629 761 783 252 702 166 373 893 82 214 349 640 892 392 736 967 126 146 315 933 136 506 792 861 
644 872 103 513 857 335 409 607 511 692 387 390 727 662 257 26 574 405 22 917 891 257 687 778 445 733 244 728 0 945 783 303 844 50 934 903 284 640 11 783 736 866 16 758 858 363 263 942 607 874 785 130 561 610 203 907 31 647 864 266 
96 236 143 595 297 98 257 36 173 786 903 937 659 626 636 890 698 409 38 162 535 860 849 667 883 622 300 227 945 0 441 221 609 523 858 751 831 607 391 214 386 930 950 63 161 75 411 602 688 969 483 358 208 415 45 932 3 484 573 159 
206 394 667 784 274 544 88 202 999 592 226 949 787 607 110 808 951 568 225 699 856 198 703 126 885 308 751 304 783 441 0 439 934 79 392 724 895 87 895 711 923 231 167 303 372 194 511 556 223 662 995 493 37 185 466 468 911 15 695 186 
110 468 872 762 161 519 178 937 840 947 655 210 183 582 675 455 543 375 934 929 54 623 314 96 903 298 623 888 303 221 439 0 679 891 136 130 161 832 324 411 127 634 133 485 888 419 750 198 461 562 696 173 667 682 582 484 329 223 876 835 
506 68 449 377 516 145 627 825 609 530 396 877 243 754 942 972 329 597 273 232 424 867 791 551 627 203 459 389 844 609 934 679 0 374 444 991 117 102 942 446 379 758 821 561 900 443 49 971 40 337 777 246 142 31 353 29 447 326 594 373 
344 855 480 868 219 513 125 497 676 390 615 18 490 616 170 125 976 803 774 2 932 79 965 420 369 166 885 184 50 523 79 891 374 0 720 797 525 274 118 991 39 404 642 603 746 485 428 685 353 454 179 412 105 344 326 680 231 356 652 440 
90 336 436 369 678 289 207 409 602 894 50 165 109 540 867 412 178 714 595 37 967 740 781 125 311 8 64 441 934 858 392 136 444 720 0 374 842 973 143 37 575 175 206 307 955 413 57 784 87 329 3 327 941 427 12 69 774 450 752 650 
131 397 348 897 181 201 178 853 434 633 14 482 661 526 186 181 521 672 712 289 611 72 944 311 914 820 420 815 903 751 724 130 991 797 374 0 980 237 170 444 264 502 858 216 981 139 666 72 378 40 535 309 395 484 406 402 665 487 96 372 
850 3 207 222 361 281 683 10 348 74 967 295 768 363 231 8 791 981 132 138 570 897 832 686 645 699 785 629 284 831 895 161 117 525 842 980 0 195 612 339 933 146 52 606 363 666 85 162 850 971 460 877 127 292 260 474 663 86 154 386 
861 282 65 987 690 646 717 485 692 745 595 417 878 832 111 522 564 180 892 92 724 183 432 232 920 371 424 761 640 607 87 832 102 274 973 237 195 0 638 764 770 352 347 424 234 994 390 906 727 204 907 350 397 926 720 281 851 526 323 272 
649 314 224 888 430 905 93 999 439 969 889 564 586 571 781 396 783 769 875 948 988 223 8 79 559 542 553 783 11 391 895 324 942 118 143 170 612 638 0 945 877 762 818 370 569 774 813 626 3 154 552 827 871 18 453 38 291 267 771 44 
515 937 310 155 447 905 547 888 791 478 414 353 509 975 410 803 189 955 434 129 821 165 720 917 432 987 160 252 783 214 711 411 446 991 37 444 339 764 945 0 228 868 153 224 399 364 214 556 264 937 495 313 441 847 916 348 651 319 823 580 
531 232 211 830 914 973 270 698 14 404 109 175 436 891 982 384 350 234 111 596 650 864 655 736 623 395 641 702 736 386 923 127 379 39 575 264 933 770 877 228 0 435 666 813 619 510 607 728 571 286 597 305 140 332 454 752 597 702 608 574 
893 520 971 893 948 585 152 46 692 815 23 388 29 71 391 389 877 57 850 558 624 677 890 358 33 740 492 166 866 930 231 634 758 404 175 502 146 352 762 868 435 0 635 32 286 728 526 456 540 91 748 962 470 623 479 433 340 495 955 397 
295 963 726 91 549 142 986 83 837 813 735 489 145 350 58 37 175 453 541 812 812 735 359 765 180 692 1 373 16 950 167 133 821 642 206 858 52 347 818 153 666 635 0 333 372 113 61 475 135 320 82 733 592 258 852 720 949 716 546 117 
528 346 629 976 930 559 795 94 342 950 336 41 224 851 152 145 805 494 375 458 676 516 909 341 548 31 524 893 758 63 303 485 561 603 307 216 606 424 370 224 813 32 333 0 631 836 341 219 656 303 411 863 558 477 551 112 794 765 40 198 
782 639 778 807 335 543 955 117 147 76 993 854 221 106 697 272 273 411 374 528 6 333 1 404 977 122 908 82 858 161 372 888 900 746 955 981 363 234 569 399 619 286 372 631 0 446 144 772 395 873 838 34 541 959 474 177 106 179 708 124 
566 429 430 497 93 778 662 472 768 55 148 763 475 614 712 141 852 722 880 276 964 886 61 437 119 280 682 214 363 75 194 419 443 485 413 139 666 994 774 364 510 728 113 836 446 0 715 50 11 842 687 276 531 75 223 881 64 132 535 113 
416 381 548 450 151 45 644 485 965 18 192 864 826 785 962 764 725 481 602 204 52 752 305 309 272 16 796 349 263 411 511 750 49 428 57 666 85 390 813 214 607 526 61 341 144 715 0 754 777 660 135 748 595 167 966 363 849 374 138 355 
990 909 854 675 565 374 627 151 975 541 2 333 732 30 808 301 41 37 125 249 357 235 265 565 745 572 371 640 942 602 556 198 971 685 784 72 162 906 626 556 728 456 475 219 772 50 754 0 876 501 818 38 403 642 659 223 422 696 668 224 
699 329 111 916 49 783 433 135 333 291 262 740 369 193 533 520 284 669 423 16 595 767 703 61 843 529 976 892 607 688 223 461 40 353 87 378 850 727 3 264 571 540 135 656 395 11 777 876 0 116 916 803 769 630 980 481 434 685 896 380 
67 282 997 938 749 227 50 345 426 83 284 639 372 280 83 577 608 484 805 318 101 728 832 69 374 894 23 392 874 969 662 562 337 454 329 40 971 204 154 937 286 91 320 303 873 842 660 501 116 0 28 92 519 58 733 781 888 516 517 710 
161 531 657 546 628 297 308 581 360 350 172 646 381 778 944 211 173 418 189 637 814 889 544 404 554 447 956 736 785 483 995 696 777 179 3 535 460 907 552 495 597 748 82 411 838 687 135 818 916 28 0 258 484 912 5 655 803 814 352 147 
118 629 108 547 620 185 608 112 153 233 349 281 704 706 534 104 490 725 393 139 923 379 69 250 883 546 110 967 130 358 493 173 246 412 327 309 877 350 827 313 305 962 733 863 34 276 748 38 803 92 258 0 242 317 114 192 381 742 297 826 
22 172 412 183 907 170 435 714 694 829 93 376 847 541 180 906 576 921 686 789 432 590 392 462 561 190 870 126 561 208 37 667 142 105 941 395 127 397 871 441 140 470 592 558 541 531 595 403 769 519 484 242 0 596 238 675 730 636 883 649 
163 321 324 598 908 966 691 461 795 10 81 971 129 17 236 725 80 596 441 822 439 255 406 642 522 201 646 146 610 415 185 682 31 344 427 484 292 926 18 847 332 623 258 477 959 75 167 642 630 58 912 317 596 0 150 614 19 274 180 87 
444 52 700 753 877 213 576 962 289 558 727 251 219 910 988 897 928 231 663 227 75 339 786 530 944 818 83 315 203 45 466 582 353 326 12 406 260 720 453 916 454 479 852 551 474 223 966 659 980 733 5 114 238 150 0 350 740 625 880 17 
688 651 284 204 315 302 80 82 711 298 128 585 650 185 717 605 963 21 224 459 741 338 637 865 583 344 622 933 907 932 468 484 29 680 69 402 474 281 38 348 752 433 720 112 177 881 363 223 481 781 655 192 675 614 350 0 946 268 725 624 
382 232 840 848 891 342 382 941 536 599 763 57 868 610 153 958 263 353 1 249 24 595 619 164 763 603 801 136 31 3 911 329 447 231 774 665 663 851 291 651 597 340 949 794 106 64 849 422 434 888 803 381 730 19 740 946 0 515 684 313 
87 125 699 206 401 570 601 65 677 860 899 498 676 694 278 23 328 769 982 977 325 820 799 428 600 499 922 506 647 484 15 223 326 356 450 487 86 526 267 319 702 495 716 765 179 132 374 696 685 516 814 742 636 274 625 268 515 0 263 226 
929 210 127 581 25 617 231 577 288 850 399 722 454 115 40 307 625 858 971 592 213 449 712 250 299 105 586 792 864 573 695 876 594 652 752 96 154 323 771 823 608 955 546 40 708 535 138 668 896 517 352 297 883 180 880 725 684 263 0 612 
531 19 88 967 422 672 678 424 989 990 104 686 177 123 531 50 832 414 561 733 429 889 128 320 821 338 648 861 266 159 186 835 373 440 650 372 386 272 44 580 574 397 117 198 124 113 355 224 380 710 147 826 649 87 17 624 313 226 612 0 
0 518 580 41 745 771 354 912 421 194 548 161 653 314 775 544 558 35 637 673 90 359 915 337 686 789 784 963 928 45 364 652 705 328 852 969 262 598 925 462 377 848 802 257 119 71 386 118 747 999 339 102 833 905 779 423 821 353 56 476 
518 0 389 399 76 145 493 883 536 223 471 592 822 187 479 321 106 881 866 19 157 784 419 458 404 424 853 949 897 41 4 878 115 995 845 101 922 479 433 71 731 247 118 188 415 158 496 245 402 110 646 445 47 376 777 154 935 274 444 45 
580 389 0 251 54 536 603 672 818 550 11 294 704 814 586 362 667 145 410 592 814 480 780 622 298 453 237 158 153 675 640 696 511 920 465 991 396 592 322 600 745 726 364 981 563 541 913 908 978 669 964 531 542 155 671 354 37 275 790 801 
41 399 251 0 444 587 672 679 682 41 328 141 560 125 725 133 544 687 913 257 360 348 411 346 191 40 378 109 502 348 253 466 676 219 161 964 405 969 546 373 526 525 906 818 490 29 305 466 560 549 229 137 708 396 732 86 587 902 425 733 
745 76 54 444 0 898 284 906 666 793 324 360 95 122 564 951 813 710 677 872 879 3 31 712 499 340 576 122 726 734 205 606 760 81 6 956 988 796 927 317 1000 817 211 789 808 244 237 485 468 341 524 931 854 498 968 545 732 352 674 852 
771 145 536 587 898 0 214 193 155 868 71 679 25 206 957 688 10 533 548 486 131 628 558 494 563 185 951 301 224 420 588 440 911 403 7 7 814 633 329 946 744 305 21 527 544 171 916 132 700 572 502 440 488 220 428 81 585 262 94 488 
354 493 603 672 284 214 0 925 445 930 546 307 609 464 171 670 469 533 884 428 986 164 545 683 347 294 898 773 4 207 825 152 230 495 469 233 127 705 237 555 206 389 883 738 322 863 847 323 112 579 112 402 782 813 660 375 822 347 737 443 
912 883 672 679 906 193 925 0 295 289 415 297 926 877 848 619 296 616 289 337 737 994 868 571 305 206 637 708 777 207 318 206 645 57 851 234 88 462 775 282 413 455 97 550 168 279 199 673 735 989 459 261 285 210 696 850 662 34 419 262 
421 536 818 682 666 155 445 295 0 512 499 413 752 868 351 839 450 709 190 830 342 83 525 801 367 269 279 725 679 957 808 316 296 518 289 781 420 624 218 856 618 694 876 915 596 741 990 738 666 429 883 855 216 724 365 677 371 205 651 104 
194 223 550 41 793 868 930 289 512 0 294 375 210 500 862 293 395 755 397 857 364 377 849 107 987 734 900 415 771 298 82 57 513 624 162 310 284 121 428 39 582 826 90 820 956 80 423 937 168 843 951 251 493 203 79 700 607 708 698 681 
548 471 11 328 324 71 546 415 499 294 0 919 71 149 73 845 822 889 71 725 663 756 326 944 174 651 532 323 314 441 26 345 947 173 310 384 150 643 823 463 213 812 282 476 421 854 760 375 356 796 170 931 333 383 422 532 114 532 237 734 
161 592 294 141 360 679 307 297 413 375 919 0 61 294 589 65 233 12 948 261 495 867 453 677 876 750 505 183 601 739 127 925 644 410 745 117 839 102 978 754 375 682 418 149 760 336 956 951 284 849 660 951 349 439 44 162 863 60 573 154 
653 822 704 560 95 25 609 926 752 210 71 61 0 714 946 377 949 707 653 690 276 693 172 842 757 529 744 594 773 454 242 156 460 716 879 3 329 426 678 74 507 110 68 636 406 889 42 770 130 491 992 214 383 890 514 229 424 856 70 562 
314 187 814 125 122 206 464 877 868 500 149 294 714 0 845 838 392 567 383 976 883 688 835 321 908 16 417 994 648 924 255 577 55 58 645 375 417 275 959 301 585 995 81 751 512 528 846 484 386 877 760 773 253 777 550 872 657 735 452 711 
775 479 586 725 564 957 171 848 351 862 73 589 946 845 0 57 68 754 895 1000 867 522 708 451 582 341 149 573 887 677 703 674 560 246 387 232 631 464 17 211 961 126 247 44 42 338 230 244 304 505 502 333 143 226 118 886 744 343 530 697 
544 321 362 133 951 688 670 619 839 293 845 65 377 838 57 0 588 668 61 306 451 4 866 189 620 316 498 437 870 586 368 164 746 939 853 264 530 579 705 489 172 90 53 146 173 622 270 17 833 786 652 282 699 639 637 334 55 408 15 413 
558 106 667 544 813 10 469 296 450 395 822 233 949 392 68 588 0 313 828 7 157 712 242 84 527 836 750 847 890 439 662 622 287 841 371 383 535 104 372 886 869 319 553 761 440 643 785 244 224 301 297 844 262 369 483 569 865 217 796 689 
35 881 145 687 710 533 533 616 709 755 889 12 707 567 754 668 313 0 400 956 829 852 696 148 806 390 235 180 328 26 147 653 939 607 312 327 451 575 64 863 806 125 69 101 760 458 126 536 345 812 548 444 86 646 91 268 635 501 514 852 
637 866 410 913 677 548 884 289 190 397 71 948 653 383 895 61 828 400 0 999 239 765 645 875 549 945 811 119 819 2 277 838 36 210 612 419 620 277 677 711 790 163 294 403 771 968 401 41 972 81 987 448 587 331 340 584 855 514 572 858 
673 19 592 257 872 486 428 337 830 857 725 261 690 976 1000 306 7 956 999 0 393 81 60 294 131 902 861 540 760 634 681 771 936 426 200 604 818 354 625 516 632 616 624 144 469 774 900 223 691 914 250 320 484 479 983 880 905 374 470 529 
90 157 814 360 879 131 986 737 342 364 663 495 276 883 867 451 157 829 239 393 0 144 335 645 834 58 184 935 221 181 733 162 302 893 120 86 680 221 460 890 6 924 67 422 392 809 100 855 931 796 802 683 144 100 593 299 619 721 242 540 
359 784 480 348 3 628 164 994 83 377 756 867 693 688 522 4 712 852 765 81 144 0 941 917 256 510 377 337 1 53 629 852 401 966 666 364 940 941 192 789 691 626 54 712 7 371 252 40 579 795 421 249 932 92 405 446 410 891 157 495 
915 419 780 411 31 558 545 868 525 849 326 453 172 835 708 866 242 696 645 60 335 941 0 840 962 833 96 560 712 624 324 761 623 736 829 901 169 378 422 956 265 107 988 502 664 286 75 435 997 219 180 280 872 814 423 850 92 664 611 364 
337 458 622 346 712 494 683 571 801 107 944 677 842 321 451 189 84 148 875 294 645 917 840 0 894 615 201 701 949 879 41 235 389 687 585 543 623 406 10 1 493 870 967 755 835 509 380 758 874 19 629 684 531 822 115 292 125 489 645 264 
686 404 298 191 499 563 347 305 367 987 174 876 757 908 582 620 527 806 549 131 834 256 962 894 0 53 270 677 799 891 229 294 227 276 779 752 310 489 454 247 224 466 492 92 687 357 426 161 464 441 291 175 392 581 137 217 701 415 894 359 
789 424 453 40 340 185 294 206 269 734 651 750 529 16 341 316 836 390 945 902 58 510 833 615 53 0 629 389 356 406 200 97 863 328 298 281 527 281 98 168 453 77 913 570 970 717 230 537 677 480 195 737 73 528 41 14 919 967 926 935 
784 853 237 378 576 951 898 637 279 900 532 505 744 417 149 498 750 235 811 861 184 377 96 201 270 629 0 229 367 350 82 424 105 755 46 919 882 457 646 328 661 283 133 417 289 784 702 410 247 931 320 117 495 34 224 283 727 386 304 507 
963 949 158 109 122 301 773 708 725 415 323 183 594 994 573 437 847 180 119 540 935 337 560 701 677 389 229 0 327 645 439 98 665 133 545 802 954 206 51 226 203 898 296 860 475 492 773 338 285 285 821 509 857 536 965 243 876 305 577 160 
928 897 153 502 726 224 4 777 679 771 314 601 773 648 887 870 890 328 819 760 221 1 712 949 799 356 367 327 0 975 646 524 605 963 755 431 263 44 451 732 611 550 769 154 427 272 527 672 943 173 607 944 707 144 475 455 847 158 20 931 
45 41 675 348 734 420 207 207 957 298 441 739 454 924 677 586 439 26 2 634 181 53 624 879 891 406 350 645 975 0 592 685 216 920 273 154 788 731 498 105 395 145 41 924 337 883 942 800 53 428 212 182 187 151 879 478 679 743 776 150 
364 4 640 253 205 588 825 318 808 82 26 127 242 255 703 368 662 147 277 681 733 629 324 41 229 200 82 439 646 592 0 715 970 772 815 845 937 939 192 958 120 436 858 662 621 887 625 312 244 994 680 18 334 601 986 973 192 337 100 302 
652 878 696 466 606 440 152 206 316 57 345 925 156 577 674 164 622 653 838 771 162 852 761 235 294 97 424 98 524 685 715 0 273 127 747 536 853 161 695 972 843 172 873 836 544 846 236 487 332 838 792 117 606 900 98 635 424 741 813 59 
705 115 511 676 760 911 230 645 296 513 947 644 460 55 560 746 287 939 36 936 302 401 623 389 227 863 105 665 605 216 970 273 0 550 691 296 106 459 610 552 894 119 517 91 829 455 668 951 925 647 340 484 584 5 69 575 939 830 115 200 
328 995 920 219 81 403 495 57 518 624 173 410 716 58 246 939 841 607 210 426 893 966 736 687 276 328 755 133 963 920 772 127 550 0 926 172 284 504 33 443 101 878 679 664 578 333 471 141 412 157 475 995 98 169 54 479 554 521 676 10 
852 845 465 161 6 7 469 851 289 162 310 745 879 645 387 853 371 312 612 200 120 666 829 585 779 298 46 545 755 273 815 747 691 926 0 293 210 948 9 238 325 238 969 743 269 127 498 778 301 555 620 250 622 776 598 24 519 589 474 562 
969 101 991 964 956 7 233 234 781 310 384 117 3 375 232 264 383 327 419 604 86 364 901 543 752 281 919 802 431 154 845 536 296 172 293 0 776 173 982 933 979 152 603 190 226 769 498 913 561 162 661 652 297 178 718 10 777 148 125 75 
262 922 396 405 988 814 127 88 420 284 150 839 329 417 631 530 535 451 620 818 680 940 169 623 310 527 882 954 263 788 937 853 106 284 210 776 0 654 299 2 846 864 476 732 945 1000 302 715 944 760 44 817 446 122 319 86 171 437 849 174 
598 479 592 969 796 633 705 462 624 121 643 102 426 275 464 579 104 575 277 354 221 941 378 406 489 281 457 206 44 731 939 161 459 504 948 173 654 0 475 50 804 242 823 609 766 782 440 494 198 619 819 582 546 697 923 475 92 564 812 331 
925 433 322 546 927 329 237 775 218 428 823 978 678 959 17 705 372 64 677 625 460 192 422 10 454 98 646 51 451 498 192 695 610 33 9 982 299 475 0 156 872 798 268 730 591 165 107 482 994 597 740 634 627 972 949 990 306 470 802 495 
462 71 600 373 317 946 555 282 856 39 463 754 74 301 211 489 886 863 711 516 890 789 956 1 247 168 328 226 732 105 958 972 552 443 238 933 2 50 156 0 670 666 217 287 154 883 785 429 407 432 213 214 640 46 499 962 962 795 942 725 
377 731 745 526 1000 744 206 413 618 582 213 375 507 585 961 172 869 806 790 632 6 691 265 493 224 453 661 203 611 395 120 843 894 101 325 979 846 804 872 670 0 224 595 967 253 684 956 876 533 745 609 197 248 603 846 766 568 2 770 359 
848 247 726 525 817 305 389 455 694 826 812 682 110 995 126 90 319 125 163 616 924 626 107 870 466 77 283 898 550 145 436 172 119 878 238 152 864 242 798 666 224 0 365 274 482 674 838 2 442 18 120 635 883 279 940 705 914 518 936 902 
802 118 364 906 211 21 883 97 876 90 282 418 68 81 247 53 553 69 294 624 67 54 988 967 492 913 133 296 769 41 858 873 517 679 969 603 476 823 268 217 595 365 0 108 86 768 931 607 718 336 455 445 14 929 551 616 495 59 657 172 
257 188 981 818 789 527 738 550 915 820 476 149 636 751 44 146 761 101 403 144 422 712 502 755 92 570 417 860 154 924 662 836 91 664 743 190 732 609 730 287 967 274 108 0 191 590 136 497 754 433 584 86 390 301 305 861 126 239 155 286 
119 415 563 490 808 544 322 168 596 956 421 760 406 512 42 173 440 760 771 469 392 7 664 835 687 970 289 475 427 337 621 544 829 578 269 226 945 766 591 154 253 482 86 191 0 218 395 278 181 484 96 13 891 755 126 878 504 672 60 251 
71 158 541 29 244 171 863 279 741 80 854 336 889 528 338 622 643 458 968 774 809 371 286 509 357 717 784 492 272 883 887 846 455 333 127 769 1000 782 165 883 684 674 768 590 218 0 5 298 977 812 731 191 427 1000 195 194 899 929 426 975 
386 496 913 305 237 916 847 199 990 423 760 956 42 846 230 270 785 126 401 900 100 252 75 380 426 230 702 773 527 942 625 236 668 471 498 498 302 440 107 785 956 838 931 136 395 5 0 947 802 154 311 460 366 679 280 333 137 952 65 196 
118 245 908 466 485 132 323 673 738 937 375 951 770 484 244 17 244 536 41 223 855 40 435 758 161 537 410 338 672 800 312 487 951 141 778 913 715 494 482 429 876 2 607 497 278 298 947 0 731 874 999 744 382 892 487 951 683 547 409 376 
747 402 978 560 468 700 112 735 666 168 356 284 130 386 304 833 224 345 972 691 931 579 997 874 464 677 247 285 943 53 244 332 925 412 301 561 944 198 994 407 533 442 718 754 181 977 802 731 0 758 487 654 149 34 124 27 913 506 671 322 
999 110 669 549 341 572 579 989 429 843 796 849 491 877 505 786 301 812 81 914 796 795 219 19 441 480 931 285 173 428 994 838 647 157 555 162 760 619 597 432 745 18 336 433 484 812 154 874 758 0 607 430 356 625 773 889 856 836 635 553 
339 646 964 229 524 502 112 459 883 951 170 660 992 760 502 652 297 548 987 250 802 421 180 629 291 195 320 821 607 212 680 792 340 475 620 661 44 819 740 213 609 120 455 584 96 731 311 999 487 607 0 788 861 778 704 842 604 421 801 820 
102 445 531 137 931 440 402 261 855 251 931 951 214 773 333 282 844 444 448 320 683 249 280 684 175 737 117 509 944 182 18 117 484 995 250 652 817 582 634 214 197 635 445 86 13 191 460 744 654 430 788 0 445 281 472 575 835 474 808 669 
833 47 542 708 854 488 782 285 216 493 333 349 383 253 143 699 262 86 587 484 144 932 872 531 392 73 495 857 707 187 334 606 584 98 622 297 446 546 627 640 248 883 14 390 891 427 366 382 149 356 861 445 0 537 28 407 91 215 566 22 
905 376 155 396 498 220 813 210 724 203 383 439 890 777 226 639 369 646 331 479 100 92 814 822 581 528 34 536 144 151 601 900 5 169 776 178 122 697 972 46 603 279 929 301 755 1000 679 892 34 625 778 281 537 0 933 369 705 135 24 947 
779 777 671 732 968 428 660 696 365 79 422 44 514 550 118 637 483 91 340 983 593 405 423 115 137 41 224 965 475 879 986 98 69 54 598 718 319 923 949 499 846 940 551 305 126 195 280 487 124 773 704 472 28 933 0 313 872 35 582 777 
423 154 354 86 545 81 375 850 677 700 532 162 229 872 886 334 569 268 584 880 299 446 850 292 217 14 283 243 455 478 973 635 575 479 24 10 86 475 990 962 766 705 616 861 878 194 333 951 27 889 842 575 407 369 313 0 377 162 822 664 
821 935 37 587 732 585 822 662 371 607 114 863 424 657 744 55 865 635 855 905 619 410 92 125 701 919 727 876 847 679 192 424 939 554 519 777 171 92 306 962 568 914 495 126 504 899 137 683 913 856 604 835 91 705 872 377 0 949 907 527 
353 274 275 902 352 262 347 34 205 708 532 60 856 735 343 408 217 501 514 374 721 891 664 489 415 967 386 305 158 743 337 741 830 521 589 148 437 564 470 795 2 518 59 239 672 929 952 547 506 836 421 474 215 135 35 162 949 0 234 131 
56 444 790 425 674 94 737 419 651 698 237 573 70 452 530 15 796 514 572 470 242 157 611 645 894 926 304 577 20 776 100 813 115 676 474 125 849 812 802 942 770 936 657 155 60 426 65 409 671 635 801 808 566 24 582 822 907 234 0 687 
476 45 801 733 852 488 443 262 104 681 734 154 562 711 697 413 689 852 858 529 540 495 364 264 359 935 507 160 931 150 302 59 200 10 562 75 174 331 495 725 359 902 172 286 251 975 196 376 322 553 820 669 22 947 777 664 527 131 687 0 
