10 2
0 574 433 516 753 90 943 104 862 476 
574 0 73 813 412 449 566 465 464 571 
433 73 0 822 210 981 330 25 206 464 
516 813 822 0 245 943 990 689 483 409 
753 412 210 245 0 370 902 776 346 503 
90 449 981 943 370 0 345 945 607 491 
943 566 330 990 902 345 0 220 317 999 
104 465 25 689 776 945 220 0 508 685 
862 464 206 483 346 607 317 508 0 86 
476 571 464 409 503 491 999 685 86 0 
0 746 213 668 750 764 741 282 729 101 
746 0 285 934 442 169 359 155 483 109 
213 285 0 785 536 945 190 437 49 663 
668 934 785 0 713 921 909 222 121 670 
750 442 536 713 0 447 551 229 35 791 
764 169 945 921 447 0 224 604 242 957 
741 359 190 909 551 224 0 459 534 988 
282 155 437 222 229 604 459 0 709 364 
729 483 49 121 35 242 534 709 0 30 
101 109 663 670 791 957 988 364 30 0 
0 105 891 295 646 75 102 625 205 756 
105 0 596 53 822 849 602 729 554 812 
891 596 0 92 295 394 674 37 698 98 
295 53 92 0 940 333 140 917 492 941 
646 822 295 940 0 67 366 598 766 202 
75 849 394 333 67 0 787 505 579 141 
102 602 674 140 366 787 0 504 804 622 
625 729 37 917 598 505 504 0 510 914 
205 554 698 492 766 579 804 510 0 609 
756 812 98 941 202 141 622 914 609 0 
