30 3
0 958 805 827 126 495 952 785 824 576 975 3 303 670 154 990 101 879 375 872 544 776 603 179 519 797 245 807 44 469 
958 0 75 714 327 810 19 567 456 600 870 691 839 908 314 730 779 332 708 339 810 232 959 860 167 888 273 77 230 519 
805 75 0 104 814 10 32 283 387 20 364 253 521 488 306 723 494 508 881 12 903 42 100 358 1000 502 7 346 763 556 
827 714 104 0 282 700 247 122 132 8 737 858 92 856 982 834 773 258 159 804 701 535 113 63 492 982 71 66 650 862 
126 327 814 282 0 430 96 213 295 710 407 314 235 258 899 342 501 103 541 984 811 816 170 984 507 156 68 653 484 360 
495 810 10 700 430 0 668 553 207 599 328 618 695 96 170 636 635 110 302 828 488 259 557 643 536 681 203 747 552 524 
952 19 32 247 96 668 0 554 898 963 213 473 813 723 57 597 344 475 876 869 269 10 502 656 729 424 387 717 747 762 
785 567 283 122 213 553 554 0 189 792 810 389 622 652 605 400 433 465 919 165 424 132 168 149 782 752 498 760 836 806 
824 456 387 132 295 207 898 189 0 890 30 990 527 187 385 194 698 330 772 796 53 799 842 602 442 634 333 270 757 790 
576 600 20 8 710 599 963 792 890 0 789 654 18 226 5 307 266 106 49 286 678 69 966 159 909 186 233 550 620 654 
975 870 364 737 407 328 213 810 30 789 0 306 941 15 626 375 81 357 872 5 232 668 312 116 918 609 557 598 329 243 
3 691 253 858 314 618 473 389 990 654 306 0 281 42 93 842 428 693 866 667 408 229 785 224 436 299 401 474 517 992 
303 839 521 92 235 695 813 622 527 18 941 281 0 680 930 651 594 481 277 290 774 674 895 491 193 174 616 408 137 13 
670 908 488 856 258 96 723 652 187 226 15 42 680 0 30 633 995 919 364 650 60 753 509 794 234 956 86 442 987 293 
154 314 306 982 899 170 57 605 385 5 626 93 930 30 0 814 36 272 566 621 718 678 60 884 482 871 193 634 169 430 
990 730 723 834 342 636 597 400 194 307 375 842 651 633 814 0 211 858 907 446 472 956 408 366 498 618 412 235 612 11 
101 779 494 773 501 635 344 433 698 266 81 428 594 995 36 211 0 133 664 628 676 571 321 686 442 133 577 849 753 633 
879 332 508 258 103 110 475 465 330 106 357 693 481 919 272 858 133 0 458 890 882 777 35 358 520 562 82 454 261 449 
375 708 881 159 541 302 876 919 772 49 872 866 277 364 566 907 664 458 0 832 730 915 166 508 102 251 930 894 40 417 
872 339 12 804 984 828 869 165 796 286 5 667 290 650 621 446 628 890 832 0 718 804 429 855 701 924 756 865 668 799 
544 810 903 701 811 488 269 424 53 678 232 408 774 60 718 472 676 882 730 718 0 701 734 406 51 242 223 146 11 803 
776 232 42 535 816 259 10 132 799 69 668 229 674 753 678 956 571 777 915 804 701 0 166 438 239 651 701 130 497 990 
603 959 100 113 170 557 502 168 842 966 312 785 895 509 60 408 321 35 166 429 734 166 0 899 690 663 214 150 164 432 
179 860 358 63 984 643 656 149 602 159 116 224 491 794 884 366 686 358 508 855 406 438 899 0 328 781 440 176 134 275 
519 167 1000 492 507 536 729 782 442 909 918 436 193 234 482 498 442 520 102 701 51 239 690 328 0 338 135 494 40 836 
797 888 502 982 156 681 424 752 634 186 609 299 174 956 871 618 133 562 251 924 242 651 663 781 338 0 232 87 677 837 
245 273 7 71 68 203 387 498 333 233 557 401 616 86 193 412 577 82 930 756 223 701 214 440 135 232 0 668 625 200 
807 77 346 66 653 747 717 760 270 550 598 474 408 442 634 235 849 454 894 865 146 130 150 176 494 87 668 0 594 126 
44 230 763 650 484 552 747 836 757 620 329 517 137 987 169 612 753 261 40 668 11 497 164 134 40 677 625 594 0 838 
469 519 556 862 360 524 762 806 790 654 243 992 13 293 430 11 633 449 417 799 803 990 432 275 836 837 200 126 838 0 
0 827 466 395 710 397 899 874 441 583 522 817 12 216 482 889 743 309 201 40 742 327 289 865 672 733 483 878 886 876 
827 0 44 596 288 545 727 573 325 548 925 708 521 903 155 360 986 786 407 586 175 532 366 81 995 692 896 72 663 320 
466 44 0 251 12 666 881 423 578 556 118 52 719 102 283 316 31 668 6 137 973 4 283 900 276 730 104 138 13 874 
395 596 251 0 707 437 137 715 512 388 167 810 33 673 702 631 262 627 910 346 730 699 340 724 932 288 745 147 539 892 
710 288 12 707 0 556 505 210 142 181 183 378 461 667 518 307 955 276 73 714 84 788 725 757 207 455 322 72 235 866 
397 545 666 437 556 0 268 130 521 217 825 917 943 92 553 498 683 336 59 589 595 289 489 978 276 890 84 75 73 633 
899 727 881 137 505 268 0 814 426 5 479 923 374 183 950 951 810 426 450 374 522 678 323 921 652 560 459 73 913 764 
874 573 423 715 210 130 814 0 370 526 268 634 554 485 585 854 548 263 587 684 153 614 264 11 710 11 308 112 728 310 
441 325 578 512 142 521 426 370 0 750 215 494 920 583 248 546 312 595 534 312 519 333 826 140 929 564 607 980 595 987 
583 548 556 388 181 217 5 526 750 0 409 826 955 465 769 96 178 492 292 666 806 721 138 19 187 59 951 948 522 219 
522 925 118 167 183 825 479 268 215 409 0 469 344 345 926 791 195 448 521 224 794 881 559 726 84 612 255 330 577 27 
817 708 52 810 378 917 923 634 494 826 469 0 65 375 480 153 187 613 794 721 123 549 760 215 899 306 397 222 835 730 
12 521 719 33 461 943 374 554 920 955 344 65 0 943 449 77 84 228 416 380 974 934 249 589 978 968 191 477 337 506 
216 903 102 673 667 92 183 485 583 465 345 375 943 0 867 991 277 97 766 55 806 544 664 327 157 189 214 132 859 458 
482 155 283 702 518 553 950 585 248 769 926 480 449 867 0 203 319 921 809 355 509 886 35 899 827 413 215 883 853 202 
889 360 316 631 307 498 951 854 546 96 791 153 77 991 203 0 151 450 461 655 150 472 526 974 389 182 127 44 582 36 
743 986 31 262 955 683 810 548 312 178 195 187 84 277 319 151 0 79 868 305 97 967 297 775 768 336 289 945 327 427 
309 786 668 627 276 336 426 263 595 492 448 613 228 97 921 450 79 0 155 513 171 507 433 307 500 658 775 502 764 928 
201 407 6 910 73 59 450 587 534 292 521 794 416 766 809 461 868 155 0 77 750 619 981 404 820 984 175 467 777 334 
40 586 137 346 714 589 374 684 312 666 224 721 380 55 355 655 305 513 77 0 456 237 728 896 368 445 560 742 54 133 
742 175 973 730 84 595 522 153 519 806 794 123 974 806 509 150 97 171 750 456 0 347 624 339 584 378 598 716 617 638 
327 532 4 699 788 289 678 614 333 721 881 549 934 544 886 472 967 507 619 237 347 0 559 533 656 410 771 208 80 992 
289 366 283 340 725 489 323 264 826 138 559 760 249 664 35 526 297 433 981 728 624 559 0 123 805 924 857 28 952 249 
865 81 900 724 757 978 921 11 140 19 726 215 589 327 899 974 775 307 404 896 339 533 123 0 695 437 918 697 61 890 
672 995 276 932 207 276 652 710 929 187 84 899 978 157 827 389 768 500 820 368 584 656 805 695 0 189 2 91 910 370 
733 692 730 288 455 890 560 11 564 59 612 306 968 189 413 182 336 658 984 445 378 410 924 437 189 0 926 499 491 970 
483 896 104 745 322 84 459 308 607 951 255 397 191 214 215 127 289 775 175 560 598 771 857 918 2 926 0 837 158 823 
878 72 138 147 72 75 73 112 980 948 330 222 477 132 883 44 945 502 467 742 716 208 28 697 91 499 837 0 484 724 
886 663 13 539 235 73 913 728 595 522 577 835 337 859 853 582 327 764 777 54 617 80 952 61 910 491 158 484 0 18 
876 320 874 892 866 633 764 310 987 219 27 730 506 458 202 36 427 928 334 133 638 992 249 890 370 970 823 724 18 0 
0 269 517 779 271 658 86 123 132 621 331 807 950 439 166 110 433 230 519 988 920 288 624 31 283 485 275 448 183 727 
269 0 533 825 676 561 650 574 189 882 35 170 331 858 853 371 340 337 784 249 743 8 552 497 247 342 521 565 931 466 
517 533 0 723 849 64 537 216 106 440 879 739 296 273 977 549 802 152 739 838 184 833 422 258 852 6 643 964 629 224 
779 825 723 0 335 681 843 567 547 103 491 537 68 156 122 646 603 210 285 384 294 310 734 489 141 710 495 265 338 110 
271 676 849 335 0 660 314 273 636 787 410 629 651 511 726 746 263 386 706 589 423 180 307 195 470 622 306 855 51 259 
658 561 64 681 660 0 621 878 146 888 36 575 163 485 367 657 213 805 708 191 508 620 441 474 339 736 406 860 923 491 
86 650 537 843 314 621 0 700 850 625 568 571 101 382 19 145 421 792 631 682 636 635 763 471 623 612 719 245 576 102 
123 574 216 567 273 878 700 0 110 981 306 108 354 108 395 28 89 490 346 374 936 608 643 332 234 690 198 628 780 652 
132 189 106 547 636 146 850 110 0 370 990 513 233 874 434 121 126 364 697 353 481 193 374 646 58 325 120 481 361 44 
621 882 440 103 787 888 625 981 370 0 601 216 745 927 290 832 865 122 798 782 498 44 555 903 564 836 405 321 298 886 
331 35 879 491 410 36 568 306 990 601 0 753 753 840 2 744 704 969 767 870 263 297 715 788 661 409 224 681 708 789 
807 170 739 537 629 575 571 108 513 216 753 0 277 14 734 541 392 372 966 848 482 609 125 804 30 598 794 786 927 84 
950 331 296 68 651 163 101 354 233 745 753 277 0 309 195 674 1000 296 531 555 452 419 669 310 429 343 504 810 790 307 
439 858 273 156 511 485 382 108 874 927 840 14 309 0 98 256 17 534 423 313 705 532 240 337 825 765 342 582 508 106 
166 853 977 122 726 367 19 395 434 290 2 734 195 98 0 573 660 322 592 399 436 90 337 226 533 617 706 203 173 400 
110 371 549 646 746 657 145 28 121 832 744 541 674 256 573 0 764 777 704 322 93 588 699 185 195 558 594 949 849 287 
433 340 802 603 263 213 421 89 126 865 704 392 1000 17 660 764 0 679 372 388 815 540 53 840 128 413 805 366 400 921 
230 337 152 210 386 805 792 490 364 122 969 372 296 534 322 777 679 0 732 441 565 793 277 819 218 368 66 313 285 474 
519 784 739 285 706 708 631 346 697 798 767 966 531 423 592 704 372 732 0 221 153 477 36 779 261 260 803 854 361 728 
988 249 838 384 589 191 682 374 353 782 870 848 555 313 399 322 388 441 221 0 627 539 170 48 334 844 650 447 699 918 
920 743 184 294 423 508 636 936 481 498 263 482 452 705 436 93 815 565 153 627 0 456 549 593 447 236 83 350 540 995 
288 8 833 310 180 620 635 608 193 44 297 609 419 532 90 588 540 793 477 539 456 0 243 274 519 902 99 442 632 969 
624 552 422 734 307 441 763 643 374 555 715 125 669 240 337 699 53 277 36 170 549 243 0 788 801 111 357 637 392 931 
31 497 258 489 195 474 471 332 646 903 788 804 310 337 226 185 840 819 779 48 593 274 788 0 659 451 176 366 771 597 
283 247 852 141 470 339 623 234 58 564 661 30 429 825 533 195 128 218 261 334 447 519 801 659 0 918 977 591 108 270 
485 342 6 710 622 736 612 690 325 836 409 598 343 765 617 558 413 368 260 844 236 902 111 451 918 0 475 839 511 15 
275 521 643 495 306 406 719 198 120 405 224 794 504 342 706 594 805 66 803 650 83 99 357 176 977 475 0 39 963 638 
448 565 964 265 855 860 245 628 481 321 681 786 810 582 203 949 366 313 854 447 350 442 637 366 591 839 39 0 625 893 
183 931 629 338 51 923 576 780 361 298 708 927 790 508 173 849 400 285 361 699 540 632 392 771 108 511 963 625 0 645 
727 466 224 110 259 491 102 652 44 886 789 84 307 106 400 287 921 474 728 918 995 969 931 597 270 15 638 893 645 0 
0 588 802 250 306 140 427 730 96 44 479 419 915 565 234 211 479 783 919 815 155 827 736 465 45 457 257 26 252 657 
588 0 641 147 697 361 732 557 801 832 205 515 17 436 478 713 358 498 746 174 821 220 312 549 506 112 85 388 743 749 
802 641 0 844 934 405 85 742 339 475 935 982 70 649 779 634 927 286 576 639 165 777 870 9 987 269 632 668 728 581 
250 147 844 0 195 217 344 205 234 924 601 445 539 487 10 472 795 385 495 608 241 34 688 595 143 567 778 1 273 268 
306 697 934 195 0 379 519 889 538 794 909 902 580 721 712 984 344 733 985 437 460 627 341 483 600 724 470 928 744 152 
140 361 405 217 379 0 965 814 531 743 534 160 297 691 726 487 805 883 272 213 478 348 739 413 986 636 588 683 831 925 
427 732 85 344 519 965 0 134 279 583 952 67 619 940 20 342 49 815 419 416 269 758 671 63 610 242 76 788 258 489 
730 557 742 205 889 814 134 0 491 634 148 458 49 173 804 188 343 723 361 71 619 248 91 451 472 790 638 773 584 505 
96 801 339 234 538 531 279 491 0 504 644 830 224 305 937 672 967 505 626 500 621 965 36 329 133 505 734 756 746 371 
44 832 475 924 794 743 583 634 504 0 821 299 115 401 89 488 990 354 932 555 609 708 828 924 896 979 78 96 866 972 
479 205 935 601 909 534 952 148 644 821 0 611 662 959 60 7 134 318 234 848 148 427 715 41 988 566 771 702 551 878 
419 515 982 445 902 160 67 458 830 299 611 0 681 176 445 933 559 269 674 329 701 2 472 931 817 308 256 192 517 219 
915 17 70 539 580 297 619 49 224 115 662 681 0 46 540 360 188 468 196 418 114 87 190 132 608 269 865 22 814 835 
565 436 649 487 721 691 940 173 305 401 959 176 46 0 58 539 939 859 243 564 571 617 131 564 810 772 688 276 249 612 
234 478 779 10 712 726 20 804 937 89 60 445 540 58 0 319 183 567 436 398 262 609 895 84 649 680 643 287 415 897 
211 713 634 472 984 487 342 188 672 488 7 933 360 539 319 0 679 761 314 319 958 997 177 135 752 625 118 783 330 360 
479 358 927 795 344 805 49 343 967 990 134 559 188 939 183 679 0 441 472 699 712 28 773 253 25 634 727 591 445 366 
783 498 286 385 733 883 815 723 505 354 318 269 468 859 567 761 441 0 924 716 996 592 294 470 785 707 416 885 669 336 
919 746 576 495 985 272 419 361 626 932 234 674 196 243 436 314 472 924 0 909 468 440 537 471 162 486 835 704 393 649 
815 174 639 608 437 213 416 71 500 555 848 329 418 564 398 319 699 716 909 0 174 72 357 292 347 353 647 421 971 721 
155 821 165 241 460 478 269 619 621 609 148 701 114 571 262 958 712 996 468 174 0 632 800 410 646 748 732 723 799 535 
827 220 777 34 627 348 758 248 965 708 427 2 87 617 609 997 28 592 440 72 632 0 522 641 649 788 760 717 562 145 
736 312 870 688 341 739 671 91 36 828 715 472 190 131 895 177 773 294 537 357 800 522 0 743 405 490 246 906 323 429 
465 549 9 595 483 413 63 451 329 924 41 931 132 564 84 135 253 470 471 292 410 641 743 0 68 675 224 821 623 349 
45 506 987 143 600 986 610 472 133 896 988 817 608 810 649 752 25 785 162 347 646 649 405 68 0 299 629 936 268 867 
457 112 269 567 724 636 242 790 505 979 566 308 269 772 680 625 634 707 486 353 748 788 490 675 299 0 188 497 821 160 
257 85 632 778 470 588 76 638 734 78 771 256 865 688 643 118 727 416 835 647 732 760 246 224 629 188 0 324 852 316 
26 388 668 1 928 683 788 773 756 96 702 192 22 276 287 783 591 885 704 421 723 717 906 821 936 497 324 0 281 43 
252 743 728 273 744 831 258 584 746 866 551 517 814 249 415 330 445 669 393 971 799 562 323 623 268 821 852 281 0 505 
657 749 581 268 152 925 489 505 371 972 878 219 835 612 897 360 366 336 649 721 535 145 429 349 867 160 316 43 505 0 
