70 3
0 220 896 992 329 860 302 427 348 445 773 136 134 579 278 600 864 338 940 649 483 116 966 858 348 49 493 676 452 425 264 525 920 770 509 886 891 36 791 56 650 24 501 735 325 867 628 628 749 377 120 346 730 36 227 689 901 285 508 608 269 896 742 323 485 247 254 225 342 184 
220 0 671 138 352 501 990 35 515 757 397 957 165 165 801 506 314 479 665 927 615 264 37 219 915 267 953 275 198 11 995 907 975 170 311 639 549 951 519 689 446 760 656 917 39 546 160 94 782 605 882 913 341 990 882 426 705 888 162 333 845 928 742 579 670 486 182 316 895 793 
896 671 0 911 750 886 440 479 507 527 324 316 462 509 23 410 278 319 496 814 211 991 331 69 289 4 459 289 910 508 436 461 958 389 507 808 107 518 616 616 61 629 19 543 570 768 493 469 127 444 571 937 925 190 359 691 950 554 627 996 143 836 100 922 18 906 647 281 578 811 
992 138 911 0 282 668 747 235 536 240 207 707 214 555 363 164 341 479 495 115 51 363 628 400 626 354 806 877 232 3 57 276 725 908 977 476 488 639 689 132 922 153 607 499 979 521 339 113 746 448 67 917 691 690 847 500 877 131 718 88 308 629 200 458 589 790 907 557 138 315 
329 352 750 282 0 702 14 104 961 280 993 626 312 692 647 231 630 153 918 672 240 644 721 836 624 475 10 594 621 917 438 815 743 7 277 15 273 531 87 185 403 381 45 654 992 869 142 62 667 214 572 833 270 949 297 403 503 915 598 285 846 851 238 956 282 533 868 722 224 717 
860 501 886 668 702 0 69 242 443 449 186 386 909 296 683 941 691 517 197 662 130 246 437 697 189 31 975 700 23 486 338 563 702 806 917 845 134 227 300 926 571 409 153 89 501 960 885 348 722 811 731 663 507 699 43 531 746 282 593 862 567 287 726 992 719 453 640 311 31 220 
302 990 440 747 14 69 0 559 856 860 241 8 598 485 259 899 571 954 630 6 51 141 39 798 701 98 230 725 253 81 147 710 794 62 832 861 340 12 331 93 656 531 450 712 667 345 925 735 653 3 735 900 850 587 208 595 669 700 313 922 465 842 437 653 96 802 742 300 739 750 
427 35 479 235 104 242 559 0 780 241 187 658 404 575 707 810 848 342 156 49 979 70 580 431 686 46 133 580 148 327 769 219 322 26 83 667 379 982 349 474 886 819 112 431 746 667 725 896 152 833 711 714 27 424 633 74 182 632 85 321 42 124 118 537 643 970 129 392 452 540 
348 515 507 536 961 443 856 780 0 498 261 998 146 919 97 504 271 652 708 906 634 741 774 314 730 332 585 423 244 749 322 90 434 811 577 568 413 972 916 562 76 286 580 415 542 141 48 730 211 749 565 687 954 116 202 187 284 818 824 191 860 824 861 168 753 540 390 560 153 530 
445 757 527 240 280 449 860 241 498 0 124 472 61 166 189 847 230 763 912 496 300 359 520 948 347 150 86 689 69 724 267 993 755 190 779 412 589 271 557 297 399 720 47 860 626 102 148 12 70 126 858 467 57 749 216 787 666 482 602 734 558 579 259 432 209 927 621 984 471 572 
773 397 324 207 993 186 241 187 261 124 0 273 287 426 127 178 290 826 984 915 113 505 942 901 826 342 151 709 381 573 379 811 619 369 424 414 243 938 880 914 520 755 500 296 338 517 770 862 544 99 954 274 285 854 6 915 274 956 23 755 506 104 718 885 95 796 17 931 579 347 
136 957 316 707 626 386 8 658 998 472 273 0 723 808 967 261 243 162 310 552 62 140 390 919 422 661 159 280 74 715 804 144 281 929 742 853 300 110 84 824 840 838 499 71 421 626 602 444 75 852 393 408 241 36 73 305 329 322 496 576 853 138 798 186 464 219 553 415 270 441 
134 165 462 214 312 909 598 404 146 61 287 723 0 757 741 153 187 536 139 739 816 409 505 736 264 400 271 142 733 975 148 190 268 121 258 378 901 985 350 405 616 473 642 428 624 674 549 69 961 854 63 985 78 132 195 514 756 465 122 633 224 542 455 723 864 346 106 537 989 752 
579 165 509 555 692 296 485 575 919 166 426 808 757 0 973 676 820 433 400 733 801 481 971 361 642 456 819 589 615 3 315 481 754 195 640 891 805 632 87 106 218 464 133 614 207 26 779 750 718 558 218 591 449 799 711 665 742 914 742 726 246 678 777 2 993 737 32 793 299 741 
278 801 23 363 647 683 259 707 97 189 127 967 741 973 0 466 229 706 231 876 266 156 196 155 635 86 598 525 305 960 39 175 571 485 961 473 220 315 385 145 912 338 48 375 66 746 130 680 706 493 753 803 792 602 182 569 574 443 220 256 864 478 510 459 503 953 160 179 879 687 
600 506 410 164 231 941 899 810 504 847 178 261 153 676 466 0 505 47 476 916 567 792 540 85 386 460 117 370 492 251 93 589 221 864 352 491 655 823 806 255 160 444 197 289 724 474 138 990 955 258 724 394 843 247 75 34 594 598 430 525 501 167 499 127 130 67 208 244 133 76 
864 314 278 341 630 691 571 848 271 230 290 243 187 820 229 505 0 444 559 347 669 613 616 360 113 188 897 279 121 299 463 443 106 638 672 798 604 249 843 422 893 646 309 978 216 60 640 988 317 398 676 803 29 49 520 944 152 226 64 508 148 267 581 6 69 847 403 320 856 670 
338 479 319 479 153 517 954 342 652 763 826 162 536 433 706 47 444 0 683 282 136 666 439 662 766 316 688 682 183 263 313 336 339 624 199 282 358 813 307 298 842 164 303 162 431 229 948 844 554 785 120 704 689 31 294 521 708 406 509 398 985 918 244 106 518 110 126 845 941 103 
940 665 496 495 918 197 630 156 708 912 984 310 139 400 231 476 559 683 0 844 127 351 534 552 599 535 957 778 286 395 118 271 592 67 72 789 870 889 155 337 355 63 73 585 54 35 760 882 292 369 578 349 273 685 514 189 982 50 6 872 806 621 144 836 17 916 749 198 215 993 
649 927 814 115 672 662 6 49 906 496 915 552 739 733 876 916 347 282 844 0 614 35 66 361 401 353 586 782 475 624 991 720 805 666 812 263 357 100 741 787 38 454 134 600 166 129 389 7 622 90 585 695 821 816 608 627 434 114 813 611 428 566 477 766 116 933 293 929 599 233 
483 615 211 51 240 130 51 979 634 300 113 62 816 801 266 567 669 136 127 614 0 70 439 15 895 382 789 511 953 799 121 942 891 315 235 539 493 844 906 23 918 114 294 181 802 515 740 485 349 27 754 662 550 743 580 924 116 911 365 605 882 926 94 69 336 195 759 536 921 547 
116 264 991 363 644 246 141 70 741 359 505 140 409 481 156 792 613 666 351 35 70 0 900 216 232 883 167 102 313 37 586 441 550 263 342 18 726 321 207 804 420 684 969 91 589 690 203 739 775 139 946 246 494 427 961 887 837 60 750 293 733 686 524 738 17 547 373 210 989 326 
966 37 331 628 721 437 39 580 774 520 942 390 505 971 196 540 616 439 534 66 439 900 0 803 889 195 857 361 902 288 381 185 325 50 686 556 68 492 623 866 119 880 948 932 471 666 179 396 594 899 564 313 248 425 595 165 984 837 566 226 992 37 951 440 781 352 70 124 824 601 
858 219 69 400 836 697 798 431 314 948 901 919 736 361 155 85 360 662 552 361 15 216 803 0 388 275 344 502 865 161 837 849 444 447 500 583 247 35 652 675 719 744 420 105 181 164 778 710 361 921 553 558 249 4 377 375 994 481 733 643 746 363 894 92 22 804 645 185 175 895 
348 915 289 626 624 189 701 686 730 347 826 422 264 642 635 386 113 766 599 401 895 232 889 388 0 299 814 731 816 643 589 835 416 238 977 789 450 483 818 962 454 169 960 108 331 686 319 347 519 686 173 786 395 710 509 832 63 205 456 436 409 756 544 653 531 14 814 809 456 41 
49 267 4 354 475 31 98 46 332 150 342 661 400 456 86 460 188 316 535 353 382 883 195 275 299 0 94 278 159 414 914 199 760 774 371 966 588 719 759 478 925 621 992 835 142 179 839 600 58 3 957 874 230 988 1 875 703 60 558 776 27 19 242 580 334 743 447 311 763 995 
493 953 459 806 10 975 230 133 585 86 151 159 271 819 598 117 897 688 957 586 789 167 857 344 814 94 0 824 997 266 825 661 420 616 39 339 553 795 479 882 541 69 449 113 188 345 498 452 227 369 412 281 556 512 752 959 863 518 699 333 77 919 941 220 75 240 570 742 282 273 
676 275 289 877 594 700 725 580 423 689 709 280 142 589 525 370 279 682 778 782 511 102 361 502 731 278 824 0 513 729 885 758 915 416 378 625 879 594 813 295 743 982 925 99 667 742 737 520 533 414 96 908 753 187 571 76 187 727 846 859 176 724 624 694 945 618 717 274 16 974 
452 198 910 232 621 23 253 148 244 69 381 74 733 615 305 492 121 183 286 475 953 313 902 865 816 159 997 513 0 376 523 366 512 495 56 157 674 236 105 577 834 742 14 267 789 338 865 407 402 387 549 724 668 541 797 875 680 920 161 293 961 478 83 556 905 705 904 483 134 365 
425 11 508 3 917 486 81 327 749 724 573 715 975 3 960 251 299 263 395 624 799 37 288 161 643 414 266 729 376 0 125 699 406 811 871 498 383 455 267 217 686 142 627 641 160 433 598 685 861 588 948 907 3 991 330 594 245 36 842 428 580 322 749 487 802 732 567 223 836 144 
264 995 436 57 438 338 147 769 322 267 379 804 148 315 39 93 463 313 118 991 121 586 381 837 589 914 825 885 523 125 0 596 243 88 56 812 914 678 453 166 129 190 242 110 368 154 209 990 512 146 914 897 858 511 923 69 353 539 756 82 37 987 283 337 222 834 179 667 79 57 
525 907 461 276 815 563 710 219 90 993 811 144 190 481 175 589 443 336 271 720 942 441 185 849 835 199 661 758 366 699 596 0 844 533 299 760 159 30 48 331 509 238 885 543 414 873 475 262 745 672 980 178 247 423 954 667 526 508 619 4 500 377 89 53 745 956 682 581 140 399 
920 975 958 725 743 702 794 322 434 755 619 281 268 754 571 221 106 339 592 805 891 550 325 444 416 760 420 915 512 406 243 844 0 348 931 809 300 424 727 965 899 421 934 67 40 738 300 817 151 1000 458 972 639 74 170 299 862 734 113 802 212 686 280 389 404 232 249 583 110 892 
770 170 389 908 7 806 62 26 811 190 369 929 121 195 485 864 638 624 67 666 315 263 50 447 238 774 616 416 495 811 88 533 348 0 185 900 878 631 187 87 90 807 404 590 182 856 543 323 581 144 793 350 362 655 715 167 845 363 952 568 397 221 592 942 747 40 605 614 354 82 
509 311 507 977 277 917 832 83 577 779 424 742 258 640 961 352 672 199 72 812 235 342 686 500 977 371 39 378 56 871 56 299 931 185 0 767 430 414 54 936 573 987 745 550 57 693 154 114 428 838 902 119 242 665 69 236 89 782 537 615 535 652 217 491 621 186 825 356 862 461 
886 639 808 476 15 845 861 667 568 412 414 853 378 891 473 491 798 282 789 263 539 18 556 583 789 966 339 625 157 498 812 760 809 900 767 0 300 846 35 15 443 644 882 402 150 31 135 978 829 172 564 303 803 624 613 280 940 35 283 695 401 704 468 696 419 391 577 938 159 677 
891 549 107 488 273 134 340 379 413 589 243 300 901 805 220 655 604 358 870 357 493 726 68 247 450 588 553 879 674 383 914 159 300 878 430 300 0 763 553 905 604 543 556 928 226 899 593 680 333 780 575 279 903 301 3 430 572 901 123 968 39 510 427 802 767 228 172 410 524 329 
36 951 518 639 531 227 12 982 972 271 938 110 985 632 315 823 249 813 889 100 844 321 492 35 483 719 795 594 236 455 678 30 424 631 414 846 763 0 245 529 926 313 934 114 914 195 314 309 341 931 879 459 174 112 251 350 664 646 701 685 784 704 819 17 433 606 171 456 103 44 
791 519 616 689 87 300 331 349 916 557 880 84 350 87 385 806 843 307 155 741 906 207 623 652 818 759 479 813 105 267 453 48 727 187 54 35 553 245 0 564 684 274 810 802 674 727 177 248 468 25 240 750 275 929 487 810 653 407 577 700 218 53 65 894 677 513 243 758 109 251 
56 689 616 132 185 926 93 474 562 297 914 824 405 106 145 255 422 298 337 787 23 804 866 675 962 478 882 295 577 217 166 331 965 87 936 15 905 529 564 0 753 958 857 245 724 413 445 601 27 961 504 458 659 192 617 373 2 588 600 712 972 617 685 98 116 429 307 895 526 647 
650 446 61 922 403 571 656 886 76 399 520 840 616 218 912 160 893 842 355 38 918 420 119 719 454 925 541 743 834 686 129 509 899 90 573 443 604 926 684 753 0 694 480 523 400 897 160 766 975 324 680 372 243 861 470 730 1 180 968 790 581 334 402 633 998 495 185 925 491 208 
24 760 629 153 381 409 531 819 286 720 755 838 473 464 338 444 646 164 63 454 114 684 880 744 169 621 69 982 742 142 190 238 421 807 987 644 543 313 274 958 694 0 414 994 136 766 291 242 326 707 97 180 583 555 763 998 3 438 673 260 53 18 733 284 153 357 944 226 58 858 
501 656 19 607 45 153 450 112 580 47 500 499 642 133 48 197 309 303 73 134 294 969 948 420 960 992 449 925 14 627 242 885 934 404 745 882 556 934 810 857 480 414 0 911 105 872 477 1000 97 479 452 502 593 244 61 128 48 899 659 82 714 116 349 870 890 776 49 861 486 590 
735 917 543 499 654 89 712 431 415 860 296 71 428 614 375 289 978 162 585 600 181 91 932 105 108 835 113 99 267 641 110 543 67 590 550 402 928 114 802 245 523 994 911 0 580 757 387 907 34 369 632 76 401 520 717 491 271 695 949 112 5 304 47 826 234 173 807 155 262 791 
325 39 570 979 992 501 667 746 542 626 338 421 624 207 66 724 216 431 54 166 802 589 471 181 331 142 188 667 789 160 368 414 40 182 57 150 226 914 674 724 400 136 105 580 0 303 931 199 149 251 177 426 632 948 188 573 135 2 35 643 920 113 341 680 917 60 32 754 929 575 
867 546 768 521 869 960 345 667 141 102 517 626 674 26 746 474 60 229 35 129 515 690 666 164 686 179 345 742 338 433 154 873 738 856 693 31 899 195 727 413 897 766 872 757 303 0 213 807 825 125 362 908 122 487 593 718 932 843 593 733 349 387 647 366 269 337 411 304 502 96 
628 160 493 339 142 885 925 725 48 148 770 602 549 779 130 138 640 948 760 389 740 203 179 778 319 839 498 737 865 598 209 475 300 543 154 135 593 314 177 445 160 291 477 387 931 213 0 48 332 695 482 607 946 183 239 817 292 88 520 632 498 428 117 427 521 164 544 594 491 106 
628 94 469 113 62 348 735 896 730 12 862 444 69 750 680 990 988 844 882 7 485 739 396 710 347 600 452 520 407 685 990 262 817 323 114 978 680 309 248 601 766 242 1000 907 199 807 48 0 632 857 464 176 143 351 275 281 257 146 203 217 442 21 138 896 179 980 699 775 676 194 
749 782 127 746 667 722 653 152 211 70 544 75 961 718 706 955 317 554 292 622 349 775 594 361 519 58 227 533 402 861 512 745 151 581 428 829 333 341 468 27 975 326 97 34 149 825 332 632 0 869 923 923 925 110 357 610 560 940 270 979 485 63 941 116 58 648 815 509 220 1 
377 605 444 448 214 811 3 833 749 126 99 852 854 558 493 258 398 785 369 90 27 139 899 921 686 3 369 414 387 588 146 672 1000 144 838 172 780 931 25 961 324 707 479 369 251 125 695 857 869 0 2 987 932 60 625 952 149 560 815 288 119 972 159 355 737 429 454 146 515 846 
120 882 571 67 572 731 735 711 565 858 954 393 63 218 753 724 676 120 578 585 754 946 564 553 173 957 412 96 549 948 914 980 458 793 902 564 575 879 240 504 680 97 452 632 177 362 482 464 923 2 0 665 409 303 485 950 692 555 984 821 895 497 36 769 364 483 750 789 186 527 
346 913 937 917 833 663 900 714 687 467 274 408 985 591 803 394 803 704 349 695 662 246 313 558 786 874 281 908 724 907 897 178 972 350 119 303 279 459 750 458 372 180 502 76 426 908 607 176 923 987 665 0 47 859 273 89 397 329 839 311 437 957 373 733 76 393 357 231 246 400 
730 341 925 691 270 507 850 27 954 57 285 241 78 449 792 843 29 689 273 821 550 494 248 249 395 230 556 753 668 3 858 247 639 362 242 803 903 174 275 659 243 583 593 401 632 122 946 143 925 932 409 47 0 116 133 524 911 526 339 725 216 324 220 249 666 149 695 966 673 689 
36 990 190 690 949 699 587 424 116 749 854 36 132 799 602 247 49 31 685 816 743 427 425 4 710 988 512 187 541 991 511 423 74 655 665 624 301 112 929 192 861 555 244 520 948 487 183 351 110 60 303 859 116 0 397 497 846 681 415 737 367 747 679 91 99 64 989 664 767 968 
227 882 359 847 297 43 208 633 202 216 6 73 195 711 182 75 520 294 514 608 580 961 595 377 509 1 752 571 797 330 923 954 170 715 69 613 3 251 487 617 470 763 61 717 188 593 239 275 357 625 485 273 133 397 0 17 648 236 224 150 387 334 74 832 428 155 766 459 66 322 
689 426 691 500 403 531 595 74 187 787 915 305 514 665 569 34 944 521 189 627 924 887 165 375 832 875 959 76 875 594 69 667 299 167 236 280 430 350 810 373 730 998 128 491 573 718 817 281 610 952 950 89 524 497 17 0 4 983 152 487 737 103 831 561 332 883 881 908 943 124 
901 705 950 877 503 746 669 182 284 666 274 329 756 742 574 594 152 708 982 434 116 837 984 994 63 703 863 187 680 245 353 526 862 845 89 940 572 664 653 2 1 3 48 271 135 932 292 257 560 149 692 397 911 846 648 4 0 538 497 211 328 626 262 78 758 501 804 580 818 654 
285 888 554 131 915 282 700 632 818 482 956 322 465 914 443 598 226 406 50 114 911 60 837 481 205 60 518 727 920 36 539 508 734 363 782 35 901 646 407 588 180 438 899 695 2 843 88 146 940 560 555 329 526 681 236 983 538 0 351 55 462 223 51 447 134 448 687 352 378 298 
508 162 627 718 598 593 313 85 824 602 23 496 122 742 220 430 64 509 6 813 365 750 566 733 456 558 699 846 161 842 756 619 113 952 537 283 123 701 577 600 968 673 659 949 35 593 520 203 270 815 984 839 339 415 224 152 497 351 0 519 135 150 468 24 941 601 210 26 925 633 
608 333 996 88 285 862 922 321 191 734 755 576 633 726 256 525 508 398 872 611 605 293 226 643 436 776 333 859 293 428 82 4 802 568 615 695 968 685 700 712 790 260 82 112 643 733 632 217 979 288 821 311 725 737 150 487 211 55 519 0 263 689 46 536 495 275 321 591 144 16 
269 845 143 308 846 567 465 42 860 558 506 853 224 246 864 501 148 985 806 428 882 733 992 746 409 27 77 176 961 580 37 500 212 397 535 401 39 784 218 972 581 53 714 5 920 349 498 442 485 119 895 437 216 367 387 737 328 462 135 263 0 232 991 583 335 566 763 602 755 420 
896 928 836 629 851 287 842 124 824 579 104 138 542 678 478 167 267 918 621 566 926 686 37 363 756 19 919 724 478 322 987 377 686 221 652 704 510 704 53 617 334 18 116 304 113 387 428 21 63 972 497 957 324 747 334 103 626 223 150 689 232 0 993 445 749 592 716 91 808 975 
742 742 100 200 238 726 437 118 861 259 718 798 455 777 510 499 581 244 144 477 94 524 951 894 544 242 941 624 83 749 283 89 280 592 217 468 427 819 65 685 402 733 349 47 341 647 117 138 941 159 36 373 220 679 74 831 262 51 468 46 991 993 0 709 506 612 964 379 578 482 
323 579 922 458 956 992 653 537 168 432 885 186 723 2 459 127 6 106 836 766 69 738 440 92 653 580 220 694 556 487 337 53 389 942 491 696 802 17 894 98 633 284 870 826 680 366 427 896 116 355 769 733 249 91 832 561 78 447 24 536 583 445 709 0 809 853 338 870 201 477 
485 670 18 589 282 719 96 643 753 209 95 464 864 993 503 130 69 518 17 116 336 17 781 22 531 334 75 945 905 802 222 745 404 747 621 419 767 433 677 116 998 153 890 234 917 269 521 179 58 737 364 76 666 99 428 332 758 134 941 495 335 749 506 809 0 684 319 936 19 577 
247 486 906 790 533 453 802 970 540 927 796 219 346 737 953 67 847 110 916 933 195 547 352 804 14 743 240 618 705 732 834 956 232 40 186 391 228 606 513 429 495 357 776 173 60 337 164 980 648 429 483 393 149 64 155 883 501 448 601 275 566 592 612 853 684 0 786 695 319 20 
254 182 647 907 868 640 742 129 390 621 17 553 106 32 160 208 403 126 749 293 759 373 70 645 814 447 570 717 904 567 179 682 249 605 825 577 172 171 243 307 185 944 49 807 32 411 544 699 815 454 750 357 695 989 766 881 804 687 210 321 763 716 964 338 319 786 0 323 860 782 
225 316 281 557 722 311 300 392 560 984 931 415 537 793 179 244 320 845 198 929 536 210 124 185 809 311 742 274 483 223 667 581 583 614 356 938 410 456 758 895 925 226 861 155 754 304 594 775 509 146 789 231 966 664 459 908 580 352 26 591 602 91 379 870 936 695 323 0 681 678 
342 895 578 138 224 31 739 452 153 471 579 270 989 299 879 133 856 941 215 599 921 989 824 175 456 763 282 16 134 836 79 140 110 354 862 159 524 103 109 526 491 58 486 262 929 502 491 676 220 515 186 246 673 767 66 943 818 378 925 144 755 808 578 201 19 319 860 681 0 237 
184 793 811 315 717 220 750 540 530 572 347 441 752 741 687 76 670 103 993 233 547 326 601 895 41 995 273 974 365 144 57 399 892 82 461 677 329 44 251 647 208 858 590 791 575 96 106 194 1 846 527 400 689 968 322 124 654 298 633 16 420 975 482 477 577 20 782 678 237 0 
0 726 38 853 609 597 744 556 730 185 706 749 867 106 717 581 342 858 601 381 845 893 351 47 51 653 886 660 332 819 31 189 983 705 90 89 377 518 269 403 426 390 273 809 847 401 258 305 768 581 314 820 738 895 353 166 503 364 609 792 18 296 492 680 117 997 488 310 34 757 
726 0 831 291 974 824 547 333 723 733 61 237 612 973 541 592 413 511 469 994 842 419 93 425 161 807 694 163 248 288 397 415 36 417 48 43 82 16 3 354 430 734 559 838 651 952 529 481 462 672 788 763 620 365 949 732 740 945 644 526 420 421 196 224 854 334 985 875 878 374 
38 831 0 172 331 961 12 444 493 38 836 115 446 133 348 803 291 234 46 742 469 78 237 107 293 102 686 728 313 748 851 451 823 982 245 631 747 95 326 629 595 27 434 34 334 159 808 8 676 432 494 893 739 622 955 399 993 447 432 519 58 257 109 781 301 360 329 626 259 213 
853 291 172 0 976 14 678 263 945 228 466 671 760 983 944 323 200 509 210 419 791 871 706 874 426 124 141 491 438 636 551 979 725 772 672 877 221 566 508 950 784 766 187 837 217 302 505 572 679 978 877 357 339 585 577 202 183 639 330 297 716 268 714 843 821 69 79 688 800 673 
609 974 331 976 0 708 825 403 652 564 344 182 521 447 234 242 15 685 398 598 247 541 609 536 9 651 822 518 40 214 990 598 556 307 221 85 179 998 211 10 677 146 191 558 471 665 269 889 939 474 727 597 128 386 242 751 598 252 786 240 995 658 798 504 526 113 187 241 275 639 
597 824 961 14 708 0 265 604 294 260 448 564 866 599 831 463 850 863 487 973 149 601 194 550 300 354 436 154 666 671 631 783 893 826 495 823 981 527 897 712 570 886 771 947 779 750 533 354 594 354 911 969 552 620 100 958 92 164 754 225 792 646 645 414 259 987 706 144 969 506 
744 547 12 678 825 265 0 972 558 552 873 267 511 238 128 14 936 259 601 245 837 800 880 512 435 156 941 308 12 270 459 540 790 189 806 951 195 601 631 376 781 750 757 747 375 857 857 17 853 143 409 819 626 146 614 755 577 643 22 307 667 552 70 612 799 935 231 8 164 415 
556 333 444 263 403 604 972 0 690 824 4 161 938 76 551 627 886 640 474 783 539 750 589 415 63 497 319 768 526 349 484 605 168 680 110 60 693 261 877 999 664 4 70 954 392 837 458 702 125 166 648 547 171 306 385 858 515 320 390 66 170 452 838 532 232 678 914 6 363 670 
730 723 493 945 652 294 558 690 0 553 844 139 551 732 529 324 308 124 909 955 450 939 560 634 739 808 542 818 123 602 653 581 202 921 194 769 261 750 8 530 206 594 293 702 16 590 300 992 878 662 734 951 178 339 110 396 355 209 560 723 387 551 784 271 4 97 442 98 522 764 
185 733 38 228 564 260 552 824 553 0 554 788 468 370 688 93 606 245 898 109 849 259 10 282 377 423 280 250 55 950 336 130 884 99 983 279 721 251 835 847 269 981 671 345 695 883 473 477 326 447 56 430 677 877 623 261 801 553 890 97 184 286 412 366 482 451 530 146 523 658 
706 61 836 466 344 448 873 4 844 554 0 830 932 899 194 28 920 375 777 748 352 720 10 925 554 563 616 551 407 444 182 744 976 182 30 96 129 153 671 481 429 319 676 731 591 345 149 398 447 648 598 184 809 932 368 940 455 709 672 47 939 449 418 159 436 331 870 713 392 197 
749 237 115 671 182 564 267 161 139 788 830 0 369 859 162 138 209 136 924 178 369 199 142 730 23 51 392 456 225 534 587 275 709 730 723 436 555 906 127 556 451 658 321 210 448 152 805 429 59 846 26 34 448 770 368 883 630 279 376 132 692 609 648 970 521 44 214 545 104 557 
867 612 446 760 521 866 511 938 551 468 932 369 0 984 389 184 946 292 435 164 28 45 625 173 136 951 852 333 174 348 278 817 156 631 867 860 550 536 933 210 235 81 364 644 49 770 314 605 437 375 640 620 735 271 889 48 876 81 329 54 480 234 371 389 542 606 602 482 779 451 
106 973 133 983 447 599 238 76 732 370 899 859 984 0 132 96 397 18 325 721 318 699 566 692 538 755 599 589 754 595 603 151 728 742 931 31 595 565 276 444 208 397 620 77 973 402 746 744 322 913 525 638 698 794 268 623 622 589 695 340 394 810 313 200 527 166 981 143 281 345 
717 541 348 944 234 831 128 551 529 688 194 162 389 132 0 940 310 181 194 774 483 681 167 681 704 776 947 398 445 400 27 429 360 42 616 447 4 791 558 938 850 477 270 222 368 5 153 718 890 203 890 489 448 479 346 725 626 123 237 720 803 74 856 87 327 641 430 702 292 442 
581 592 803 323 242 463 14 627 324 93 28 138 184 96 940 0 303 822 903 880 444 577 515 400 494 227 128 465 72 90 61 710 452 434 191 815 489 215 73 144 357 174 436 583 836 745 162 947 800 2 872 311 423 872 568 151 107 50 939 759 16 812 152 708 828 581 432 750 892 638 
342 413 291 200 15 850 936 886 308 606 920 209 946 397 310 303 0 608 644 916 687 683 18 226 892 94 428 83 56 469 944 622 475 140 913 771 931 817 242 892 44 808 69 87 417 645 504 649 5 430 664 363 26 896 823 971 897 916 70 530 166 842 595 661 393 694 620 187 962 732 
858 511 234 509 685 863 259 640 124 245 375 136 292 18 181 822 608 0 580 757 115 906 316 342 148 795 36 491 394 195 434 157 7 368 402 814 504 471 112 217 676 484 219 254 184 39 235 589 421 721 111 920 148 330 214 817 934 19 23 268 210 506 300 302 704 931 714 692 479 448 
601 469 46 210 398 487 601 474 909 898 777 924 435 325 194 903 644 580 0 740 799 501 337 890 795 411 494 575 961 445 319 824 142 30 306 566 605 746 590 715 148 484 518 886 341 933 234 476 936 223 22 105 878 83 277 534 991 746 70 100 916 604 440 595 289 971 45 349 354 14 
381 994 742 419 598 973 245 783 955 109 748 178 164 721 774 880 916 757 740 0 935 897 420 627 438 101 841 127 177 836 380 516 600 219 829 638 166 241 21 402 869 374 324 13 503 574 412 206 119 15 212 221 752 9 824 334 423 472 232 693 764 545 200 364 266 729 635 84 812 18 
845 842 469 791 247 149 837 539 450 849 352 369 28 318 483 444 687 115 799 935 0 89 777 436 509 870 502 597 40 40 389 631 738 614 617 887 268 91 981 431 304 911 549 105 500 633 198 122 704 93 620 704 162 477 627 776 771 501 837 826 495 171 939 913 518 388 570 418 237 298 
893 419 78 871 541 601 800 750 939 259 720 199 45 699 681 577 683 906 501 897 89 0 405 520 431 227 361 34 492 739 631 757 864 647 776 144 765 605 880 639 361 80 869 604 691 126 149 109 643 620 760 942 550 213 865 857 316 963 203 872 932 424 327 24 86 248 296 80 61 10 
351 93 237 706 609 194 880 589 560 10 10 142 625 566 167 515 18 316 337 420 777 405 0 308 710 616 341 161 608 350 758 590 399 964 828 650 60 416 837 646 830 442 624 555 902 971 477 566 608 514 221 269 51 400 856 942 135 23 302 607 452 600 24 614 756 578 442 278 183 953 
47 425 107 874 536 550 512 415 634 282 925 730 173 692 681 400 226 342 890 627 436 520 308 0 303 853 29 454 357 622 159 273 302 522 544 65 492 167 60 224 576 777 305 970 822 274 590 869 360 262 799 526 181 688 5 666 684 896 430 283 120 780 740 828 402 170 940 732 965 132 
51 161 293 426 9 300 435 63 739 377 554 23 136 538 704 494 892 148 795 438 509 431 710 303 0 717 405 504 240 793 388 406 518 179 277 650 988 863 866 669 453 66 545 185 722 981 184 875 163 889 536 666 650 304 473 154 623 517 90 731 966 158 197 472 301 42 393 265 332 94 
653 807 102 124 651 354 156 497 808 423 563 51 951 755 776 227 94 795 411 101 870 227 616 853 717 0 612 964 539 601 125 230 442 559 807 299 309 798 580 98 645 805 411 79 246 45 60 890 731 61 257 631 358 169 629 987 780 449 302 957 267 722 854 257 944 862 275 217 378 473 
886 694 686 141 822 436 941 319 542 280 616 392 852 599 947 128 428 36 494 841 502 361 341 29 405 612 0 39 129 682 683 677 727 102 253 260 130 540 940 467 58 360 463 392 184 889 115 176 337 973 941 5 496 670 325 615 330 603 791 240 116 639 829 878 768 618 989 921 224 280 
660 163 728 491 518 154 308 768 818 250 551 456 333 589 398 465 83 491 575 127 597 34 161 454 504 964 39 0 374 923 973 583 656 15 396 244 274 694 613 404 467 199 256 318 544 917 562 149 852 319 477 916 849 924 172 127 761 790 248 281 43 885 662 796 893 178 686 756 449 648 
332 248 313 438 40 666 12 526 123 55 407 225 174 754 445 72 56 394 961 177 40 492 608 357 240 539 129 374 0 213 201 938 518 156 789 191 856 187 422 266 612 612 288 982 964 425 951 242 635 235 712 37 251 7 141 2 356 607 32 194 420 973 416 14 543 927 205 78 255 982 
819 288 748 636 214 671 270 349 602 950 444 534 348 595 400 90 469 195 445 836 40 739 350 622 793 601 682 923 213 0 586 928 866 314 642 739 788 443 413 93 563 746 441 298 833 385 483 93 238 452 535 630 674 136 126 428 580 68 389 115 833 528 79 513 560 446 675 46 920 114 
31 397 851 551 990 631 459 484 653 336 182 587 278 603 27 61 944 434 319 380 389 631 758 159 388 125 683 973 201 586 0 378 73 21 9 568 893 923 612 190 354 103 679 726 271 196 83 647 982 395 575 987 879 597 555 837 912 583 204 584 429 582 311 909 869 432 310 628 826 394 
189 415 451 979 598 783 540 605 581 130 744 275 817 151 429 710 622 157 824 516 631 757 590 273 406 230 677 583 938 928 378 0 143 166 750 197 297 611 647 220 497 900 790 32 89 610 201 157 37 633 184 639 215 981 211 267 903 791 435 791 276 123 902 799 117 243 143 163 146 612 
983 36 823 725 556 893 790 168 202 884 976 709 156 728 360 452 475 7 142 600 738 864 399 302 518 442 727 656 518 866 73 143 0 39 649 884 42 3 541 536 48 642 393 917 243 777 836 209 240 986 445 670 148 737 229 222 589 225 520 362 828 820 164 926 820 752 735 877 281 636 
705 417 982 772 307 826 189 680 921 99 182 730 631 742 42 434 140 368 30 219 614 647 964 522 179 559 102 15 156 314 21 166 39 0 803 580 995 722 863 985 582 956 130 334 224 226 311 4 677 219 538 62 782 928 256 910 708 713 203 895 355 12 298 806 52 573 105 922 570 622 
90 48 245 672 221 495 806 110 194 983 30 723 867 931 616 191 913 402 306 829 617 776 828 544 277 807 253 396 789 642 9 750 649 803 0 134 982 163 813 418 172 453 697 949 357 514 714 684 815 655 134 431 622 275 191 895 97 132 115 767 418 597 964 750 397 792 785 385 845 560 
89 43 631 877 85 823 951 60 769 279 96 436 860 31 447 815 771 814 566 638 887 144 650 65 650 299 260 244 191 739 568 197 884 580 134 0 850 321 938 811 521 311 251 855 838 747 836 625 820 335 356 747 672 919 385 550 766 160 777 639 885 459 484 673 919 746 435 911 28 911 
377 82 747 221 179 981 195 693 261 721 129 555 550 595 4 489 931 504 605 166 268 765 60 492 988 309 130 274 856 788 893 297 42 995 982 850 0 587 626 967 94 429 17 480 10 586 946 976 190 140 173 445 474 707 751 190 136 62 105 899 937 747 956 765 400 590 320 146 761 911 
518 16 95 566 998 527 601 261 750 251 153 906 536 565 791 215 817 471 746 241 91 605 416 167 863 798 540 694 187 443 923 611 3 722 163 321 587 0 254 161 549 244 641 292 367 277 478 729 728 289 365 450 350 714 791 562 844 297 92 548 884 949 441 779 617 554 954 522 722 969 
269 3 326 508 211 897 631 877 8 835 671 127 933 276 558 73 242 112 590 21 981 880 837 60 866 580 940 613 422 413 612 647 541 863 813 938 626 254 0 662 912 480 292 72 579 311 634 911 468 395 71 625 298 197 241 809 888 964 967 877 133 574 649 206 117 965 156 849 418 957 
403 354 629 950 10 712 376 999 530 847 481 556 210 444 938 144 892 217 715 402 431 639 646 224 669 98 467 404 266 93 190 220 536 985 418 811 967 161 662 0 138 605 16 261 36 596 951 320 57 943 728 247 575 822 439 129 15 977 92 132 576 395 28 781 903 623 760 376 44 428 
426 430 595 784 677 570 781 664 206 269 429 451 235 208 850 357 44 676 148 869 304 361 830 576 453 645 58 467 612 563 354 497 48 582 172 521 94 549 912 138 0 672 588 416 28 858 630 966 706 592 712 558 837 772 172 433 213 283 844 757 249 339 755 835 343 17 680 406 240 82 
390 734 27 766 146 886 750 4 594 981 319 658 81 397 477 174 808 484 484 374 911 80 442 777 66 805 360 199 612 746 103 900 642 956 453 311 429 244 480 605 672 0 863 562 667 87 857 944 942 322 541 786 945 808 523 148 524 877 225 395 941 156 158 500 921 512 831 27 51 69 
273 559 434 187 191 771 757 70 293 671 676 321 364 620 270 436 69 219 518 324 549 869 624 305 545 411 463 256 288 441 679 790 393 130 697 251 17 641 292 16 588 863 0 45 640 437 209 635 524 570 687 530 248 193 305 370 479 465 840 2 523 362 984 277 154 630 467 861 802 859 
809 838 34 837 558 947 747 954 702 345 731 210 644 77 222 583 87 254 886 13 105 604 555 970 185 79 392 318 982 298 726 32 917 334 949 855 480 292 72 261 416 562 45 0 213 69 843 422 359 920 30 646 140 904 441 322 111 397 216 669 312 90 656 1000 929 262 621 253 87 174 
847 651 334 217 471 779 375 392 16 695 591 448 49 973 368 836 417 184 341 503 500 691 902 822 722 246 184 544 964 833 271 89 243 224 357 838 10 367 579 36 28 667 640 213 0 906 202 798 200 12 872 385 758 436 491 110 922 814 291 328 707 644 392 352 455 920 937 858 150 314 
401 952 159 302 665 750 857 837 590 883 345 152 770 402 5 745 645 39 933 574 633 126 971 274 981 45 889 917 425 385 196 610 777 226 514 747 586 277 311 596 858 87 437 69 906 0 776 736 723 644 410 474 747 364 542 415 439 911 110 713 772 833 387 397 969 693 595 479 331 806 
258 529 808 505 269 533 857 458 300 473 149 805 314 746 153 162 504 235 234 412 198 149 477 590 184 60 115 562 951 483 83 201 836 311 714 836 946 478 634 951 630 857 209 843 202 776 0 963 697 505 696 254 675 242 248 634 383 68 26 255 437 845 709 105 130 206 141 635 161 980 
305 481 8 572 889 354 17 702 992 477 398 429 605 744 718 947 649 589 476 206 122 109 566 869 875 890 176 149 242 93 647 157 209 4 684 625 976 729 911 320 966 944 635 422 798 736 963 0 874 606 363 236 720 557 152 878 878 786 679 768 157 157 747 36 597 207 974 687 233 322 
768 462 676 679 939 594 853 125 878 326 447 59 437 322 890 800 5 421 936 119 704 643 608 360 163 731 337 852 635 238 982 37 240 677 815 820 190 728 468 57 706 942 524 359 200 723 697 874 0 897 523 893 117 810 317 931 304 920 541 480 99 619 611 991 75 75 117 291 36 207 
581 672 432 978 474 354 143 166 662 447 648 846 375 913 203 2 430 721 223 15 93 620 514 262 889 61 973 319 235 452 395 633 986 219 655 335 140 289 395 943 592 322 570 920 12 644 505 606 897 0 693 929 670 667 912 218 847 511 543 345 374 726 831 168 296 248 626 987 869 230 
314 788 494 877 727 911 409 648 734 56 598 26 640 525 890 872 664 111 22 212 620 760 221 799 536 257 941 477 712 535 575 184 445 538 134 356 173 365 71 728 712 541 687 30 872 410 696 363 523 693 0 675 852 733 271 106 746 755 517 852 128 369 823 398 286 405 29 430 274 765 
820 763 893 357 597 969 819 547 951 430 184 34 620 638 489 311 363 920 105 221 704 942 269 526 666 631 5 916 37 630 987 639 670 62 431 747 445 450 625 247 558 786 530 646 385 474 254 236 893 929 675 0 774 37 409 762 454 757 932 219 654 802 720 652 401 583 284 148 814 430 
738 620 739 339 128 552 626 171 178 677 809 448 735 698 448 423 26 148 878 752 162 550 51 181 650 358 496 849 251 674 879 215 148 782 622 672 474 350 298 575 837 945 248 140 758 747 675 720 117 670 852 774 0 253 487 586 944 976 915 326 431 430 781 181 928 765 384 796 914 560 
895 365 622 585 386 620 146 306 339 877 932 770 271 794 479 872 896 330 83 9 477 213 400 688 304 169 670 924 7 136 597 981 737 928 275 919 707 714 197 822 772 808 193 904 436 364 242 557 810 667 733 37 253 0 186 183 384 516 124 803 690 6 227 420 374 260 291 601 948 593 
353 949 955 577 242 100 614 385 110 623 368 368 889 268 346 568 823 214 277 824 627 865 856 5 473 629 325 172 141 126 555 211 229 256 191 385 751 791 241 439 172 523 305 441 491 542 248 152 317 912 271 409 487 186 0 606 671 932 86 247 569 82 296 313 553 281 15 783 424 329 
166 732 399 202 751 958 755 858 396 261 940 883 48 623 725 151 971 817 534 334 776 857 942 666 154 987 615 127 2 428 837 267 222 910 895 550 190 562 809 129 433 148 370 322 110 415 634 878 931 218 106 762 586 183 606 0 411 384 850 513 473 324 684 7 692 77 980 918 986 588 
503 740 993 183 598 92 577 515 355 801 455 630 876 622 626 107 897 934 991 423 771 316 135 684 623 780 330 761 356 580 912 903 589 708 97 766 136 844 888 15 213 524 479 111 922 439 383 878 304 847 746 454 944 384 671 411 0 911 394 381 400 463 921 382 516 187 870 717 507 580 
364 945 447 639 252 164 643 320 209 553 709 279 81 589 123 50 916 19 746 472 501 963 23 896 517 449 603 790 607 68 583 791 225 713 132 160 62 297 964 977 283 877 465 397 814 911 68 786 920 511 755 757 976 516 932 384 911 0 871 145 858 207 772 792 721 127 546 783 195 107 
609 644 432 330 786 754 22 390 560 890 672 376 329 695 237 939 70 23 70 232 837 203 302 430 90 302 791 248 32 389 204 435 520 203 115 777 105 92 967 92 844 225 840 216 291 110 26 679 541 543 517 932 915 124 86 850 394 871 0 495 358 235 160 548 976 889 422 817 936 999 
792 526 519 297 240 225 307 66 723 97 47 132 54 340 720 759 530 268 100 693 826 872 607 283 731 957 240 281 194 115 584 791 362 895 767 639 899 548 877 132 757 395 2 669 328 713 255 768 480 345 852 219 326 803 247 513 381 145 495 0 991 67 316 853 875 798 314 462 206 343 
18 420 58 716 995 792 667 170 387 184 939 692 480 394 803 16 166 210 916 764 495 932 452 120 966 267 116 43 420 833 429 276 828 355 418 885 937 884 133 576 249 941 523 312 707 772 437 157 99 374 128 654 431 690 569 473 400 858 358 991 0 851 109 658 376 511 472 948 882 742 
296 421 257 268 658 646 552 452 551 286 449 609 234 810 74 812 842 506 604 545 171 424 600 780 158 722 639 885 973 528 582 123 820 12 597 459 747 949 574 395 339 156 362 90 644 833 845 157 619 726 369 802 430 6 82 324 463 207 235 67 851 0 4 250 923 348 602 474 830 218 
492 196 109 714 798 645 70 838 784 412 418 648 371 313 856 152 595 300 440 200 939 327 24 740 197 854 829 662 416 79 311 902 164 298 964 484 956 441 649 28 755 158 984 656 392 387 709 747 611 831 823 720 781 227 296 684 921 772 160 316 109 4 0 781 356 711 279 201 826 427 
680 224 781 843 504 414 612 532 271 366 159 970 389 200 87 708 661 302 595 364 913 24 614 828 472 257 878 796 14 513 909 799 926 806 750 673 765 779 206 781 835 500 277 1000 352 397 105 36 991 168 398 652 181 420 313 7 382 792 548 853 658 250 781 0 179 272 199 745 516 205 
117 854 301 821 526 259 799 232 4 482 436 521 542 527 327 828 393 704 289 266 518 86 756 402 301 944 768 893 543 560 869 117 820 52 397 919 400 617 117 903 343 921 154 929 455 969 130 597 75 296 286 401 928 374 553 692 516 721 976 875 376 923 356 179 0 284 895 971 762 72 
997 334 360 69 113 987 935 678 97 451 331 44 606 166 641 581 694 931 971 729 388 248 578 170 42 862 618 178 927 446 432 243 752 573 792 746 590 554 965 623 17 512 630 262 920 693 206 207 75 248 405 583 765 260 281 77 187 127 889 798 511 348 711 272 284 0 399 72 938 889 
488 985 329 79 187 706 231 914 442 530 870 214 602 981 430 432 620 714 45 635 570 296 442 940 393 275 989 686 205 675 310 143 735 105 785 435 320 954 156 760 680 831 467 621 937 595 141 974 117 626 29 284 384 291 15 980 870 546 422 314 472 602 279 199 895 399 0 643 950 56 
310 875 626 688 241 144 8 6 98 146 713 545 482 143 702 750 187 692 349 84 418 80 278 732 265 217 921 756 78 46 628 163 877 922 385 911 146 522 849 376 406 27 861 253 858 479 635 687 291 987 430 148 796 601 783 918 717 783 817 462 948 474 201 745 971 72 643 0 611 169 
34 878 259 800 275 969 164 363 522 523 392 104 779 281 292 892 962 479 354 812 237 61 183 965 332 378 224 449 255 920 826 146 281 570 845 28 761 722 418 44 240 51 802 87 150 331 161 233 36 869 274 814 914 948 424 986 507 195 936 206 882 830 826 516 762 938 950 611 0 978 
757 374 213 673 639 506 415 670 764 658 197 557 451 345 442 638 732 448 14 18 298 10 953 132 94 473 280 648 982 114 394 612 636 622 560 911 911 969 957 428 82 69 859 174 314 806 980 322 207 230 765 430 560 593 329 588 580 107 999 343 742 218 427 205 72 889 56 169 978 0 
0 275 963 148 392 404 257 445 271 816 295 252 134 895 284 420 659 143 400 620 156 108 650 954 950 348 115 341 669 182 970 812 18 296 911 912 624 483 732 598 575 611 728 192 154 600 743 696 233 420 687 181 263 106 648 835 498 637 392 209 983 705 509 321 884 4 513 691 967 244 
275 0 170 710 27 177 454 668 278 268 940 764 389 28 460 409 588 490 532 7 159 582 908 576 840 194 307 838 753 713 604 586 965 584 953 958 919 985 998 647 571 267 442 163 350 49 472 520 539 329 213 238 381 636 52 269 261 56 357 475 581 580 805 777 147 667 16 126 123 627 
963 170 0 829 670 40 989 557 508 963 165 886 555 868 653 198 710 767 955 259 532 923 764 894 708 899 315 273 688 253 150 550 178 19 756 370 254 906 675 372 406 974 567 967 667 842 193 993 325 569 507 108 262 379 46 602 8 554 569 482 943 744 892 220 700 641 672 375 742 788 
148 710 829 0 25 987 323 738 56 773 535 330 241 18 57 678 801 492 791 582 210 130 295 127 575 877 860 510 563 365 450 22 276 229 329 124 780 435 493 51 217 235 814 164 784 699 496 429 322 23 124 644 662 416 424 799 818 362 671 704 285 733 287 158 180 932 922 313 201 328 
392 27 670 25 0 293 176 598 349 437 657 819 480 554 767 759 986 316 603 403 754 460 392 465 992 350 179 483 961 787 11 403 445 694 780 916 822 3 790 991 324 855 810 443 530 336 732 112 62 527 274 404 873 615 759 250 403 749 215 761 6 343 203 497 475 888 814 760 726 362 
404 177 40 987 293 0 736 397 707 741 553 437 135 402 170 538 151 138 514 28 852 400 807 451 701 647 565 847 335 330 370 218 108 175 506 178 20 474 104 289 431 115 230 54 222 251 468 647 407 647 90 32 449 381 901 43 909 837 247 776 209 355 356 587 742 14 295 857 32 495 
257 454 989 323 176 736 0 29 443 449 128 734 490 763 873 987 65 742 400 756 164 201 121 489 566 845 60 693 989 731 542 461 211 812 195 50 806 400 370 625 220 251 244 254 626 144 144 984 148 858 592 182 375 855 387 246 424 358 979 694 334 449 931 389 202 66 770 993 837 586 
445 668 557 738 598 397 29 0 311 177 997 840 63 925 450 374 115 361 527 218 462 251 412 586 938 504 682 233 475 652 517 396 833 321 891 941 308 740 124 2 337 997 931 47 609 164 543 299 876 835 353 454 830 695 616 143 486 681 611 935 831 549 163 469 769 323 87 995 638 331 
271 278 508 56 349 707 443 311 0 448 157 862 450 269 472 677 693 877 92 46 551 62 441 367 262 193 459 183 878 399 348 420 799 80 807 232 740 251 993 471 795 407 708 299 985 411 701 9 123 339 267 50 823 662 891 605 646 792 441 278 614 450 217 730 997 904 559 903 479 237 
816 268 963 773 437 741 449 177 448 0 447 213 533 631 313 908 395 756 103 892 152 742 991 719 624 578 721 751 946 51 665 871 117 902 18 722 280 750 166 154 732 20 330 656 306 118 528 524 675 554 945 571 324 124 378 740 200 448 111 904 817 715 589 635 519 550 471 855 478 343 
295 940 165 535 657 553 128 997 157 447 0 171 69 102 807 973 81 626 224 253 649 281 991 76 447 438 385 450 594 557 819 257 25 819 971 905 872 848 330 520 572 682 325 270 410 656 852 603 554 353 403 817 192 69 633 61 546 292 329 954 62 552 583 842 565 670 131 288 609 804 
252 764 886 330 819 437 734 840 862 213 171 0 632 142 839 863 792 865 77 823 632 802 859 271 978 950 609 545 776 467 414 726 292 271 278 565 446 95 874 445 550 343 680 791 553 849 196 572 942 155 975 967 553 231 633 118 371 722 625 869 309 392 353 31 480 957 787 456 897 444 
134 389 555 241 480 135 490 63 450 533 69 632 0 17 612 817 55 709 566 837 973 956 376 828 865 50 149 668 827 653 723 184 845 370 134 141 451 465 68 791 766 920 637 357 952 231 687 396 564 626 361 381 266 730 112 953 125 920 672 947 521 767 630 612 459 395 399 519 222 550 
895 28 868 18 554 402 763 925 269 631 102 142 17 0 869 905 604 983 676 280 683 302 435 309 463 246 402 412 247 406 398 850 273 259 70 970 406 436 725 557 793 604 381 924 28 599 255 257 679 88 476 363 303 207 733 378 379 412 306 661 607 191 688 801 474 835 20 858 720 656 
284 460 653 57 767 170 873 450 472 313 807 839 612 869 0 61 691 820 807 227 518 320 834 320 297 225 54 603 556 601 974 572 641 959 385 554 997 210 443 63 151 524 731 779 633 996 848 283 111 798 111 512 553 522 655 276 375 878 764 281 198 927 145 914 674 360 571 299 709 559 
420 409 198 678 759 538 987 374 677 908 973 863 817 905 61 0 698 179 98 121 557 424 486 601 507 774 873 536 929 911 940 291 549 567 810 186 512 786 928 857 644 827 565 418 165 256 839 54 201 999 129 690 578 129 433 850 894 951 62 242 985 189 849 293 173 420 569 251 109 363 
659 588 710 801 986 151 65 115 693 395 81 792 55 604 691 698 0 393 357 85 314 318 983 775 109 907 573 918 945 532 57 379 526 861 88 230 70 184 759 109 957 193 932 914 584 356 497 352 996 571 337 638 975 105 178 30 104 85 931 471 835 159 406 340 608 307 381 814 39 269 
143 490 767 492 316 138 742 361 877 756 626 865 709 983 820 179 393 0 421 244 886 95 685 659 853 206 965 510 607 806 567 844 994 633 599 187 497 530 889 784 325 517 782 747 817 962 766 412 580 280 890 81 853 671 787 184 67 982 978 733 791 495 701 699 297 70 287 309 522 553 
400 532 955 791 603 514 400 527 92 103 224 77 566 676 807 98 357 421 0 261 202 500 664 111 206 590 507 426 40 556 682 177 859 971 695 435 396 255 411 286 853 517 483 115 660 68 767 525 65 778 979 896 123 918 724 467 10 255 931 901 85 397 561 406 712 30 956 652 647 987 
620 7 259 582 403 28 756 218 46 892 253 823 837 280 227 121 85 244 261 0 66 104 581 374 563 900 160 874 824 165 621 485 401 782 172 363 835 760 980 599 132 627 677 988 498 427 589 795 882 986 789 780 249 992 177 667 578 529 769 308 237 456 801 637 735 272 366 917 189 983 
156 159 532 210 754 852 164 462 551 152 649 632 973 683 518 557 314 886 202 66 0 912 224 565 492 131 499 404 961 961 612 370 263 387 384 114 733 910 20 570 697 90 452 896 501 368 803 879 297 908 381 297 839 524 374 225 230 500 164 175 506 830 62 88 483 613 431 583 764 703 
108 582 923 130 460 400 201 251 62 742 281 802 956 302 320 424 318 95 500 104 912 0 596 481 570 774 640 967 509 262 370 244 137 354 225 857 236 396 121 362 640 921 132 397 310 875 852 892 358 381 241 59 451 788 136 144 685 38 798 129 69 577 674 977 915 753 705 921 940 991 
650 908 764 295 392 807 121 412 441 991 991 859 376 435 834 486 983 685 664 581 224 596 0 693 291 385 660 840 393 651 243 411 602 37 173 351 941 585 164 355 171 559 377 446 99 30 524 435 393 487 780 732 950 601 145 59 866 978 699 394 549 401 977 387 245 423 559 723 818 48 
954 576 894 127 465 451 489 586 367 719 76 271 828 309 320 601 775 659 111 374 565 481 693 0 698 148 972 547 644 379 842 728 699 479 457 936 509 834 941 777 425 224 696 31 179 727 411 132 641 739 202 475 820 313 996 335 317 105 571 718 881 221 261 173 599 831 61 269 36 869 
950 840 708 575 992 701 566 938 262 624 447 978 865 463 297 507 109 853 206 563 492 570 291 698 0 284 596 497 761 208 613 595 483 822 724 351 13 138 135 332 548 935 456 816 279 20 817 126 838 112 465 335 351 697 528 847 378 484 911 270 35 843 804 529 700 959 608 736 669 907 
348 194 899 877 350 647 845 504 193 578 438 950 50 246 225 774 907 206 590 900 131 774 385 148 284 0 389 37 462 400 876 771 559 442 194 702 692 203 421 903 356 196 590 922 755 956 941 111 270 940 744 370 643 832 372 14 221 552 699 44 734 279 147 744 57 139 726 784 623 528 
115 307 315 860 179 565 60 682 459 721 385 609 149 402 54 873 573 965 507 160 499 640 660 972 596 389 0 962 872 319 318 324 274 899 748 741 871 461 61 534 943 641 538 609 817 112 886 825 664 28 60 996 505 331 676 386 671 398 210 761 885 362 172 123 233 383 12 80 777 721 
341 838 273 510 483 847 693 233 183 751 450 545 668 412 603 536 918 510 426 874 404 967 840 547 497 37 962 0 627 78 28 418 345 986 605 757 727 307 388 597 534 802 745 683 457 84 439 852 149 682 524 85 152 77 829 874 240 211 753 720 958 116 339 205 108 823 315 245 552 353 
669 753 688 563 961 335 989 475 878 946 594 776 827 247 556 929 945 607 40 824 961 509 393 644 761 462 872 627 0 788 800 63 483 845 212 810 145 814 579 735 389 389 713 19 37 576 50 759 366 766 289 964 750 994 860 999 645 394 969 807 581 28 585 987 458 74 796 923 746 19 
182 713 253 365 787 330 731 652 399 51 557 467 653 406 601 911 532 806 556 165 961 262 651 379 208 400 319 78 788 0 415 73 135 687 359 262 213 558 588 908 438 255 560 703 168 616 518 908 763 549 466 371 327 865 875 573 421 933 612 886 168 473 922 488 441 555 326 955 81 887 
970 604 150 450 11 370 542 517 348 665 819 414 723 398 974 940 57 567 682 621 612 370 243 842 613 876 318 28 800 415 0 623 928 980 992 433 108 78 389 811 647 898 322 275 730 805 918 354 19 606 426 14 122 404 446 164 89 418 797 417 572 419 690 92 132 569 691 373 175 607 
812 586 550 22 403 218 461 396 420 871 257 726 184 850 572 291 379 844 177 485 370 244 411 728 595 771 324 418 63 73 623 0 858 835 251 804 704 390 354 781 504 101 211 969 912 391 800 844 964 368 817 362 786 20 790 734 98 210 566 210 725 878 99 202 884 758 858 838 855 389 
18 965 178 276 445 108 211 833 799 117 25 292 845 273 641 549 526 994 859 401 263 137 602 699 483 559 274 345 483 135 928 858 0 962 352 117 959 998 460 465 953 359 608 84 758 224 165 792 761 15 556 331 853 264 772 779 412 776 481 639 173 181 837 75 181 249 266 124 720 365 
296 584 19 229 694 175 812 321 80 902 819 271 370 259 959 567 861 633 971 782 387 354 37 479 822 442 899 986 845 687 980 835 962 0 198 421 6 279 138 16 419 45 871 667 777 775 690 997 324 782 463 939 219 73 745 91 293 288 798 106 646 989 703 195 949 428 896 79 431 379 
911 953 756 329 780 506 195 891 807 18 971 278 134 70 385 810 88 599 695 172 384 225 173 457 724 194 748 605 212 359 992 251 352 198 0 867 19 838 188 583 829 548 304 52 644 487 287 317 186 346 867 570 379 726 810 106 904 869 886 234 583 404 37 251 604 209 216 616 156 441 
912 958 370 124 916 178 50 941 232 722 905 565 141 970 554 186 230 187 435 363 114 857 351 936 351 702 741 757 810 262 433 804 117 421 867 0 151 680 63 190 480 690 750 146 163 254 165 376 181 666 645 254 329 82 616 451 235 841 224 362 116 542 517 328 82 255 566 90 973 90 
624 919 254 780 822 20 806 308 740 280 872 446 451 406 997 512 70 497 396 835 733 236 941 509 13 692 871 727 145 213 108 704 959 6 19 151 0 414 375 34 907 572 984 521 991 415 55 25 811 861 828 556 527 294 250 811 865 939 896 102 64 254 45 236 601 411 681 855 240 90 
483 985 906 435 3 474 400 740 251 750 848 95 465 436 210 786 184 530 255 760 910 396 585 834 138 203 461 307 814 558 78 390 998 279 838 680 414 0 747 840 452 757 360 709 634 724 523 272 273 712 636 551 651 287 210 439 157 704 909 453 117 52 560 222 384 447 47 479 279 32 
732 998 675 493 790 104 370 124 993 166 330 874 68 725 443 928 759 889 411 980 20 121 164 941 135 421 61 388 579 588 389 354 460 138 188 63 375 747 0 339 89 521 709 929 422 690 367 90 533 606 930 376 703 804 760 192 113 37 34 124 868 427 352 795 884 36 845 152 583 44 
598 647 372 51 991 289 625 2 471 154 520 445 791 557 63 857 109 784 286 599 570 362 355 777 332 903 534 597 735 908 811 781 465 16 583 190 34 840 339 0 863 396 985 740 965 405 50 681 944 58 273 754 426 179 562 872 986 24 909 869 425 606 973 220 98 378 241 625 957 573 
575 571 406 217 324 431 220 337 795 732 572 550 766 793 151 644 957 325 853 132 697 640 171 425 548 356 943 534 389 438 647 504 953 419 829 480 907 452 89 863 0 329 413 585 973 143 371 35 295 409 289 443 164 229 829 568 788 718 157 244 752 662 246 166 658 984 321 595 761 919 
611 267 974 235 855 115 251 997 407 20 682 343 920 604 524 827 193 517 517 627 90 921 559 224 935 196 641 802 389 255 898 101 359 45 548 690 572 757 521 396 329 0 138 439 334 914 144 57 59 679 460 215 56 193 478 853 477 124 776 606 60 845 843 501 80 489 170 974 950 932 
728 442 567 814 810 230 244 931 708 330 325 680 637 381 731 565 932 782 483 677 452 132 377 696 456 590 538 745 713 560 322 211 608 871 304 750 984 360 709 985 413 138 0 956 361 564 792 366 477 431 314 471 753 808 696 631 522 536 161 999 478 639 17 724 847 371 534 140 199 142 
192 163 967 164 443 54 254 47 299 656 270 791 357 924 779 418 914 747 115 988 896 397 446 31 816 922 609 683 19 703 275 969 84 667 52 146 521 709 929 740 585 439 956 0 788 932 158 579 642 81 971 355 861 97 560 679 890 604 785 332 689 911 345 1 72 739 380 748 914 827 
154 350 667 784 530 222 626 609 985 306 410 553 952 28 633 165 584 817 660 498 501 310 99 179 279 755 817 457 37 168 730 912 758 777 644 163 991 634 422 965 973 334 361 788 0 95 799 203 801 989 129 616 243 565 510 891 79 187 710 673 294 357 609 649 546 81 64 143 851 687 
600 49 842 699 336 251 144 164 411 118 656 849 231 599 996 256 356 962 68 427 368 875 30 727 20 956 112 84 576 616 805 391 224 775 487 254 415 724 690 405 143 914 564 932 95 0 225 265 278 357 591 527 254 637 459 586 562 90 891 288 229 168 614 604 32 308 406 522 670 195 
743 472 193 496 732 468 144 543 701 528 852 196 687 255 848 839 497 766 767 589 803 852 524 411 817 941 886 439 50 518 918 800 165 690 287 165 55 523 367 50 371 144 792 158 799 225 0 38 304 496 305 747 326 759 753 367 618 933 975 746 564 156 292 896 871 795 860 366 840 21 
696 520 993 429 112 647 984 299 9 524 603 572 396 257 283 54 352 412 525 795 879 892 435 132 126 111 825 852 759 908 354 844 792 997 317 376 25 272 90 681 35 57 366 579 203 265 38 0 127 395 638 765 281 444 849 123 123 215 322 233 844 844 254 965 404 794 27 314 768 679 
233 539 325 322 62 407 148 876 123 675 554 942 564 679 111 201 996 580 65 882 297 358 393 641 838 270 664 149 366 763 19 964 761 324 186 181 811 273 533 944 295 59 477 642 801 278 304 127 0 104 478 108 884 191 684 70 697 81 460 521 902 382 390 10 926 926 884 710 965 794 
420 329 569 23 527 647 858 835 339 554 353 155 626 88 798 999 571 280 778 986 908 381 487 739 112 940 28 682 766 549 606 368 15 782 346 666 861 712 606 58 409 679 431 81 989 357 496 395 104 0 308 72 331 334 89 783 154 490 458 656 627 275 170 833 705 753 375 14 132 771 
687 213 507 124 274 90 592 353 267 945 403 975 361 476 111 129 337 890 979 789 381 241 780 202 465 744 60 524 289 466 426 817 556 463 867 645 828 636 930 273 289 460 314 971 129 591 305 638 478 308 0 326 149 268 730 895 255 246 484 149 873 632 178 603 715 596 972 571 727 236 
181 238 108 644 404 32 182 454 50 571 817 967 381 363 512 690 638 81 896 780 297 59 732 475 335 370 996 85 964 371 14 362 331 939 570 254 556 551 376 754 443 215 471 355 616 527 747 765 108 72 326 0 227 964 592 239 547 244 69 782 347 199 281 349 600 418 717 853 187 571 
263 381 262 662 873 449 375 830 823 324 192 553 266 303 553 578 975 853 123 249 839 451 950 820 351 643 505 152 750 327 122 786 853 219 379 329 527 651 703 426 164 56 753 861 243 254 326 281 884 331 149 227 0 748 514 415 57 25 86 675 570 571 220 820 73 236 617 205 87 441 
106 636 379 416 615 381 855 695 662 124 69 231 730 207 522 129 105 671 918 992 524 788 601 313 697 832 331 77 994 865 404 20 264 73 726 82 294 287 804 179 229 193 808 97 565 637 759 444 191 334 268 964 748 0 815 818 617 485 877 198 311 995 774 581 627 741 710 400 53 408 
648 52 46 424 759 901 387 616 891 378 633 633 112 733 655 433 178 787 724 177 374 136 145 996 528 372 676 829 860 875 446 790 772 745 810 616 250 210 760 562 829 478 696 560 510 459 753 849 684 89 730 592 514 815 0 395 330 69 915 754 432 919 705 688 448 720 986 218 577 672 
835 269 602 799 250 43 246 143 605 740 61 118 953 378 276 850 30 184 467 667 225 144 59 335 847 14 386 874 999 573 164 734 779 91 106 451 811 439 192 872 568 853 631 679 891 586 367 123 70 783 895 239 415 818 395 0 590 617 151 488 528 677 317 994 309 924 21 83 15 413 
498 261 8 818 403 909 424 486 646 200 546 371 125 379 375 894 104 67 10 578 230 685 866 317 378 221 671 240 645 421 89 98 412 293 904 235 865 157 113 986 788 477 522 890 79 562 618 123 697 154 255 547 57 617 330 590 0 90 607 620 601 538 80 619 485 814 131 284 494 421 
637 56 554 362 749 837 358 681 792 448 292 722 920 412 878 951 85 982 255 529 500 38 978 105 484 552 398 211 394 933 418 210 776 288 869 841 939 704 37 24 718 124 536 604 187 90 933 215 81 490 246 244 25 485 69 617 90 0 130 856 143 794 229 209 280 874 455 218 806 894 
392 357 569 671 215 247 979 611 441 111 329 625 672 306 764 62 931 978 931 769 164 798 699 571 911 699 210 753 969 612 797 566 481 798 886 224 896 909 34 909 157 776 161 785 710 891 975 322 460 458 484 69 86 877 915 151 607 130 0 506 643 766 841 453 25 112 579 184 65 2 
209 475 482 704 761 776 694 935 278 904 954 869 947 661 281 242 471 733 901 308 175 129 394 718 270 44 761 720 807 886 417 210 639 106 234 362 102 453 124 869 244 606 999 332 673 288 746 233 521 656 149 782 675 198 754 488 620 856 506 0 10 934 685 148 126 203 687 539 795 658 
983 581 943 285 6 209 334 831 614 817 62 309 521 607 198 985 835 791 85 237 506 69 549 881 35 734 885 958 581 168 572 725 173 646 583 116 64 117 868 425 752 60 478 689 294 229 564 844 902 627 873 347 570 311 432 528 601 143 643 10 0 150 892 343 625 490 529 53 119 259 
705 580 744 733 343 355 449 549 450 715 552 392 767 191 927 189 159 495 397 456 830 577 401 221 843 279 362 116 28 473 419 878 181 989 404 542 254 52 427 606 662 845 639 911 357 168 156 844 382 275 632 199 571 995 919 677 538 794 766 934 150 0 997 751 78 653 399 527 171 783 
509 805 892 287 203 356 931 163 217 589 583 353 630 688 145 849 406 701 561 801 62 674 977 261 804 147 172 339 585 922 690 99 837 703 37 517 45 560 352 973 246 843 17 345 609 614 292 254 390 170 178 281 220 774 705 317 80 229 841 685 892 997 0 220 645 290 722 800 175 574 
321 777 220 158 497 587 389 469 730 635 842 31 612 801 914 293 340 699 406 637 88 977 387 173 529 744 123 205 987 488 92 202 75 195 251 328 236 222 795 220 166 501 724 1 649 604 896 965 10 833 603 349 820 581 688 994 619 209 453 148 343 751 220 0 822 729 802 256 485 796 
884 147 700 180 475 742 202 769 997 519 565 480 459 474 674 173 608 297 712 735 483 915 245 599 700 57 233 108 458 441 132 884 181 949 604 82 601 384 884 98 658 80 847 72 546 32 871 404 926 705 715 600 73 627 448 309 485 280 25 126 625 78 645 822 0 717 106 30 239 929 
4 667 641 932 888 14 66 323 904 550 670 957 395 835 360 420 307 70 30 272 613 753 423 831 959 139 383 823 74 555 569 758 249 428 209 255 411 447 36 378 984 489 371 739 81 308 795 794 926 753 596 418 236 741 720 924 814 874 112 203 490 653 290 729 717 0 602 929 63 112 
513 16 672 922 814 295 770 87 559 471 131 787 399 20 571 569 381 287 956 366 431 705 559 61 608 726 12 315 796 326 691 858 266 896 216 566 681 47 845 241 321 170 534 380 64 406 860 27 884 375 972 717 617 710 986 21 131 455 579 687 529 399 722 802 106 602 0 358 51 945 
691 126 375 313 760 857 993 995 903 855 288 456 519 858 299 251 814 309 652 917 583 921 723 269 736 784 80 245 923 955 373 838 124 79 616 90 855 479 152 625 595 974 140 748 143 522 366 314 710 14 571 853 205 400 218 83 284 218 184 539 53 527 800 256 30 929 358 0 390 832 
967 123 742 201 726 32 837 638 479 478 609 897 222 720 709 109 39 522 647 189 764 940 818 36 669 623 777 552 746 81 175 855 720 431 156 973 240 279 583 957 761 950 199 914 851 670 840 768 965 132 727 187 87 53 577 15 494 806 65 795 119 171 175 485 239 63 51 390 0 23 
244 627 788 328 362 495 586 331 237 343 804 444 550 656 559 363 269 553 987 983 703 991 48 869 907 528 721 353 19 887 607 389 365 379 441 90 90 32 44 573 919 932 142 827 687 195 21 679 794 771 236 571 441 408 672 413 421 894 2 658 259 783 574 796 929 112 945 832 23 0 
0 275 963 148 392 404 257 445 271 816 295 252 134 895 284 420 659 143 400 620 156 108 650 954 950 348 115 341 669 182 970 812 18 296 911 912 624 483 732 598 575 611 728 192 154 600 743 696 233 420 687 181 263 106 648 835 498 637 392 209 983 705 509 321 884 4 513 691 967 244 
275 0 170 710 27 177 454 668 278 268 940 764 389 28 460 409 588 490 532 7 159 582 908 576 840 194 307 838 753 713 604 586 965 584 953 958 919 985 998 647 571 267 442 163 350 49 472 520 539 329 213 238 381 636 52 269 261 56 357 475 581 580 805 777 147 667 16 126 123 627 
963 170 0 829 670 40 989 557 508 963 165 886 555 868 653 198 710 767 955 259 532 923 764 894 708 899 315 273 688 253 150 550 178 19 756 370 254 906 675 372 406 974 567 967 667 842 193 993 325 569 507 108 262 379 46 602 8 554 569 482 943 744 892 220 700 641 672 375 742 788 
148 710 829 0 25 987 323 738 56 773 535 330 241 18 57 678 801 492 791 582 210 130 295 127 575 877 860 510 563 365 450 22 276 229 329 124 780 435 493 51 217 235 814 164 784 699 496 429 322 23 124 644 662 416 424 799 818 362 671 704 285 733 287 158 180 932 922 313 201 328 
392 27 670 25 0 293 176 598 349 437 657 819 480 554 767 759 986 316 603 403 754 460 392 465 992 350 179 483 961 787 11 403 445 694 780 916 822 3 790 991 324 855 810 443 530 336 732 112 62 527 274 404 873 615 759 250 403 749 215 761 6 343 203 497 475 888 814 760 726 362 
404 177 40 987 293 0 736 397 707 741 553 437 135 402 170 538 151 138 514 28 852 400 807 451 701 647 565 847 335 330 370 218 108 175 506 178 20 474 104 289 431 115 230 54 222 251 468 647 407 647 90 32 449 381 901 43 909 837 247 776 209 355 356 587 742 14 295 857 32 495 
257 454 989 323 176 736 0 29 443 449 128 734 490 763 873 987 65 742 400 756 164 201 121 489 566 845 60 693 989 731 542 461 211 812 195 50 806 400 370 625 220 251 244 254 626 144 144 984 148 858 592 182 375 855 387 246 424 358 979 694 334 449 931 389 202 66 770 993 837 586 
445 668 557 738 598 397 29 0 311 177 997 840 63 925 450 374 115 361 527 218 462 251 412 586 938 504 682 233 475 652 517 396 833 321 891 941 308 740 124 2 337 997 931 47 609 164 543 299 876 835 353 454 830 695 616 143 486 681 611 935 831 549 163 469 769 323 87 995 638 331 
271 278 508 56 349 707 443 311 0 448 157 862 450 269 472 677 693 877 92 46 551 62 441 367 262 193 459 183 878 399 348 420 799 80 807 232 740 251 993 471 795 407 708 299 985 411 701 9 123 339 267 50 823 662 891 605 646 792 441 278 614 450 217 730 997 904 559 903 479 237 
816 268 963 773 437 741 449 177 448 0 447 213 533 631 313 908 395 756 103 892 152 742 991 719 624 578 721 751 946 51 665 871 117 902 18 722 280 750 166 154 732 20 330 656 306 118 528 524 675 554 945 571 324 124 378 740 200 448 111 904 817 715 589 635 519 550 471 855 478 343 
295 940 165 535 657 553 128 997 157 447 0 171 69 102 807 973 81 626 224 253 649 281 991 76 447 438 385 450 594 557 819 257 25 819 971 905 872 848 330 520 572 682 325 270 410 656 852 603 554 353 403 817 192 69 633 61 546 292 329 954 62 552 583 842 565 670 131 288 609 804 
252 764 886 330 819 437 734 840 862 213 171 0 632 142 839 863 792 865 77 823 632 802 859 271 978 950 609 545 776 467 414 726 292 271 278 565 446 95 874 445 550 343 680 791 553 849 196 572 942 155 975 967 553 231 633 118 371 722 625 869 309 392 353 31 480 957 787 456 897 444 
134 389 555 241 480 135 490 63 450 533 69 632 0 17 612 817 55 709 566 837 973 956 376 828 865 50 149 668 827 653 723 184 845 370 134 141 451 465 68 791 766 920 637 357 952 231 687 396 564 626 361 381 266 730 112 953 125 920 672 947 521 767 630 612 459 395 399 519 222 550 
895 28 868 18 554 402 763 925 269 631 102 142 17 0 869 905 604 983 676 280 683 302 435 309 463 246 402 412 247 406 398 850 273 259 70 970 406 436 725 557 793 604 381 924 28 599 255 257 679 88 476 363 303 207 733 378 379 412 306 661 607 191 688 801 474 835 20 858 720 656 
284 460 653 57 767 170 873 450 472 313 807 839 612 869 0 61 691 820 807 227 518 320 834 320 297 225 54 603 556 601 974 572 641 959 385 554 997 210 443 63 151 524 731 779 633 996 848 283 111 798 111 512 553 522 655 276 375 878 764 281 198 927 145 914 674 360 571 299 709 559 
420 409 198 678 759 538 987 374 677 908 973 863 817 905 61 0 698 179 98 121 557 424 486 601 507 774 873 536 929 911 940 291 549 567 810 186 512 786 928 857 644 827 565 418 165 256 839 54 201 999 129 690 578 129 433 850 894 951 62 242 985 189 849 293 173 420 569 251 109 363 
659 588 710 801 986 151 65 115 693 395 81 792 55 604 691 698 0 393 357 85 314 318 983 775 109 907 573 918 945 532 57 379 526 861 88 230 70 184 759 109 957 193 932 914 584 356 497 352 996 571 337 638 975 105 178 30 104 85 931 471 835 159 406 340 608 307 381 814 39 269 
143 490 767 492 316 138 742 361 877 756 626 865 709 983 820 179 393 0 421 244 886 95 685 659 853 206 965 510 607 806 567 844 994 633 599 187 497 530 889 784 325 517 782 747 817 962 766 412 580 280 890 81 853 671 787 184 67 982 978 733 791 495 701 699 297 70 287 309 522 553 
400 532 955 791 603 514 400 527 92 103 224 77 566 676 807 98 357 421 0 261 202 500 664 111 206 590 507 426 40 556 682 177 859 971 695 435 396 255 411 286 853 517 483 115 660 68 767 525 65 778 979 896 123 918 724 467 10 255 931 901 85 397 561 406 712 30 956 652 647 987 
620 7 259 582 403 28 756 218 46 892 253 823 837 280 227 121 85 244 261 0 66 104 581 374 563 900 160 874 824 165 621 485 401 782 172 363 835 760 980 599 132 627 677 988 498 427 589 795 882 986 789 780 249 992 177 667 578 529 769 308 237 456 801 637 735 272 366 917 189 983 
156 159 532 210 754 852 164 462 551 152 649 632 973 683 518 557 314 886 202 66 0 912 224 565 492 131 499 404 961 961 612 370 263 387 384 114 733 910 20 570 697 90 452 896 501 368 803 879 297 908 381 297 839 524 374 225 230 500 164 175 506 830 62 88 483 613 431 583 764 703 
108 582 923 130 460 400 201 251 62 742 281 802 956 302 320 424 318 95 500 104 912 0 596 481 570 774 640 967 509 262 370 244 137 354 225 857 236 396 121 362 640 921 132 397 310 875 852 892 358 381 241 59 451 788 136 144 685 38 798 129 69 577 674 977 915 753 705 921 940 991 
650 908 764 295 392 807 121 412 441 991 991 859 376 435 834 486 983 685 664 581 224 596 0 693 291 385 660 840 393 651 243 411 602 37 173 351 941 585 164 355 171 559 377 446 99 30 524 435 393 487 780 732 950 601 145 59 866 978 699 394 549 401 977 387 245 423 559 723 818 48 
954 576 894 127 465 451 489 586 367 719 76 271 828 309 320 601 775 659 111 374 565 481 693 0 698 148 972 547 644 379 842 728 699 479 457 936 509 834 941 777 425 224 696 31 179 727 411 132 641 739 202 475 820 313 996 335 317 105 571 718 881 221 261 173 599 831 61 269 36 869 
950 840 708 575 992 701 566 938 262 624 447 978 865 463 297 507 109 853 206 563 492 570 291 698 0 284 596 497 761 208 613 595 483 822 724 351 13 138 135 332 548 935 456 816 279 20 817 126 838 112 465 335 351 697 528 847 378 484 911 270 35 843 804 529 700 959 608 736 669 907 
348 194 899 877 350 647 845 504 193 578 438 950 50 246 225 774 907 206 590 900 131 774 385 148 284 0 389 37 462 400 876 771 559 442 194 702 692 203 421 903 356 196 590 922 755 956 941 111 270 940 744 370 643 832 372 14 221 552 699 44 734 279 147 744 57 139 726 784 623 528 
115 307 315 860 179 565 60 682 459 721 385 609 149 402 54 873 573 965 507 160 499 640 660 972 596 389 0 962 872 319 318 324 274 899 748 741 871 461 61 534 943 641 538 609 817 112 886 825 664 28 60 996 505 331 676 386 671 398 210 761 885 362 172 123 233 383 12 80 777 721 
341 838 273 510 483 847 693 233 183 751 450 545 668 412 603 536 918 510 426 874 404 967 840 547 497 37 962 0 627 78 28 418 345 986 605 757 727 307 388 597 534 802 745 683 457 84 439 852 149 682 524 85 152 77 829 874 240 211 753 720 958 116 339 205 108 823 315 245 552 353 
669 753 688 563 961 335 989 475 878 946 594 776 827 247 556 929 945 607 40 824 961 509 393 644 761 462 872 627 0 788 800 63 483 845 212 810 145 814 579 735 389 389 713 19 37 576 50 759 366 766 289 964 750 994 860 999 645 394 969 807 581 28 585 987 458 74 796 923 746 19 
182 713 253 365 787 330 731 652 399 51 557 467 653 406 601 911 532 806 556 165 961 262 651 379 208 400 319 78 788 0 415 73 135 687 359 262 213 558 588 908 438 255 560 703 168 616 518 908 763 549 466 371 327 865 875 573 421 933 612 886 168 473 922 488 441 555 326 955 81 887 
970 604 150 450 11 370 542 517 348 665 819 414 723 398 974 940 57 567 682 621 612 370 243 842 613 876 318 28 800 415 0 623 928 980 992 433 108 78 389 811 647 898 322 275 730 805 918 354 19 606 426 14 122 404 446 164 89 418 797 417 572 419 690 92 132 569 691 373 175 607 
812 586 550 22 403 218 461 396 420 871 257 726 184 850 572 291 379 844 177 485 370 244 411 728 595 771 324 418 63 73 623 0 858 835 251 804 704 390 354 781 504 101 211 969 912 391 800 844 964 368 817 362 786 20 790 734 98 210 566 210 725 878 99 202 884 758 858 838 855 389 
18 965 178 276 445 108 211 833 799 117 25 292 845 273 641 549 526 994 859 401 263 137 602 699 483 559 274 345 483 135 928 858 0 962 352 117 959 998 460 465 953 359 608 84 758 224 165 792 761 15 556 331 853 264 772 779 412 776 481 639 173 181 837 75 181 249 266 124 720 365 
296 584 19 229 694 175 812 321 80 902 819 271 370 259 959 567 861 633 971 782 387 354 37 479 822 442 899 986 845 687 980 835 962 0 198 421 6 279 138 16 419 45 871 667 777 775 690 997 324 782 463 939 219 73 745 91 293 288 798 106 646 989 703 195 949 428 896 79 431 379 
911 953 756 329 780 506 195 891 807 18 971 278 134 70 385 810 88 599 695 172 384 225 173 457 724 194 748 605 212 359 992 251 352 198 0 867 19 838 188 583 829 548 304 52 644 487 287 317 186 346 867 570 379 726 810 106 904 869 886 234 583 404 37 251 604 209 216 616 156 441 
912 958 370 124 916 178 50 941 232 722 905 565 141 970 554 186 230 187 435 363 114 857 351 936 351 702 741 757 810 262 433 804 117 421 867 0 151 680 63 190 480 690 750 146 163 254 165 376 181 666 645 254 329 82 616 451 235 841 224 362 116 542 517 328 82 255 566 90 973 90 
624 919 254 780 822 20 806 308 740 280 872 446 451 406 997 512 70 497 396 835 733 236 941 509 13 692 871 727 145 213 108 704 959 6 19 151 0 414 375 34 907 572 984 521 991 415 55 25 811 861 828 556 527 294 250 811 865 939 896 102 64 254 45 236 601 411 681 855 240 90 
483 985 906 435 3 474 400 740 251 750 848 95 465 436 210 786 184 530 255 760 910 396 585 834 138 203 461 307 814 558 78 390 998 279 838 680 414 0 747 840 452 757 360 709 634 724 523 272 273 712 636 551 651 287 210 439 157 704 909 453 117 52 560 222 384 447 47 479 279 32 
732 998 675 493 790 104 370 124 993 166 330 874 68 725 443 928 759 889 411 980 20 121 164 941 135 421 61 388 579 588 389 354 460 138 188 63 375 747 0 339 89 521 709 929 422 690 367 90 533 606 930 376 703 804 760 192 113 37 34 124 868 427 352 795 884 36 845 152 583 44 
598 647 372 51 991 289 625 2 471 154 520 445 791 557 63 857 109 784 286 599 570 362 355 777 332 903 534 597 735 908 811 781 465 16 583 190 34 840 339 0 863 396 985 740 965 405 50 681 944 58 273 754 426 179 562 872 986 24 909 869 425 606 973 220 98 378 241 625 957 573 
575 571 406 217 324 431 220 337 795 732 572 550 766 793 151 644 957 325 853 132 697 640 171 425 548 356 943 534 389 438 647 504 953 419 829 480 907 452 89 863 0 329 413 585 973 143 371 35 295 409 289 443 164 229 829 568 788 718 157 244 752 662 246 166 658 984 321 595 761 919 
611 267 974 235 855 115 251 997 407 20 682 343 920 604 524 827 193 517 517 627 90 921 559 224 935 196 641 802 389 255 898 101 359 45 548 690 572 757 521 396 329 0 138 439 334 914 144 57 59 679 460 215 56 193 478 853 477 124 776 606 60 845 843 501 80 489 170 974 950 932 
728 442 567 814 810 230 244 931 708 330 325 680 637 381 731 565 932 782 483 677 452 132 377 696 456 590 538 745 713 560 322 211 608 871 304 750 984 360 709 985 413 138 0 956 361 564 792 366 477 431 314 471 753 808 696 631 522 536 161 999 478 639 17 724 847 371 534 140 199 142 
192 163 967 164 443 54 254 47 299 656 270 791 357 924 779 418 914 747 115 988 896 397 446 31 816 922 609 683 19 703 275 969 84 667 52 146 521 709 929 740 585 439 956 0 788 932 158 579 642 81 971 355 861 97 560 679 890 604 785 332 689 911 345 1 72 739 380 748 914 827 
154 350 667 784 530 222 626 609 985 306 410 553 952 28 633 165 584 817 660 498 501 310 99 179 279 755 817 457 37 168 730 912 758 777 644 163 991 634 422 965 973 334 361 788 0 95 799 203 801 989 129 616 243 565 510 891 79 187 710 673 294 357 609 649 546 81 64 143 851 687 
600 49 842 699 336 251 144 164 411 118 656 849 231 599 996 256 356 962 68 427 368 875 30 727 20 956 112 84 576 616 805 391 224 775 487 254 415 724 690 405 143 914 564 932 95 0 225 265 278 357 591 527 254 637 459 586 562 90 891 288 229 168 614 604 32 308 406 522 670 195 
743 472 193 496 732 468 144 543 701 528 852 196 687 255 848 839 497 766 767 589 803 852 524 411 817 941 886 439 50 518 918 800 165 690 287 165 55 523 367 50 371 144 792 158 799 225 0 38 304 496 305 747 326 759 753 367 618 933 975 746 564 156 292 896 871 795 860 366 840 21 
696 520 993 429 112 647 984 299 9 524 603 572 396 257 283 54 352 412 525 795 879 892 435 132 126 111 825 852 759 908 354 844 792 997 317 376 25 272 90 681 35 57 366 579 203 265 38 0 127 395 638 765 281 444 849 123 123 215 322 233 844 844 254 965 404 794 27 314 768 679 
233 539 325 322 62 407 148 876 123 675 554 942 564 679 111 201 996 580 65 882 297 358 393 641 838 270 664 149 366 763 19 964 761 324 186 181 811 273 533 944 295 59 477 642 801 278 304 127 0 104 478 108 884 191 684 70 697 81 460 521 902 382 390 10 926 926 884 710 965 794 
420 329 569 23 527 647 858 835 339 554 353 155 626 88 798 999 571 280 778 986 908 381 487 739 112 940 28 682 766 549 606 368 15 782 346 666 861 712 606 58 409 679 431 81 989 357 496 395 104 0 308 72 331 334 89 783 154 490 458 656 627 275 170 833 705 753 375 14 132 771 
687 213 507 124 274 90 592 353 267 945 403 975 361 476 111 129 337 890 979 789 381 241 780 202 465 744 60 524 289 466 426 817 556 463 867 645 828 636 930 273 289 460 314 971 129 591 305 638 478 308 0 326 149 268 730 895 255 246 484 149 873 632 178 603 715 596 972 571 727 236 
181 238 108 644 404 32 182 454 50 571 817 967 381 363 512 690 638 81 896 780 297 59 732 475 335 370 996 85 964 371 14 362 331 939 570 254 556 551 376 754 443 215 471 355 616 527 747 765 108 72 326 0 227 964 592 239 547 244 69 782 347 199 281 349 600 418 717 853 187 571 
263 381 262 662 873 449 375 830 823 324 192 553 266 303 553 578 975 853 123 249 839 451 950 820 351 643 505 152 750 327 122 786 853 219 379 329 527 651 703 426 164 56 753 861 243 254 326 281 884 331 149 227 0 748 514 415 57 25 86 675 570 571 220 820 73 236 617 205 87 441 
106 636 379 416 615 381 855 695 662 124 69 231 730 207 522 129 105 671 918 992 524 788 601 313 697 832 331 77 994 865 404 20 264 73 726 82 294 287 804 179 229 193 808 97 565 637 759 444 191 334 268 964 748 0 815 818 617 485 877 198 311 995 774 581 627 741 710 400 53 408 
648 52 46 424 759 901 387 616 891 378 633 633 112 733 655 433 178 787 724 177 374 136 145 996 528 372 676 829 860 875 446 790 772 745 810 616 250 210 760 562 829 478 696 560 510 459 753 849 684 89 730 592 514 815 0 395 330 69 915 754 432 919 705 688 448 720 986 218 577 672 
835 269 602 799 250 43 246 143 605 740 61 118 953 378 276 850 30 184 467 667 225 144 59 335 847 14 386 874 999 573 164 734 779 91 106 451 811 439 192 872 568 853 631 679 891 586 367 123 70 783 895 239 415 818 395 0 590 617 151 488 528 677 317 994 309 924 21 83 15 413 
498 261 8 818 403 909 424 486 646 200 546 371 125 379 375 894 104 67 10 578 230 685 866 317 378 221 671 240 645 421 89 98 412 293 904 235 865 157 113 986 788 477 522 890 79 562 618 123 697 154 255 547 57 617 330 590 0 90 607 620 601 538 80 619 485 814 131 284 494 421 
637 56 554 362 749 837 358 681 792 448 292 722 920 412 878 951 85 982 255 529 500 38 978 105 484 552 398 211 394 933 418 210 776 288 869 841 939 704 37 24 718 124 536 604 187 90 933 215 81 490 246 244 25 485 69 617 90 0 130 856 143 794 229 209 280 874 455 218 806 894 
392 357 569 671 215 247 979 611 441 111 329 625 672 306 764 62 931 978 931 769 164 798 699 571 911 699 210 753 969 612 797 566 481 798 886 224 896 909 34 909 157 776 161 785 710 891 975 322 460 458 484 69 86 877 915 151 607 130 0 506 643 766 841 453 25 112 579 184 65 2 
209 475 482 704 761 776 694 935 278 904 954 869 947 661 281 242 471 733 901 308 175 129 394 718 270 44 761 720 807 886 417 210 639 106 234 362 102 453 124 869 244 606 999 332 673 288 746 233 521 656 149 782 675 198 754 488 620 856 506 0 10 934 685 148 126 203 687 539 795 658 
983 581 943 285 6 209 334 831 614 817 62 309 521 607 198 985 835 791 85 237 506 69 549 881 35 734 885 958 581 168 572 725 173 646 583 116 64 117 868 425 752 60 478 689 294 229 564 844 902 627 873 347 570 311 432 528 601 143 643 10 0 150 892 343 625 490 529 53 119 259 
705 580 744 733 343 355 449 549 450 715 552 392 767 191 927 189 159 495 397 456 830 577 401 221 843 279 362 116 28 473 419 878 181 989 404 542 254 52 427 606 662 845 639 911 357 168 156 844 382 275 632 199 571 995 919 677 538 794 766 934 150 0 997 751 78 653 399 527 171 783 
509 805 892 287 203 356 931 163 217 589 583 353 630 688 145 849 406 701 561 801 62 674 977 261 804 147 172 339 585 922 690 99 837 703 37 517 45 560 352 973 246 843 17 345 609 614 292 254 390 170 178 281 220 774 705 317 80 229 841 685 892 997 0 220 645 290 722 800 175 574 
321 777 220 158 497 587 389 469 730 635 842 31 612 801 914 293 340 699 406 637 88 977 387 173 529 744 123 205 987 488 92 202 75 195 251 328 236 222 795 220 166 501 724 1 649 604 896 965 10 833 603 349 820 581 688 994 619 209 453 148 343 751 220 0 822 729 802 256 485 796 
884 147 700 180 475 742 202 769 997 519 565 480 459 474 674 173 608 297 712 735 483 915 245 599 700 57 233 108 458 441 132 884 181 949 604 82 601 384 884 98 658 80 847 72 546 32 871 404 926 705 715 600 73 627 448 309 485 280 25 126 625 78 645 822 0 717 106 30 239 929 
4 667 641 932 888 14 66 323 904 550 670 957 395 835 360 420 307 70 30 272 613 753 423 831 959 139 383 823 74 555 569 758 249 428 209 255 411 447 36 378 984 489 371 739 81 308 795 794 926 753 596 418 236 741 720 924 814 874 112 203 490 653 290 729 717 0 602 929 63 112 
513 16 672 922 814 295 770 87 559 471 131 787 399 20 571 569 381 287 956 366 431 705 559 61 608 726 12 315 796 326 691 858 266 896 216 566 681 47 845 241 321 170 534 380 64 406 860 27 884 375 972 717 617 710 986 21 131 455 579 687 529 399 722 802 106 602 0 358 51 945 
691 126 375 313 760 857 993 995 903 855 288 456 519 858 299 251 814 309 652 917 583 921 723 269 736 784 80 245 923 955 373 838 124 79 616 90 855 479 152 625 595 974 140 748 143 522 366 314 710 14 571 853 205 400 218 83 284 218 184 539 53 527 800 256 30 929 358 0 390 832 
967 123 742 201 726 32 837 638 479 478 609 897 222 720 709 109 39 522 647 189 764 940 818 36 669 623 777 552 746 81 175 855 720 431 156 973 240 279 583 957 761 950 199 914 851 670 840 768 965 132 727 187 87 53 577 15 494 806 65 795 119 171 175 485 239 63 51 390 0 23 
244 627 788 328 362 495 586 331 237 343 804 444 550 656 559 363 269 553 987 983 703 991 48 869 907 528 721 353 19 887 607 389 365 379 441 90 90 32 44 573 919 932 142 827 687 195 21 679 794 771 236 571 441 408 672 413 421 894 2 658 259 783 574 796 929 112 945 832 23 0 
