7 3
0 813 105 728 495 748 590 
813 0 377 463 378 892 566 
105 377 0 940 425 230 694 
728 463 940 0 205 867 517 
495 378 425 205 0 399 457 
748 892 230 867 399 0 171 
590 566 694 517 457 171 0 
0 765 881 626 277 237 484 
765 0 264 124 621 328 633 
881 264 0 636 273 956 529 
626 124 636 0 557 346 235 
277 621 273 557 0 442 608 
237 328 956 346 442 0 221 
484 633 529 235 608 221 0 
0 49 123 397 662 808 482 
49 0 884 807 373 695 163 
123 884 0 303 732 77 412 
397 807 303 0 492 731 716 
662 373 732 492 0 547 351 
808 695 77 731 547 0 641 
482 163 412 716 351 641 0 
0 119 41 356 711 762 571 
119 0 766 846 387 702 353 
41 766 0 406 888 194 569 
356 846 406 0 680 527 916 
711 387 888 680 0 507 407 
762 702 194 527 507 0 752 
571 353 569 916 407 752 0 
