50 4
0 370 414 515 363 386 22 327 909 500 422 102 296 620 494 256 355 909 721 598 169 791 930 4 479 677 161 739 860 296 100 37 660 912 826 954 20 586 429 680 980 749 570 268 336 408 21 616 832 674 
370 0 394 315 397 836 816 921 312 84 358 30 402 430 895 964 899 598 402 128 553 637 814 425 153 855 495 733 417 996 818 331 796 131 422 408 868 789 676 971 400 724 537 647 271 674 792 416 83 375 
414 394 0 810 848 831 61 860 861 152 534 676 677 972 525 886 786 404 91 965 616 824 354 121 517 8 126 876 43 134 149 628 458 27 264 192 767 167 275 922 518 573 805 984 720 837 208 495 577 477 
515 315 810 0 369 69 85 501 22 229 689 392 173 971 943 284 556 146 607 555 538 947 511 429 954 925 476 916 131 952 867 721 73 264 642 997 396 857 289 624 748 715 35 877 942 920 526 811 779 101 
363 397 848 369 0 903 614 886 551 990 197 153 567 647 773 135 8 61 507 864 621 955 838 374 342 964 244 347 214 926 27 437 270 98 635 784 694 344 877 640 381 975 798 719 441 975 55 88 424 985 
386 836 831 69 903 0 706 668 565 403 472 894 581 446 397 900 887 287 407 719 279 113 797 603 652 687 300 282 168 213 625 39 231 803 386 263 19 814 594 874 610 3 248 238 185 958 917 533 742 11 
22 816 61 85 614 706 0 702 156 818 709 814 314 881 324 827 410 723 900 488 903 600 777 419 763 158 938 844 83 638 546 580 677 694 113 276 855 94 700 477 336 960 511 523 849 725 60 348 258 197 
327 921 860 501 886 668 702 0 581 604 73 294 526 803 207 363 518 844 733 622 705 506 486 476 826 841 635 598 404 469 235 774 365 372 766 109 94 954 725 995 173 251 451 783 835 743 994 946 640 344 
909 312 861 22 551 565 156 581 0 977 491 242 904 200 993 594 528 617 223 152 707 410 566 218 162 846 756 881 483 741 72 520 88 804 599 153 319 692 580 679 977 299 314 491 199 702 656 343 961 756 
500 84 152 229 990 403 818 604 977 0 717 833 672 85 186 404 71 258 836 162 626 164 229 114 536 447 933 197 615 391 603 942 32 122 401 809 225 437 423 562 765 263 541 503 661 794 79 511 352 640 
422 358 534 689 197 472 709 73 491 717 0 900 42 897 241 676 127 349 108 499 179 231 674 234 433 684 387 521 211 404 522 390 665 186 895 49 227 454 689 260 274 395 623 829 758 322 117 62 672 389 
102 30 676 392 153 894 814 294 242 833 900 0 833 910 187 410 74 126 30 553 166 941 432 606 706 306 32 29 51 555 476 505 407 6 232 267 743 361 709 878 495 624 377 71 366 434 165 327 199 116 
296 402 677 173 567 581 314 526 904 672 42 833 0 828 261 237 24 213 661 207 633 899 210 965 47 614 174 226 240 971 577 971 246 957 889 4 304 88 280 682 451 799 264 114 699 755 262 593 72 966 
620 430 972 971 647 446 881 803 200 85 897 910 828 0 124 358 857 636 271 321 471 810 575 728 444 462 160 572 130 908 461 196 587 211 388 354 475 296 142 593 128 37 995 171 596 619 924 452 812 476 
494 895 525 943 773 397 324 207 993 186 241 187 261 124 0 519 147 460 778 50 574 504 212 299 670 248 88 652 51 228 31 540 556 647 836 475 642 166 589 785 276 288 436 14 828 281 36 662 235 886 
256 964 886 284 135 900 827 363 594 404 676 410 237 358 519 0 545 760 579 255 881 847 120 686 450 841 474 183 979 980 469 616 165 732 571 31 778 788 525 823 475 161 57 386 238 268 334 185 342 639 
355 899 786 556 8 887 410 518 528 71 127 74 24 857 147 545 0 574 165 431 51 178 906 194 144 236 422 784 634 133 363 439 690 474 637 98 684 293 370 870 335 643 438 330 528 754 169 168 686 808 
909 598 404 146 61 287 723 844 617 258 349 126 213 636 460 760 574 0 509 484 660 261 414 251 419 940 722 714 300 466 141 534 936 126 396 46 61 717 279 302 942 414 338 178 243 571 168 937 500 476 
721 402 91 607 507 407 900 733 223 836 108 30 661 271 778 579 165 509 0 879 239 153 171 586 218 665 312 22 113 266 46 66 966 648 636 332 562 395 682 338 776 266 147 779 177 221 712 771 977 15 
598 128 965 555 864 719 488 622 152 162 499 553 207 321 50 255 431 484 879 0 449 676 334 340 26 496 810 138 62 721 302 439 858 405 90 150 14 658 778 642 99 729 769 310 56 106 540 456 371 845 
169 553 616 538 621 279 903 705 707 626 179 166 633 471 574 881 51 660 239 449 0 466 865 912 878 495 222 348 816 853 567 900 219 456 25 342 860 49 782 15 89 376 322 998 941 339 661 441 39 861 
791 637 824 947 955 113 600 506 410 164 231 941 899 810 504 847 178 261 153 676 466 0 279 545 816 918 13 154 801 1000 216 226 69 198 780 661 252 519 511 452 874 967 267 752 326 592 69 198 378 667 
930 814 354 511 838 797 777 486 566 229 674 432 210 575 212 120 906 414 171 334 865 279 0 656 194 197 645 957 266 242 55 563 400 878 224 400 960 261 102 198 466 712 379 389 82 805 155 837 56 568 
4 425 121 429 374 603 419 476 218 114 234 606 965 728 299 686 194 251 586 340 912 545 656 0 332 630 182 793 567 664 428 870 836 748 444 456 326 553 361 910 390 589 804 627 995 891 770 113 871 412 
479 153 517 954 342 652 763 826 162 536 433 706 47 444 670 450 144 419 218 26 878 816 194 332 0 156 652 737 669 480 740 211 697 463 729 86 650 425 502 232 131 327 148 46 586 550 170 445 56 414 
677 855 8 925 964 687 158 841 846 447 684 306 614 462 248 841 236 940 665 496 495 918 197 630 156 0 272 300 136 610 297 302 798 654 807 460 950 774 731 621 674 987 315 670 462 325 389 974 299 853 
161 495 126 476 244 300 938 635 756 933 387 32 174 160 88 474 422 722 312 810 222 13 645 182 652 272 0 663 127 65 936 182 431 389 346 188 546 94 278 23 236 945 39 767 486 444 908 648 931 378 
739 733 876 916 347 282 844 598 881 197 521 29 226 572 652 183 784 714 22 138 348 154 957 793 737 300 663 0 614 10 857 365 314 232 43 316 46 624 824 253 390 666 93 293 171 416 7 38 185 891 
860 417 43 131 214 168 83 404 483 615 211 51 240 130 51 979 634 300 113 62 816 801 266 567 669 136 127 614 0 116 339 715 948 264 976 535 91 294 98 148 287 273 463 474 247 760 806 801 641 473 
296 996 134 952 926 213 638 469 741 391 404 555 971 908 228 980 133 466 266 721 853 1000 242 664 480 610 65 10 116 0 962 189 901 13 145 353 21 911 10 244 528 213 313 740 410 420 62 374 349 491 
100 818 149 867 27 625 546 235 72 603 522 476 577 461 31 469 363 141 46 302 567 216 55 428 740 297 936 857 339 962 0 102 919 702 729 382 493 480 504 69 757 807 118 463 807 915 26 557 101 798 
37 331 628 721 437 39 580 774 520 942 390 505 971 196 540 616 439 534 66 439 900 226 563 870 211 302 182 365 715 189 102 0 736 916 785 883 953 185 869 381 427 716 991 837 260 512 811 802 112 282 
660 796 458 73 270 231 677 365 88 32 665 407 246 587 556 165 690 936 966 858 219 69 400 836 697 798 431 314 948 901 919 736 0 381 717 195 459 62 496 74 112 820 121 525 880 406 190 934 441 789 
912 131 27 264 98 803 694 372 804 122 186 6 957 211 647 732 474 126 648 405 456 198 878 748 463 654 389 232 264 13 702 916 381 0 625 275 806 793 748 733 998 6 586 907 377 243 369 534 654 263 
826 422 264 642 635 386 113 766 599 401 895 232 889 388 836 571 637 396 636 90 25 780 224 444 729 807 346 43 976 145 729 785 717 625 0 299 10 778 823 615 175 707 381 461 19 844 929 317 734 539 
954 408 192 997 784 263 276 109 153 809 49 267 4 354 475 31 98 46 332 150 342 661 400 456 86 460 188 316 535 353 382 883 195 275 299 0 975 22 603 305 192 897 837 276 15 337 121 777 711 18 
20 868 767 396 694 19 855 94 319 225 227 743 304 475 642 778 684 61 562 14 860 252 960 326 650 950 546 46 91 21 493 953 459 806 10 975 0 999 905 492 182 542 589 815 176 739 195 452 421 556 
586 789 167 857 344 814 94 954 692 437 454 361 88 296 166 788 293 717 395 658 49 519 261 553 425 774 94 624 294 911 480 185 62 793 778 22 999 0 737 121 785 399 914 563 423 663 485 346 160 583 
429 676 275 289 877 594 700 725 580 423 689 709 280 142 589 525 370 279 682 778 782 511 102 361 502 731 278 824 98 10 504 869 496 748 823 603 905 737 0 183 289 205 825 710 412 162 864 138 587 789 
680 971 922 624 640 874 477 995 679 562 260 878 682 593 785 823 870 302 338 642 15 452 198 910 232 621 23 253 148 244 69 381 74 733 615 305 492 121 183 0 161 340 885 219 554 76 638 424 979 966 
980 400 518 748 381 610 336 173 977 765 274 495 451 128 276 475 335 942 776 99 89 874 466 390 131 674 236 390 287 528 757 427 112 998 175 192 182 785 289 161 0 57 523 90 625 669 624 261 749 339 
749 724 573 715 975 3 960 251 299 263 395 624 799 37 288 161 643 414 266 729 376 967 712 589 327 987 945 666 273 213 807 716 820 6 707 897 542 399 205 340 57 0 125 993 249 891 67 245 816 625 
570 537 805 35 798 248 511 451 314 541 623 377 264 995 436 57 438 338 147 769 322 267 379 804 148 315 39 93 463 313 118 991 121 586 381 837 589 914 825 885 523 125 0 811 813 712 666 973 551 157 
268 647 984 877 719 238 523 783 491 503 829 71 114 171 14 386 330 178 779 310 998 752 389 627 46 670 767 293 474 740 463 837 525 907 461 276 815 563 710 219 90 993 811 0 708 394 315 509 983 498 
336 271 720 942 441 185 849 835 199 661 758 366 699 596 828 238 528 243 177 56 941 326 82 995 586 462 486 171 247 410 807 260 880 377 19 15 176 423 412 554 625 249 813 708 0 964 263 311 670 812 
408 674 837 920 975 958 725 743 702 794 322 434 755 619 281 268 754 571 221 106 339 592 805 891 550 325 444 416 760 420 915 512 406 243 844 337 739 663 162 76 669 891 712 394 964 0 50 507 459 760 
21 792 208 526 55 917 60 994 656 79 117 165 262 924 36 334 169 168 712 540 661 69 155 770 170 389 908 7 806 62 26 811 190 369 929 121 195 485 864 638 624 67 666 315 263 50 0 977 500 809 
616 416 495 811 88 533 348 946 343 511 62 327 593 452 662 185 168 937 771 456 441 198 837 113 445 974 648 38 801 374 557 802 934 534 317 777 452 346 138 424 261 245 973 509 311 507 977 0 834 900 
832 83 577 779 424 742 258 640 961 352 672 199 72 812 235 342 686 500 977 371 39 378 56 871 56 299 931 185 641 349 101 112 441 654 734 711 421 160 587 979 749 816 551 983 670 459 500 834 0 767 
674 375 477 101 985 11 197 344 756 640 389 116 966 476 886 639 808 476 15 845 861 667 568 412 414 853 378 891 473 491 798 282 789 263 539 18 556 583 789 966 339 625 157 498 812 760 809 900 767 0 
0 818 464 570 901 858 275 76 64 287 917 695 858 821 713 909 192 600 607 535 284 312 69 94 903 329 578 917 592 441 874 39 198 201 615 797 69 32 68 73 254 552 210 90 9 633 556 360 585 261 
818 0 164 667 141 804 593 667 365 579 954 804 96 944 745 573 961 581 50 764 73 799 250 350 802 145 881 128 984 297 476 95 442 187 44 118 304 609 995 321 461 466 40 558 895 130 261 449 342 968 
464 164 0 338 375 264 946 280 456 678 18 763 846 302 358 152 891 266 13 467 153 310 781 867 182 457 859 980 162 342 416 454 104 559 677 490 915 140 333 734 514 964 515 904 27 756 758 772 235 26 
570 667 338 0 113 744 409 373 161 918 96 319 968 699 51 875 979 892 781 328 402 964 521 158 306 497 498 6 463 391 879 430 235 893 515 862 123 869 895 974 488 983 501 836 822 722 202 443 65 182 
901 141 375 113 0 49 99 491 113 686 95 911 298 837 2 453 886 990 208 396 549 691 327 639 210 404 754 194 198 94 274 317 885 92 285 458 416 938 982 36 943 775 240 443 344 151 130 334 245 127 
858 804 264 744 49 0 692 281 123 19 503 557 975 933 814 20 750 991 505 949 405 470 156 793 896 200 155 155 5 15 28 398 465 193 2 615 741 883 812 395 210 303 35 63 319 385 981 680 994 978 
275 593 946 409 99 692 0 89 968 322 17 392 20 738 596 14 285 679 246 175 496 280 267 785 253 94 729 576 93 757 512 661 912 761 134 890 258 74 593 100 229 162 380 622 141 953 156 189 857 43 
76 667 280 373 491 281 89 0 35 221 781 415 943 31 215 819 965 459 21 998 253 255 249 970 617 450 258 283 133 890 509 38 270 111 139 352 800 627 120 784 713 797 532 645 56 157 881 600 806 128 
64 365 456 161 113 123 968 35 0 704 75 244 487 777 28 376 145 809 656 736 990 23 322 418 211 546 229 960 545 308 195 752 562 206 51 586 538 4 143 186 466 513 876 809 758 395 306 730 276 648 
287 579 678 918 686 19 322 221 704 0 222 929 315 569 560 441 374 274 735 663 177 268 632 599 629 642 455 370 96 600 67 46 848 839 868 868 518 375 27 831 586 978 450 923 705 636 475 236 348 823 
917 954 18 96 95 503 17 781 75 222 0 185 784 691 753 442 23 168 596 611 355 33 278 730 19 433 446 399 547 621 640 734 956 398 514 326 21 531 977 48 7 178 876 207 72 757 191 320 30 545 
695 804 763 319 911 557 392 415 244 929 185 0 965 71 926 13 63 347 554 563 333 451 239 989 243 580 510 450 401 946 512 942 994 944 380 735 634 510 445 485 282 42 67 117 683 91 518 434 781 122 
858 96 846 968 298 975 20 943 487 315 784 965 0 16 146 554 38 505 727 566 183 516 733 291 698 319 467 798 220 900 675 601 609 279 875 883 628 910 759 46 615 921 58 557 52 63 738 733 670 279 
821 944 302 699 837 933 738 31 777 569 691 71 16 0 757 889 621 593 212 244 794 892 730 246 801 851 22 290 40 478 136 152 192 845 532 131 748 772 785 448 733 877 409 817 35 230 742 590 616 224 
713 745 358 51 2 814 596 215 28 560 753 926 146 757 0 979 305 61 780 708 717 717 976 543 836 931 349 465 863 298 563 595 973 449 627 670 312 167 522 696 396 952 45 273 755 222 706 219 350 21 
909 573 152 875 453 20 14 819 376 441 442 13 554 889 979 0 165 993 603 882 564 692 271 700 369 821 224 660 269 682 831 777 839 500 999 171 704 133 748 558 486 396 191 950 876 99 518 123 157 31 
192 961 891 979 886 750 285 965 145 374 23 63 38 621 305 165 0 3 53 743 765 519 609 806 755 860 532 483 832 433 822 842 109 247 702 432 798 128 16 191 986 945 351 940 222 928 709 270 306 916 
600 581 266 892 990 991 679 459 809 274 168 347 505 593 61 993 3 0 633 926 349 234 821 467 216 100 989 20 406 479 346 86 109 341 295 315 29 217 925 148 727 628 8 362 358 333 41 522 598 801 
607 50 13 781 208 505 246 21 656 735 596 554 727 212 780 603 53 633 0 527 263 29 212 390 276 893 149 722 635 641 565 194 123 126 871 693 494 509 613 814 722 661 456 801 448 721 518 342 254 814 
535 764 467 328 396 949 175 998 736 663 611 563 566 244 708 882 743 926 527 0 32 311 349 750 65 681 424 973 503 880 243 50 498 450 536 452 948 943 499 346 545 346 83 768 460 761 66 790 828 815 
284 73 153 402 549 405 496 253 990 177 355 333 183 794 717 564 765 349 263 32 0 73 259 571 831 812 320 785 980 980 576 127 721 995 48 237 985 708 152 921 439 503 903 216 748 985 143 15 313 555 
312 799 310 964 691 470 280 255 23 268 33 451 516 892 717 692 519 234 29 311 73 0 545 898 289 105 482 452 46 568 15 684 509 426 750 132 168 118 359 858 768 100 800 510 275 241 599 150 997 144 
69 250 781 521 327 156 267 249 322 632 278 239 733 730 976 271 609 821 212 349 259 545 0 390 968 10 736 746 771 629 208 824 807 28 973 73 425 619 828 813 379 881 99 448 174 94 771 662 253 121 
94 350 867 158 639 793 785 970 418 599 730 989 291 246 543 700 806 467 390 750 571 898 390 0 903 902 186 795 3 91 336 885 757 569 993 880 559 550 718 979 934 775 695 829 242 524 260 166 975 273 
903 802 182 306 210 896 253 617 211 629 19 243 698 801 836 369 755 216 276 65 831 289 968 903 0 814 65 984 349 202 673 351 755 726 199 38 646 51 18 593 555 988 799 991 116 185 526 85 266 299 
329 145 457 497 404 200 94 450 546 642 433 580 319 851 931 821 860 100 893 681 812 105 10 902 814 0 359 455 925 650 944 870 634 687 390 844 550 796 452 440 981 588 337 684 132 424 993 589 9 980 
578 881 859 498 754 155 729 258 229 455 446 510 467 22 349 224 532 989 149 424 320 482 736 186 65 359 0 74 230 773 992 669 444 834 392 10 90 567 728 727 396 417 859 892 893 45 883 376 995 940 
917 128 980 6 194 155 576 283 960 370 399 450 798 290 465 660 483 20 722 973 785 452 746 795 984 455 74 0 941 465 45 891 933 363 577 604 843 9 11 464 551 386 17 923 991 244 864 411 56 739 
592 984 162 463 198 5 93 133 545 96 547 401 220 40 863 269 832 406 635 503 980 46 771 3 349 925 230 941 0 852 957 208 296 239 825 60 282 60 158 519 49 359 293 591 129 605 960 674 953 24 
441 297 342 391 94 15 757 890 308 600 621 946 900 478 298 682 433 479 641 880 980 568 629 91 202 650 773 465 852 0 347 620 612 122 986 167 204 65 124 450 91 533 719 410 207 265 666 454 558 538 
874 476 416 879 274 28 512 509 195 67 640 512 675 136 563 831 822 346 565 243 576 15 208 336 673 944 992 45 957 347 0 263 799 359 897 652 316 739 72 406 840 517 669 460 373 240 214 226 984 580 
39 95 454 430 317 398 661 38 752 46 734 942 601 152 595 777 842 86 194 50 127 684 824 885 351 870 669 891 208 620 263 0 376 356 150 908 692 722 592 686 410 4 997 547 752 927 226 280 762 833 
198 442 104 235 885 465 912 270 562 848 956 994 609 192 973 839 109 109 123 498 721 509 807 757 755 634 444 933 296 612 799 376 0 284 253 337 6 929 497 764 531 778 994 936 192 126 190 804 747 953 
201 187 559 893 92 193 761 111 206 839 398 944 279 845 449 500 247 341 126 450 995 426 28 569 726 687 834 363 239 122 359 356 284 0 700 463 175 136 408 620 163 541 81 995 700 679 116 366 787 623 
615 44 677 515 285 2 134 139 51 868 514 380 875 532 627 999 702 295 871 536 48 750 973 993 199 390 392 577 825 986 897 150 253 700 0 337 342 772 808 941 623 543 728 629 649 96 950 940 583 48 
797 118 490 862 458 615 890 352 586 868 326 735 883 131 670 171 432 315 693 452 237 132 73 880 38 844 10 604 60 167 652 908 337 463 337 0 838 698 51 390 659 332 344 409 246 431 746 609 228 867 
69 304 915 123 416 741 258 800 538 518 21 634 628 748 312 704 798 29 494 948 985 168 425 559 646 550 90 843 282 204 316 692 6 175 342 838 0 892 275 949 154 755 985 884 223 257 635 90 549 466 
32 609 140 869 938 883 74 627 4 375 531 510 910 772 167 133 128 217 509 943 708 118 619 550 51 796 567 9 60 65 739 722 929 136 772 698 892 0 637 616 529 804 693 707 79 465 529 868 670 197 
68 995 333 895 982 812 593 120 143 27 977 445 759 785 522 748 16 925 613 499 152 359 828 718 18 452 728 11 158 124 72 592 497 408 808 51 275 637 0 267 238 40 64 480 778 471 538 702 538 209 
73 321 734 974 36 395 100 784 186 831 48 485 46 448 696 558 191 148 814 346 921 858 813 979 593 440 727 464 519 450 406 686 764 620 941 390 949 616 267 0 250 44 668 908 64 502 281 398 507 492 
254 461 514 488 943 210 229 713 466 586 7 282 615 733 396 486 986 727 722 545 439 768 379 934 555 981 396 551 49 91 840 410 531 163 623 659 154 529 238 250 0 489 636 927 901 931 507 296 723 714 
552 466 964 983 775 303 162 797 513 978 178 42 921 877 952 396 945 628 661 346 503 100 881 775 988 588 417 386 359 533 517 4 778 541 543 332 755 804 40 44 489 0 850 774 207 279 226 438 392 885 
210 40 515 501 240 35 380 532 876 450 876 67 58 409 45 191 351 8 456 83 903 800 99 695 799 337 859 17 293 719 669 997 994 81 728 344 985 693 64 668 636 850 0 851 740 425 768 204 651 904 
90 558 904 836 443 63 622 645 809 923 207 117 557 817 273 950 940 362 801 768 216 510 448 829 991 684 892 923 591 410 460 547 936 995 629 409 884 707 480 908 927 774 851 0 954 337 33 879 530 784 
9 895 27 822 344 319 141 56 758 705 72 683 52 35 755 876 222 358 448 460 748 275 174 242 116 132 893 991 129 207 373 752 192 700 649 246 223 79 778 64 901 207 740 954 0 928 38 25 819 700 
633 130 756 722 151 385 953 157 395 636 757 91 63 230 222 99 928 333 721 761 985 241 94 524 185 424 45 244 605 265 240 927 126 679 96 431 257 465 471 502 931 279 425 337 928 0 184 150 564 474 
556 261 758 202 130 981 156 881 306 475 191 518 738 742 706 518 709 41 518 66 143 599 771 260 526 993 883 864 960 666 214 226 190 116 950 746 635 529 538 281 507 226 768 33 38 184 0 276 86 79 
360 449 772 443 334 680 189 600 730 236 320 434 733 590 219 123 270 522 342 790 15 150 662 166 85 589 376 411 674 454 226 280 804 366 940 609 90 868 702 398 296 438 204 879 25 150 276 0 446 35 
585 342 235 65 245 994 857 806 276 348 30 781 670 616 350 157 306 598 254 828 313 997 253 975 266 9 995 56 953 558 984 762 747 787 583 228 549 670 538 507 723 392 651 530 819 564 86 446 0 963 
261 968 26 182 127 978 43 128 648 823 545 122 279 224 21 31 916 801 814 815 555 144 121 273 299 980 940 739 24 538 580 833 953 623 48 867 466 197 209 492 714 885 904 784 700 474 79 35 963 0 
0 183 537 431 100 143 726 925 937 714 84 306 143 180 288 92 809 401 394 466 717 689 932 907 98 672 423 84 409 560 127 962 803 800 386 204 932 969 933 928 747 449 791 911 992 368 445 641 416 740 
183 0 837 334 860 197 408 334 636 422 47 197 905 57 256 428 40 420 951 237 928 202 751 651 199 856 120 873 17 704 525 906 559 814 957 883 697 392 6 680 540 535 961 443 106 871 740 552 659 33 
537 837 0 663 626 737 55 721 545 323 983 238 155 699 643 849 110 735 988 534 848 691 220 134 819 544 142 21 839 659 585 547 897 442 324 511 86 861 668 267 487 37 486 97 974 245 243 229 766 975 
431 334 663 0 888 257 592 628 840 83 905 682 33 302 950 126 22 109 220 673 599 37 480 843 695 504 503 995 538 610 122 571 766 108 486 139 878 132 106 27 513 18 500 165 179 279 799 558 936 819 
100 860 626 888 0 952 902 510 888 315 906 90 703 164 999 548 115 11 793 605 452 310 674 362 791 597 247 807 803 907 727 684 116 909 716 543 585 63 19 965 58 226 761 558 657 850 871 667 756 874 
143 197 737 257 952 0 309 720 878 982 498 444 26 68 187 981 251 10 496 52 596 531 845 208 105 801 846 846 996 986 973 603 536 808 999 386 260 118 189 606 791 698 966 938 682 616 20 321 7 23 
726 408 55 592 902 309 0 912 33 679 984 609 981 263 405 987 716 322 755 826 505 721 734 216 748 907 272 425 908 244 489 340 89 240 867 111 743 927 408 901 772 839 621 379 860 48 845 812 144 958 
925 334 721 628 510 720 912 0 966 780 220 586 58 970 786 182 36 542 980 3 748 746 752 31 384 551 743 718 868 111 492 963 731 890 862 649 201 374 881 217 288 204 469 356 945 844 120 401 195 873 
937 636 545 840 888 878 33 966 0 297 926 757 514 224 973 625 856 192 345 265 11 978 679 583 790 455 772 41 456 693 806 249 439 795 950 415 463 997 858 815 535 488 125 192 243 606 695 271 725 353 
714 422 323 83 315 982 679 780 297 0 779 72 686 432 441 560 627 727 266 338 824 733 369 402 372 359 546 631 905 401 934 955 153 162 133 133 483 626 974 170 415 23 551 78 296 365 526 765 653 178 
84 47 983 905 906 498 984 220 926 779 0 816 217 310 248 559 978 833 405 390 646 968 723 271 982 568 555 602 454 380 361 267 45 603 487 675 980 470 24 953 994 823 125 794 929 244 810 681 971 456 
306 197 238 682 90 444 609 586 757 72 816 0 36 930 75 988 938 654 447 438 668 550 762 12 758 421 491 551 600 55 489 59 7 57 621 266 367 491 556 516 719 959 934 884 318 910 483 567 220 879 
143 905 155 33 703 26 981 58 514 686 217 36 0 985 855 447 963 496 274 435 818 485 268 710 303 682 534 203 781 101 326 400 392 722 126 118 373 91 242 955 386 80 943 444 949 938 263 268 331 722 
180 57 699 302 164 68 263 970 224 432 310 930 985 0 244 112 380 408 789 757 207 109 271 755 200 150 979 711 961 523 865 849 809 156 469 870 253 229 216 553 268 124 592 184 966 771 259 411 385 777 
288 256 643 950 999 187 405 786 973 441 248 75 855 244 0 22 696 940 221 293 284 284 25 458 165 70 652 536 138 703 438 406 28 552 374 331 689 834 479 305 605 49 956 728 246 779 295 782 651 980 
92 428 849 126 548 981 987 182 625 560 559 988 447 112 22 0 836 8 398 119 437 309 730 301 632 180 777 341 732 319 170 224 162 501 2 830 297 868 253 443 515 605 810 51 125 902 483 878 844 970 
809 40 110 22 115 251 716 36 856 627 978 938 963 380 696 836 0 998 948 258 236 482 392 195 246 141 469 518 169 568 179 159 892 754 299 569 203 873 985 810 15 56 650 61 779 73 292 731 695 85 
401 420 735 109 11 10 322 542 192 727 833 654 496 408 940 8 998 0 368 75 652 767 180 534 785 901 12 981 595 522 655 915 892 660 706 686 972 784 76 853 274 373 993 639 643 668 960 479 403 200 
394 951 988 220 793 496 755 980 345 266 405 447 274 789 221 398 948 368 0 474 738 972 789 611 725 108 852 279 366 360 436 807 878 875 130 308 507 492 388 187 279 340 545 200 553 280 483 659 747 187 
466 237 534 673 605 52 826 3 265 338 390 438 435 757 293 119 258 75 474 0 969 690 652 251 936 320 577 28 498 121 758 951 503 551 465 549 53 58 502 655 456 655 918 233 541 240 935 211 173 186 
717 928 848 599 452 596 505 748 11 824 646 668 818 207 284 437 236 652 738 969 0 928 742 430 170 189 681 216 21 21 425 874 280 6 953 764 16 293 849 80 562 498 98 785 253 16 858 986 688 446 
689 202 691 37 310 531 721 746 978 733 968 550 485 109 284 309 482 767 972 690 928 0 456 103 712 896 519 549 955 433 986 317 492 575 251 869 833 883 642 143 233 901 201 491 726 760 402 851 4 857 
932 751 220 480 674 845 734 752 679 369 723 762 268 271 25 730 392 180 789 652 742 456 0 611 33 991 265 255 230 372 793 177 194 973 28 928 576 382 173 188 622 120 902 553 827 907 230 339 748 880 
907 651 134 843 362 208 216 31 583 402 271 12 710 755 458 301 195 534 611 251 430 103 611 0 98 99 815 206 998 910 665 116 244 432 8 121 442 451 283 22 67 226 306 172 759 477 741 835 26 728 
98 199 819 695 791 105 748 384 790 372 982 758 303 200 165 632 246 785 725 936 170 712 33 98 0 187 936 17 652 799 328 650 246 275 802 963 355 950 983 408 446 13 202 10 885 816 475 916 735 702 
672 856 544 504 597 801 907 551 455 359 568 421 682 150 70 180 141 901 108 320 189 896 991 99 187 0 642 546 76 351 57 131 367 314 611 157 451 205 549 561 20 413 664 317 869 577 8 412 992 21 
423 120 142 503 247 846 272 743 772 546 555 491 534 979 652 777 469 12 852 577 681 519 265 815 936 642 0 927 771 228 9 332 557 167 609 991 911 434 273 274 605 584 142 109 108 956 118 625 6 61 
84 873 21 995 807 846 425 718 41 631 602 551 203 711 536 341 518 981 279 28 216 549 255 206 17 546 927 0 60 536 956 110 68 638 424 397 158 992 990 537 450 615 984 78 10 757 137 590 945 262 
409 17 839 538 803 996 908 868 456 905 454 600 781 961 138 732 169 595 366 498 21 955 230 998 652 76 771 60 0 149 44 793 705 762 176 941 719 941 843 482 952 642 708 410 872 396 41 327 48 977 
560 704 659 610 907 986 244 111 693 401 380 55 101 523 703 319 568 522 360 121 21 433 372 910 799 351 228 536 149 0 654 381 389 879 15 834 797 936 877 551 910 468 282 591 794 736 335 547 443 463 
127 525 585 122 727 973 489 492 806 934 361 489 326 865 438 170 179 655 436 758 425 986 793 665 328 57 9 956 44 654 0 738 202 642 104 349 685 262 929 595 161 484 332 541 628 761 787 775 17 421 
962 906 547 571 684 603 340 963 249 955 267 59 400 849 406 224 159 915 807 951 874 317 177 116 650 131 332 110 793 381 738 0 625 645 851 93 309 279 409 315 591 997 4 454 249 74 775 721 239 168 
803 559 897 766 116 536 89 731 439 153 45 7 392 809 28 162 892 892 878 503 280 492 194 244 246 367 557 68 705 389 202 625 0 717 748 664 995 72 504 237 470 223 7 65 809 875 811 197 254 48 
800 814 442 108 909 808 240 890 795 162 603 57 722 156 552 501 754 660 875 551 6 575 973 432 275 314 167 638 762 879 642 645 717 0 301 538 826 865 593 381 838 460 920 6 301 322 885 635 214 378 
386 957 324 486 716 999 867 862 950 133 487 621 126 469 374 2 299 706 130 465 953 251 28 8 802 611 609 424 176 15 104 851 748 301 0 664 659 229 193 60 378 458 273 372 352 905 51 61 418 953 
204 883 511 139 543 386 111 649 415 133 675 266 118 870 331 830 569 686 308 549 764 869 928 121 963 157 991 397 941 834 349 93 664 538 664 0 163 303 950 611 342 669 657 592 755 570 255 392 773 134 
932 697 86 878 585 260 743 201 463 483 980 367 373 253 689 297 203 972 507 53 16 833 576 442 355 451 911 158 719 797 685 309 995 826 659 163 0 109 726 52 847 246 16 117 778 744 366 911 452 535 
969 392 861 132 63 118 927 374 997 626 470 491 91 229 834 868 873 784 492 58 293 883 382 451 950 205 434 992 941 936 262 279 72 865 229 303 109 0 364 385 472 197 308 294 922 536 472 133 331 804 
933 6 668 106 19 189 408 881 858 974 24 556 242 216 479 253 985 76 388 502 849 642 173 283 983 549 273 990 843 877 929 409 504 593 193 950 726 364 0 734 763 961 937 521 223 530 463 299 463 792 
928 680 267 27 965 606 901 217 815 170 953 516 955 553 305 443 810 853 187 655 80 143 188 22 408 561 274 537 482 551 595 315 237 381 60 611 52 385 734 0 751 957 333 93 937 499 720 603 494 509 
747 540 487 513 58 791 772 288 535 415 994 719 386 268 605 515 15 274 279 456 562 233 622 67 446 20 605 450 952 910 161 591 470 838 378 342 847 472 763 751 0 512 365 74 100 70 494 705 278 287 
449 535 37 18 226 698 839 204 488 23 823 959 80 124 49 605 56 373 340 655 498 901 120 226 13 413 584 615 642 468 484 997 223 460 458 669 246 197 961 957 512 0 151 227 794 722 775 563 609 116 
791 961 486 500 761 966 621 469 125 551 125 934 943 592 956 810 650 993 545 918 98 201 902 306 202 664 142 984 708 282 332 4 7 920 273 657 16 308 937 333 365 151 0 150 261 576 233 797 350 97 
911 443 97 165 558 938 379 356 192 78 794 884 444 184 728 51 61 639 200 233 785 491 553 172 10 317 109 78 410 591 541 454 65 6 372 592 117 294 521 93 74 227 150 0 47 664 968 122 471 217 
992 106 974 179 657 682 860 945 243 296 929 318 949 966 246 125 779 643 553 541 253 726 827 759 885 869 108 10 872 794 628 249 809 301 352 755 778 922 223 937 100 794 261 47 0 73 963 976 182 301 
368 871 245 279 850 616 48 844 606 365 244 910 938 771 779 902 73 668 280 240 16 760 907 477 816 577 956 757 396 736 761 74 875 322 905 570 744 536 530 499 70 722 576 664 73 0 817 851 437 527 
445 740 243 799 871 20 845 120 695 526 810 483 263 259 295 483 292 960 483 935 858 402 230 741 475 8 118 137 41 335 787 775 811 885 51 255 366 472 463 720 494 775 233 968 963 817 0 725 915 922 
641 552 229 558 667 321 812 401 271 765 681 567 268 411 782 878 731 479 659 211 986 851 339 835 916 412 625 590 327 547 775 721 197 635 61 392 911 133 299 603 705 563 797 122 976 851 725 0 555 966 
416 659 766 936 756 7 144 195 725 653 971 220 331 385 651 844 695 403 747 173 688 4 748 26 735 992 6 945 48 443 17 239 254 214 418 773 452 331 463 494 278 609 350 471 182 437 915 555 0 38 
740 33 975 819 874 23 958 873 353 178 456 879 722 777 980 970 85 200 187 186 446 857 880 728 702 21 61 262 977 463 421 168 48 378 953 134 535 804 792 509 287 116 97 217 301 527 922 966 38 0 
0 183 537 431 100 143 726 925 937 714 84 306 143 180 288 92 809 401 394 466 717 689 932 907 98 672 423 84 409 560 127 962 803 800 386 204 932 969 933 928 747 449 791 911 992 368 445 641 416 740 
183 0 837 334 860 197 408 334 636 422 47 197 905 57 256 428 40 420 951 237 928 202 751 651 199 856 120 873 17 704 525 906 559 814 957 883 697 392 6 680 540 535 961 443 106 871 740 552 659 33 
537 837 0 663 626 737 55 721 545 323 983 238 155 699 643 849 110 735 988 534 848 691 220 134 819 544 142 21 839 659 585 547 897 442 324 511 86 861 668 267 487 37 486 97 974 245 243 229 766 975 
431 334 663 0 888 257 592 628 840 83 905 682 33 302 950 126 22 109 220 673 599 37 480 843 695 504 503 995 538 610 122 571 766 108 486 139 878 132 106 27 513 18 500 165 179 279 799 558 936 819 
100 860 626 888 0 952 902 510 888 315 906 90 703 164 999 548 115 11 793 605 452 310 674 362 791 597 247 807 803 907 727 684 116 909 716 543 585 63 19 965 58 226 761 558 657 850 871 667 756 874 
143 197 737 257 952 0 309 720 878 982 498 444 26 68 187 981 251 10 496 52 596 531 845 208 105 801 846 846 996 986 973 603 536 808 999 386 260 118 189 606 791 698 966 938 682 616 20 321 7 23 
726 408 55 592 902 309 0 912 33 679 984 609 981 263 405 987 716 322 755 826 505 721 734 216 748 907 272 425 908 244 489 340 89 240 867 111 743 927 408 901 772 839 621 379 860 48 845 812 144 958 
925 334 721 628 510 720 912 0 966 780 220 586 58 970 786 182 36 542 980 3 748 746 752 31 384 551 743 718 868 111 492 963 731 890 862 649 201 374 881 217 288 204 469 356 945 844 120 401 195 873 
937 636 545 840 888 878 33 966 0 297 926 757 514 224 973 625 856 192 345 265 11 978 679 583 790 455 772 41 456 693 806 249 439 795 950 415 463 997 858 815 535 488 125 192 243 606 695 271 725 353 
714 422 323 83 315 982 679 780 297 0 779 72 686 432 441 560 627 727 266 338 824 733 369 402 372 359 546 631 905 401 934 955 153 162 133 133 483 626 974 170 415 23 551 78 296 365 526 765 653 178 
84 47 983 905 906 498 984 220 926 779 0 816 217 310 248 559 978 833 405 390 646 968 723 271 982 568 555 602 454 380 361 267 45 603 487 675 980 470 24 953 994 823 125 794 929 244 810 681 971 456 
306 197 238 682 90 444 609 586 757 72 816 0 36 930 75 988 938 654 447 438 668 550 762 12 758 421 491 551 600 55 489 59 7 57 621 266 367 491 556 516 719 959 934 884 318 910 483 567 220 879 
143 905 155 33 703 26 981 58 514 686 217 36 0 985 855 447 963 496 274 435 818 485 268 710 303 682 534 203 781 101 326 400 392 722 126 118 373 91 242 955 386 80 943 444 949 938 263 268 331 722 
180 57 699 302 164 68 263 970 224 432 310 930 985 0 244 112 380 408 789 757 207 109 271 755 200 150 979 711 961 523 865 849 809 156 469 870 253 229 216 553 268 124 592 184 966 771 259 411 385 777 
288 256 643 950 999 187 405 786 973 441 248 75 855 244 0 22 696 940 221 293 284 284 25 458 165 70 652 536 138 703 438 406 28 552 374 331 689 834 479 305 605 49 956 728 246 779 295 782 651 980 
92 428 849 126 548 981 987 182 625 560 559 988 447 112 22 0 836 8 398 119 437 309 730 301 632 180 777 341 732 319 170 224 162 501 2 830 297 868 253 443 515 605 810 51 125 902 483 878 844 970 
809 40 110 22 115 251 716 36 856 627 978 938 963 380 696 836 0 998 948 258 236 482 392 195 246 141 469 518 169 568 179 159 892 754 299 569 203 873 985 810 15 56 650 61 779 73 292 731 695 85 
401 420 735 109 11 10 322 542 192 727 833 654 496 408 940 8 998 0 368 75 652 767 180 534 785 901 12 981 595 522 655 915 892 660 706 686 972 784 76 853 274 373 993 639 643 668 960 479 403 200 
394 951 988 220 793 496 755 980 345 266 405 447 274 789 221 398 948 368 0 474 738 972 789 611 725 108 852 279 366 360 436 807 878 875 130 308 507 492 388 187 279 340 545 200 553 280 483 659 747 187 
466 237 534 673 605 52 826 3 265 338 390 438 435 757 293 119 258 75 474 0 969 690 652 251 936 320 577 28 498 121 758 951 503 551 465 549 53 58 502 655 456 655 918 233 541 240 935 211 173 186 
717 928 848 599 452 596 505 748 11 824 646 668 818 207 284 437 236 652 738 969 0 928 742 430 170 189 681 216 21 21 425 874 280 6 953 764 16 293 849 80 562 498 98 785 253 16 858 986 688 446 
689 202 691 37 310 531 721 746 978 733 968 550 485 109 284 309 482 767 972 690 928 0 456 103 712 896 519 549 955 433 986 317 492 575 251 869 833 883 642 143 233 901 201 491 726 760 402 851 4 857 
932 751 220 480 674 845 734 752 679 369 723 762 268 271 25 730 392 180 789 652 742 456 0 611 33 991 265 255 230 372 793 177 194 973 28 928 576 382 173 188 622 120 902 553 827 907 230 339 748 880 
907 651 134 843 362 208 216 31 583 402 271 12 710 755 458 301 195 534 611 251 430 103 611 0 98 99 815 206 998 910 665 116 244 432 8 121 442 451 283 22 67 226 306 172 759 477 741 835 26 728 
98 199 819 695 791 105 748 384 790 372 982 758 303 200 165 632 246 785 725 936 170 712 33 98 0 187 936 17 652 799 328 650 246 275 802 963 355 950 983 408 446 13 202 10 885 816 475 916 735 702 
672 856 544 504 597 801 907 551 455 359 568 421 682 150 70 180 141 901 108 320 189 896 991 99 187 0 642 546 76 351 57 131 367 314 611 157 451 205 549 561 20 413 664 317 869 577 8 412 992 21 
423 120 142 503 247 846 272 743 772 546 555 491 534 979 652 777 469 12 852 577 681 519 265 815 936 642 0 927 771 228 9 332 557 167 609 991 911 434 273 274 605 584 142 109 108 956 118 625 6 61 
84 873 21 995 807 846 425 718 41 631 602 551 203 711 536 341 518 981 279 28 216 549 255 206 17 546 927 0 60 536 956 110 68 638 424 397 158 992 990 537 450 615 984 78 10 757 137 590 945 262 
409 17 839 538 803 996 908 868 456 905 454 600 781 961 138 732 169 595 366 498 21 955 230 998 652 76 771 60 0 149 44 793 705 762 176 941 719 941 843 482 952 642 708 410 872 396 41 327 48 977 
560 704 659 610 907 986 244 111 693 401 380 55 101 523 703 319 568 522 360 121 21 433 372 910 799 351 228 536 149 0 654 381 389 879 15 834 797 936 877 551 910 468 282 591 794 736 335 547 443 463 
127 525 585 122 727 973 489 492 806 934 361 489 326 865 438 170 179 655 436 758 425 986 793 665 328 57 9 956 44 654 0 738 202 642 104 349 685 262 929 595 161 484 332 541 628 761 787 775 17 421 
962 906 547 571 684 603 340 963 249 955 267 59 400 849 406 224 159 915 807 951 874 317 177 116 650 131 332 110 793 381 738 0 625 645 851 93 309 279 409 315 591 997 4 454 249 74 775 721 239 168 
803 559 897 766 116 536 89 731 439 153 45 7 392 809 28 162 892 892 878 503 280 492 194 244 246 367 557 68 705 389 202 625 0 717 748 664 995 72 504 237 470 223 7 65 809 875 811 197 254 48 
800 814 442 108 909 808 240 890 795 162 603 57 722 156 552 501 754 660 875 551 6 575 973 432 275 314 167 638 762 879 642 645 717 0 301 538 826 865 593 381 838 460 920 6 301 322 885 635 214 378 
386 957 324 486 716 999 867 862 950 133 487 621 126 469 374 2 299 706 130 465 953 251 28 8 802 611 609 424 176 15 104 851 748 301 0 664 659 229 193 60 378 458 273 372 352 905 51 61 418 953 
204 883 511 139 543 386 111 649 415 133 675 266 118 870 331 830 569 686 308 549 764 869 928 121 963 157 991 397 941 834 349 93 664 538 664 0 163 303 950 611 342 669 657 592 755 570 255 392 773 134 
932 697 86 878 585 260 743 201 463 483 980 367 373 253 689 297 203 972 507 53 16 833 576 442 355 451 911 158 719 797 685 309 995 826 659 163 0 109 726 52 847 246 16 117 778 744 366 911 452 535 
969 392 861 132 63 118 927 374 997 626 470 491 91 229 834 868 873 784 492 58 293 883 382 451 950 205 434 992 941 936 262 279 72 865 229 303 109 0 364 385 472 197 308 294 922 536 472 133 331 804 
933 6 668 106 19 189 408 881 858 974 24 556 242 216 479 253 985 76 388 502 849 642 173 283 983 549 273 990 843 877 929 409 504 593 193 950 726 364 0 734 763 961 937 521 223 530 463 299 463 792 
928 680 267 27 965 606 901 217 815 170 953 516 955 553 305 443 810 853 187 655 80 143 188 22 408 561 274 537 482 551 595 315 237 381 60 611 52 385 734 0 751 957 333 93 937 499 720 603 494 509 
747 540 487 513 58 791 772 288 535 415 994 719 386 268 605 515 15 274 279 456 562 233 622 67 446 20 605 450 952 910 161 591 470 838 378 342 847 472 763 751 0 512 365 74 100 70 494 705 278 287 
449 535 37 18 226 698 839 204 488 23 823 959 80 124 49 605 56 373 340 655 498 901 120 226 13 413 584 615 642 468 484 997 223 460 458 669 246 197 961 957 512 0 151 227 794 722 775 563 609 116 
791 961 486 500 761 966 621 469 125 551 125 934 943 592 956 810 650 993 545 918 98 201 902 306 202 664 142 984 708 282 332 4 7 920 273 657 16 308 937 333 365 151 0 150 261 576 233 797 350 97 
911 443 97 165 558 938 379 356 192 78 794 884 444 184 728 51 61 639 200 233 785 491 553 172 10 317 109 78 410 591 541 454 65 6 372 592 117 294 521 93 74 227 150 0 47 664 968 122 471 217 
992 106 974 179 657 682 860 945 243 296 929 318 949 966 246 125 779 643 553 541 253 726 827 759 885 869 108 10 872 794 628 249 809 301 352 755 778 922 223 937 100 794 261 47 0 73 963 976 182 301 
368 871 245 279 850 616 48 844 606 365 244 910 938 771 779 902 73 668 280 240 16 760 907 477 816 577 956 757 396 736 761 74 875 322 905 570 744 536 530 499 70 722 576 664 73 0 817 851 437 527 
445 740 243 799 871 20 845 120 695 526 810 483 263 259 295 483 292 960 483 935 858 402 230 741 475 8 118 137 41 335 787 775 811 885 51 255 366 472 463 720 494 775 233 968 963 817 0 725 915 922 
641 552 229 558 667 321 812 401 271 765 681 567 268 411 782 878 731 479 659 211 986 851 339 835 916 412 625 590 327 547 775 721 197 635 61 392 911 133 299 603 705 563 797 122 976 851 725 0 555 966 
416 659 766 936 756 7 144 195 725 653 971 220 331 385 651 844 695 403 747 173 688 4 748 26 735 992 6 945 48 443 17 239 254 214 418 773 452 331 463 494 278 609 350 471 182 437 915 555 0 38 
740 33 975 819 874 23 958 873 353 178 456 879 722 777 980 970 85 200 187 186 446 857 880 728 702 21 61 262 977 463 421 168 48 378 953 134 535 804 792 509 287 116 97 217 301 527 922 966 38 0 
0 183 537 431 100 143 726 925 937 714 84 306 143 180 288 92 809 401 394 466 717 689 932 907 98 672 423 84 409 560 127 962 803 800 386 204 932 969 933 928 747 449 791 911 992 368 445 641 416 740 
183 0 837 334 860 197 408 334 636 422 47 197 905 57 256 428 40 420 951 237 928 202 751 651 199 856 120 873 17 704 525 906 559 814 957 883 697 392 6 680 540 535 961 443 106 871 740 552 659 33 
537 837 0 663 626 737 55 721 545 323 983 238 155 699 643 849 110 735 988 534 848 691 220 134 819 544 142 21 839 659 585 547 897 442 324 511 86 861 668 267 487 37 486 97 974 245 243 229 766 975 
431 334 663 0 888 257 592 628 840 83 905 682 33 302 950 126 22 109 220 673 599 37 480 843 695 504 503 995 538 610 122 571 766 108 486 139 878 132 106 27 513 18 500 165 179 279 799 558 936 819 
100 860 626 888 0 952 902 510 888 315 906 90 703 164 999 548 115 11 793 605 452 310 674 362 791 597 247 807 803 907 727 684 116 909 716 543 585 63 19 965 58 226 761 558 657 850 871 667 756 874 
143 197 737 257 952 0 309 720 878 982 498 444 26 68 187 981 251 10 496 52 596 531 845 208 105 801 846 846 996 986 973 603 536 808 999 386 260 118 189 606 791 698 966 938 682 616 20 321 7 23 
726 408 55 592 902 309 0 912 33 679 984 609 981 263 405 987 716 322 755 826 505 721 734 216 748 907 272 425 908 244 489 340 89 240 867 111 743 927 408 901 772 839 621 379 860 48 845 812 144 958 
925 334 721 628 510 720 912 0 966 780 220 586 58 970 786 182 36 542 980 3 748 746 752 31 384 551 743 718 868 111 492 963 731 890 862 649 201 374 881 217 288 204 469 356 945 844 120 401 195 873 
937 636 545 840 888 878 33 966 0 297 926 757 514 224 973 625 856 192 345 265 11 978 679 583 790 455 772 41 456 693 806 249 439 795 950 415 463 997 858 815 535 488 125 192 243 606 695 271 725 353 
714 422 323 83 315 982 679 780 297 0 779 72 686 432 441 560 627 727 266 338 824 733 369 402 372 359 546 631 905 401 934 955 153 162 133 133 483 626 974 170 415 23 551 78 296 365 526 765 653 178 
84 47 983 905 906 498 984 220 926 779 0 816 217 310 248 559 978 833 405 390 646 968 723 271 982 568 555 602 454 380 361 267 45 603 487 675 980 470 24 953 994 823 125 794 929 244 810 681 971 456 
306 197 238 682 90 444 609 586 757 72 816 0 36 930 75 988 938 654 447 438 668 550 762 12 758 421 491 551 600 55 489 59 7 57 621 266 367 491 556 516 719 959 934 884 318 910 483 567 220 879 
143 905 155 33 703 26 981 58 514 686 217 36 0 985 855 447 963 496 274 435 818 485 268 710 303 682 534 203 781 101 326 400 392 722 126 118 373 91 242 955 386 80 943 444 949 938 263 268 331 722 
180 57 699 302 164 68 263 970 224 432 310 930 985 0 244 112 380 408 789 757 207 109 271 755 200 150 979 711 961 523 865 849 809 156 469 870 253 229 216 553 268 124 592 184 966 771 259 411 385 777 
288 256 643 950 999 187 405 786 973 441 248 75 855 244 0 22 696 940 221 293 284 284 25 458 165 70 652 536 138 703 438 406 28 552 374 331 689 834 479 305 605 49 956 728 246 779 295 782 651 980 
92 428 849 126 548 981 987 182 625 560 559 988 447 112 22 0 836 8 398 119 437 309 730 301 632 180 777 341 732 319 170 224 162 501 2 830 297 868 253 443 515 605 810 51 125 902 483 878 844 970 
809 40 110 22 115 251 716 36 856 627 978 938 963 380 696 836 0 998 948 258 236 482 392 195 246 141 469 518 169 568 179 159 892 754 299 569 203 873 985 810 15 56 650 61 779 73 292 731 695 85 
401 420 735 109 11 10 322 542 192 727 833 654 496 408 940 8 998 0 368 75 652 767 180 534 785 901 12 981 595 522 655 915 892 660 706 686 972 784 76 853 274 373 993 639 643 668 960 479 403 200 
394 951 988 220 793 496 755 980 345 266 405 447 274 789 221 398 948 368 0 474 738 972 789 611 725 108 852 279 366 360 436 807 878 875 130 308 507 492 388 187 279 340 545 200 553 280 483 659 747 187 
466 237 534 673 605 52 826 3 265 338 390 438 435 757 293 119 258 75 474 0 969 690 652 251 936 320 577 28 498 121 758 951 503 551 465 549 53 58 502 655 456 655 918 233 541 240 935 211 173 186 
717 928 848 599 452 596 505 748 11 824 646 668 818 207 284 437 236 652 738 969 0 928 742 430 170 189 681 216 21 21 425 874 280 6 953 764 16 293 849 80 562 498 98 785 253 16 858 986 688 446 
689 202 691 37 310 531 721 746 978 733 968 550 485 109 284 309 482 767 972 690 928 0 456 103 712 896 519 549 955 433 986 317 492 575 251 869 833 883 642 143 233 901 201 491 726 760 402 851 4 857 
932 751 220 480 674 845 734 752 679 369 723 762 268 271 25 730 392 180 789 652 742 456 0 611 33 991 265 255 230 372 793 177 194 973 28 928 576 382 173 188 622 120 902 553 827 907 230 339 748 880 
907 651 134 843 362 208 216 31 583 402 271 12 710 755 458 301 195 534 611 251 430 103 611 0 98 99 815 206 998 910 665 116 244 432 8 121 442 451 283 22 67 226 306 172 759 477 741 835 26 728 
98 199 819 695 791 105 748 384 790 372 982 758 303 200 165 632 246 785 725 936 170 712 33 98 0 187 936 17 652 799 328 650 246 275 802 963 355 950 983 408 446 13 202 10 885 816 475 916 735 702 
672 856 544 504 597 801 907 551 455 359 568 421 682 150 70 180 141 901 108 320 189 896 991 99 187 0 642 546 76 351 57 131 367 314 611 157 451 205 549 561 20 413 664 317 869 577 8 412 992 21 
423 120 142 503 247 846 272 743 772 546 555 491 534 979 652 777 469 12 852 577 681 519 265 815 936 642 0 927 771 228 9 332 557 167 609 991 911 434 273 274 605 584 142 109 108 956 118 625 6 61 
84 873 21 995 807 846 425 718 41 631 602 551 203 711 536 341 518 981 279 28 216 549 255 206 17 546 927 0 60 536 956 110 68 638 424 397 158 992 990 537 450 615 984 78 10 757 137 590 945 262 
409 17 839 538 803 996 908 868 456 905 454 600 781 961 138 732 169 595 366 498 21 955 230 998 652 76 771 60 0 149 44 793 705 762 176 941 719 941 843 482 952 642 708 410 872 396 41 327 48 977 
560 704 659 610 907 986 244 111 693 401 380 55 101 523 703 319 568 522 360 121 21 433 372 910 799 351 228 536 149 0 654 381 389 879 15 834 797 936 877 551 910 468 282 591 794 736 335 547 443 463 
127 525 585 122 727 973 489 492 806 934 361 489 326 865 438 170 179 655 436 758 425 986 793 665 328 57 9 956 44 654 0 738 202 642 104 349 685 262 929 595 161 484 332 541 628 761 787 775 17 421 
962 906 547 571 684 603 340 963 249 955 267 59 400 849 406 224 159 915 807 951 874 317 177 116 650 131 332 110 793 381 738 0 625 645 851 93 309 279 409 315 591 997 4 454 249 74 775 721 239 168 
803 559 897 766 116 536 89 731 439 153 45 7 392 809 28 162 892 892 878 503 280 492 194 244 246 367 557 68 705 389 202 625 0 717 748 664 995 72 504 237 470 223 7 65 809 875 811 197 254 48 
800 814 442 108 909 808 240 890 795 162 603 57 722 156 552 501 754 660 875 551 6 575 973 432 275 314 167 638 762 879 642 645 717 0 301 538 826 865 593 381 838 460 920 6 301 322 885 635 214 378 
386 957 324 486 716 999 867 862 950 133 487 621 126 469 374 2 299 706 130 465 953 251 28 8 802 611 609 424 176 15 104 851 748 301 0 664 659 229 193 60 378 458 273 372 352 905 51 61 418 953 
204 883 511 139 543 386 111 649 415 133 675 266 118 870 331 830 569 686 308 549 764 869 928 121 963 157 991 397 941 834 349 93 664 538 664 0 163 303 950 611 342 669 657 592 755 570 255 392 773 134 
932 697 86 878 585 260 743 201 463 483 980 367 373 253 689 297 203 972 507 53 16 833 576 442 355 451 911 158 719 797 685 309 995 826 659 163 0 109 726 52 847 246 16 117 778 744 366 911 452 535 
969 392 861 132 63 118 927 374 997 626 470 491 91 229 834 868 873 784 492 58 293 883 382 451 950 205 434 992 941 936 262 279 72 865 229 303 109 0 364 385 472 197 308 294 922 536 472 133 331 804 
933 6 668 106 19 189 408 881 858 974 24 556 242 216 479 253 985 76 388 502 849 642 173 283 983 549 273 990 843 877 929 409 504 593 193 950 726 364 0 734 763 961 937 521 223 530 463 299 463 792 
928 680 267 27 965 606 901 217 815 170 953 516 955 553 305 443 810 853 187 655 80 143 188 22 408 561 274 537 482 551 595 315 237 381 60 611 52 385 734 0 751 957 333 93 937 499 720 603 494 509 
747 540 487 513 58 791 772 288 535 415 994 719 386 268 605 515 15 274 279 456 562 233 622 67 446 20 605 450 952 910 161 591 470 838 378 342 847 472 763 751 0 512 365 74 100 70 494 705 278 287 
449 535 37 18 226 698 839 204 488 23 823 959 80 124 49 605 56 373 340 655 498 901 120 226 13 413 584 615 642 468 484 997 223 460 458 669 246 197 961 957 512 0 151 227 794 722 775 563 609 116 
791 961 486 500 761 966 621 469 125 551 125 934 943 592 956 810 650 993 545 918 98 201 902 306 202 664 142 984 708 282 332 4 7 920 273 657 16 308 937 333 365 151 0 150 261 576 233 797 350 97 
911 443 97 165 558 938 379 356 192 78 794 884 444 184 728 51 61 639 200 233 785 491 553 172 10 317 109 78 410 591 541 454 65 6 372 592 117 294 521 93 74 227 150 0 47 664 968 122 471 217 
992 106 974 179 657 682 860 945 243 296 929 318 949 966 246 125 779 643 553 541 253 726 827 759 885 869 108 10 872 794 628 249 809 301 352 755 778 922 223 937 100 794 261 47 0 73 963 976 182 301 
368 871 245 279 850 616 48 844 606 365 244 910 938 771 779 902 73 668 280 240 16 760 907 477 816 577 956 757 396 736 761 74 875 322 905 570 744 536 530 499 70 722 576 664 73 0 817 851 437 527 
445 740 243 799 871 20 845 120 695 526 810 483 263 259 295 483 292 960 483 935 858 402 230 741 475 8 118 137 41 335 787 775 811 885 51 255 366 472 463 720 494 775 233 968 963 817 0 725 915 922 
641 552 229 558 667 321 812 401 271 765 681 567 268 411 782 878 731 479 659 211 986 851 339 835 916 412 625 590 327 547 775 721 197 635 61 392 911 133 299 603 705 563 797 122 976 851 725 0 555 966 
416 659 766 936 756 7 144 195 725 653 971 220 331 385 651 844 695 403 747 173 688 4 748 26 735 992 6 945 48 443 17 239 254 214 418 773 452 331 463 494 278 609 350 471 182 437 915 555 0 38 
740 33 975 819 874 23 958 873 353 178 456 879 722 777 980 970 85 200 187 186 446 857 880 728 702 21 61 262 977 463 421 168 48 378 953 134 535 804 792 509 287 116 97 217 301 527 922 966 38 0 
