50 2
0 804 871 10 989 964 407 983 342 597 424 458 53 774 855 609 77 497 529 285 294 698 64 864 330 295 925 906 191 676 550 947 700 889 893 129 55 740 920 695 27 66 170 839 289 467 890 938 557 331 
804 0 963 700 229 884 328 999 969 400 898 74 678 603 406 299 346 164 368 341 670 736 985 165 165 642 97 292 470 301 299 806 556 955 919 138 646 633 749 428 234 8 445 514 286 320 724 879 437 677 
871 963 0 430 124 536 213 843 282 194 251 996 232 959 438 174 66 134 900 131 752 298 136 827 661 279 368 760 466 47 518 182 792 790 937 191 635 632 628 288 30 234 892 760 637 478 832 497 161 714 
10 700 430 0 835 23 810 624 25 307 879 947 408 100 899 956 653 40 856 85 73 989 811 333 155 594 263 958 457 531 531 529 751 889 914 639 113 227 784 519 41 851 200 590 537 74 537 41 274 447 
989 229 124 835 0 620 30 117 941 375 332 251 774 113 269 871 747 677 811 341 684 504 687 132 164 550 177 426 484 982 187 839 297 841 503 525 159 413 969 325 776 440 501 388 470 784 596 712 6 434 
964 884 536 23 620 0 789 303 188 842 508 3 60 170 680 618 717 625 659 608 391 522 305 579 454 818 199 504 297 749 367 179 485 439 737 161 588 536 51 789 771 396 59 390 223 414 183 364 501 111 
407 328 213 810 30 789 0 839 111 651 258 144 718 557 613 133 760 594 39 327 333 515 675 732 622 247 981 560 434 421 629 648 681 395 763 829 895 502 273 672 51 755 821 722 924 556 182 710 554 322 
983 999 843 624 117 303 839 0 926 633 103 763 472 502 192 562 270 270 478 919 765 724 649 315 20 923 947 297 199 145 814 557 91 534 416 295 27 682 925 304 769 637 659 152 946 841 664 529 874 679 
342 969 282 25 941 188 111 926 0 814 110 97 676 168 237 251 550 469 380 164 312 100 582 497 210 150 343 13 447 684 692 232 726 834 219 446 854 347 700 61 323 522 342 2 556 341 255 454 586 630 
597 400 194 307 375 842 651 633 814 0 475 751 882 842 489 924 598 519 626 230 295 855 857 413 7 138 530 141 44 387 660 680 602 648 400 923 313 958 871 12 899 512 262 607 123 432 808 385 429 179 
424 898 251 879 332 508 258 103 110 475 0 955 730 966 519 242 474 556 589 925 715 487 711 249 602 887 475 871 477 367 723 498 323 222 294 421 734 360 458 124 746 657 780 602 231 437 165 536 108 337 
458 74 996 947 251 3 144 763 97 751 955 0 718 312 167 651 408 862 122 650 2 572 945 216 924 314 189 284 691 575 240 100 172 817 298 534 324 591 697 152 408 921 179 783 788 622 11 370 422 94 
53 678 232 408 774 60 718 472 676 882 730 718 0 785 1000 663 442 360 152 389 656 435 437 780 31 210 415 616 393 760 279 70 835 34 512 461 700 540 377 50 674 126 545 912 679 498 479 42 927 526 
774 603 959 100 113 170 557 502 168 842 966 312 785 0 492 781 634 524 360 986 493 626 443 400 771 162 94 253 468 41 837 717 915 664 924 310 792 700 669 374 791 242 176 526 999 893 465 310 710 300 
855 406 438 899 269 680 613 192 237 489 519 167 1000 492 0 338 235 762 953 226 160 534 132 949 4 29 694 720 340 581 43 793 979 944 497 131 355 136 31 67 432 792 312 132 682 190 923 431 656 728 
609 299 174 956 871 618 133 562 251 924 242 651 663 781 338 0 849 806 431 470 940 834 867 8 517 155 470 332 278 290 612 990 208 751 935 577 979 592 370 909 292 774 376 645 351 758 755 871 5 275 
77 346 66 653 747 717 760 270 550 598 474 408 442 634 235 849 0 790 787 125 874 466 48 544 752 979 261 604 360 122 847 316 51 549 465 73 383 883 248 707 921 214 996 974 860 758 340 634 470 853 
497 164 134 40 677 625 594 270 469 519 556 862 360 524 762 806 790 0 195 42 446 117 543 638 290 585 543 972 425 267 292 274 683 596 719 12 125 59 770 356 29 793 424 409 205 647 896 928 67 899 
529 368 900 856 811 659 39 478 380 626 589 122 152 360 953 431 787 195 0 51 443 961 886 696 980 147 188 272 675 398 371 407 161 369 968 994 812 782 540 45 317 181 574 541 946 787 797 254 756 95 
285 341 131 85 341 608 327 919 164 230 925 650 389 986 226 470 125 42 51 0 315 200 874 380 536 244 795 547 510 789 974 795 146 231 21 358 95 769 630 580 342 388 579 642 212 659 30 661 124 915 
294 670 752 73 684 391 333 765 312 295 715 2 656 493 160 940 874 446 443 315 0 711 254 536 185 58 321 353 105 962 611 911 351 924 360 153 162 507 21 493 499 40 60 940 78 9 940 144 364 452 
698 736 298 989 504 522 515 724 100 855 487 572 435 626 534 834 466 117 961 200 711 0 499 130 829 285 306 472 197 496 635 20 358 176 604 212 639 910 96 873 754 964 691 63 917 124 239 919 840 719 
64 985 136 811 687 305 675 649 582 857 711 945 437 443 132 867 48 543 886 874 254 499 0 410 736 896 165 774 751 941 263 452 825 154 327 543 434 900 96 666 922 127 249 459 906 628 585 104 668 438 
864 165 827 333 132 579 732 315 497 413 249 216 780 400 949 8 544 638 696 380 536 130 410 0 78 515 602 853 267 617 657 947 849 579 730 641 147 610 780 409 428 587 121 79 397 863 221 273 352 753 
330 165 661 155 164 454 622 20 210 7 602 924 31 771 4 517 752 290 980 536 185 829 736 78 0 279 52 585 129 223 749 503 582 854 441 559 615 357 456 138 934 689 566 197 821 734 660 697 746 203 
295 642 279 594 550 818 247 923 150 138 887 314 210 162 29 155 979 585 147 244 58 285 896 515 279 0 70 455 846 321 208 219 383 751 770 649 892 981 409 806 721 558 146 101 343 581 495 847 9 980 
925 97 368 263 177 199 981 947 343 530 475 189 415 94 694 470 261 543 188 795 321 306 165 602 52 70 0 521 108 443 252 158 420 251 80 3 544 398 367 904 228 345 386 919 259 485 377 158 571 574 
906 292 760 958 426 504 560 297 13 141 871 284 616 253 720 332 604 972 272 547 353 472 774 853 585 455 521 0 219 157 824 731 70 401 904 796 510 492 597 961 606 647 162 133 244 615 825 322 930 161 
191 470 466 457 484 297 434 199 447 44 477 691 393 468 340 278 360 425 675 510 105 197 751 267 129 846 108 219 0 253 825 807 713 278 173 560 131 552 323 737 609 90 778 161 917 139 332 504 659 727 
676 301 47 531 982 749 421 145 684 387 367 575 760 41 581 290 122 267 398 789 962 496 941 617 223 321 443 157 253 0 749 79 655 387 410 188 656 432 981 726 115 838 227 552 653 808 439 510 147 512 
550 299 518 531 187 367 629 814 692 660 723 240 279 837 43 612 847 292 371 974 611 635 263 657 749 208 252 824 825 749 0 850 891 194 375 932 825 944 115 807 117 167 8 492 861 595 820 680 437 351 
947 806 182 529 839 179 648 557 232 680 498 100 70 717 793 990 316 274 407 795 911 20 452 947 503 219 158 731 807 79 850 0 464 157 794 265 901 624 266 194 992 975 352 113 99 168 444 39 427 258 
700 556 792 751 297 485 681 91 726 602 323 172 835 915 979 208 51 683 161 146 351 358 825 849 582 383 420 70 713 655 891 464 0 445 316 385 215 890 767 468 464 40 92 724 545 634 670 859 431 923 
889 955 790 889 841 439 395 534 834 648 222 817 34 664 944 751 549 596 369 231 924 176 154 579 854 751 251 401 278 387 194 157 445 0 164 158 573 847 959 765 625 923 630 832 920 376 876 703 814 231 
893 919 937 914 503 737 763 416 219 400 294 298 512 924 497 935 465 719 968 21 360 604 327 730 441 770 80 904 173 410 375 794 316 164 0 275 983 357 445 217 488 798 989 454 440 412 465 74 990 896 
129 138 191 639 525 161 829 295 446 923 421 534 461 310 131 577 73 12 994 358 153 212 543 641 559 649 3 796 560 188 932 265 385 158 275 0 872 811 842 27 586 467 414 547 848 469 648 365 823 269 
55 646 635 113 159 588 895 27 854 313 734 324 700 792 355 979 383 125 812 95 162 639 434 147 615 892 544 510 131 656 825 901 215 573 983 872 0 979 928 216 170 449 500 741 407 808 114 801 964 240 
740 633 632 227 413 536 502 682 347 958 360 591 540 700 136 592 883 59 782 769 507 910 900 610 357 981 398 492 552 432 944 624 890 847 357 811 979 0 853 230 880 385 102 389 640 973 935 92 581 881 
920 749 628 784 969 51 273 925 700 871 458 697 377 669 31 370 248 770 540 630 21 96 96 780 456 409 367 597 323 981 115 266 767 959 445 842 928 853 0 78 947 428 955 88 417 555 328 733 815 883 
695 428 288 519 325 789 672 304 61 12 124 152 50 374 67 909 707 356 45 580 493 873 666 409 138 806 904 961 737 726 807 194 468 765 217 27 216 230 78 0 272 903 411 471 666 864 857 519 272 117 
27 234 30 41 776 771 51 769 323 899 746 408 674 791 432 292 921 29 317 342 499 754 922 428 934 721 228 606 609 115 117 992 464 625 488 586 170 880 947 272 0 185 295 365 815 232 582 301 992 480 
66 8 234 851 440 396 755 637 522 512 657 921 126 242 792 774 214 793 181 388 40 964 127 587 689 558 345 647 90 838 167 975 40 923 798 467 449 385 428 903 185 0 446 556 937 483 661 586 316 702 
170 445 892 200 501 59 821 659 342 262 780 179 545 176 312 376 996 424 574 579 60 691 249 121 566 146 386 162 778 227 8 352 92 630 989 414 500 102 955 411 295 446 0 540 576 516 674 488 651 916 
839 514 760 590 388 390 722 152 2 607 602 783 912 526 132 645 974 409 541 642 940 63 459 79 197 101 919 133 161 552 492 113 724 832 454 547 741 389 88 471 365 556 540 0 587 117 462 322 763 147 
289 286 637 537 470 223 924 946 556 123 231 788 679 999 682 351 860 205 946 212 78 917 906 397 821 343 259 244 917 653 861 99 545 920 440 848 407 640 417 666 815 937 576 587 0 434 309 45 766 576 
467 320 478 74 784 414 556 841 341 432 437 622 498 893 190 758 758 647 787 659 9 124 628 863 734 581 485 615 139 808 595 168 634 376 412 469 808 973 555 864 232 483 516 117 434 0 833 503 563 464 
890 724 832 537 596 183 182 664 255 808 165 11 479 465 923 755 340 896 797 30 940 239 585 221 660 495 377 825 332 439 820 444 670 876 465 648 114 935 328 857 582 661 674 462 309 833 0 872 691 100 
938 879 497 41 712 364 710 529 454 385 536 370 42 310 431 871 634 928 254 661 144 919 104 273 697 847 158 322 504 510 680 39 859 703 74 365 801 92 733 519 301 586 488 322 45 503 872 0 579 225 
557 437 161 274 6 501 554 874 586 429 108 422 927 710 656 5 470 67 756 124 364 840 668 352 746 9 571 930 659 147 437 427 431 814 990 823 964 581 815 272 992 316 651 763 766 563 691 579 0 45 
331 677 714 447 434 111 322 679 630 179 337 94 526 300 728 275 853 899 95 915 452 719 438 753 203 980 574 161 727 512 351 258 923 231 896 269 240 881 883 117 480 702 916 147 576 464 100 225 45 0 
0 683 567 90 942 280 26 182 28 276 702 497 992 332 489 632 932 966 690 596 715 450 749 497 857 333 536 704 788 675 341 967 569 261 621 501 463 381 539 950 982 211 85 39 355 266 471 455 845 699 
683 0 722 79 518 622 244 650 241 692 631 595 331 489 197 142 177 412 604 691 557 10 90 837 576 690 249 438 687 458 870 66 892 510 181 191 616 270 147 458 15 480 451 928 68 656 902 568 306 959 
567 722 0 658 173 568 729 476 725 858 938 193 485 753 542 572 270 759 693 319 974 154 588 415 84 456 462 220 734 706 794 983 906 591 513 488 657 585 146 939 22 256 593 601 911 254 380 700 596 975 
90 79 658 0 36 31 217 853 218 19 421 330 890 80 497 845 569 724 805 62 639 978 532 43 405 73 538 491 381 984 627 9 66 97 978 443 237 540 271 943 951 774 217 248 43 597 594 142 124 679 
942 518 173 36 0 697 183 909 779 15 726 469 986 213 912 358 61 385 230 105 430 925 872 960 149 631 469 383 262 597 117 94 60 910 880 151 844 962 367 158 448 408 775 464 412 247 284 525 170 337 
280 622 568 31 697 0 994 988 826 674 366 43 496 675 600 578 369 1000 93 688 83 23 245 378 354 637 806 201 362 379 454 93 866 586 84 117 418 448 560 793 466 435 669 861 615 311 248 387 612 595 
26 244 729 217 183 994 0 817 529 19 678 961 55 746 116 169 115 471 176 198 432 280 843 402 727 757 414 614 467 948 260 421 319 990 721 492 106 778 729 119 23 174 726 824 308 471 35 624 608 779 
182 650 476 853 909 988 817 0 215 105 232 762 414 837 714 784 1 241 887 789 992 402 69 666 107 287 562 886 300 621 39 567 521 926 300 545 424 158 785 627 322 306 164 429 838 844 39 57 148 27 
28 241 725 218 779 826 529 215 0 340 678 846 276 585 723 262 532 763 121 742 697 59 628 728 618 694 307 3 182 576 309 344 156 336 843 36 161 516 13 469 84 755 615 39 770 648 585 337 748 817 
276 692 858 19 15 674 19 105 340 0 892 853 29 390 313 794 447 310 809 951 381 364 664 728 296 66 342 952 994 728 52 734 483 991 773 667 828 222 708 448 183 279 883 843 434 705 699 977 56 589 
702 631 938 421 726 366 678 232 678 892 0 252 758 527 995 879 203 88 967 958 268 929 278 334 84 976 668 570 208 983 235 160 595 427 259 264 27 441 703 609 642 350 748 438 658 234 497 72 106 25 
497 595 193 330 469 43 961 762 846 853 252 0 260 568 765 809 988 798 815 825 895 238 788 817 812 645 345 867 925 942 102 117 338 439 591 968 309 800 315 25 8 960 430 819 184 225 339 173 262 788 
992 331 485 890 986 496 55 414 276 29 758 260 0 920 20 238 222 901 258 697 7 202 453 718 686 163 840 468 34 64 761 906 1000 827 496 945 387 222 748 598 722 997 714 826 801 631 612 6 732 553 
332 489 753 80 213 675 746 837 585 390 527 568 920 0 643 328 843 547 654 808 22 867 986 286 406 361 586 609 286 491 572 237 478 111 299 963 243 222 673 86 859 121 571 641 255 296 909 582 132 442 
489 197 542 497 912 600 116 714 723 313 995 765 20 643 0 203 262 659 75 567 337 673 621 686 204 224 667 531 716 646 530 651 870 234 455 286 420 131 84 683 275 857 210 266 847 164 555 777 863 580 
632 142 572 845 358 578 169 784 262 794 879 809 238 328 203 0 173 123 301 864 874 600 1 862 702 274 869 94 800 112 964 783 19 518 640 677 739 828 790 555 308 893 65 171 30 703 832 606 368 719 
932 177 270 569 61 369 115 1 532 447 203 988 222 843 262 173 0 195 860 651 682 693 81 924 161 404 81 465 340 386 655 786 793 70 520 852 426 260 132 755 959 15 306 38 739 181 281 896 18 454 
966 412 759 724 385 1000 471 241 763 310 88 798 901 547 659 123 195 0 387 1000 177 503 566 248 776 691 283 99 953 948 647 301 857 679 745 306 260 779 67 245 428 43 660 320 585 327 298 135 565 642 
690 604 693 805 230 93 176 887 121 809 967 815 258 654 75 301 860 387 0 575 579 369 596 322 892 594 163 164 691 156 720 133 35 774 589 999 425 39 993 840 554 303 114 719 908 892 324 761 865 992 
596 691 319 62 105 688 198 789 742 951 958 825 697 808 567 864 651 1000 575 0 339 749 387 306 26 674 819 757 762 366 831 503 412 793 475 830 22 239 530 304 659 283 534 669 512 816 458 293 960 288 
715 557 974 639 430 83 432 992 697 381 268 895 7 22 337 874 682 177 579 339 0 393 274 280 952 326 783 422 558 34 363 626 770 316 767 106 157 894 350 1000 586 620 856 161 257 579 727 315 979 843 
450 10 154 978 925 23 280 402 59 364 929 238 202 867 673 600 693 503 369 749 393 0 354 269 329 633 721 752 839 374 551 213 563 635 569 958 181 660 166 882 406 26 14 32 605 433 128 256 806 274 
749 90 588 532 872 245 843 69 628 664 278 788 453 986 621 1 81 566 596 387 274 354 0 577 15 606 551 342 486 505 794 755 336 160 140 935 25 13 983 682 259 423 186 805 629 649 979 99 628 389 
497 837 415 43 960 378 402 666 728 728 334 817 718 286 686 862 924 248 322 306 280 269 577 0 364 495 292 201 466 758 129 124 980 222 186 385 458 755 186 43 134 962 548 71 761 72 369 208 189 862 
857 576 84 405 149 354 727 107 618 296 84 812 686 406 204 702 161 776 892 26 952 329 15 364 0 120 951 725 791 735 766 83 969 531 9 381 942 380 627 891 628 154 271 601 975 189 143 635 285 571 
333 690 456 73 631 637 757 287 694 66 976 645 163 361 224 274 404 691 594 674 326 633 606 495 120 0 849 663 9 858 918 696 89 221 975 411 608 651 887 577 183 507 731 435 915 132 230 101 357 901 
536 249 462 538 469 806 414 562 307 342 668 345 840 586 667 869 81 283 163 819 783 721 551 292 951 849 0 641 802 405 754 771 458 171 879 881 530 417 209 987 25 158 498 939 689 611 610 237 157 501 
704 438 220 491 383 201 614 886 3 952 570 867 468 609 531 94 465 99 164 757 422 752 342 201 725 663 641 0 746 177 2 6 454 797 230 695 760 376 783 970 836 376 782 884 426 507 94 720 664 285 
788 687 734 381 262 362 467 300 182 994 208 925 34 286 716 800 340 953 691 762 558 839 486 466 791 9 802 746 0 174 444 178 739 939 110 535 366 7 684 86 760 554 7 471 675 366 358 33 424 312 
675 458 706 984 597 379 948 621 576 728 983 942 64 491 646 112 386 948 156 366 34 374 505 758 735 858 405 177 174 0 912 76 223 990 739 471 107 560 564 766 83 490 578 422 408 904 412 725 894 175 
341 870 794 627 117 454 260 39 309 52 235 102 761 572 530 964 655 647 720 831 363 551 794 129 766 918 754 2 444 912 0 316 722 863 827 480 122 646 58 209 432 159 621 956 917 848 708 198 155 151 
967 66 983 9 94 93 421 567 344 734 160 117 906 237 651 783 786 301 133 503 626 213 755 124 83 696 771 6 178 76 316 0 826 627 894 21 292 269 212 447 249 110 261 16 945 309 419 383 664 328 
569 892 906 66 60 866 319 521 156 483 595 338 1000 478 870 19 793 857 35 412 770 563 336 980 969 89 458 454 739 223 722 826 0 706 35 957 983 419 447 46 83 985 115 464 776 19 503 619 325 884 
261 510 591 97 910 586 990 926 336 991 427 439 827 111 234 518 70 679 774 793 316 635 160 222 531 221 171 797 939 990 863 627 706 0 816 285 976 971 342 249 235 417 40 71 207 479 891 23 525 184 
621 181 513 978 880 84 721 300 843 773 259 591 496 299 455 640 520 745 589 475 767 569 140 186 9 975 879 230 110 739 827 894 35 816 0 486 783 931 502 665 905 786 698 631 958 921 885 471 203 350 
501 191 488 443 151 117 492 545 36 667 264 968 945 963 286 677 852 306 999 830 106 958 935 385 381 411 881 695 535 471 480 21 957 285 486 0 872 114 807 938 786 165 92 702 533 614 874 519 687 880 
463 616 657 237 844 418 106 424 161 828 27 309 387 243 420 739 426 260 425 22 157 181 25 458 942 608 530 760 366 107 122 292 983 976 783 872 0 551 617 811 246 632 437 840 174 615 698 748 742 597 
381 270 585 540 962 448 778 158 516 222 441 800 222 222 131 828 260 779 39 239 894 660 13 755 380 651 417 376 7 560 646 269 419 971 931 114 551 0 557 369 91 232 912 317 722 403 786 704 706 66 
539 147 146 271 367 560 729 785 13 708 703 315 748 673 84 790 132 67 993 530 350 166 983 186 627 887 209 783 684 564 58 212 447 342 502 807 617 557 0 568 495 666 255 578 859 408 756 507 712 561 
950 458 939 943 158 793 119 627 469 448 609 25 598 86 683 555 755 245 840 304 1000 882 682 43 891 577 987 970 86 766 209 447 46 249 665 938 811 369 568 0 152 531 253 868 800 908 871 88 835 334 
982 15 22 951 448 466 23 322 84 183 642 8 722 859 275 308 959 428 554 659 586 406 259 134 628 183 25 836 760 83 432 249 83 235 905 786 246 91 495 152 0 79 805 853 45 89 340 763 949 996 
211 480 256 774 408 435 174 306 755 279 350 960 997 121 857 893 15 43 303 283 620 26 423 962 154 507 158 376 554 490 159 110 985 417 786 165 632 232 666 531 79 0 943 374 210 609 752 119 908 811 
85 451 593 217 775 669 726 164 615 883 748 430 714 571 210 65 306 660 114 534 856 14 186 548 271 731 498 782 7 578 621 261 115 40 698 92 437 912 255 253 805 943 0 205 923 427 996 160 97 618 
39 928 601 248 464 861 824 429 39 843 438 819 826 641 266 171 38 320 719 669 161 32 805 71 601 435 939 884 471 422 956 16 464 71 631 702 840 317 578 868 853 374 205 0 131 892 175 245 346 944 
355 68 911 43 412 615 308 838 770 434 658 184 801 255 847 30 739 585 908 512 257 605 629 761 975 915 689 426 675 408 917 945 776 207 958 533 174 722 859 800 45 210 923 131 0 197 943 589 886 438 
266 656 254 597 247 311 471 844 648 705 234 225 631 296 164 703 181 327 892 816 579 433 649 72 189 132 611 507 366 904 848 309 19 479 921 614 615 403 408 908 89 609 427 892 197 0 396 536 523 109 
471 902 380 594 284 248 35 39 585 699 497 339 612 909 555 832 281 298 324 458 727 128 979 369 143 230 610 94 358 412 708 419 503 891 885 874 698 786 756 871 340 752 996 175 943 396 0 31 428 74 
455 568 700 142 525 387 624 57 337 977 72 173 6 582 777 606 896 135 761 293 315 256 99 208 635 101 237 720 33 725 198 383 619 23 471 519 748 704 507 88 763 119 160 245 589 536 31 0 962 108 
845 306 596 124 170 612 608 148 748 56 106 262 732 132 863 368 18 565 865 960 979 806 628 189 285 357 157 664 424 894 155 664 325 525 203 687 742 706 712 835 949 908 97 346 886 523 428 962 0 178 
699 959 975 679 337 595 779 27 817 589 25 788 553 442 580 719 454 642 992 288 843 274 389 862 571 901 501 285 312 175 151 328 884 184 350 880 597 66 561 334 996 811 618 944 438 109 74 108 178 0 
0 127 645 707 10 853 966 813 845 774 159 584 57 529 441 358 88 63 251 372 209 496 206 473 63 698 551 262 176 430 566 13 446 504 463 313 429 662 420 25 210 740 964 986 607 871 510 534 239 286 
127 0 206 882 726 258 761 314 688 306 182 361 434 597 952 834 699 456 180 317 523 924 806 169 308 445 955 541 405 516 29 936 118 438 981 934 351 903 723 538 929 415 636 256 839 183 102 405 576 53 
645 206 0 278 880 358 300 359 307 276 38 844 429 173 609 583 726 312 288 607 12 873 236 722 835 579 397 861 467 344 96 133 169 449 515 501 516 284 976 236 1000 629 459 396 207 565 538 456 304 277 
707 882 278 0 957 802 863 167 784 858 518 708 31 783 470 85 691 254 359 885 338 27 570 771 483 933 411 564 599 152 395 938 864 941 57 633 762 441 523 177 80 351 858 868 960 372 405 935 994 418 
10 726 880 957 0 267 791 229 91 771 160 740 87 833 93 666 875 531 697 860 508 62 145 47 730 185 628 489 772 489 930 822 923 65 103 783 197 202 459 867 521 607 101 471 638 702 693 605 929 663 
853 258 358 802 267 0 11 28 423 399 643 790 529 339 252 410 582 159 844 307 997 964 874 762 866 394 388 775 547 522 555 889 222 399 982 976 568 473 702 97 565 549 331 66 343 629 599 620 596 502 
966 761 300 863 791 11 0 28 337 977 306 214 886 281 720 813 878 581 943 802 588 703 209 547 216 378 680 247 669 186 976 550 732 119 376 359 829 191 206 954 876 890 258 78 724 443 766 426 337 128 
813 314 359 167 229 28 28 0 908 917 808 285 610 289 331 112 961 814 185 374 15 690 836 289 825 771 434 318 755 400 811 233 456 22 611 672 490 715 399 186 750 784 916 344 283 161 963 818 856 981 
845 688 307 784 91 423 337 908 0 817 549 249 882 600 222 773 599 161 925 143 348 976 389 291 122 338 580 869 908 589 576 792 756 686 231 896 892 626 995 583 1000 289 361 852 282 440 475 700 128 279 
774 306 276 858 771 399 977 917 817 0 375 173 982 755 673 247 703 716 293 163 673 701 420 194 833 978 598 78 64 337 935 293 438 57 219 222 298 858 300 559 768 830 40 121 332 223 398 8 970 389 
159 182 38 518 160 643 306 808 549 375 0 674 283 535 129 133 753 926 143 158 572 224 837 744 936 45 362 212 678 90 859 827 355 492 781 646 874 609 267 382 298 588 184 458 219 810 539 737 977 847 
584 361 844 708 740 790 214 285 249 173 674 0 834 165 409 321 215 35 241 78 73 834 275 180 71 224 784 50 49 38 924 928 637 557 470 49 532 237 749 927 844 5 418 217 810 695 718 916 912 253 
57 434 429 31 87 529 886 610 882 982 283 834 0 219 935 708 714 2 954 311 971 662 399 313 447 922 116 514 943 925 220 42 110 213 594 78 777 818 151 394 321 229 168 125 311 578 337 746 218 436 
529 597 173 783 833 339 281 289 600 755 535 165 219 0 329 637 63 347 597 335 937 216 97 620 580 589 357 406 678 520 269 886 551 729 753 6 535 711 499 752 2 956 248 336 913 737 63 213 890 474 
441 952 609 470 93 252 720 331 222 673 129 409 935 329 0 833 811 259 824 481 568 61 545 398 658 948 551 630 278 331 599 281 156 685 417 843 509 850 952 539 795 87 705 733 68 929 395 258 216 519 
358 834 583 85 666 410 813 112 773 247 133 321 708 637 833 0 950 786 794 387 333 446 955 198 449 844 113 973 291 711 83 195 910 638 479 255 129 279 51 368 605 166 833 736 978 359 76 474 749 211 
88 699 726 691 875 582 878 961 599 703 753 215 714 63 811 950 0 822 266 292 233 333 823 3 803 654 977 629 810 709 414 299 270 856 439 117 481 789 865 274 100 976 709 888 402 948 717 148 799 770 
63 456 312 254 531 159 581 814 161 716 926 35 2 347 259 786 822 0 696 104 744 405 311 852 116 229 612 823 254 22 458 796 204 436 287 842 644 270 877 790 764 878 418 613 418 628 586 855 509 202 
251 180 288 359 697 844 943 185 925 293 143 241 954 597 824 794 266 696 0 562 442 551 297 682 166 544 940 817 248 721 496 969 927 295 256 153 536 923 145 184 436 663 922 304 361 111 554 129 86 52 
372 317 607 885 860 307 802 374 143 163 158 78 311 335 481 387 292 104 562 0 466 207 564 667 845 324 357 388 53 817 391 693 624 280 565 153 833 761 494 834 413 448 473 354 499 49 576 603 99 778 
209 523 12 338 508 997 588 15 348 673 572 73 971 937 568 333 233 744 442 466 0 379 619 904 131 668 368 538 348 826 729 385 243 747 89 860 741 105 707 26 381 253 156 945 769 304 208 715 57 206 
496 924 873 27 62 964 703 690 976 701 224 834 662 216 61 446 333 405 551 207 379 0 511 773 474 398 320 119 164 629 487 666 362 206 491 20 940 278 874 304 529 945 924 818 349 477 908 636 196 668 
206 806 236 570 145 874 209 836 389 420 837 275 399 97 545 955 823 311 297 564 619 511 0 406 985 280 478 600 528 627 265 213 793 984 786 26 918 961 58 378 918 409 862 147 172 251 32 785 500 574 
473 169 722 771 47 762 547 289 291 194 744 180 313 620 398 198 3 852 682 667 904 773 406 0 634 422 754 730 444 279 798 843 175 806 789 373 640 382 821 971 963 287 396 848 420 962 684 884 988 321 
63 308 835 483 730 866 216 825 122 833 936 71 447 580 658 449 803 116 166 845 131 474 985 634 0 865 6 240 343 151 32 842 280 423 890 702 53 775 385 272 526 770 908 464 28 841 932 317 671 426 
698 445 579 933 185 394 378 771 338 978 45 224 922 589 948 844 654 229 544 324 668 398 280 422 865 0 326 419 695 339 128 376 834 771 5 647 382 456 189 435 972 485 134 549 75 881 808 708 549 51 
551 955 397 411 628 388 680 434 580 598 362 784 116 357 551 113 977 612 940 357 368 320 478 754 6 326 0 447 178 435 377 301 722 747 67 165 594 554 735 24 896 826 600 287 382 387 268 851 817 625 
262 541 861 564 489 775 247 318 869 78 212 50 514 406 630 973 629 823 817 388 538 119 600 730 240 419 447 0 242 908 964 852 559 127 671 317 133 729 352 74 81 613 61 256 545 334 913 159 273 616 
176 405 467 599 772 547 669 755 908 64 678 49 943 678 278 291 810 254 248 53 348 164 528 444 343 695 178 242 0 619 431 700 271 114 849 381 451 845 334 863 217 642 806 539 369 493 520 795 462 515 
430 516 344 152 489 522 186 400 589 337 90 38 925 520 331 711 709 22 721 817 826 629 627 279 151 339 435 908 619 0 211 807 803 196 344 527 770 512 306 249 839 506 341 483 758 295 597 282 13 756 
566 29 96 395 930 555 976 811 576 935 859 924 220 269 599 83 414 458 496 391 729 487 265 798 32 128 377 964 431 211 0 695 373 192 81 594 960 246 899 820 692 913 422 218 330 129 353 727 859 970 
13 936 133 938 822 889 550 233 792 293 827 928 42 886 281 195 299 796 969 693 385 666 213 843 842 376 301 852 700 807 695 0 217 484 20 893 821 681 725 438 972 870 706 813 196 697 625 589 513 594 
446 118 169 864 923 222 732 456 756 438 355 637 110 551 156 910 270 204 927 624 243 362 793 175 280 834 722 559 271 803 373 217 0 301 998 96 127 536 418 948 989 26 750 457 223 895 421 293 709 203 
504 438 449 941 65 399 119 22 686 57 492 557 213 729 685 638 856 436 295 280 747 206 984 806 423 771 747 127 114 196 192 484 301 0 315 650 139 132 702 698 793 599 995 978 766 326 63 851 549 751 
463 981 515 57 103 982 376 611 231 219 781 470 594 753 417 479 439 287 256 565 89 491 786 789 890 5 67 671 849 344 81 20 998 315 0 356 356 163 361 422 109 212 285 201 99 158 118 718 881 758 
313 934 501 633 783 976 359 672 896 222 646 49 78 6 843 255 117 842 153 153 860 20 26 373 702 647 165 317 381 527 594 893 96 650 356 0 85 755 285 100 120 924 890 372 339 364 177 379 305 388 
429 351 516 762 197 568 829 490 892 298 874 532 777 535 509 129 481 644 536 833 741 940 918 640 53 382 594 133 451 770 960 821 127 139 356 85 0 494 413 213 801 357 616 363 839 238 263 211 216 182 
662 903 284 441 202 473 191 715 626 858 609 237 818 711 850 279 789 270 923 761 105 278 961 382 775 456 554 729 845 512 246 681 536 132 163 755 494 0 492 601 705 632 229 714 295 368 339 322 329 844 
420 723 976 523 459 702 206 399 995 300 267 749 151 499 952 51 865 877 145 494 707 874 58 821 385 189 735 352 334 306 899 725 418 702 361 285 413 492 0 270 462 350 789 374 146 440 270 680 371 448 
25 538 236 177 867 97 954 186 583 559 382 927 394 752 539 368 274 790 184 834 26 304 378 971 272 435 24 74 863 249 820 438 948 698 422 100 213 601 270 0 899 475 818 122 277 9 189 897 244 495 
210 929 1000 80 521 565 876 750 1000 768 298 844 321 2 795 605 100 764 436 413 381 529 918 963 526 972 896 81 217 839 692 972 989 793 109 120 801 705 462 899 0 891 155 34 968 989 800 344 53 72 
740 415 629 351 607 549 890 784 289 830 588 5 229 956 87 166 976 878 663 448 253 945 409 287 770 485 826 613 642 506 913 870 26 599 212 924 357 632 350 475 891 0 148 597 866 662 153 782 139 100 
964 636 459 858 101 331 258 916 361 40 184 418 168 248 705 833 709 418 922 473 156 924 862 396 908 134 600 61 806 341 422 706 750 995 285 890 616 229 789 818 155 148 0 837 104 660 25 941 711 470 
986 256 396 868 471 66 78 344 852 121 458 217 125 336 733 736 888 613 304 354 945 818 147 848 464 549 287 256 539 483 218 813 457 978 201 372 363 714 374 122 34 597 837 0 897 185 872 794 621 146 
607 839 207 960 638 343 724 283 282 332 219 810 311 913 68 978 402 418 361 499 769 349 172 420 28 75 382 545 369 758 330 196 223 766 99 339 839 295 146 277 968 866 104 897 0 747 23 587 332 776 
871 183 565 372 702 629 443 161 440 223 810 695 578 737 929 359 948 628 111 49 304 477 251 962 841 881 387 334 493 295 129 697 895 326 158 364 238 368 440 9 989 662 660 185 747 0 503 373 463 925 
510 102 538 405 693 599 766 963 475 398 539 718 337 63 395 76 717 586 554 576 208 908 32 684 932 808 268 913 520 597 353 625 421 63 118 177 263 339 270 189 800 153 25 872 23 503 0 958 566 974 
534 405 456 935 605 620 426 818 700 8 737 916 746 213 258 474 148 855 129 603 715 636 785 884 317 708 851 159 795 282 727 589 293 851 718 379 211 322 680 897 344 782 941 794 587 373 958 0 193 857 
239 576 304 994 929 596 337 856 128 970 977 912 218 890 216 749 799 509 86 99 57 196 500 988 671 549 817 273 462 13 859 513 709 549 881 305 216 329 371 244 53 139 711 621 332 463 566 193 0 811 
286 53 277 418 663 502 128 981 279 389 847 253 436 474 519 211 770 202 52 778 206 668 574 321 426 51 625 616 515 756 970 594 203 751 758 388 182 844 448 495 72 100 470 146 776 925 974 857 811 0 
