80 3
0 917 156 207 878 25 81 12 333 498 760 838 42 756 467 7 566 353 301 315 835 878 641 413 445 292 999 919 841 935 756 45 93 954 11 90 26 417 703 203 472 761 526 853 781 825 409 507 20 542 82 73 37 554 384 576 641 168 868 308 871 201 659 652 714 661 11 657 291 615 879 955 862 970 157 805 684 355 591 265 
917 0 125 898 545 941 428 804 899 442 270 84 51 321 389 602 432 472 47 709 915 784 559 536 842 921 923 133 341 328 124 528 209 188 886 573 213 683 760 972 416 848 128 773 271 149 400 265 280 596 653 79 933 462 795 131 127 293 453 567 303 251 223 260 930 43 791 730 594 205 291 244 407 304 21 626 879 766 967 715 
156 125 0 189 474 188 594 984 524 520 550 188 55 698 698 924 238 774 531 831 979 588 649 502 928 29 36 161 432 857 364 682 881 988 592 196 384 553 173 984 761 724 388 80 615 30 948 254 957 879 297 503 30 47 380 802 148 270 943 549 772 576 854 445 189 237 195 845 709 395 533 292 461 647 585 804 445 946 477 707 
207 898 189 0 3 111 995 828 811 102 598 59 102 736 182 31 371 853 982 113 208 432 3 682 853 317 531 552 437 582 840 998 281 891 719 427 228 874 37 747 509 916 115 189 333 181 406 733 969 934 41 625 809 722 937 515 757 418 437 831 485 962 646 860 797 643 6 588 355 962 660 824 217 834 107 322 979 794 284 260 
878 545 474 3 0 926 36 869 619 701 474 967 718 298 971 771 919 585 749 671 51 768 796 347 455 342 170 492 622 661 668 120 181 432 952 460 821 62 527 898 844 807 898 381 196 532 180 147 688 332 161 437 462 613 383 38 696 668 478 64 279 79 973 556 660 122 724 940 656 1000 97 96 669 375 5 133 627 602 599 35 
25 941 188 111 926 0 211 165 774 51 408 521 594 989 960 4 335 455 421 648 683 457 560 958 156 499 445 113 498 674 352 947 203 393 208 422 854 983 520 470 608 772 356 951 971 685 806 705 841 634 277 950 409 233 22 123 556 669 460 806 55 325 637 635 277 31 722 781 172 966 595 904 319 748 594 652 429 5 645 204 
81 428 594 995 36 211 0 796 603 239 442 691 483 504 316 517 218 521 145 303 161 799 188 360 710 754 892 724 893 462 746 56 616 339 897 444 415 227 962 891 346 611 7 385 349 82 701 287 364 433 37 610 461 47 299 216 465 545 945 769 83 955 402 539 398 849 765 709 20 401 467 191 255 292 553 125 504 690 402 905 
12 804 984 828 869 165 796 0 959 690 634 198 221 522 477 752 408 130 684 441 146 893 932 591 269 922 200 832 190 309 9 273 514 456 712 897 692 434 385 148 703 996 77 57 343 522 727 33 34 893 1000 524 630 467 300 656 597 84 449 144 940 533 813 661 350 199 601 441 906 926 39 240 122 800 509 97 12 603 192 71 
333 899 524 811 619 774 603 959 0 328 235 142 815 515 757 290 101 7 387 646 351 919 265 540 135 428 501 454 758 833 571 18 825 488 846 423 616 908 977 838 406 557 522 45 238 536 552 299 189 140 206 739 350 580 80 562 74 861 669 166 27 310 683 130 428 57 979 290 551 745 819 987 6 203 658 641 381 784 689 878 
498 442 520 102 701 51 239 690 328 0 849 139 53 724 811 980 940 211 367 149 358 937 385 700 726 934 59 547 758 824 930 855 541 199 500 904 236 557 299 510 800 209 181 275 307 670 943 983 535 346 544 334 558 355 786 315 63 335 543 529 217 708 546 808 239 697 340 56 295 268 142 729 622 243 170 301 930 655 623 760 
760 270 550 598 474 408 442 634 235 849 0 893 485 100 401 536 925 345 575 481 825 914 158 136 354 721 821 741 647 109 659 27 696 129 756 785 726 83 857 676 770 551 495 243 519 833 125 202 467 543 326 742 676 927 378 621 500 486 482 711 419 221 68 506 180 922 297 851 976 79 466 380 601 871 903 131 349 250 667 296 
838 84 188 59 967 521 691 198 142 139 893 0 360 855 637 185 97 342 760 975 849 503 275 592 665 228 659 389 787 830 147 486 157 95 610 418 642 279 976 522 652 523 681 403 960 26 570 1000 17 168 454 119 421 826 327 642 600 202 174 75 30 389 880 425 554 281 604 161 711 336 921 701 428 69 412 756 312 679 453 84 
42 51 55 102 718 594 483 221 815 53 485 360 0 487 503 829 368 818 41 304 582 737 359 883 730 606 342 88 659 938 437 916 201 415 856 770 726 78 129 858 496 813 790 785 664 522 457 300 81 494 117 39 179 717 478 757 80 579 835 315 174 478 352 625 495 771 771 764 161 715 976 477 262 542 712 993 556 532 924 199 
756 321 698 736 298 989 504 522 515 724 100 855 487 0 125 736 263 887 581 995 383 763 284 59 434 609 262 471 9 879 427 420 181 680 338 259 205 301 503 67 334 499 214 334 972 783 503 651 774 337 262 658 943 86 892 436 345 735 570 912 528 145 26 136 812 926 740 698 178 196 406 217 227 521 283 163 648 833 338 514 
467 389 698 182 971 960 316 477 757 811 401 637 503 125 0 78 177 548 290 334 420 416 841 782 773 115 780 365 124 497 431 137 420 220 758 440 431 879 352 230 129 545 408 860 980 925 419 184 381 488 562 267 732 248 193 359 685 724 720 797 184 453 329 501 571 866 394 747 289 266 443 697 331 982 114 121 561 682 325 579 
7 602 924 31 771 4 517 752 290 980 536 185 829 736 78 0 199 77 122 223 70 219 667 769 695 117 179 556 628 41 814 221 958 104 806 715 863 361 204 982 166 774 932 517 780 873 714 166 154 627 446 963 838 611 552 903 917 693 767 926 461 412 582 557 83 734 867 422 789 636 679 517 882 234 992 171 689 734 493 768 
566 432 238 371 919 335 218 408 101 940 925 97 368 263 177 199 0 914 267 940 713 400 588 507 428 992 545 540 863 712 990 158 641 5 906 308 489 244 335 719 144 365 207 41 216 966 94 802 594 883 520 310 829 98 617 726 769 499 599 823 503 889 96 981 630 74 136 884 116 118 135 633 886 530 790 40 501 305 966 715 
353 472 774 853 585 455 521 130 7 211 345 342 818 887 548 77 914 0 398 385 655 294 419 910 288 464 176 132 734 364 823 665 92 655 914 349 507 131 237 969 686 898 281 589 996 50 442 999 831 171 325 907 124 738 852 143 161 726 155 999 509 39 171 254 289 586 187 923 371 772 43 429 425 117 62 719 379 656 847 578 
301 47 531 982 749 421 145 684 387 367 575 760 41 581 290 122 267 398 0 947 891 298 596 900 519 625 312 766 581 710 964 189 133 496 254 937 759 983 487 774 98 921 217 792 779 427 83 867 139 386 529 604 704 995 503 58 363 232 360 450 532 436 780 867 872 262 802 633 802 426 330 805 279 767 366 714 666 613 503 159 
315 709 831 113 671 648 303 441 646 149 481 975 304 995 334 223 940 385 947 0 464 512 410 610 325 488 376 693 485 529 581 657 661 626 1000 434 840 580 468 537 363 55 121 252 666 334 883 659 817 826 444 723 94 275 345 918 773 656 148 722 597 865 604 424 803 442 602 663 320 613 425 89 910 654 9 417 719 10 875 717 
835 915 979 208 51 683 161 146 351 358 825 849 582 383 420 70 713 655 891 464 0 924 565 357 789 586 996 819 615 454 815 164 739 300 52 354 830 909 441 948 747 331 113 190 364 958 87 630 249 54 148 494 374 426 785 565 42 788 188 941 949 891 169 853 92 398 957 80 538 209 2 973 197 794 718 700 193 578 188 541 
878 784 588 432 768 457 799 893 919 937 914 503 737 763 416 219 400 294 298 512 924 0 669 981 672 170 424 531 139 385 272 505 248 583 66 453 354 368 42 871 904 36 28 694 143 796 55 260 572 785 117 650 503 389 222 91 613 597 170 28 194 630 847 960 994 617 883 490 135 668 500 504 179 753 548 526 843 302 63 71 
641 559 649 3 796 560 188 932 265 385 158 275 359 284 841 667 588 419 596 410 565 669 0 398 304 880 574 38 808 536 992 493 638 952 896 139 702 958 869 833 974 850 432 377 567 541 437 759 851 924 756 21 900 591 616 102 375 497 523 480 812 375 676 142 453 798 529 873 661 886 434 979 402 35 402 13 219 350 650 595 
413 536 502 682 347 958 360 591 540 700 136 592 883 59 782 769 507 910 900 610 357 981 398 0 61 947 579 289 595 370 316 256 35 844 569 578 524 200 17 915 982 928 258 921 787 118 730 520 194 197 632 117 30 127 99 663 774 780 393 49 359 86 513 682 266 206 629 595 715 186 85 799 716 57 950 965 279 513 701 488 
445 842 928 853 455 156 710 269 135 726 354 665 730 434 773 695 428 288 519 325 789 672 304 61 0 272 60 286 168 42 651 962 536 266 705 796 818 222 133 389 163 508 323 586 356 933 807 350 216 309 262 275 730 174 874 728 987 228 283 267 881 601 455 592 509 378 970 800 221 434 450 390 841 133 414 876 44 207 432 905 
292 921 29 317 342 499 754 922 428 934 721 228 606 609 115 117 992 464 625 488 586 170 880 947 272 0 691 637 634 310 763 687 147 67 127 495 992 834 83 539 335 409 5 32 4 531 715 472 920 492 261 580 382 253 505 53 78 404 75 58 212 157 791 566 69 955 609 147 88 263 277 85 840 327 940 488 446 560 279 756 
999 923 36 531 170 445 892 200 501 59 821 659 342 262 780 179 545 176 312 376 996 424 574 579 60 691 0 537 376 431 766 673 958 682 809 210 928 618 848 101 451 792 142 781 722 640 877 423 582 702 603 932 376 686 813 143 253 294 454 127 115 306 181 71 381 791 117 19 955 451 756 853 506 369 479 911 815 706 687 493 
919 133 161 552 492 113 724 832 454 547 741 389 88 471 365 556 540 132 766 693 819 531 38 289 286 637 537 0 412 871 563 617 723 986 72 163 561 245 905 563 409 747 376 307 808 122 912 725 807 835 814 889 554 757 72 352 825 136 987 556 891 53 257 77 261 227 256 767 414 511 846 935 173 416 46 186 224 276 452 946 
841 341 432 437 622 498 893 190 758 758 647 787 659 9 124 628 863 734 581 485 615 139 808 595 168 634 376 412 0 634 691 44 290 162 572 728 335 915 166 44 131 220 7 414 795 556 90 704 708 469 456 272 12 112 864 24 230 323 24 139 785 585 338 779 871 610 442 514 44 274 224 903 73 967 24 143 154 285 476 156 
935 328 857 582 661 674 462 309 833 824 109 830 938 879 497 41 712 364 710 529 454 385 536 370 42 310 431 871 634 0 579 657 983 878 971 1 497 974 325 950 235 529 990 865 738 605 423 354 871 396 755 912 647 615 497 673 943 389 285 449 232 790 396 927 395 133 168 120 139 969 24 615 371 470 687 586 748 610 315 523 
756 124 364 840 668 352 746 9 571 930 659 147 437 427 431 814 990 823 964 581 815 272 992 316 651 763 766 563 691 579 0 482 75 932 163 82 1000 952 876 612 721 486 628 701 839 66 333 143 5 248 327 74 662 896 389 800 2 362 1 495 212 413 994 656 622 672 84 297 80 766 347 182 780 241 337 853 803 77 642 96 
45 528 682 998 120 947 56 273 18 855 27 486 916 420 137 221 158 665 189 657 164 505 493 256 962 687 673 617 44 657 482 0 290 593 377 112 617 920 812 125 396 270 800 224 542 299 412 47 579 557 339 892 477 330 992 845 194 281 85 806 920 360 294 545 571 738 770 147 476 686 240 873 451 844 509 373 690 41 80 522 
93 209 881 281 181 203 616 514 825 541 696 157 201 181 420 958 641 92 133 661 739 248 638 35 536 147 958 723 290 983 75 290 0 620 517 819 39 583 271 935 930 872 731 200 361 167 245 270 831 319 702 765 952 321 87 226 182 404 916 477 377 289 153 330 658 62 1 303 579 278 142 853 295 805 872 895 953 780 853 63 
954 188 988 891 432 393 339 456 488 199 129 95 415 680 220 104 5 655 496 626 300 583 952 844 266 67 682 986 162 878 932 593 620 0 750 130 186 821 991 913 584 910 961 239 283 404 334 105 466 390 727 970 490 429 507 118 41 52 486 743 718 630 606 689 488 903 650 833 483 556 79 639 272 299 215 752 831 32 305 365 
11 886 592 719 952 208 897 712 846 500 756 610 856 338 758 806 906 914 254 1000 52 66 896 569 705 127 809 72 572 971 163 377 517 750 0 43 647 109 200 801 929 535 418 28 978 510 979 809 783 283 786 400 920 289 58 514 426 409 942 902 656 729 460 290 763 657 149 440 395 595 951 217 543 766 37 147 571 807 834 847 
90 573 196 427 460 422 444 897 423 904 785 418 770 259 440 715 308 349 937 434 354 453 139 578 796 495 210 163 728 1 82 112 819 130 43 0 830 561 143 253 911 350 2 729 872 616 752 201 486 87 297 101 906 107 2 611 692 939 222 897 338 507 628 686 900 681 982 984 35 115 940 12 954 490 267 989 131 92 796 141 
26 213 384 228 821 854 415 692 616 236 726 642 726 205 431 863 489 507 759 840 830 354 702 524 818 992 928 561 335 497 1000 617 39 186 647 830 0 859 578 89 624 91 526 274 250 354 642 909 482 98 1 271 768 965 517 667 118 423 465 461 547 288 224 822 436 683 425 797 16 637 788 329 321 578 852 827 916 939 909 916 
417 683 553 874 62 983 227 434 908 557 83 279 78 301 879 361 244 131 983 580 909 368 958 200 222 834 618 245 915 974 952 920 583 821 109 561 859 0 103 961 115 566 942 35 377 400 55 576 52 787 770 387 61 409 493 334 132 806 702 230 621 478 68 565 323 60 776 572 898 718 322 649 785 315 374 291 50 723 112 927 
703 760 173 37 527 520 962 385 977 299 857 976 129 503 352 204 335 237 487 468 441 42 869 17 133 83 848 905 166 325 876 812 271 991 200 143 578 103 0 953 582 87 20 595 18 506 341 463 847 132 831 173 169 540 611 490 955 435 465 867 227 316 674 4 428 788 788 673 842 895 655 479 826 141 51 137 447 862 169 232 
203 972 984 747 898 470 891 148 838 510 676 522 858 67 230 982 719 969 774 537 948 871 833 915 389 539 101 563 44 950 612 125 935 913 801 253 89 961 953 0 543 867 370 251 384 183 478 360 973 392 540 889 777 336 447 689 278 220 879 776 82 645 77 979 354 491 813 226 670 496 568 444 475 758 8 159 918 305 925 758 
472 416 761 509 844 608 346 703 406 800 770 652 496 334 129 166 144 686 98 363 747 904 974 982 163 335 451 409 131 235 721 396 930 584 929 911 624 115 582 543 0 641 439 543 860 883 60 635 509 889 127 125 779 106 483 457 438 409 590 178 649 891 769 144 481 891 34 763 111 58 560 941 681 35 284 163 153 609 424 732 
761 848 724 916 807 772 611 996 557 209 551 523 813 499 545 774 365 898 921 55 331 36 850 928 508 409 792 747 220 529 486 270 872 910 535 350 91 566 87 867 641 0 367 68 900 591 485 800 262 541 379 627 955 904 701 280 912 413 498 484 952 633 778 611 492 937 277 667 309 492 420 138 300 809 227 771 966 947 946 842 
526 128 388 115 898 356 7 77 522 181 495 681 790 214 408 932 207 281 217 121 113 28 432 258 323 5 142 376 7 990 628 800 731 961 418 2 526 942 20 370 439 367 0 730 654 293 677 59 596 791 10 182 871 660 221 219 2 19 991 903 662 452 757 205 244 947 782 602 276 895 74 741 886 353 740 508 721 233 705 153 
853 773 80 189 381 951 385 57 45 275 243 403 785 334 860 517 41 589 792 252 190 694 377 921 586 32 781 307 414 865 701 224 200 239 28 729 274 35 595 251 543 68 730 0 506 415 928 263 610 788 611 219 256 967 141 92 733 937 149 800 253 514 327 847 380 196 984 117 771 879 892 183 16 347 308 855 598 858 666 666 
781 271 615 333 196 971 349 343 238 307 519 960 664 972 980 780 216 996 779 666 364 143 567 787 356 4 722 808 795 738 839 542 361 283 978 872 250 377 18 384 860 900 654 506 0 92 452 289 434 321 761 120 89 1 583 895 487 219 518 427 358 777 654 328 417 74 67 428 72 164 886 877 967 816 485 195 153 740 742 65 
825 149 30 181 532 685 82 522 536 670 833 26 522 783 925 873 966 50 427 334 958 796 541 118 933 531 640 122 556 605 66 299 167 404 510 616 354 400 506 183 883 591 293 415 92 0 551 494 605 175 451 128 292 531 335 516 160 15 318 943 278 954 763 573 172 810 767 988 539 89 834 354 59 409 667 767 61 751 525 384 
409 400 948 406 180 806 701 727 552 943 125 570 457 503 419 714 94 442 83 883 87 55 437 730 807 715 877 912 90 423 333 412 245 334 979 752 642 55 341 478 60 485 677 928 452 551 0 952 19 506 3 576 886 247 193 429 414 836 275 901 676 661 582 176 313 329 62 932 218 647 31 661 440 458 97 300 484 718 240 874 
507 265 254 733 147 705 287 33 299 983 202 1000 300 651 184 166 802 999 867 659 630 260 759 520 350 472 423 725 704 354 143 47 270 105 809 201 909 576 463 360 635 800 59 263 289 494 952 0 218 390 738 623 38 676 470 527 335 733 8 64 460 367 623 208 735 141 561 573 818 748 519 210 646 535 395 362 65 774 657 409 
20 280 957 969 688 841 364 34 189 535 467 17 81 774 381 154 594 831 139 817 249 572 851 194 216 920 582 807 708 871 5 579 831 466 783 486 482 52 847 973 509 262 596 610 434 605 19 218 0 301 269 534 344 887 952 355 806 726 173 358 627 794 641 375 541 886 319 852 786 448 823 859 333 14 491 325 906 919 202 857 
542 596 879 934 332 634 433 893 140 346 543 168 494 337 488 627 883 171 386 826 54 785 924 197 309 492 702 835 469 396 248 557 319 390 283 87 98 787 132 392 889 541 791 788 321 175 506 390 301 0 432 359 502 931 936 928 784 26 89 764 736 631 99 587 46 74 553 737 544 584 981 994 927 787 644 346 473 266 995 382 
82 653 297 41 161 277 37 1000 206 544 326 454 117 262 562 446 520 325 529 444 148 117 756 632 262 261 603 814 456 755 327 339 702 727 786 297 1 770 831 540 127 379 10 611 761 451 3 738 269 432 0 545 574 722 718 438 977 816 667 133 452 57 991 996 695 715 341 569 180 263 321 340 293 565 310 636 797 459 81 327 
73 79 503 625 437 950 610 524 739 334 742 119 39 658 267 963 310 907 604 723 494 650 21 117 275 580 932 889 272 912 74 892 765 970 400 101 271 387 173 889 125 627 182 219 120 128 576 623 534 359 545 0 866 885 957 889 210 406 911 856 328 355 124 10 306 580 426 396 522 937 683 686 293 577 596 617 672 895 199 519 
37 933 30 809 462 409 461 630 350 558 676 421 179 943 732 838 829 124 704 94 374 503 900 30 730 382 376 554 12 647 662 477 952 490 920 906 768 61 169 777 779 955 871 256 89 292 886 38 344 502 574 866 0 1000 733 525 537 451 796 740 366 559 530 287 550 548 934 884 664 979 521 781 554 461 746 606 629 330 161 443 
554 462 47 722 613 233 47 467 580 355 927 826 717 86 248 611 98 738 995 275 426 389 591 127 174 253 686 757 112 615 896 330 321 429 289 107 965 409 540 336 106 904 660 967 1 531 247 676 887 931 722 885 1000 0 505 706 951 160 289 407 532 569 698 761 878 804 818 315 603 648 337 990 169 882 395 896 380 291 400 520 
384 795 380 937 383 22 299 300 80 786 378 327 478 892 193 552 617 852 503 345 785 222 616 99 874 505 813 72 864 497 389 992 87 507 58 2 517 493 611 447 483 701 221 141 583 335 193 470 952 936 718 957 733 505 0 919 466 480 121 499 299 529 745 285 72 492 54 266 921 941 214 993 802 297 928 393 40 275 806 409 
576 131 802 515 38 123 216 656 562 315 621 642 757 436 359 903 726 143 58 918 565 91 102 663 728 53 143 352 24 673 800 845 226 118 514 611 667 334 490 689 457 280 219 92 895 516 429 527 355 928 438 889 525 706 919 0 966 501 553 877 487 934 48 326 159 765 151 297 503 836 753 845 456 231 475 851 900 57 846 4 
641 127 148 757 696 556 465 597 74 63 500 600 80 345 685 917 769 161 363 773 42 613 375 774 987 78 253 825 230 943 2 194 182 41 426 692 118 132 955 278 438 912 2 733 487 160 414 335 806 784 977 210 537 951 466 966 0 764 36 216 404 307 639 973 5 952 929 324 353 907 907 465 729 153 128 714 882 873 772 380 
168 293 270 418 668 669 545 84 861 335 486 202 579 735 724 693 499 726 232 656 788 597 497 780 228 404 294 136 323 389 362 281 404 52 409 939 423 806 435 220 409 413 19 937 219 15 836 733 726 26 816 406 451 160 480 501 764 0 634 859 858 429 503 589 848 20 237 933 668 553 178 65 69 687 170 571 446 399 175 380 
868 453 943 437 478 460 945 449 669 543 482 174 835 570 720 767 599 155 360 148 188 170 523 393 283 75 454 987 24 285 1 85 916 486 942 222 465 702 465 879 590 498 991 149 518 318 275 8 173 89 667 911 796 289 121 553 36 634 0 304 744 995 884 109 81 548 352 279 182 246 140 558 450 613 890 412 521 962 988 806 
308 567 549 831 64 806 769 144 166 529 711 75 315 912 797 926 823 999 450 722 941 28 480 49 267 58 127 556 139 449 495 806 477 743 902 897 461 230 867 776 178 484 903 800 427 943 901 64 358 764 133 856 740 407 499 877 216 859 304 0 58 479 87 293 678 733 457 510 275 915 600 233 729 868 246 545 843 626 258 537 
871 303 772 485 279 55 83 940 27 217 419 30 174 528 184 461 503 509 532 597 949 194 812 359 881 212 115 891 785 232 212 920 377 718 656 338 547 621 227 82 649 952 662 253 358 278 676 460 627 736 452 328 366 532 299 487 404 858 744 58 0 255 766 582 280 912 615 698 621 32 568 531 6 826 986 265 793 260 3 316 
201 251 576 962 79 325 955 533 310 708 221 389 478 145 453 412 889 39 436 865 891 630 375 86 601 157 306 53 585 790 413 360 289 630 729 507 288 478 316 645 891 633 452 514 777 954 661 367 794 631 57 355 559 569 529 934 307 429 995 479 255 0 462 735 917 490 920 32 177 264 711 445 588 131 545 564 753 536 850 959 
659 223 854 646 973 637 402 813 683 546 68 880 352 26 329 582 96 171 780 604 169 847 676 513 455 791 181 257 338 396 994 294 153 606 460 628 224 68 674 77 769 778 757 327 654 763 582 623 641 99 991 124 530 698 745 48 639 503 884 87 766 462 0 780 148 366 322 312 878 193 988 287 727 714 128 636 583 220 506 503 
652 260 445 860 556 635 539 661 130 808 506 425 625 136 501 557 981 254 867 424 853 960 142 682 592 566 71 77 779 927 656 545 330 689 290 686 822 565 4 979 144 611 205 847 328 573 176 208 375 587 996 10 287 761 285 326 973 589 109 293 582 735 780 0 142 658 683 91 849 683 491 900 896 206 518 589 766 976 970 311 
714 930 189 797 660 277 398 350 428 239 180 554 495 812 571 83 630 289 872 803 92 994 453 266 509 69 381 261 871 395 622 571 658 488 763 900 436 323 428 354 481 492 244 380 417 172 313 735 541 46 695 306 550 878 72 159 5 848 81 678 280 917 148 142 0 245 354 853 640 452 197 518 370 872 95 204 55 587 180 572 
661 43 237 643 122 31 849 199 57 697 922 281 771 926 866 734 74 586 262 442 398 617 798 206 378 955 791 227 610 133 672 738 62 903 657 681 683 60 788 491 891 937 947 196 74 810 329 141 886 74 715 580 548 804 492 765 952 20 548 733 912 490 366 658 245 0 695 955 406 613 725 382 914 148 291 810 383 493 561 451 
11 791 195 6 724 722 765 601 979 340 297 604 771 740 394 867 136 187 802 602 957 883 529 629 970 609 117 256 442 168 84 770 1 650 149 982 425 776 788 813 34 277 782 984 67 767 62 561 319 553 341 426 934 818 54 151 929 237 352 457 615 920 322 683 354 695 0 174 190 125 26 611 379 909 917 364 761 675 973 860 
657 730 845 588 940 781 709 441 290 56 851 161 764 698 747 422 884 923 633 663 80 490 873 595 800 147 19 767 514 120 297 147 303 833 440 984 797 572 673 226 763 667 602 117 428 988 932 573 852 737 569 396 884 315 266 297 324 933 279 510 698 32 312 91 853 955 174 0 653 629 11 515 158 629 286 944 983 709 442 166 
291 594 709 355 656 172 20 906 551 295 976 711 161 178 289 789 116 371 802 320 538 135 661 715 221 88 955 414 44 139 80 476 579 483 395 35 16 898 842 670 111 309 276 771 72 539 218 818 786 544 180 522 664 603 921 503 353 668 182 275 621 177 878 849 640 406 190 653 0 962 356 468 984 764 333 788 571 955 817 714 
615 205 395 962 1000 966 401 926 745 268 79 336 715 196 266 636 118 772 426 613 209 668 886 186 434 263 451 511 274 969 766 686 278 556 595 115 637 718 895 496 58 492 895 879 164 89 647 748 448 584 263 937 979 648 941 836 907 553 246 915 32 264 193 683 452 613 125 629 962 0 648 201 582 392 406 371 849 511 674 542 
879 291 533 660 97 595 467 39 819 142 466 921 976 406 443 679 135 43 330 425 2 500 434 85 450 277 756 846 224 24 347 240 142 79 951 940 788 322 655 568 560 420 74 892 886 834 31 519 823 981 321 683 521 337 214 753 907 178 140 600 568 711 988 491 197 725 26 11 356 648 0 102 221 529 460 374 397 106 524 970 
955 244 292 824 96 904 191 240 987 729 380 701 477 217 697 517 633 429 805 89 973 504 979 799 390 85 853 935 903 615 182 873 853 639 217 12 329 649 479 444 941 138 741 183 877 354 661 210 859 994 340 686 781 990 993 845 465 65 558 233 531 445 287 900 518 382 611 515 468 201 102 0 587 598 230 121 837 325 278 392 
862 407 461 217 669 319 255 122 6 622 601 428 262 227 331 882 886 425 279 910 197 179 402 716 841 840 506 173 73 371 780 451 295 272 543 954 321 785 826 475 681 300 886 16 967 59 440 646 333 927 293 293 554 169 802 456 729 69 450 729 6 588 727 896 370 914 379 158 984 582 221 587 0 155 342 319 464 846 294 425 
970 304 647 834 375 748 292 800 203 243 871 69 542 521 982 234 530 117 767 654 794 753 35 57 133 327 369 416 967 470 241 844 805 299 766 490 578 315 141 758 35 809 353 347 816 409 458 535 14 787 565 577 461 882 297 231 153 687 613 868 826 131 714 206 872 148 909 629 764 392 529 598 155 0 450 372 757 552 65 794 
157 21 585 107 5 594 553 509 658 170 903 412 712 283 114 992 790 62 366 9 718 548 402 950 414 940 479 46 24 687 337 509 872 215 37 267 852 374 51 8 284 227 740 308 485 667 97 395 491 644 310 596 746 395 928 475 128 170 890 246 986 545 128 518 95 291 917 286 333 406 460 230 342 450 0 591 688 868 258 133 
805 626 804 322 133 652 125 97 641 301 131 756 993 163 121 171 40 719 714 417 700 526 13 965 876 488 911 186 143 586 853 373 895 752 147 989 827 291 137 159 163 771 508 855 195 767 300 362 325 346 636 617 606 896 393 851 714 571 412 545 265 564 636 589 204 810 364 944 788 371 374 121 319 372 591 0 18 198 836 738 
684 879 445 979 627 429 504 12 381 930 349 312 556 648 561 689 501 379 666 719 193 843 219 279 44 446 815 224 154 748 803 690 953 831 571 131 916 50 447 918 153 966 721 598 153 61 484 65 906 473 797 672 629 380 40 900 882 446 521 843 793 753 583 766 55 383 761 983 571 849 397 837 464 757 688 18 0 458 82 575 
355 766 946 794 602 5 690 603 784 655 250 679 532 833 682 734 305 656 613 10 578 302 350 513 207 560 706 276 285 610 77 41 780 32 807 92 939 723 862 305 609 947 233 858 740 751 718 774 919 266 459 895 330 291 275 57 873 399 962 626 260 536 220 976 587 493 675 709 955 511 106 325 846 552 868 198 458 0 730 945 
591 967 477 284 599 645 402 192 689 623 667 453 924 338 325 493 966 847 503 875 188 63 650 701 432 279 687 452 476 315 642 80 853 305 834 796 909 112 169 925 424 946 705 666 742 525 240 657 202 995 81 199 161 400 806 846 772 175 988 258 3 850 506 970 180 561 973 442 817 674 524 278 294 65 258 836 82 730 0 853 
265 715 707 260 35 204 905 71 878 760 296 84 199 514 579 768 715 578 159 717 541 71 595 488 905 756 493 946 156 523 96 522 63 365 847 141 916 927 232 758 732 842 153 666 65 384 874 409 857 382 327 519 443 520 409 4 380 380 806 537 316 959 503 311 572 451 860 166 714 542 970 392 425 794 133 738 575 945 853 0 
0 748 186 194 351 110 946 305 137 459 876 93 761 556 556 484 576 900 529 39 115 848 205 903 400 246 61 453 260 67 551 958 697 309 708 446 4 998 294 76 191 757 205 559 167 72 467 191 721 575 575 281 566 95 25 210 632 853 902 452 330 602 970 140 9 710 551 631 368 133 343 339 882 210 820 673 153 192 620 860 
748 0 419 222 440 46 255 873 974 480 673 972 700 788 787 848 515 180 256 529 230 431 393 94 874 103 474 469 874 559 155 895 923 167 279 886 528 228 226 16 900 115 775 385 956 79 221 486 430 583 816 77 801 423 89 874 854 526 616 66 665 204 157 171 347 360 546 456 152 778 505 475 612 489 630 980 66 498 596 131 
186 419 0 905 513 890 781 581 545 418 164 700 743 281 939 976 432 961 394 517 959 853 705 672 927 385 362 994 734 6 25 935 999 32 769 93 356 631 18 100 568 596 431 890 34 701 449 744 54 131 754 123 422 815 384 820 691 864 280 188 783 217 946 652 510 219 391 439 393 917 380 445 748 393 249 332 207 687 15 334 
194 222 905 0 214 690 377 586 913 486 40 516 178 499 342 432 229 489 407 424 887 233 464 911 542 516 75 462 638 868 245 628 96 91 871 765 159 563 142 562 900 841 93 476 586 625 429 379 475 446 57 462 112 624 434 179 396 998 921 464 249 518 893 706 668 619 508 643 821 998 801 762 205 749 161 566 561 669 511 544 
351 440 513 214 0 773 719 71 742 658 789 587 470 879 861 463 825 682 523 53 372 27 989 270 203 551 719 296 94 25 388 469 473 422 153 744 569 151 905 616 828 26 808 611 747 855 549 797 765 918 333 523 221 810 63 163 760 250 108 225 876 287 854 752 652 229 383 974 779 607 652 565 645 387 905 277 844 390 706 149 
110 46 890 690 773 0 610 478 757 353 868 318 216 712 775 255 506 648 79 401 697 344 383 762 496 323 79 284 496 168 291 576 953 735 402 764 947 465 490 692 191 374 387 902 399 522 83 701 153 675 796 88 931 894 573 804 695 396 880 357 267 499 801 243 124 980 27 249 462 653 138 543 318 45 22 547 604 243 99 820 
946 255 781 377 719 610 0 523 903 715 812 303 231 582 901 429 704 415 982 340 769 664 858 167 46 677 15 216 739 646 404 151 84 346 27 157 113 81 728 893 321 185 400 318 880 130 1000 805 621 167 364 489 237 63 482 125 349 115 620 429 375 787 210 438 766 746 293 818 752 562 411 263 938 28 323 345 760 642 323 202 
305 873 581 586 71 478 523 0 381 865 619 689 549 100 704 941 463 545 103 745 33 629 630 149 639 35 638 273 253 520 27 213 713 176 171 288 281 633 877 317 473 278 212 963 45 951 62 869 752 220 204 315 104 951 838 16 402 81 600 181 506 962 295 933 168 432 750 906 467 318 861 359 307 211 304 912 253 357 439 126 
137 974 545 913 742 757 903 381 0 556 93 404 662 900 201 980 878 483 124 390 487 743 688 980 463 380 287 700 450 630 917 69 794 416 131 44 130 823 884 565 646 51 460 758 47 917 846 388 891 169 291 213 2 249 669 693 977 281 661 315 591 519 689 316 838 842 940 397 490 717 890 990 519 964 906 764 591 500 486 395 
459 480 418 486 658 353 715 865 556 0 234 217 536 293 265 389 681 904 686 484 383 339 806 92 804 640 766 859 910 919 250 575 7 647 740 200 972 490 767 492 972 738 432 924 137 938 278 861 464 209 452 20 542 2 432 450 331 222 947 171 220 158 7 559 993 625 555 826 330 445 80 275 146 750 870 2 982 241 247 140 
876 673 164 40 789 868 812 619 93 234 0 371 48 381 19 192 571 747 104 141 525 514 532 904 497 14 719 559 388 283 24 688 370 152 329 475 222 168 928 862 960 684 723 333 527 42 824 74 333 166 429 772 343 828 646 142 614 40 68 492 907 160 678 884 59 948 981 791 246 934 811 302 94 422 567 807 357 807 343 308 
93 972 700 516 587 318 303 689 404 217 371 0 123 99 305 634 952 746 248 391 480 674 640 616 697 990 223 657 119 331 22 694 509 437 247 746 119 246 735 947 710 737 325 953 785 275 875 850 700 981 544 62 456 384 412 511 140 502 369 540 529 845 152 956 631 430 169 954 831 897 718 787 644 458 984 342 208 244 931 962 
761 700 743 178 470 216 231 549 662 536 48 123 0 170 983 724 885 503 787 599 520 641 684 163 736 884 99 7 890 928 315 825 928 159 694 819 507 948 121 746 900 617 635 448 156 943 847 431 317 122 349 943 92 570 980 317 399 496 514 63 774 491 943 735 983 372 732 808 419 530 457 886 587 698 443 838 555 142 291 679 
556 788 281 499 879 712 582 100 900 293 381 99 170 0 97 863 425 326 542 36 78 444 425 253 697 867 62 106 78 458 401 743 612 485 412 142 154 201 866 628 154 750 252 656 964 597 457 148 636 161 302 71 192 946 225 806 995 454 96 48 397 603 648 321 824 545 83 993 604 491 39 826 164 915 940 372 928 566 250 31 
556 787 939 342 861 775 901 704 201 265 19 305 983 97 0 461 330 847 681 614 340 377 895 648 319 844 657 488 237 68 177 856 984 202 655 140 862 192 936 461 708 911 668 545 356 734 85 799 805 362 262 109 288 299 376 66 578 261 367 514 706 631 690 829 433 566 469 120 353 16 425 37 803 544 170 98 716 149 56 479 
484 848 976 432 463 255 429 941 980 389 192 634 724 863 461 0 844 790 999 546 31 61 628 306 431 286 789 502 668 816 611 662 564 355 857 549 224 419 945 450 503 434 171 854 626 121 22 841 398 215 574 490 813 17 640 361 317 874 333 761 14 761 226 765 167 997 153 664 901 795 870 452 871 106 363 106 480 459 813 704 
576 515 432 229 825 506 704 463 878 681 571 952 885 425 330 844 0 840 851 94 58 566 557 439 347 374 914 758 716 90 456 88 396 270 509 680 558 410 953 375 761 260 457 676 277 354 495 442 953 613 932 324 113 924 162 170 129 570 428 978 621 111 340 718 803 560 982 259 47 629 8 954 942 876 385 829 851 373 330 893 
900 180 961 489 682 648 415 545 483 904 747 746 503 326 847 790 840 0 305 36 427 612 339 173 852 151 869 969 284 798 400 729 926 613 280 538 659 612 532 708 512 831 834 557 3 470 927 94 310 694 37 181 123 62 378 58 993 531 799 542 474 564 721 193 391 674 629 728 405 233 422 661 720 346 228 387 476 460 13 938 
529 256 394 407 523 79 982 103 124 686 104 248 787 542 681 999 851 305 0 251 16 626 460 919 34 146 471 806 613 251 561 810 224 401 116 640 74 401 728 662 533 972 915 210 770 171 217 171 11 731 75 860 774 326 12 245 619 113 91 165 934 163 50 983 862 832 523 544 786 788 699 61 160 266 322 497 236 281 512 373 
39 529 517 424 53 401 340 745 390 484 141 391 599 36 614 546 94 36 251 0 49 232 985 497 911 359 391 749 419 619 953 285 697 368 696 189 96 664 651 669 154 658 655 202 164 187 485 89 419 340 161 932 673 948 886 903 84 804 892 234 227 79 263 986 988 223 823 792 260 293 567 960 261 222 270 573 631 280 685 925 
115 230 959 887 372 697 769 33 487 383 525 480 520 78 340 31 58 427 16 49 0 193 749 556 418 310 222 220 554 613 25 860 380 505 693 162 445 8 544 466 973 544 807 680 810 322 756 978 637 737 598 980 517 563 58 312 869 193 646 11 332 974 58 453 60 712 434 937 169 781 573 194 781 159 686 274 312 133 576 867 
848 431 853 233 27 344 664 629 743 339 514 674 641 444 377 61 566 612 626 232 193 0 551 747 363 209 160 777 131 310 9 841 241 425 649 303 222 251 227 192 398 676 948 413 632 193 787 468 796 105 582 591 294 576 820 143 405 589 257 202 573 312 450 234 668 885 148 179 44 989 309 885 789 542 999 297 94 76 981 475 
205 393 705 464 989 383 858 630 688 806 532 640 684 425 895 628 557 339 460 985 749 551 0 772 432 283 590 12 205 221 807 387 33 488 37 841 380 653 74 173 328 696 30 306 605 563 558 291 501 204 124 879 586 170 808 921 631 483 387 103 782 960 354 548 297 677 675 535 97 165 534 99 174 615 115 74 313 554 20 330 
903 94 672 911 270 762 167 149 980 92 904 616 163 253 648 306 439 173 919 497 556 747 772 0 518 854 397 131 757 519 382 309 733 308 16 104 130 213 532 709 213 8 807 143 913 611 482 985 462 278 257 845 876 971 62 423 913 5 740 947 190 414 521 881 27 824 997 471 56 504 829 191 5 250 729 426 102 805 466 931 
400 874 927 542 203 496 46 639 463 804 497 697 736 697 319 431 347 852 34 911 418 363 432 518 0 810 219 488 124 577 790 264 854 460 72 546 758 378 857 479 3 425 120 23 427 176 787 817 937 72 25 570 503 844 19 352 401 5 567 260 115 157 887 554 308 178 729 902 444 968 93 349 220 843 520 987 12 172 459 409 
246 103 385 516 551 323 677 35 380 640 14 990 884 867 844 286 374 151 146 359 310 209 283 854 810 0 94 554 42 504 489 832 527 24 576 61 960 130 494 105 112 139 712 288 408 79 639 658 847 380 719 16 131 37 914 317 379 364 568 128 743 101 908 29 613 346 510 496 638 107 248 683 24 568 705 615 100 132 629 80 
61 474 362 75 719 79 15 638 287 766 719 223 99 62 657 789 914 869 471 391 222 160 590 397 219 94 0 646 25 682 827 508 315 448 117 532 143 516 248 688 884 968 196 772 80 380 683 934 164 227 687 928 305 859 675 599 132 743 304 619 522 173 801 167 611 683 847 813 779 105 345 687 576 281 8 446 577 980 774 811 
453 469 994 462 296 284 216 273 700 859 559 657 7 106 488 502 758 969 806 749 220 777 12 131 488 554 646 0 609 665 640 649 201 59 482 534 129 360 448 501 959 763 424 587 20 800 995 661 818 485 770 960 886 964 654 60 315 511 514 248 851 972 845 976 437 887 46 618 149 77 710 432 264 949 568 965 304 429 240 123 
260 874 734 638 94 496 739 253 450 910 388 119 890 78 237 668 716 284 613 419 554 131 205 757 124 42 25 609 0 856 824 895 185 931 236 839 864 474 280 358 99 469 841 697 646 764 949 944 846 709 689 607 598 73 183 326 724 640 795 977 545 43 113 640 131 695 488 559 223 374 249 353 236 780 622 366 591 510 143 76 
67 559 6 868 25 168 646 520 630 919 283 331 928 458 68 816 90 798 251 619 613 310 221 519 577 504 682 665 856 0 125 735 587 750 405 529 657 157 789 578 165 345 793 349 910 275 401 291 511 629 489 519 823 784 118 919 880 846 405 161 41 420 713 34 822 9 188 647 216 84 389 315 484 164 188 115 746 49 612 215 
551 155 25 245 388 291 404 27 917 250 24 22 315 401 177 611 456 400 561 953 25 9 807 382 790 489 827 640 824 125 0 356 400 623 738 123 661 116 321 806 275 929 736 190 669 48 212 316 662 81 759 936 143 360 689 893 789 404 517 220 261 961 706 754 776 214 510 680 173 554 335 366 356 816 114 7 297 20 825 210 
958 895 935 628 469 576 151 213 69 575 688 694 825 743 856 662 88 729 810 285 860 841 387 309 264 832 508 649 895 735 356 0 813 251 522 921 122 127 981 813 333 336 154 283 793 992 890 328 408 29 983 268 477 28 707 96 184 793 188 965 927 417 460 16 697 703 244 420 136 501 488 256 782 727 470 916 359 114 915 449 
697 923 999 96 473 953 84 713 794 7 370 509 928 612 984 564 396 926 224 697 380 241 33 733 854 527 315 201 185 587 400 813 0 991 508 223 828 758 989 728 366 594 245 106 585 603 378 140 486 366 637 934 843 500 657 740 732 624 543 573 985 303 626 354 244 678 628 384 479 594 946 398 727 573 451 31 880 823 266 45 
309 167 32 91 422 735 346 176 416 647 152 437 159 485 202 355 270 613 401 368 505 425 488 308 460 24 448 59 931 750 623 251 991 0 964 596 781 51 393 670 727 910 220 805 119 537 984 781 318 306 287 30 597 259 255 417 130 199 674 83 528 222 484 724 734 133 765 640 841 584 206 861 725 342 702 159 40 619 16 780 
708 279 769 871 153 402 27 171 131 740 329 247 694 412 655 857 509 280 116 696 693 649 37 16 72 576 117 482 236 405 738 522 508 964 0 485 62 772 299 6 86 2 535 824 951 566 341 829 799 689 419 709 810 439 196 499 573 64 740 897 908 959 783 86 43 553 405 371 839 671 280 275 698 427 258 871 730 692 584 773 
446 886 93 765 744 764 157 288 44 200 475 746 819 142 140 549 680 538 640 189 162 303 841 104 546 61 532 534 839 529 123 921 223 596 485 0 400 998 486 277 901 29 826 374 574 185 69 89 351 17 653 919 576 692 163 628 405 628 494 325 192 968 102 298 93 978 604 492 89 656 133 3 719 999 18 454 812 747 861 99 
4 528 356 159 569 947 113 281 130 972 222 119 507 154 862 224 558 659 74 96 445 222 380 130 758 960 143 129 864 657 661 122 828 781 62 400 0 85 948 288 121 772 875 320 777 935 552 766 214 400 952 948 798 299 261 919 414 520 678 731 252 430 537 313 488 356 726 402 471 145 913 222 191 617 948 145 799 470 387 418 
998 228 631 563 151 465 81 633 823 490 168 246 948 201 192 419 410 612 401 664 8 251 653 213 378 130 516 360 474 157 116 127 758 51 772 998 85 0 161 434 614 105 152 190 586 519 820 361 303 661 171 482 577 790 238 393 444 977 95 611 368 696 298 941 483 850 943 810 778 883 374 632 486 279 851 687 473 446 284 721 
294 226 18 142 905 490 728 877 884 767 928 735 121 866 936 945 953 532 728 651 544 227 74 532 857 494 248 448 280 789 321 981 989 393 299 486 948 161 0 116 205 652 96 727 796 399 698 498 844 509 408 23 547 380 740 210 341 537 650 443 784 819 364 940 20 602 205 203 139 92 688 254 759 547 568 7 853 424 794 568 
76 16 100 562 616 692 893 317 565 492 862 947 746 628 461 450 375 708 662 669 466 192 173 709 479 105 688 501 358 578 806 813 728 670 6 277 288 434 116 0 17 585 163 696 78 14 41 77 120 348 91 372 804 376 281 90 161 405 773 401 777 369 4 285 880 39 894 657 129 262 736 588 555 545 391 627 70 210 70 264 
191 900 568 900 828 191 321 473 646 972 960 710 900 154 708 503 761 512 533 154 973 398 328 213 3 112 884 959 99 165 275 333 366 727 86 901 121 614 205 17 0 923 182 685 766 23 687 206 463 970 284 604 123 873 934 688 7 791 450 542 520 608 226 722 616 74 95 309 165 201 533 980 24 20 345 682 780 864 669 40 
757 115 596 841 26 374 185 278 51 738 684 737 617 750 911 434 260 831 972 658 544 676 696 8 425 139 968 763 469 345 929 336 594 910 2 29 772 105 652 585 923 0 947 688 74 636 614 161 101 847 352 111 365 665 253 69 340 359 460 42 778 757 476 432 25 384 574 849 830 615 71 222 736 398 741 553 464 383 694 355 
205 775 431 93 808 387 400 212 460 432 723 325 635 252 668 171 457 834 915 655 807 948 30 807 120 712 196 424 841 793 736 154 245 220 535 826 875 152 96 163 182 947 0 811 764 161 886 58 839 543 640 809 792 612 877 817 834 664 755 799 9 227 643 518 759 6 677 559 795 29 508 833 348 561 517 149 964 884 831 476 
559 385 890 476 611 902 318 963 758 924 333 953 448 656 545 854 676 557 210 202 680 413 306 143 23 288 772 587 697 349 190 283 106 805 824 374 320 190 727 696 685 688 811 0 875 79 533 304 258 552 638 484 750 95 752 274 485 748 772 816 678 207 646 557 982 275 798 291 594 643 783 211 831 49 337 71 413 864 81 993 
167 956 34 586 747 399 880 45 47 137 527 785 156 964 356 626 277 3 770 164 810 632 605 913 427 408 80 20 646 910 669 793 585 119 951 574 777 586 796 78 766 74 764 875 0 998 201 979 464 620 16 908 66 647 577 988 990 312 346 765 344 247 306 822 758 859 891 617 244 608 371 523 63 148 72 752 667 614 263 471 
72 79 701 625 855 522 130 951 917 938 42 275 943 597 734 121 354 470 171 187 322 193 563 611 176 79 380 800 764 275 48 992 603 537 566 185 935 519 399 14 23 636 161 79 998 0 933 370 223 530 66 713 64 488 653 699 265 829 314 872 31 730 256 378 694 861 941 109 449 148 162 714 430 464 802 668 886 282 700 256 
467 221 449 429 549 83 1000 62 846 278 824 875 847 457 85 22 495 927 217 485 756 787 558 482 787 639 683 995 949 401 212 890 378 984 341 69 552 820 698 41 687 614 886 533 201 933 0 272 736 173 604 446 92 544 337 270 583 763 849 30 218 319 225 913 991 466 923 226 561 217 86 555 889 30 790 574 835 94 346 612 
191 486 744 379 797 701 805 869 388 861 74 850 431 148 799 841 442 94 171 89 978 468 291 985 817 658 934 661 944 291 316 328 140 781 829 89 766 361 498 77 206 161 58 304 979 370 272 0 902 379 895 316 88 444 112 939 35 402 1000 390 490 249 362 688 554 686 367 382 426 991 703 746 606 53 92 698 670 643 192 800 
721 430 54 475 765 153 621 752 891 464 333 700 317 636 805 398 953 310 11 419 637 796 501 462 937 847 164 818 846 511 662 408 486 318 799 351 214 303 844 120 463 101 839 258 464 223 736 902 0 375 542 34 861 830 876 691 144 26 384 647 415 419 192 847 628 537 151 810 185 165 487 27 71 255 365 18 292 882 587 247 
575 583 131 446 918 675 167 220 169 209 166 981 122 161 362 215 613 694 731 340 737 105 204 278 72 380 227 485 709 629 81 29 366 306 689 17 400 661 509 348 970 847 543 552 620 530 173 379 375 0 542 565 350 443 886 386 491 944 814 397 870 156 652 961 342 122 576 723 152 293 251 928 103 119 567 344 901 754 394 388 
575 816 754 57 333 796 364 204 291 452 429 544 349 302 262 574 932 37 75 161 598 582 124 257 25 719 687 770 689 489 759 983 637 287 419 653 952 171 408 91 284 352 640 638 16 66 604 895 542 542 0 755 381 99 705 468 479 881 156 678 10 809 718 424 494 958 436 900 800 974 330 585 142 727 601 859 939 70 631 57 
281 77 123 462 523 88 489 315 213 20 772 62 943 71 109 490 324 181 860 932 980 591 879 845 570 16 928 960 607 519 936 268 934 30 709 919 948 482 23 372 604 111 809 484 908 713 446 316 34 565 755 0 119 945 651 728 208 182 486 606 627 583 1 730 389 846 166 417 627 853 875 800 569 600 315 415 190 568 878 501 
566 801 422 112 221 931 237 104 2 542 343 456 92 192 288 813 113 123 774 673 517 294 586 876 503 131 305 886 598 823 143 477 843 597 810 576 798 577 547 804 123 365 792 750 66 64 92 88 861 350 381 119 0 36 208 741 495 294 770 583 195 288 503 619 884 37 68 581 153 431 492 174 402 781 370 736 984 129 105 693 
95 423 815 624 810 894 63 951 249 2 828 384 570 946 299 17 924 62 326 948 563 576 170 971 844 37 859 964 73 784 360 28 500 259 439 692 299 790 380 376 873 665 612 95 647 488 544 444 830 443 99 945 36 0 379 180 463 856 617 702 859 378 796 603 452 978 518 343 33 456 633 188 292 771 535 570 401 278 178 277 
25 89 384 434 63 573 482 838 669 432 646 412 980 225 376 640 162 378 12 886 58 820 808 62 19 914 675 654 183 118 689 707 657 255 196 163 261 238 740 281 934 253 877 752 577 653 337 112 876 886 705 651 208 379 0 470 670 850 847 920 67 890 525 669 248 132 980 591 394 922 909 5 127 902 181 313 453 152 495 991 
210 874 820 179 163 804 125 16 693 450 142 511 317 806 66 361 170 58 245 903 312 143 921 423 352 317 599 60 326 919 893 96 740 417 499 628 919 393 210 90 688 69 817 274 988 699 270 939 691 386 468 728 741 180 470 0 292 514 37 587 537 530 550 239 957 546 931 196 314 344 589 20 984 906 255 803 965 471 703 978 
632 854 691 396 760 695 349 402 977 331 614 140 399 995 578 317 129 993 619 84 869 405 631 913 401 379 132 315 724 880 789 184 732 130 573 405 414 444 341 161 7 340 834 485 990 265 583 35 144 491 479 208 495 463 670 292 0 436 448 207 514 800 795 547 504 460 752 935 483 323 419 365 894 802 782 620 305 169 153 821 
853 526 864 998 250 396 115 81 281 222 40 502 496 454 261 874 570 531 113 804 193 589 483 5 5 364 743 511 640 846 404 793 624 199 64 628 520 977 537 405 791 359 664 748 312 829 763 402 26 944 881 182 294 856 850 514 436 0 292 600 699 317 634 728 361 992 76 217 814 886 743 110 632 843 859 587 633 14 668 870 
902 616 280 921 108 880 620 600 661 947 68 369 514 96 367 333 428 799 91 892 646 257 387 740 567 568 304 514 795 405 517 188 543 674 740 494 678 95 650 773 450 460 755 772 346 314 849 1000 384 814 156 486 770 617 847 37 448 292 0 609 588 78 523 941 515 582 855 500 103 630 157 540 335 466 78 510 350 768 813 542 
452 66 188 464 225 357 429 181 315 171 492 540 63 48 514 761 978 542 165 234 11 202 103 947 260 128 619 248 977 161 220 965 573 83 897 325 731 611 443 401 542 42 799 816 765 872 30 390 647 397 678 606 583 702 920 587 207 600 609 0 109 640 488 239 310 787 533 713 605 189 793 219 920 857 39 304 618 654 43 621 
330 665 783 249 876 267 375 506 591 220 907 529 774 397 706 14 621 474 934 227 332 573 782 190 115 743 522 851 545 41 261 927 985 528 908 192 252 368 784 777 520 778 9 678 344 31 218 490 415 870 10 627 195 859 67 537 514 699 588 109 0 317 165 402 633 289 864 200 684 888 667 818 698 742 654 343 786 832 464 188 
602 204 217 518 287 499 787 962 519 158 160 845 491 603 631 761 111 564 163 79 974 312 960 414 157 101 173 972 43 420 961 417 303 222 959 968 430 696 819 369 608 757 227 207 247 730 319 249 419 156 809 583 288 378 890 530 800 317 78 640 317 0 228 585 387 742 463 236 213 677 593 249 389 377 864 979 924 169 110 446 
970 157 946 893 854 801 210 295 689 7 678 152 943 648 690 226 340 721 50 263 58 450 354 521 887 908 801 845 113 713 706 460 626 484 783 102 537 298 364 4 226 476 643 646 306 256 225 362 192 652 718 1 503 796 525 550 795 634 523 488 165 228 0 641 520 652 595 541 366 608 982 691 188 261 620 627 920 469 945 496 
140 171 652 706 752 243 438 933 316 559 884 956 735 321 829 765 718 193 983 986 453 234 548 881 554 29 167 976 640 34 754 16 354 724 86 298 313 941 940 285 722 432 518 557 822 378 913 688 847 961 424 730 619 603 669 239 547 728 941 239 402 585 641 0 407 470 776 423 734 262 401 318 248 91 702 822 465 910 911 936 
9 347 510 668 652 124 766 168 838 993 59 631 983 824 433 167 803 391 862 988 60 668 297 27 308 613 611 437 131 822 776 697 244 734 43 93 488 483 20 880 616 25 759 982 758 694 991 554 628 342 494 389 884 452 248 957 504 361 515 310 633 387 520 407 0 171 839 127 403 522 818 185 612 209 945 9 508 401 17 866 
710 360 219 619 229 980 746 432 842 625 948 430 372 545 566 997 560 674 832 223 712 885 677 824 178 346 683 887 695 9 214 703 678 133 553 978 356 850 602 39 74 384 6 275 859 861 466 686 537 122 958 846 37 978 132 546 460 992 582 787 289 742 652 470 171 0 412 846 434 718 493 547 943 885 826 787 794 965 690 970 
551 546 391 508 383 27 293 750 940 555 981 169 732 83 469 153 982 629 523 823 434 148 675 997 729 510 847 46 488 188 510 244 628 765 405 604 726 943 205 894 95 574 677 798 891 941 923 367 151 576 436 166 68 518 980 931 752 76 855 533 864 463 595 776 839 412 0 130 458 464 945 891 149 608 308 127 951 695 118 996 
631 456 439 643 974 249 818 906 397 826 791 954 808 993 120 664 259 728 544 792 937 179 535 471 902 496 813 618 559 647 680 420 384 640 371 492 402 810 203 657 309 849 559 291 617 109 226 382 810 723 900 417 581 343 591 196 935 217 500 713 200 236 541 423 127 846 130 0 725 474 653 311 870 726 727 633 274 201 612 353 
368 152 393 821 779 462 752 467 490 330 246 831 419 604 353 901 47 405 786 260 169 44 97 56 444 638 779 149 223 216 173 136 479 841 839 89 471 778 139 129 165 830 795 594 244 449 561 426 185 152 800 627 153 33 394 314 483 814 103 605 684 213 366 734 403 434 458 725 0 70 795 759 659 839 102 173 137 877 728 44 
133 778 917 998 607 653 562 318 717 445 934 897 530 491 16 795 629 233 788 293 781 989 165 504 968 107 105 77 374 84 554 501 594 584 671 656 145 883 92 262 201 615 29 643 608 148 217 991 165 293 974 853 431 456 922 344 323 886 630 189 888 677 608 262 522 718 464 474 70 0 430 960 7 519 635 957 383 46 502 988 
343 505 380 801 652 138 411 861 890 80 811 718 457 39 425 870 8 422 699 567 573 309 534 829 93 248 345 710 249 389 335 488 946 206 280 133 913 374 688 736 533 71 508 783 371 162 86 703 487 251 330 875 492 633 909 589 419 743 157 793 667 593 982 401 818 493 945 653 795 430 0 39 35 300 662 608 839 852 637 729 
339 475 445 762 565 543 263 359 990 275 302 787 886 826 37 452 954 661 61 960 194 885 99 191 349 683 687 432 353 315 366 256 398 861 275 3 222 632 254 588 980 222 833 211 523 714 555 746 27 928 585 800 174 188 5 20 365 110 540 219 818 249 691 318 185 547 891 311 759 960 39 0 544 222 211 794 994 32 125 86 
882 612 748 205 645 318 938 307 519 146 94 644 587 164 803 871 942 720 160 261 781 789 174 5 220 24 576 264 236 484 356 782 727 725 698 719 191 486 759 555 24 736 348 831 63 430 889 606 71 103 142 569 402 292 127 984 894 632 335 920 698 389 188 248 612 943 149 870 659 7 35 544 0 139 533 32 21 750 502 57 
210 489 393 749 387 45 28 211 964 750 422 458 698 915 544 106 876 346 266 222 159 542 615 250 843 568 281 949 780 164 816 727 573 342 427 999 617 279 547 545 20 398 561 49 148 464 30 53 255 119 727 600 781 771 902 906 802 843 466 857 742 377 261 91 209 885 608 726 839 519 300 222 139 0 406 485 866 497 199 546 
820 630 249 161 905 22 323 304 906 870 567 984 443 940 170 363 385 228 322 270 686 999 115 729 520 705 8 568 622 188 114 470 451 702 258 18 948 851 568 391 345 741 517 337 72 802 790 92 365 567 601 315 370 535 181 255 782 859 78 39 654 864 620 702 945 826 308 727 102 635 662 211 533 406 0 474 968 666 891 433 
673 980 332 566 277 547 345 912 764 2 807 342 838 372 98 106 829 387 497 573 274 297 74 426 987 615 446 965 366 115 7 916 31 159 871 454 145 687 7 627 682 553 149 71 752 668 574 698 18 344 859 415 736 570 313 803 620 587 510 304 343 979 627 822 9 787 127 633 173 957 608 794 32 485 474 0 50 411 734 538 
153 66 207 561 844 604 760 253 591 982 357 208 555 928 716 480 851 476 236 631 312 94 313 102 12 100 577 304 591 746 297 359 880 40 730 812 799 473 853 70 780 464 964 413 667 886 835 670 292 901 939 190 984 401 453 965 305 633 350 618 786 924 920 465 508 794 951 274 137 383 839 994 21 866 968 50 0 530 616 907 
192 498 687 669 390 243 642 357 500 241 807 244 142 566 149 459 373 460 281 280 133 76 554 805 172 132 980 429 510 49 20 114 823 619 692 747 470 446 424 210 864 383 884 864 614 282 94 643 882 754 70 568 129 278 152 471 169 14 768 654 832 169 469 910 401 965 695 201 877 46 852 32 750 497 666 411 530 0 433 181 
620 596 15 511 706 99 323 439 486 247 343 931 291 250 56 813 330 13 512 685 576 981 20 466 459 629 774 240 143 612 825 915 266 16 584 861 387 284 794 70 669 694 831 81 263 700 346 192 587 394 631 878 105 178 495 703 153 668 813 43 464 110 945 911 17 690 118 612 728 502 637 125 502 199 891 734 616 433 0 93 
860 131 334 544 149 820 202 126 395 140 308 962 679 31 479 704 893 938 373 925 867 475 330 931 409 80 811 123 76 215 210 449 45 780 773 99 418 721 568 264 40 355 476 993 471 256 612 800 247 388 57 501 693 277 991 978 821 870 542 621 188 446 496 936 866 970 996 353 44 988 729 86 57 546 433 538 907 181 93 0 
0 198 964 808 523 874 305 802 763 512 244 872 420 572 514 463 287 52 414 805 875 128 855 118 734 807 935 467 904 863 401 97 284 792 410 522 943 38 515 841 975 206 857 717 971 961 603 809 311 362 294 793 430 674 832 660 652 76 36 567 834 378 36 817 930 191 417 484 742 834 497 627 217 647 76 197 836 735 189 1 
198 0 549 654 567 920 627 148 54 594 519 254 261 168 235 7 344 855 878 594 770 664 674 825 158 882 440 486 132 494 907 237 53 959 673 46 420 814 789 753 221 781 92 730 57 895 807 263 310 309 87 954 186 785 943 107 5 224 439 850 359 768 971 688 661 622 673 427 822 328 540 380 155 555 431 48 899 624 502 875 
964 549 0 273 537 224 289 326 518 511 700 377 362 856 13 94 309 161 554 443 5 9 254 224 30 757 546 161 239 761 880 167 128 967 213 902 568 577 968 998 299 276 440 269 975 194 553 350 776 932 334 972 680 338 774 200 373 206 570 987 38 866 19 324 451 683 600 766 436 13 920 500 202 512 770 706 789 351 944 825 
808 654 273 0 902 297 620 451 122 356 981 451 825 385 605 342 566 728 343 434 71 775 637 176 344 616 686 535 334 142 870 375 944 906 38 162 859 448 765 381 91 213 985 635 439 506 601 530 300 230 902 521 999 343 373 837 732 96 74 614 722 399 164 197 217 325 403 238 317 69 200 308 749 327 665 410 570 211 361 465 
523 567 537 902 0 111 192 838 271 188 258 360 369 113 146 666 6 375 326 901 644 882 38 787 869 370 357 599 849 965 446 546 557 579 681 395 488 869 162 315 117 910 199 377 84 314 430 160 342 162 504 522 923 274 889 747 285 620 671 592 139 678 44 177 218 658 658 198 175 491 310 554 440 575 252 657 316 532 408 713 
874 920 224 297 111 0 443 410 83 650 221 809 952 117 193 680 359 208 986 600 298 585 715 355 517 857 876 647 546 808 855 560 166 321 574 146 229 642 401 216 779 754 550 154 591 678 779 329 717 475 159 974 160 36 472 114 438 525 137 762 625 634 132 670 917 250 977 744 623 266 815 412 706 857 897 412 388 910 993 198 
305 627 289 620 192 443 0 586 231 335 208 686 688 224 67 509 307 446 107 619 242 233 143 761 846 480 894 834 271 369 496 871 971 722 837 777 727 857 308 128 754 726 384 565 187 810 216 259 513 844 657 516 599 791 557 739 774 820 308 652 546 128 767 556 338 209 624 224 376 578 588 673 29 990 523 730 224 455 602 814 
802 148 326 451 838 410 586 0 774 286 314 199 423 939 177 95 368 403 741 276 757 165 354 762 355 741 460 676 624 510 873 805 158 863 749 711 747 445 153 857 526 780 674 14 974 152 916 193 203 689 820 782 997 46 63 861 596 917 352 905 499 141 611 49 838 460 149 191 475 830 68 594 590 780 858 62 621 553 744 889 
763 54 518 122 271 83 231 774 0 555 828 627 279 311 867 39 396 411 939 709 455 192 316 72 521 727 534 317 717 468 153 925 257 718 761 997 833 224 82 535 488 894 302 225 970 100 62 646 3 803 630 972 928 704 281 304 84 535 332 542 393 479 155 583 173 303 109 756 623 305 159 32 466 24 150 309 622 482 525 660 
512 594 511 356 188 650 335 286 555 0 811 858 465 603 519 312 278 157 335 547 609 469 146 909 238 421 212 83 179 97 616 323 904 326 279 747 51 478 191 410 152 325 646 96 854 44 718 20 636 829 627 963 344 908 413 491 533 832 156 918 855 732 981 316 92 366 577 334 713 549 964 777 767 257 300 973 81 503 631 905 
244 519 700 981 258 221 208 314 828 811 0 770 956 613 954 584 649 313 941 798 561 406 666 141 551 902 261 319 584 675 839 187 774 931 651 803 744 859 48 91 153 347 226 734 268 956 202 897 776 636 689 157 625 160 350 867 236 851 969 358 234 823 302 42 963 109 20 177 751 174 283 744 934 445 584 223 818 239 734 544 
872 254 377 451 360 809 686 199 627 858 770 0 908 785 515 184 99 337 850 426 431 328 479 308 293 33 686 319 953 652 816 480 545 619 734 228 937 909 143 92 149 360 477 96 233 619 114 46 389 16 477 890 541 638 595 423 812 530 660 439 386 227 743 124 448 728 915 72 133 3 175 181 333 508 10 733 919 640 116 53 
420 261 362 825 369 952 688 423 279 465 956 908 0 912 67 294 112 656 280 429 623 371 373 954 349 126 907 962 44 61 575 338 73 981 293 306 696 82 851 243 142 319 421 539 940 40 222 352 604 685 745 113 777 458 11 713 454 738 622 738 105 579 59 253 70 633 485 88 415 621 477 235 311 629 524 313 224 838 654 236 
572 168 856 385 113 117 224 939 311 603 613 785 912 0 946 76 646 664 397 960 932 456 398 754 184 277 869 874 985 629 607 315 291 899 711 894 880 811 142 358 843 77 922 446 46 358 562 849 216 679 876 931 787 103 721 296 7 650 769 839 598 467 274 687 209 438 859 21 277 716 835 160 879 101 65 464 101 502 698 995 
514 235 13 605 146 193 67 177 867 519 954 515 67 946 0 540 675 229 502 500 658 361 93 498 889 177 355 373 796 957 793 216 145 731 259 827 211 652 219 654 336 160 423 511 689 210 938 175 464 567 869 720 830 683 703 889 445 662 595 381 141 374 81 381 618 539 815 711 612 964 660 803 253 314 871 877 261 914 906 678 
463 7 94 342 666 680 509 95 39 312 584 184 294 76 540 0 332 239 57 420 825 926 295 614 553 626 253 512 433 192 682 269 496 714 101 449 860 466 121 483 464 555 846 206 337 792 886 214 620 825 423 302 39 978 407 626 818 168 698 273 963 350 801 175 868 30 887 260 92 87 181 836 19 801 318 755 682 440 110 201 
287 344 309 566 6 359 307 368 396 278 649 99 112 646 675 332 0 163 117 975 716 458 514 290 694 571 210 145 422 960 611 746 515 799 515 356 492 693 122 664 259 852 626 232 563 398 566 562 156 388 66 629 795 157 852 874 982 160 489 285 273 978 623 321 215 531 6 835 953 398 802 15 67 272 799 228 234 744 556 149 
52 855 161 728 375 208 446 403 411 157 313 337 656 664 229 239 163 0 640 938 364 197 649 671 133 908 279 100 577 239 719 258 84 241 643 367 286 316 433 418 511 242 155 534 798 529 157 947 848 304 953 528 697 779 769 915 207 579 248 463 495 274 297 612 382 329 227 240 516 554 646 434 272 655 782 676 452 448 897 43 
414 878 554 343 326 986 107 741 939 335 941 850 280 397 502 57 117 640 0 511 834 493 559 243 871 663 511 145 151 911 405 331 736 670 907 485 810 522 384 473 400 117 86 923 177 950 774 973 915 416 849 273 358 619 985 719 424 819 853 783 121 801 935 130 77 175 369 348 97 127 400 930 824 640 831 297 800 673 567 730 
805 594 443 434 901 600 619 276 709 547 798 426 429 960 500 420 975 938 511 0 962 743 237 611 144 599 647 264 515 580 160 651 378 564 369 743 898 170 365 244 908 486 277 706 926 792 543 681 681 484 922 63 395 166 11 141 860 139 290 740 686 885 643 170 66 585 124 217 711 618 420 117 580 921 654 459 195 945 473 212 
875 770 5 71 644 298 242 757 455 609 561 431 623 932 658 825 716 364 834 962 0 888 144 507 496 662 976 763 583 451 986 327 434 408 468 781 719 855 331 478 126 545 406 303 291 671 320 20 344 184 376 214 523 439 865 748 214 748 392 844 439 192 852 297 981 256 549 396 848 93 500 712 220 933 384 787 661 771 332 42 
128 664 9 775 882 585 233 165 192 469 406 328 371 456 361 926 458 197 493 743 888 0 424 144 832 734 805 98 959 675 938 66 805 517 545 843 839 478 828 721 692 330 128 699 500 665 307 788 119 757 381 416 851 389 224 723 752 482 996 989 551 538 560 772 405 301 920 902 858 57 862 399 298 576 55 549 965 913 35 335 
855 674 254 637 38 715 143 354 316 146 666 479 373 398 93 295 514 649 559 237 144 424 0 177 632 740 264 884 671 785 2 688 802 518 890 217 695 442 743 754 656 347 812 686 262 219 427 710 522 812 867 75 495 871 244 88 312 351 458 968 291 73 580 406 664 123 327 546 827 798 338 825 677 291 749 976 667 415 873 702 
118 825 224 176 787 355 761 762 72 909 141 308 954 754 498 614 290 671 243 611 507 144 177 0 523 139 614 736 230 586 597 603 109 736 886 848 813 836 316 452 692 864 143 838 37 573 440 254 647 654 727 51 254 181 985 677 124 925 261 38 800 563 590 76 846 65 137 484 937 571 47 971 874 589 198 583 790 111 682 52 
734 158 30 344 869 517 846 355 521 238 551 293 349 184 889 553 694 133 871 144 496 832 632 523 0 224 864 371 938 418 268 714 84 614 823 427 383 681 75 628 887 668 872 991 514 870 204 179 71 982 839 377 491 208 912 530 486 873 321 800 964 632 276 591 714 896 157 206 592 255 922 653 788 242 498 209 911 820 384 487 
807 882 757 616 370 857 480 741 727 421 902 33 126 277 177 626 571 908 663 599 662 734 740 139 224 0 999 462 891 518 654 319 395 926 215 946 175 861 491 956 856 993 152 686 507 915 413 248 315 629 545 854 740 795 169 547 485 583 471 854 284 826 97 875 537 525 366 571 453 992 706 260 840 511 360 258 819 723 454 914 
935 440 546 686 357 876 894 460 534 212 261 686 907 869 355 253 210 279 511 647 976 805 264 614 864 999 0 442 870 421 177 401 709 888 933 286 910 380 747 334 193 6 870 355 839 658 325 71 777 787 486 77 659 268 361 433 853 265 638 392 566 799 152 664 465 376 372 179 396 827 632 422 476 860 919 587 454 51 337 180 
467 486 161 535 599 647 834 676 317 83 319 319 962 874 373 512 145 100 145 264 763 98 884 736 371 462 442 0 346 189 289 276 751 829 417 414 853 624 758 513 340 264 574 552 898 225 134 266 84 599 406 25 17 26 417 926 397 650 449 665 187 114 318 37 617 64 929 252 902 979 343 492 842 202 295 96 696 640 614 776 
904 132 239 334 849 546 271 624 717 179 584 953 44 985 796 433 422 577 151 515 583 959 671 230 938 891 870 346 0 198 137 199 971 120 865 227 120 488 835 782 694 606 33 150 198 302 29 235 120 229 210 380 379 809 747 749 256 453 280 72 461 925 826 351 900 386 677 424 921 557 589 649 743 345 229 579 583 660 828 781 
863 494 761 142 965 808 369 510 468 97 675 652 61 629 957 192 960 239 911 580 451 675 785 586 418 518 421 189 198 0 872 417 372 224 570 331 385 839 203 407 848 606 52 749 114 772 559 567 226 507 659 362 210 166 904 220 40 91 479 988 982 443 131 811 162 957 745 474 709 837 618 582 457 809 785 740 76 988 386 840 
401 907 880 870 446 855 496 873 153 616 839 816 575 607 793 682 611 719 405 160 986 938 2 597 268 654 177 289 137 872 0 718 666 289 297 992 109 874 630 259 774 109 226 873 364 886 823 858 282 851 260 165 842 566 484 127 52 486 519 780 800 89 385 129 376 979 508 166 766 471 654 595 738 93 981 933 604 987 141 665 
97 237 167 375 546 560 871 805 925 323 187 480 338 315 216 269 746 258 331 651 327 66 688 603 714 319 401 276 199 417 718 0 392 746 683 164 762 814 59 221 740 518 767 668 169 39 238 546 536 996 24 536 585 885 327 835 732 236 651 24 117 716 390 944 354 303 775 575 830 351 449 816 157 357 619 25 507 812 258 588 
284 53 128 944 557 166 971 158 257 904 774 545 73 291 145 496 515 84 736 378 434 805 802 109 84 395 709 751 971 372 666 392 0 87 497 766 18 231 84 190 735 447 759 978 295 627 718 751 525 576 390 132 20 590 428 286 214 237 270 379 42 606 377 552 836 394 373 541 614 450 48 605 384 615 572 916 117 150 749 915 
792 959 967 906 579 321 722 863 718 326 931 619 981 899 731 714 799 241 670 564 408 517 518 736 614 926 888 829 120 224 289 746 87 0 119 269 177 861 528 400 245 130 861 75 872 308 181 219 705 751 712 998 515 843 611 449 895 782 388 803 397 822 552 245 375 782 221 436 70 436 707 54 336 619 134 741 891 416 768 286 
410 673 213 38 681 574 837 749 761 279 651 734 293 711 259 101 515 643 907 369 468 545 890 886 823 215 933 417 865 570 297 683 497 119 0 457 908 115 692 997 775 756 571 252 82 339 773 186 75 391 587 480 423 343 763 675 515 876 384 113 20 7 54 863 788 536 499 548 91 412 578 722 182 548 865 123 207 366 475 98 
522 46 902 162 395 146 777 711 997 747 803 228 306 894 827 449 356 367 485 743 781 843 217 848 427 946 286 414 227 331 992 164 766 269 457 0 544 77 501 621 159 900 119 623 504 864 902 869 398 910 383 108 586 326 909 367 546 524 586 595 737 166 751 715 876 60 582 478 949 616 862 823 368 45 864 579 83 382 108 879 
943 420 568 859 488 229 727 747 833 51 744 937 696 880 211 860 492 286 810 898 719 839 695 813 383 175 910 853 120 385 109 762 18 177 908 544 0 902 62 390 796 216 175 685 323 4 539 285 677 617 294 178 116 601 707 110 554 409 272 255 781 556 484 848 694 640 328 355 389 709 148 689 783 362 100 894 369 552 692 543 
38 814 577 448 869 642 857 445 224 478 859 909 82 811 652 466 693 316 522 170 855 478 442 836 681 861 380 624 488 839 874 814 231 861 115 77 902 0 827 387 418 954 902 879 331 672 113 717 547 322 787 457 414 356 771 519 550 169 972 397 580 277 627 34 575 211 126 380 193 105 775 439 443 796 34 331 717 490 810 168 
515 789 968 765 162 401 308 153 82 191 48 143 851 142 219 121 122 433 384 365 331 828 743 316 75 491 747 758 835 203 630 59 84 528 692 501 62 827 0 872 528 438 943 508 303 608 518 306 137 480 635 882 473 562 181 692 441 339 554 638 363 301 476 14 944 359 878 954 837 911 468 694 269 569 461 837 37 556 224 465 
841 753 998 381 315 216 128 857 535 410 91 92 243 358 654 483 664 418 473 244 478 721 754 452 628 956 334 513 782 407 259 221 190 400 997 621 390 387 872 0 940 436 757 95 875 1000 890 886 985 599 986 771 185 654 730 953 810 335 266 578 265 695 937 850 208 974 325 407 769 735 201 367 598 558 740 362 943 726 841 780 
975 221 299 91 117 779 754 526 488 152 153 149 142 843 336 464 259 511 400 908 126 692 656 692 887 856 193 340 694 848 774 740 735 245 775 159 796 418 528 940 0 301 721 219 222 989 291 898 513 60 858 361 990 85 140 495 863 169 521 547 705 462 661 232 544 956 890 699 734 896 411 40 981 992 691 328 272 132 332 892 
206 781 276 213 910 754 726 780 894 325 347 360 319 77 160 555 852 242 117 486 545 330 347 864 668 993 6 264 606 606 109 518 447 130 756 900 216 954 438 436 301 0 162 470 918 420 514 929 822 134 755 803 606 360 750 873 619 725 501 898 142 185 529 755 925 513 530 249 219 244 843 718 281 620 199 564 509 566 208 580 
857 92 440 985 199 550 384 674 302 646 226 477 421 922 423 846 626 155 86 277 406 128 812 143 872 152 870 574 33 52 226 767 759 861 571 119 175 902 943 757 721 162 0 20 463 795 28 893 188 472 500 302 233 477 88 145 175 231 102 164 932 789 335 474 342 898 171 405 234 887 531 39 647 593 369 747 4 132 356 336 
717 730 269 635 377 154 565 14 225 96 734 96 539 446 511 206 232 534 923 706 303 699 686 838 991 686 355 552 150 749 873 668 978 75 252 623 685 879 508 95 219 470 20 0 164 956 588 791 578 312 200 480 369 828 184 897 596 382 303 268 245 830 309 493 100 604 185 636 174 369 192 778 191 778 507 943 641 159 936 105 
971 57 975 439 84 591 187 974 970 854 268 233 940 46 689 337 563 798 177 926 291 500 262 37 514 507 839 898 198 114 364 169 295 872 82 504 323 331 303 875 222 918 463 164 0 21 822 92 622 440 953 44 854 390 476 241 81 657 634 297 662 615 889 352 159 137 172 439 766 486 366 735 909 846 810 400 516 390 722 477 
961 895 194 506 314 678 810 152 100 44 956 619 40 358 210 792 398 529 950 792 671 665 219 573 870 915 658 225 302 772 886 39 627 308 339 864 4 672 608 1000 989 420 795 956 21 0 72 565 898 521 934 362 960 414 253 348 758 259 500 63 914 337 668 627 419 261 104 753 661 933 799 454 596 643 191 323 253 697 257 721 
603 807 553 601 430 779 216 916 62 718 202 114 222 562 938 886 566 157 774 543 320 307 427 440 204 413 325 134 29 559 823 238 718 181 773 902 539 113 518 890 291 514 28 588 822 72 0 815 369 849 258 504 705 439 488 532 379 268 240 917 831 487 799 188 32 835 29 914 333 827 975 357 190 932 287 559 292 931 634 477 
809 263 350 530 160 329 259 193 646 20 897 46 352 849 175 214 562 947 973 681 20 788 710 254 179 248 71 266 235 567 858 546 751 219 186 869 285 717 306 886 898 929 893 791 92 565 815 0 283 578 33 642 825 685 900 44 914 560 9 657 506 690 666 424 488 491 608 413 462 39 219 306 465 820 745 464 370 485 830 62 
311 310 776 300 342 717 513 203 3 636 776 389 604 216 464 620 156 848 915 681 344 119 522 647 71 315 777 84 120 226 282 536 525 705 75 398 677 547 137 985 513 822 188 578 622 898 369 283 0 863 263 811 159 14 149 397 751 868 686 513 697 612 784 378 442 541 977 334 679 881 442 883 886 786 706 965 851 163 477 874 
362 309 932 230 162 475 844 689 803 829 636 16 685 679 567 825 388 304 416 484 184 757 812 654 982 629 787 599 229 507 851 996 576 751 391 910 617 322 480 599 60 134 472 312 440 521 849 578 863 0 318 443 513 447 225 536 429 124 102 561 121 937 246 59 637 693 547 267 660 681 696 204 700 737 454 722 21 236 457 582 
294 87 334 902 504 159 657 820 630 627 689 477 745 876 869 423 66 953 849 922 376 381 867 727 839 545 486 406 210 659 260 24 390 712 587 383 294 787 635 986 858 755 500 200 953 934 258 33 263 318 0 185 724 847 317 534 630 230 891 300 778 302 240 655 519 10 511 112 220 15 834 467 980 397 291 290 171 853 360 964 
793 954 972 521 522 974 516 782 972 963 157 890 113 931 720 302 629 528 273 63 214 416 75 51 377 854 77 25 380 362 165 536 132 998 480 108 178 457 882 771 361 803 302 480 44 362 504 642 811 443 185 0 995 251 315 390 895 768 449 381 222 548 967 284 620 75 817 417 324 13 100 143 378 433 559 760 835 323 123 345 
430 186 680 999 923 160 599 997 928 344 625 541 777 787 830 39 795 697 358 395 523 851 495 254 491 740 659 17 379 210 842 585 20 515 423 586 116 414 473 185 990 606 233 369 854 960 705 825 159 513 724 995 0 769 726 304 461 683 268 512 998 576 351 423 336 860 969 236 746 653 375 951 532 103 647 386 44 709 686 472 
674 785 338 343 274 36 791 46 704 908 160 638 458 103 683 978 157 779 619 166 439 389 871 181 208 795 268 26 809 166 566 885 590 843 343 326 601 356 562 654 85 360 477 828 390 414 439 685 14 447 847 251 769 0 688 822 703 297 417 245 191 618 314 361 536 164 677 682 740 551 222 978 752 302 623 416 478 668 650 688 
832 943 774 373 889 472 557 63 281 413 350 595 11 721 703 407 852 769 985 11 865 224 244 985 912 169 361 417 747 904 484 327 428 611 763 909 707 771 181 730 140 750 88 184 476 253 488 900 149 225 317 315 726 688 0 534 353 117 132 38 939 42 658 480 789 875 307 407 587 156 300 951 824 142 855 606 408 703 307 82 
660 107 200 837 747 114 739 861 304 491 867 423 713 296 889 626 874 915 719 141 748 723 88 677 530 547 433 926 749 220 127 835 286 449 675 367 110 519 692 953 495 873 145 897 241 348 532 44 397 536 534 390 304 822 534 0 615 539 941 338 293 483 376 692 123 476 14 748 794 634 301 964 134 149 580 285 76 598 323 139 
652 5 373 732 285 438 774 596 84 533 236 812 454 7 445 818 982 207 424 860 214 752 312 124 486 485 853 397 256 40 52 732 214 895 515 546 554 550 441 810 863 619 175 596 81 758 379 914 751 429 630 895 461 703 353 615 0 556 527 850 673 198 319 479 515 665 301 51 506 834 632 557 32 48 275 160 766 887 972 244 
76 224 206 96 620 525 820 917 535 832 851 530 738 650 662 168 160 579 819 139 748 482 351 925 873 583 265 650 453 91 486 236 237 782 876 524 409 169 339 335 169 725 231 382 657 259 268 560 868 124 230 768 683 297 117 539 556 0 735 217 291 669 326 285 701 4 867 700 280 9 373 883 258 73 152 509 525 947 393 337 
36 439 570 74 671 137 308 352 332 156 969 660 622 769 595 698 489 248 853 290 392 996 458 261 321 471 638 449 280 479 519 651 270 388 384 586 272 972 554 266 521 501 102 303 634 500 240 9 686 102 891 449 268 417 132 941 527 735 0 640 530 993 543 53 468 431 24 536 849 400 939 495 488 390 908 456 441 297 245 568 
567 850 987 614 592 762 652 905 542 918 358 439 738 839 381 273 285 463 783 740 844 989 968 38 800 854 392 665 72 988 780 24 379 803 113 595 255 397 638 578 547 898 164 268 297 63 917 657 513 561 300 381 512 245 38 338 850 217 640 0 996 394 518 807 729 183 438 293 431 646 343 555 50 33 839 684 333 330 955 386 
834 359 38 722 139 625 546 499 393 855 234 386 105 598 141 963 273 495 121 686 439 551 291 800 964 284 566 187 461 982 800 117 42 397 20 737 781 580 363 265 705 142 932 245 662 914 831 506 697 121 778 222 998 191 939 293 673 291 530 996 0 771 757 698 248 827 165 846 440 289 216 340 290 209 139 659 456 366 615 932 
378 768 866 399 678 634 128 141 479 732 823 227 579 467 374 350 978 274 801 885 192 538 73 563 632 826 799 114 925 443 89 716 606 822 7 166 556 277 301 695 462 185 789 830 615 337 487 690 612 937 302 548 576 618 42 483 198 669 993 394 771 0 821 573 713 184 459 752 965 318 423 879 627 534 218 24 193 849 844 749 
36 971 19 164 44 132 767 611 155 981 302 743 59 274 81 801 623 297 935 643 852 560 580 590 276 97 152 318 826 131 385 390 377 552 54 751 484 627 476 937 661 529 335 309 889 668 799 666 784 246 240 967 351 314 658 376 319 326 543 518 757 821 0 460 473 306 248 433 656 391 71 320 720 785 321 360 31 575 152 319 
817 688 324 197 177 670 556 49 583 316 42 124 253 687 381 175 321 612 130 170 297 772 406 76 591 875 664 37 351 811 129 944 552 245 863 715 848 34 14 850 232 755 474 493 352 627 188 424 378 59 655 284 423 361 480 692 479 285 53 807 698 573 460 0 475 714 147 540 275 854 561 585 630 945 492 107 697 160 10 45 
930 661 451 217 218 917 338 838 173 92 963 448 70 209 618 868 215 382 77 66 981 405 664 846 714 537 465 617 900 162 376 354 836 375 788 876 694 575 944 208 544 925 342 100 159 419 32 488 442 637 519 620 336 536 789 123 515 701 468 729 248 713 473 475 0 680 244 858 655 591 169 881 453 532 57 946 503 458 962 83 
191 622 683 325 658 250 209 460 303 366 109 728 633 438 539 30 531 329 175 585 256 301 123 65 896 525 376 64 386 957 979 303 394 782 536 60 640 211 359 974 956 513 898 604 137 261 835 491 541 693 10 75 860 164 875 476 665 4 431 183 827 184 306 714 680 0 483 151 659 356 504 346 221 125 30 174 179 52 282 4 
417 673 600 403 658 977 624 149 109 577 20 915 485 859 815 887 6 227 369 124 549 920 327 137 157 366 372 929 677 745 508 775 373 221 499 582 328 126 878 325 890 530 171 185 172 104 29 608 977 547 511 817 969 677 307 14 301 867 24 438 165 459 248 147 244 483 0 892 513 699 143 2 854 319 721 908 185 343 769 206 
484 427 766 238 198 744 224 191 756 334 177 72 88 21 711 260 835 240 348 217 396 902 546 484 206 571 179 252 424 474 166 575 541 436 548 478 355 380 954 407 699 249 405 636 439 753 914 413 334 267 112 417 236 682 407 748 51 700 536 293 846 752 433 540 858 151 892 0 197 555 507 759 8 267 114 463 817 812 386 563 
742 822 436 317 175 623 376 475 623 713 751 133 415 277 612 92 953 516 97 711 848 858 827 937 592 453 396 902 921 709 766 830 614 70 91 949 389 193 837 769 734 219 234 174 766 661 333 462 679 660 220 324 746 740 587 794 506 280 849 431 440 965 656 275 655 659 513 197 0 856 220 407 436 213 921 889 981 226 266 931 
834 328 13 69 491 266 578 830 305 549 174 3 621 716 964 87 398 554 127 618 93 57 798 571 255 992 827 979 557 837 471 351 450 436 412 616 709 105 911 735 896 244 887 369 486 933 827 39 881 681 15 13 653 551 156 634 834 9 400 646 289 318 391 854 591 356 699 555 856 0 554 1 990 531 492 11 539 866 519 286 
497 540 920 200 310 815 588 68 159 964 283 175 477 835 660 181 802 646 400 420 500 862 338 47 922 706 632 343 589 618 654 449 48 707 578 862 148 775 468 201 411 843 531 192 366 799 975 219 442 696 834 100 375 222 300 301 632 373 939 343 216 423 71 561 169 504 143 507 220 554 0 1000 870 660 312 330 180 98 226 154 
627 380 500 308 554 412 673 594 32 777 744 181 235 160 803 836 15 434 930 117 712 399 825 971 653 260 422 492 649 582 595 816 605 54 722 823 689 439 694 367 40 718 39 778 735 454 357 306 883 204 467 143 951 978 951 964 557 883 495 555 340 879 320 585 881 346 2 759 407 1 1000 0 222 686 704 222 13 813 821 777 
217 155 202 749 440 706 29 590 466 767 934 333 311 879 253 19 67 272 824 580 220 298 677 874 788 840 476 842 743 457 738 157 384 336 182 368 783 443 269 598 981 281 647 191 909 596 190 465 886 700 980 378 532 752 824 134 32 258 488 50 290 627 720 630 453 221 854 8 436 990 870 222 0 759 347 841 993 359 477 888 
647 555 512 327 575 857 990 780 24 257 445 508 629 101 314 801 272 655 640 921 933 576 291 589 242 511 860 202 345 809 93 357 615 619 548 45 362 796 569 558 992 620 593 778 846 643 932 820 786 737 397 433 103 302 142 149 48 73 390 33 209 534 785 945 532 125 319 267 213 531 660 686 759 0 782 453 183 561 715 435 
76 431 770 665 252 897 523 858 150 300 584 10 524 65 871 318 799 782 831 654 384 55 749 198 498 360 919 295 229 785 981 619 572 134 865 864 100 34 461 740 691 199 369 507 810 191 287 745 706 454 291 559 647 623 855 580 275 152 908 839 139 218 321 492 57 30 721 114 921 492 312 704 347 782 0 779 85 424 108 523 
197 48 706 410 657 412 730 62 309 973 223 733 313 464 877 755 228 676 297 459 787 549 976 583 209 258 587 96 579 740 933 25 916 741 123 579 894 331 837 362 328 564 747 943 400 323 559 464 965 722 290 760 386 416 606 285 160 509 456 684 659 24 360 107 946 174 908 463 889 11 330 222 841 453 779 0 889 422 322 467 
836 899 789 570 316 388 224 621 622 81 818 919 224 101 261 682 234 452 800 195 661 965 667 790 911 819 454 696 583 76 604 507 117 891 207 83 369 717 37 943 272 509 4 641 516 253 292 370 851 21 171 835 44 478 408 76 766 525 441 333 456 193 31 697 503 179 185 817 981 539 180 13 993 183 85 889 0 344 263 53 
735 624 351 211 532 910 455 553 482 503 239 640 838 502 914 440 744 448 673 945 771 913 415 111 820 723 51 640 660 988 987 812 150 416 366 382 552 490 556 726 132 566 132 159 390 697 931 485 163 236 853 323 709 668 703 598 887 947 297 330 366 849 575 160 458 52 343 812 226 866 98 813 359 561 424 422 344 0 708 771 
189 502 944 361 408 993 602 744 525 631 734 116 654 698 906 110 556 897 567 473 332 35 873 682 384 454 337 614 828 386 141 258 749 768 475 108 692 810 224 841 332 208 356 936 722 257 634 830 477 457 360 123 686 650 307 323 972 393 245 955 615 844 152 10 962 282 769 386 266 519 226 821 477 715 108 322 263 708 0 861 
1 875 825 465 713 198 814 889 660 905 544 53 236 995 678 201 149 43 730 212 42 335 702 52 487 914 180 776 781 840 665 588 915 286 98 879 543 168 465 780 892 580 336 105 477 721 477 62 874 582 964 345 472 688 82 139 244 337 568 386 932 749 319 45 83 4 206 563 931 286 154 777 888 435 523 467 53 771 861 0 
0 317 910 950 769 1000 104 785 845 527 114 947 186 483 432 564 203 151 542 752 969 241 621 24 516 778 861 689 803 985 192 176 294 803 10 555 946 73 730 833 559 343 806 484 783 906 716 979 475 469 482 734 453 985 791 706 386 149 181 576 713 354 205 974 924 327 369 373 423 729 628 631 107 789 235 373 750 762 341 199 
317 0 755 903 609 823 852 66 164 387 353 55 387 236 182 308 396 908 810 623 837 503 580 887 296 842 302 533 16 622 740 90 131 798 650 131 315 807 763 994 186 823 297 396 153 982 678 385 459 470 310 896 278 390 964 182 85 630 331 778 145 677 753 847 682 529 440 361 822 256 479 464 476 494 384 137 859 514 541 725 
910 755 0 62 275 104 316 396 373 650 889 338 256 596 86 9 621 24 709 496 262 235 188 476 73 502 685 97 337 987 891 297 93 935 195 899 445 537 963 983 518 533 554 90 893 426 732 330 892 943 176 870 533 280 866 218 435 77 673 591 300 796 36 421 492 697 764 572 582 153 645 553 133 676 867 860 782 589 947 651 
950 903 62 0 738 380 656 468 131 472 840 321 691 382 724 608 691 459 582 568 179 780 708 134 388 481 895 692 370 119 628 373 864 841 42 208 677 474 942 669 146 38 918 543 260 520 387 523 587 647 927 614 711 404 730 697 655 148 311 533 804 518 60 306 434 419 379 357 184 82 254 323 918 154 951 420 537 463 437 318 
769 609 275 738 0 333 351 773 159 361 143 438 342 80 256 715 153 577 497 834 476 783 146 841 745 315 317 513 864 941 434 601 641 559 687 159 371 748 22 246 252 946 223 287 76 225 502 227 128 149 893 464 707 171 985 821 269 924 921 714 205 814 38 298 257 701 698 54 196 446 452 205 322 744 191 672 185 462 404 914 
1000 823 104 380 333 0 385 537 147 707 244 699 640 317 354 636 415 226 995 593 340 709 571 399 568 747 826 775 475 813 705 546 10 217 507 63 138 339 526 78 903 667 668 108 610 515 785 294 891 196 38 830 3 179 429 277 373 361 181 888 597 530 249 629 683 58 954 761 581 519 611 474 615 992 867 627 548 714 923 144 
104 852 316 656 351 385 0 271 105 316 45 542 690 491 96 387 455 563 84 632 294 395 265 748 985 386 959 826 345 297 639 971 963 650 813 896 953 928 363 145 694 753 712 772 357 827 138 361 355 878 650 404 876 896 419 822 613 836 340 587 530 345 936 808 199 340 677 162 130 574 351 786 200 945 700 643 295 315 643 764 
785 66 396 468 773 537 271 0 665 60 336 377 468 915 174 115 578 411 744 294 913 289 390 776 545 961 320 709 647 635 879 644 283 913 999 797 632 272 29 693 298 680 712 2 954 119 931 25 228 962 914 812 750 164 117 945 659 921 363 732 561 34 620 173 751 393 389 66 664 914 49 826 574 810 692 153 793 586 461 994 
845 164 373 131 159 147 105 665 0 429 978 459 321 129 819 12 271 382 808 673 638 355 443 49 576 654 695 205 448 331 133 982 196 440 900 953 633 321 142 575 198 838 525 362 930 24 217 644 306 646 776 784 953 624 227 395 165 804 480 745 291 421 319 640 93 84 133 482 665 472 51 109 436 63 185 116 414 566 624 602 
527 387 650 472 361 707 316 60 429 0 579 716 457 881 778 595 296 361 254 496 502 816 81 912 130 466 96 125 155 42 817 388 947 447 273 784 103 563 303 491 27 191 639 264 872 517 600 233 599 831 556 957 531 999 366 480 721 572 227 878 855 732 991 361 74 318 429 135 800 513 887 1000 925 137 212 915 119 637 726 924 
114 353 889 840 143 244 45 336 978 579 0 386 834 636 1000 931 455 208 926 879 402 603 566 74 538 893 368 418 667 723 898 397 747 832 697 575 686 862 16 99 205 313 51 632 328 738 91 955 811 845 608 74 704 300 369 822 537 989 983 503 139 874 250 199 984 74 47 121 524 1 192 713 985 549 305 308 471 216 700 798 
947 55 338 321 438 699 542 377 459 716 386 0 870 802 511 195 144 488 762 657 550 234 467 634 348 109 854 327 884 669 921 273 449 643 824 305 996 881 469 13 237 166 784 241 230 602 81 42 245 200 549 810 788 272 612 375 822 478 472 288 416 300 822 47 325 620 950 118 74 77 279 360 502 477 86 679 674 797 213 224 
186 387 256 691 342 640 690 468 321 457 834 870 0 724 7 169 112 457 151 660 379 270 385 652 320 131 788 932 106 19 525 325 122 854 338 297 440 15 981 229 101 329 436 573 721 13 123 481 636 798 677 38 870 434 13 705 590 516 349 841 298 388 7 223 168 625 101 51 613 439 532 247 417 333 441 350 347 832 694 321 
483 236 596 382 80 317 491 915 129 881 636 802 724 0 837 132 510 788 516 971 923 523 580 724 288 242 983 852 877 593 546 262 467 592 619 791 887 879 227 434 831 298 802 340 20 340 553 917 447 843 690 714 597 117 741 241 117 512 893 987 686 457 334 539 261 463 904 23 366 538 737 83 904 209 15 732 187 429 690 947 
432 182 86 724 256 354 96 174 819 778 1000 511 7 837 0 511 717 229 394 461 589 621 71 418 628 174 407 598 699 922 795 259 136 692 268 847 152 766 87 570 405 117 443 244 722 42 843 253 239 792 718 674 572 754 371 963 352 749 496 342 251 322 406 175 560 504 460 959 709 999 593 994 197 371 835 874 186 966 889 416 
564 308 9 608 715 636 387 115 12 595 931 195 169 132 511 0 174 300 62 387 864 863 261 820 501 826 288 505 345 250 348 61 530 716 209 552 847 681 22 552 553 598 714 134 662 808 943 196 598 726 163 650 227 999 220 588 581 224 607 216 926 537 760 221 903 17 878 243 150 252 360 491 213 865 563 832 788 615 168 298 
203 396 621 691 153 415 455 578 271 296 455 144 112 510 717 174 0 87 271 971 985 290 525 546 642 729 73 174 388 937 511 943 439 694 537 438 498 638 168 477 169 659 591 434 837 563 665 474 201 504 115 670 878 159 785 810 897 717 577 47 417 874 584 214 161 530 8 712 834 303 931 62 180 196 809 177 159 739 769 106 
151 908 24 459 577 226 563 411 382 361 208 488 457 788 229 300 87 0 657 964 652 351 616 873 202 826 313 49 882 119 534 186 64 411 650 554 159 522 517 321 524 281 195 429 899 471 267 776 557 279 912 895 997 961 641 916 10 377 287 321 594 457 278 845 677 430 616 269 781 837 454 319 387 840 827 470 494 620 945 78 
542 810 709 582 497 995 84 744 808 254 926 762 151 516 394 62 271 657 0 687 910 314 558 3 981 954 403 209 232 557 455 218 712 693 884 435 954 855 391 372 569 194 101 931 235 783 685 868 858 350 985 270 269 592 913 732 402 958 829 757 76 833 980 99 177 181 545 483 311 231 344 928 624 797 688 496 786 863 402 663 
752 623 496 568 834 593 632 294 673 496 879 657 660 971 461 387 971 964 687 0 855 688 46 653 183 858 710 259 399 429 15 651 503 670 209 993 956 436 452 379 771 226 240 786 828 890 492 857 647 768 746 32 406 127 309 275 743 147 263 715 862 958 823 229 145 649 108 199 815 705 517 8 963 818 793 489 459 654 369 140 
969 837 262 179 476 340 294 913 638 502 402 550 379 923 589 864 985 652 910 855 0 862 471 322 516 735 962 923 461 386 909 249 648 614 398 653 638 918 472 358 53 377 164 305 155 631 362 30 345 349 358 3 600 414 954 689 1 735 341 971 648 50 879 650 916 252 619 1 644 507 548 756 234 957 224 689 734 875 586 251 
241 503 235 780 783 709 395 289 355 816 603 234 270 523 621 863 290 351 314 688 862 0 338 297 652 900 755 385 880 598 944 131 782 592 442 638 783 942 794 701 664 308 353 802 342 869 87 492 321 905 237 505 795 561 101 971 591 422 766 836 637 703 419 674 690 44 775 759 855 133 604 160 164 276 188 614 965 993 18 382 
621 580 188 708 146 571 265 390 443 81 566 467 385 580 71 261 525 616 558 46 471 338 0 173 653 719 522 911 847 614 118 582 987 675 969 155 569 150 854 810 559 511 812 673 179 495 530 662 404 891 854 44 658 786 273 87 405 600 572 869 290 78 591 504 709 395 220 528 985 773 385 881 774 425 758 782 632 589 969 749 
24 887 476 134 841 399 748 776 49 912 74 634 652 724 418 820 546 873 3 653 322 297 173 0 622 260 465 809 289 557 467 775 158 900 970 880 828 763 555 429 800 997 174 905 67 335 576 128 484 718 656 203 135 57 956 492 190 878 17 109 630 553 508 153 891 227 8 497 966 441 306 723 865 676 366 634 804 116 472 129 
516 296 73 388 745 568 985 545 576 130 538 348 320 288 628 501 642 202 981 183 516 652 653 622 0 227 857 535 814 360 438 643 329 511 807 522 342 652 171 535 955 551 770 912 615 950 79 243 35 984 883 337 709 270 997 707 594 868 359 729 1000 679 230 415 692 762 288 26 574 64 689 579 817 122 610 225 991 793 610 480 
778 842 502 481 315 747 386 961 654 466 893 109 131 242 174 826 729 826 954 858 735 900 719 260 227 0 976 527 852 493 392 174 509 989 435 867 72 776 581 988 703 993 369 902 681 888 260 418 257 497 182 956 931 926 51 625 536 561 397 988 213 854 145 891 452 645 526 436 414 778 646 396 908 324 424 409 853 944 231 991 
861 302 685 895 317 826 959 320 695 96 368 854 788 983 407 288 73 313 403 710 962 755 522 465 857 976 0 359 934 410 365 343 782 615 894 220 817 452 765 203 289 42 797 159 932 361 221 66 960 707 482 119 616 135 340 279 914 219 703 403 542 804 113 971 459 380 286 101 105 716 496 341 332 819 926 585 397 148 191 122 
689 533 97 692 513 775 826 709 205 125 418 327 932 852 598 505 174 49 209 259 923 385 911 809 535 527 359 0 484 400 435 354 917 944 455 410 966 621 582 703 119 354 591 488 974 183 11 347 194 639 132 58 54 167 379 853 713 446 528 577 93 89 145 154 561 13 989 475 829 795 285 626 744 274 514 96 771 728 879 752 
803 16 337 370 864 475 345 647 448 155 667 884 106 877 699 345 388 882 232 399 461 880 847 289 814 852 934 484 0 77 159 131 612 338 743 200 108 338 621 716 771 454 202 206 403 125 180 68 261 377 323 475 466 891 656 767 443 339 284 138 583 935 796 410 770 460 199 350 918 613 585 451 796 314 258 611 693 555 744 906 
985 622 987 119 941 813 297 635 331 42 723 669 19 593 922 250 937 119 557 429 386 598 614 557 360 493 410 400 77 0 969 419 488 210 722 721 621 743 83 292 805 829 370 605 154 708 668 790 560 380 522 532 191 95 911 59 153 190 527 961 921 591 532 930 94 837 799 286 890 964 612 855 566 763 760 956 185 898 428 721 
192 740 891 628 434 705 639 879 133 817 898 921 525 546 795 348 511 534 455 15 909 944 118 467 438 392 365 435 159 969 0 550 567 655 263 928 207 748 621 239 636 111 180 925 265 800 821 495 289 772 248 173 934 605 373 57 102 740 442 824 769 49 378 275 271 904 426 218 978 425 619 491 760 188 750 782 553 928 27 849 
176 90 297 373 601 546 971 644 982 388 397 273 325 262 259 61 943 186 218 651 249 131 582 775 643 174 343 354 131 419 550 0 138 688 613 178 966 948 64 199 892 687 965 652 117 128 65 610 704 779 7 732 592 936 316 594 826 215 829 27 32 534 527 703 277 200 703 536 944 483 464 741 168 226 487 68 635 959 30 672 
294 131 93 864 641 10 963 283 196 947 747 449 122 467 136 530 439 64 712 503 648 782 987 158 329 509 782 917 612 488 567 138 0 56 586 725 136 190 85 291 615 360 816 838 253 331 544 854 625 531 74 49 99 408 267 271 340 176 467 437 130 522 504 729 573 461 421 586 650 345 180 578 395 269 533 993 66 21 653 913 
803 798 935 841 559 217 650 913 440 447 832 643 854 592 692 716 694 411 693 670 614 592 675 900 511 989 615 944 338 210 655 688 56 0 25 379 358 930 660 371 261 147 821 198 940 415 31 334 788 685 599 829 399 725 699 552 769 735 211 991 309 987 757 298 293 972 222 394 74 398 735 189 389 497 165 976 780 312 946 211 
10 650 195 42 687 507 813 999 900 273 697 824 338 619 268 209 537 650 884 209 398 442 969 970 807 435 894 455 743 722 263 613 586 25 0 380 941 72 798 997 902 789 510 234 87 308 697 82 329 352 445 291 236 353 937 396 499 956 477 25 58 107 344 808 839 220 535 665 157 280 799 384 372 511 612 161 127 125 430 95 
555 131 899 208 159 63 896 797 953 784 575 305 297 791 847 552 438 554 435 993 653 638 155 880 522 867 220 410 200 721 928 178 725 379 380 0 508 180 516 805 62 995 98 544 424 969 957 897 640 966 221 203 275 268 843 370 493 288 598 483 773 210 978 457 842 58 291 716 969 319 689 932 205 116 998 569 212 127 117 840 
946 315 445 677 371 138 953 632 633 103 686 996 440 887 152 847 498 159 954 956 638 783 569 828 342 72 817 966 108 621 207 966 136 358 941 508 0 784 71 697 923 27 205 613 344 61 486 195 920 456 91 23 287 698 610 226 595 435 537 299 828 646 447 722 362 585 44 640 502 846 6 843 760 440 103 951 44 606 623 610 
73 807 537 474 748 339 928 272 321 563 862 881 15 879 766 681 638 522 855 436 918 942 150 763 652 776 452 621 338 743 748 948 190 930 72 180 784 0 696 573 333 881 774 804 301 402 244 806 714 306 750 464 529 152 802 706 660 134 944 230 754 298 665 136 445 182 238 146 248 148 633 512 583 691 26 332 445 532 552 354 
730 763 963 942 22 526 363 29 142 303 16 469 981 227 87 22 168 517 391 452 472 794 854 555 171 581 765 582 621 83 621 64 85 660 798 516 71 696 0 851 850 497 790 105 156 749 300 510 222 389 488 896 420 689 271 929 595 376 434 552 152 292 638 80 926 547 848 779 883 947 248 686 220 546 408 959 167 672 327 317 
833 994 983 669 246 78 145 693 575 491 99 13 229 434 570 552 477 321 372 379 358 701 810 429 535 988 203 703 716 292 239 199 291 371 997 805 697 573 851 0 1000 355 836 352 884 779 907 839 959 659 882 726 181 344 808 872 836 626 283 485 105 545 785 666 269 910 23 277 913 782 487 325 431 452 665 502 823 805 828 743 
559 186 518 146 252 903 694 298 198 27 205 237 101 831 405 553 169 524 569 771 53 664 559 800 955 703 289 119 771 805 636 892 615 261 902 62 923 333 850 1000 0 71 777 357 187 806 302 808 694 31 542 232 807 74 229 468 758 255 579 535 534 311 815 445 379 851 889 746 716 908 464 195 935 864 511 457 422 73 314 664 
343 823 533 38 946 667 753 680 838 191 313 166 329 298 117 598 659 281 194 226 377 308 511 997 551 993 42 354 454 829 111 687 360 147 789 995 27 881 497 355 71 0 63 230 734 652 358 932 885 62 680 954 822 333 602 964 787 698 468 926 164 180 559 702 971 803 500 152 23 326 966 884 245 544 254 448 448 698 186 614 
806 297 554 918 223 668 712 712 525 639 51 784 436 802 443 714 591 195 101 240 164 353 812 174 770 369 797 591 202 370 180 965 816 821 510 98 205 774 790 836 777 63 0 122 214 792 211 979 155 453 344 185 395 335 104 167 147 457 240 169 963 728 217 459 331 912 388 332 368 886 506 280 712 604 599 839 27 28 268 619 
484 396 90 543 287 108 772 2 362 264 632 241 573 340 244 134 434 429 931 786 305 802 673 905 912 902 159 488 206 605 925 652 838 198 234 544 613 804 105 352 357 230 122 0 165 820 473 976 849 698 333 324 445 838 328 643 633 76 154 210 325 840 269 325 117 585 234 817 433 308 26 652 179 998 816 866 584 116 891 20 
783 153 893 260 76 610 357 954 930 872 328 230 721 20 722 662 837 899 235 828 155 342 179 67 615 681 932 974 403 154 265 117 253 940 87 424 344 301 156 884 187 734 214 165 0 103 807 117 553 506 974 111 702 386 206 116 200 666 561 150 443 893 684 305 322 92 183 367 749 436 574 337 897 892 889 305 323 467 734 396 
906 982 426 520 225 515 827 119 24 517 738 602 13 340 42 808 563 471 783 890 631 869 495 335 950 888 361 183 125 708 800 128 331 415 308 969 61 402 749 779 806 652 792 820 103 0 186 453 910 476 671 183 936 438 326 295 542 201 678 159 871 258 658 764 364 99 4 896 327 687 698 506 644 376 180 272 157 754 344 593 
716 678 732 387 502 785 138 931 217 600 91 81 123 553 843 943 665 267 685 492 362 87 530 576 79 260 221 11 180 668 821 65 544 31 697 957 486 244 300 907 302 358 211 473 807 186 0 791 224 859 380 599 961 410 638 656 476 268 38 1000 723 610 633 101 208 511 220 792 236 651 975 641 93 856 109 585 306 908 639 273 
979 385 330 523 227 294 361 25 644 233 955 42 481 917 253 196 474 776 868 857 30 492 662 128 243 418 66 347 68 790 495 610 854 334 82 897 195 806 510 839 808 932 979 976 117 453 791 0 78 687 322 816 912 563 894 32 727 631 147 579 399 630 656 204 520 274 585 705 668 204 276 245 493 874 957 401 249 316 875 134 
475 459 892 587 128 891 355 228 306 599 811 245 636 447 239 598 201 557 858 647 345 321 404 484 35 257 960 194 261 560 289 704 625 788 329 640 920 714 222 959 694 885 155 849 553 910 224 78 0 908 495 777 85 153 144 425 939 943 789 371 586 587 840 149 459 437 848 99 695 876 594 975 966 713 531 936 752 161 430 718 
469 470 943 647 149 196 878 962 646 831 845 200 798 843 792 726 504 279 350 768 349 905 891 718 984 497 707 639 377 380 772 779 531 685 352 966 456 306 389 659 31 62 453 698 506 476 859 687 908 0 341 480 609 673 86 627 630 7 26 554 187 692 375 138 675 830 312 229 850 690 813 174 979 938 460 695 87 354 719 545 
482 310 176 927 893 38 650 914 776 556 608 549 677 690 718 163 115 912 985 746 358 237 854 656 883 182 482 132 323 522 248 7 74 599 445 221 91 750 488 882 542 680 344 333 974 671 380 322 495 341 0 455 867 922 292 519 485 172 722 365 886 37 280 634 539 62 614 221 159 114 647 363 729 220 274 24 57 920 327 932 
734 896 870 614 464 830 404 812 784 957 74 810 38 714 674 650 670 895 270 32 3 505 44 203 337 956 119 58 475 532 173 732 49 829 291 203 23 464 896 726 232 954 185 324 111 183 599 816 777 480 455 0 915 59 530 298 710 797 438 441 461 371 990 213 616 101 787 667 372 136 161 159 365 227 621 548 739 294 38 612 
453 278 533 711 707 3 876 750 953 531 704 788 870 597 572 227 878 997 269 406 600 795 658 135 709 931 616 54 466 191 934 592 99 399 236 275 287 529 420 181 807 822 395 445 702 936 961 912 85 609 867 915 0 984 685 408 639 738 96 406 897 775 565 433 179 918 880 461 903 699 430 800 638 290 732 390 60 930 855 414 
985 390 280 404 171 179 896 164 624 999 300 272 434 117 754 999 159 961 592 127 414 561 786 57 270 926 135 167 891 95 605 936 408 725 353 268 698 152 689 344 74 333 335 838 386 438 410 563 153 673 922 59 984 0 767 739 632 110 292 323 170 453 178 386 550 28 434 621 919 686 311 725 869 216 486 383 423 766 857 788 
791 964 866 730 985 429 419 117 227 366 369 612 13 741 371 220 785 641 913 309 954 101 273 956 997 51 340 379 656 911 373 316 267 699 937 843 610 802 271 808 229 602 104 328 206 326 638 894 144 86 292 530 685 767 0 372 292 220 292 45 986 89 561 482 516 922 57 492 612 116 123 942 868 114 655 770 624 829 602 122 
706 182 218 697 821 277 822 945 395 480 822 375 705 241 963 588 810 916 732 275 689 971 87 492 707 625 279 853 767 59 57 594 271 552 396 370 226 706 929 872 468 964 167 643 116 295 656 32 425 627 519 298 408 739 372 0 834 470 952 413 467 457 325 801 204 447 265 820 639 700 543 881 109 110 681 178 284 403 460 61 
386 85 435 655 269 373 613 659 165 721 537 822 590 117 352 581 897 10 402 743 1 591 405 190 594 536 914 713 443 153 102 826 340 769 499 493 595 660 595 836 758 787 147 633 200 542 476 727 939 630 485 710 639 632 292 834 0 565 619 713 444 291 292 525 617 488 403 179 587 684 459 763 105 174 345 579 789 730 889 72 
149 630 77 148 924 361 836 921 804 572 989 478 516 512 749 224 717 377 958 147 735 422 600 878 868 561 219 446 339 190 740 215 176 735 956 288 435 134 376 626 255 698 457 76 666 201 268 631 943 7 172 797 738 110 220 470 565 0 701 287 321 610 397 245 659 172 968 802 285 90 393 795 433 238 21 525 376 755 420 114 
181 331 673 311 921 181 340 363 480 227 983 472 349 893 496 607 577 287 829 263 341 766 572 17 359 397 703 528 284 527 442 829 467 211 477 598 537 944 434 283 579 468 240 154 561 678 38 147 789 26 722 438 96 292 292 952 619 701 0 324 340 852 402 242 515 298 149 282 933 432 879 405 686 564 901 377 670 305 332 465 
576 778 591 533 714 888 587 732 745 878 503 288 841 987 342 216 47 321 757 715 971 836 869 109 729 988 403 577 138 961 824 27 437 991 25 483 299 230 552 485 535 926 169 210 150 159 1000 579 371 554 365 441 406 323 45 413 713 287 324 0 833 352 584 769 666 59 436 440 422 743 290 753 104 272 966 809 341 338 933 505 
713 145 300 804 205 597 530 561 291 855 139 416 298 686 251 926 417 594 76 862 648 637 290 630 1000 213 542 93 583 921 769 32 130 309 58 773 828 754 152 105 534 164 963 325 443 871 723 399 586 187 886 461 897 170 986 467 444 321 340 833 0 665 966 744 379 720 83 883 28 144 254 341 381 414 417 635 212 245 589 820 
354 677 796 518 814 530 345 34 421 732 874 300 388 457 322 537 874 457 833 958 50 703 78 553 679 854 804 89 935 591 49 534 522 987 107 210 646 298 292 545 311 180 728 840 893 258 610 630 587 692 37 371 775 453 89 457 291 610 852 352 665 0 736 566 654 398 505 657 698 366 523 837 597 736 192 17 196 679 793 513 
205 753 36 60 38 249 936 620 319 991 250 822 7 334 406 760 584 278 980 823 879 419 591 508 230 145 113 145 796 532 378 527 504 757 344 978 447 665 638 785 815 559 217 269 684 658 633 656 840 375 280 990 565 178 561 325 292 397 402 584 966 736 0 464 457 394 252 499 627 480 63 340 790 746 303 400 24 515 294 602 
974 847 421 306 298 629 808 173 640 361 199 47 223 539 175 221 214 845 99 229 650 674 504 153 415 891 971 154 410 930 275 703 729 298 808 457 722 136 80 666 445 702 459 325 305 764 101 204 149 138 634 213 433 386 482 801 525 245 242 769 744 566 464 0 534 539 128 803 388 906 756 607 853 746 219 204 526 115 212 40 
924 682 492 434 257 683 199 751 93 74 984 325 168 261 560 903 161 677 177 145 916 690 709 891 692 452 459 561 770 94 271 277 573 293 839 842 362 445 926 269 379 971 331 117 322 364 208 520 459 675 539 616 179 550 516 204 617 659 515 666 379 654 457 534 0 872 107 768 492 374 164 588 360 789 172 940 482 588 893 345 
327 529 697 419 701 58 340 393 84 318 74 620 625 463 504 17 530 430 181 649 252 44 395 227 762 645 380 13 460 837 904 200 461 972 220 58 585 182 547 910 851 803 912 585 92 99 511 274 437 830 62 101 918 28 922 447 488 172 298 59 720 398 394 539 872 0 540 115 703 152 712 355 115 98 137 269 351 151 317 51 
369 440 764 379 698 954 677 389 133 429 47 950 101 904 460 878 8 616 545 108 619 775 220 8 288 526 286 989 199 799 426 703 421 222 535 291 44 238 848 23 889 500 388 234 183 4 220 585 848 312 614 787 880 434 57 265 403 968 149 436 83 505 252 128 107 540 0 864 427 557 146 68 811 530 737 925 314 449 830 128 
373 361 572 357 54 761 162 66 482 135 121 118 51 23 959 243 712 269 483 199 1 759 528 497 26 436 101 475 350 286 218 536 586 394 665 716 640 146 779 277 746 152 332 817 367 896 792 705 99 229 221 667 461 621 492 820 179 802 282 440 883 657 499 803 768 115 864 0 373 462 561 681 156 287 63 500 756 849 252 813 
423 822 582 184 196 581 130 664 665 800 524 74 613 366 709 150 834 781 311 815 644 855 985 966 574 414 105 829 918 890 978 944 650 74 157 969 502 248 883 913 716 23 368 433 749 327 236 668 695 850 159 372 903 919 612 639 587 285 933 422 28 698 627 388 492 703 427 373 0 960 258 369 398 182 869 732 958 125 393 943 
729 256 153 82 446 519 574 914 472 513 1 77 439 538 999 252 303 837 231 705 507 133 773 441 64 778 716 795 613 964 425 483 345 398 280 319 846 148 947 782 908 326 886 308 436 687 651 204 876 690 114 136 699 686 116 700 684 90 432 743 144 366 480 906 374 152 557 462 960 0 698 116 992 494 466 148 620 900 503 24 
628 479 645 254 452 611 351 49 51 887 192 279 532 737 593 360 931 454 344 517 548 604 385 306 689 646 496 285 585 612 619 464 180 735 799 689 6 633 248 487 464 966 506 26 574 698 975 276 594 813 647 161 430 311 123 543 459 393 879 290 254 523 63 756 164 712 146 561 258 698 0 864 870 847 487 461 119 136 361 385 
631 464 553 323 205 474 786 826 109 1000 713 360 247 83 994 491 62 319 928 8 756 160 881 723 579 396 341 626 451 855 491 741 578 189 384 932 843 512 686 325 195 884 280 652 337 506 641 245 975 174 363 159 800 725 942 881 763 795 405 753 341 837 340 607 588 355 68 681 369 116 864 0 306 843 702 151 108 880 819 989 
107 476 133 918 322 615 200 574 436 925 985 502 417 904 197 213 180 387 624 963 234 164 774 865 817 908 332 744 796 566 760 168 395 389 372 205 760 583 220 431 935 245 712 179 897 644 93 493 966 979 729 365 638 869 868 109 105 433 686 104 381 597 790 853 360 115 811 156 398 992 870 306 0 835 495 876 951 197 528 862 
789 494 676 154 744 992 945 810 63 137 549 477 333 209 371 865 196 840 797 818 957 276 425 676 122 324 819 274 314 763 188 226 269 497 511 116 440 691 546 452 864 544 604 998 892 376 856 874 713 938 220 227 290 216 114 110 174 238 564 272 414 736 746 746 789 98 530 287 182 494 847 843 835 0 776 589 85 461 842 434 
235 384 867 951 191 867 700 692 185 212 305 86 441 15 835 563 809 827 688 793 224 188 758 366 610 424 926 514 258 760 750 487 533 165 612 998 103 26 408 665 511 254 599 816 889 180 109 957 531 460 274 621 732 486 655 681 345 21 901 966 417 192 303 219 172 137 737 63 869 466 487 702 495 776 0 490 105 626 251 806 
373 137 860 420 672 627 643 153 116 915 308 679 350 732 874 832 177 470 496 489 689 614 782 634 225 409 585 96 611 956 782 68 993 976 161 569 951 332 959 502 457 448 839 866 305 272 585 401 936 695 24 548 390 383 770 178 579 525 377 809 635 17 400 204 940 269 925 500 732 148 461 151 876 589 490 0 971 517 327 585 
750 859 782 537 185 548 295 793 414 119 471 674 347 187 186 788 159 494 786 459 734 965 632 804 991 853 397 771 693 185 553 635 66 780 127 212 44 445 167 823 422 448 27 584 323 157 306 249 752 87 57 739 60 423 624 284 789 376 670 341 212 196 24 526 482 351 314 756 958 620 119 108 951 85 105 971 0 403 385 235 
762 514 589 463 462 714 315 586 566 637 216 797 832 429 966 615 739 620 863 654 875 993 589 116 793 944 148 728 555 898 928 959 21 312 125 127 606 532 672 805 73 698 28 116 467 754 908 316 161 354 920 294 930 766 829 403 730 755 305 338 245 679 515 115 588 151 449 849 125 900 136 880 197 461 626 517 403 0 646 918 
341 541 947 437 404 923 643 461 624 726 700 213 694 690 889 168 769 945 402 369 586 18 969 472 610 231 191 879 744 428 27 30 653 946 430 117 623 552 327 828 314 186 268 891 734 344 639 875 430 719 327 38 855 857 602 460 889 420 332 933 589 793 294 212 893 317 830 252 393 503 361 819 528 842 251 327 385 646 0 979 
199 725 651 318 914 144 764 994 602 924 798 224 321 947 416 298 106 78 663 140 251 382 749 129 480 991 122 752 906 721 849 672 913 211 95 840 610 354 317 743 664 614 619 20 396 593 273 134 718 545 932 612 414 788 122 61 72 114 465 505 820 513 602 40 345 51 128 813 943 24 385 989 862 434 806 585 235 918 979 0 
