9 4
0 862 5 495 230 457 217 58 186 
862 0 177 378 867 171 804 517 350 
5 177 0 425 399 316 986 805 317 
495 378 425 0 683 868 249 75 876 
230 867 399 683 0 252 297 476 766 
457 171 316 868 252 0 540 533 238 
217 804 986 249 297 540 0 393 173 
58 517 805 75 476 533 393 0 384 
186 350 317 876 766 238 173 384 0 
0 367 333 883 608 824 8 213 654 
367 0 230 278 567 295 792 251 722 
333 230 0 32 553 184 223 610 637 
883 278 32 0 79 532 379 545 988 
608 567 553 79 0 23 881 644 999 
824 295 184 532 23 0 1000 878 303 
8 792 223 379 881 1000 0 691 235 
213 251 610 545 644 878 691 0 527 
654 722 637 988 999 303 235 527 0 
0 367 333 883 608 824 8 213 654 
367 0 230 278 567 295 792 251 722 
333 230 0 32 553 184 223 610 637 
883 278 32 0 79 532 379 545 988 
608 567 553 79 0 23 881 644 999 
824 295 184 532 23 0 1000 878 303 
8 792 223 379 881 1000 0 691 235 
213 251 610 545 644 878 691 0 527 
654 722 637 988 999 303 235 527 0 
0 367 333 883 608 824 8 213 654 
367 0 230 278 567 295 792 251 722 
333 230 0 32 553 184 223 610 637 
883 278 32 0 79 532 379 545 988 
608 567 553 79 0 23 881 644 999 
824 295 184 532 23 0 1000 878 303 
8 792 223 379 881 1000 0 691 235 
213 251 610 545 644 878 691 0 527 
654 722 637 988 999 303 235 527 0 
0 367 333 883 608 824 8 213 654 
367 0 230 278 567 295 792 251 722 
333 230 0 32 553 184 223 610 637 
883 278 32 0 79 532 379 545 988 
608 567 553 79 0 23 881 644 999 
824 295 184 532 23 0 1000 878 303 
8 792 223 379 881 1000 0 691 235 
213 251 610 545 644 878 691 0 527 
654 722 637 988 999 303 235 527 0 
