40 3
0 151 434 114 589 628 937 808 90 430 262 796 384 112 49 354 432 143 234 213 548 763 998 632 143 149 832 430 909 776 562 741 32 686 403 795 842 379 14 81 
151 0 147 99 130 38 143 932 899 833 494 483 426 811 520 473 540 492 210 881 298 47 917 409 954 219 331 186 196 671 95 365 393 909 280 719 853 653 529 211 
434 147 0 151 534 597 80 663 940 89 906 249 231 471 879 477 24 878 853 429 732 741 58 838 869 673 710 816 644 534 38 494 220 747 397 731 941 978 858 883 
114 99 151 0 322 685 761 602 930 826 963 111 886 373 197 882 323 915 467 396 657 969 871 132 90 566 76 88 656 200 635 390 969 684 36 222 677 297 855 829 
589 130 534 322 0 11 583 239 735 472 698 762 692 302 818 72 982 833 767 11 609 427 690 306 27 606 862 562 306 705 621 799 439 910 51 168 333 413 226 482 
628 38 597 685 11 0 674 515 383 857 506 605 90 479 172 168 372 793 933 507 965 976 286 149 359 945 302 514 532 715 655 349 853 390 441 402 260 271 647 572 
937 143 80 761 583 674 0 763 989 674 875 988 482 728 950 61 425 218 462 763 182 570 165 516 819 135 8 714 816 230 476 65 847 795 807 811 570 366 44 116 
808 932 663 602 239 515 763 0 143 399 644 874 996 918 77 482 49 142 202 530 229 72 756 541 967 88 343 595 799 468 850 613 185 693 192 716 368 37 819 639 
90 899 940 930 735 383 989 143 0 758 721 694 512 899 198 550 902 762 431 686 334 937 865 242 146 750 954 386 810 666 52 977 695 959 214 359 555 884 427 537 
430 833 89 826 472 857 674 399 758 0 710 457 308 18 621 893 496 263 976 399 66 190 791 176 933 815 593 763 70 505 29 15 110 693 771 473 415 872 180 315 
262 494 906 963 698 506 875 644 721 710 0 853 661 756 288 637 537 70 121 827 452 448 888 118 289 949 269 105 457 294 791 670 828 110 377 908 180 856 730 849 
796 483 249 111 762 605 988 874 694 457 853 0 375 591 414 949 844 982 485 285 210 161 875 881 767 415 600 669 492 662 321 681 800 523 388 786 320 453 495 616 
384 426 231 886 692 90 482 996 512 308 661 375 0 851 763 553 769 576 857 359 735 899 250 633 108 488 156 308 307 162 360 366 71 752 186 170 392 628 823 539 
112 811 471 373 302 479 728 918 899 18 756 591 851 0 556 927 907 468 593 966 700 376 990 92 461 361 696 819 966 423 894 75 173 173 860 959 215 2 799 553 
49 520 879 197 818 172 950 77 198 621 288 414 763 556 0 86 292 354 668 321 555 601 929 910 686 178 577 213 934 365 7 220 144 902 310 140 999 551 221 73 
354 473 477 882 72 168 61 482 550 893 637 949 553 927 86 0 811 510 687 500 507 285 770 26 639 299 418 3 316 362 257 612 521 124 869 2 505 413 656 992 
432 540 24 323 982 372 425 49 902 496 537 844 769 907 292 811 0 414 93 948 671 648 182 159 90 166 293 809 699 622 531 362 750 765 962 127 759 71 260 858 
143 492 878 915 833 793 218 142 762 263 70 982 576 468 354 510 414 0 717 651 463 927 116 423 649 694 121 41 432 344 465 620 964 115 798 38 498 863 763 913 
234 210 853 467 767 933 462 202 431 976 121 485 857 593 668 687 93 717 0 500 663 299 758 572 77 160 897 265 849 17 68 765 45 762 978 833 103 924 560 59 
213 881 429 396 11 507 763 530 686 399 827 285 359 966 321 500 948 651 500 0 817 243 557 902 170 634 607 907 795 564 536 217 969 94 159 396 379 268 981 350 
548 298 732 657 609 965 182 229 334 66 452 210 735 700 555 507 671 463 663 817 0 907 706 728 371 404 530 476 891 545 806 691 989 493 928 919 857 233 400 894 
763 47 741 969 427 976 570 72 937 190 448 161 899 376 601 285 648 927 299 243 907 0 525 465 457 56 921 380 704 432 833 24 868 627 971 216 464 243 476 189 
998 917 58 871 690 286 165 756 865 791 888 875 250 990 929 770 182 116 758 557 706 525 0 430 737 516 691 774 544 85 671 637 839 972 199 431 426 426 950 601 
632 409 838 132 306 149 516 541 242 176 118 881 633 92 910 26 159 423 572 902 728 465 430 0 495 780 409 205 377 880 436 591 891 343 481 169 954 403 349 366 
143 954 869 90 27 359 819 967 146 933 289 767 108 461 686 639 90 649 77 170 371 457 737 495 0 72 368 904 368 311 827 526 873 699 510 761 824 774 268 398 
149 219 673 566 606 945 135 88 750 815 949 415 488 361 178 299 166 694 160 634 404 56 516 780 72 0 917 863 708 50 416 484 41 138 663 18 591 34 662 498 
832 331 710 76 862 302 8 343 954 593 269 600 156 696 577 418 293 121 897 607 530 921 691 409 368 917 0 136 397 936 376 243 939 576 186 537 517 95 839 809 
430 186 816 88 562 514 714 595 386 763 105 669 308 819 213 3 809 41 265 907 476 380 774 205 904 863 136 0 859 927 885 55 960 303 174 647 922 706 608 818 
909 196 644 656 306 532 816 799 810 70 457 492 307 966 934 316 699 432 849 795 891 704 544 377 368 708 397 859 0 683 690 184 910 727 731 37 427 49 814 475 
776 671 534 200 705 715 230 468 666 505 294 662 162 423 365 362 622 344 17 564 545 432 85 880 311 50 936 927 683 0 18 175 574 621 394 611 108 784 403 835 
562 95 38 635 621 655 476 850 52 29 791 321 360 894 7 257 531 465 68 536 806 833 671 436 827 416 376 885 690 18 0 822 898 151 318 984 99 692 431 24 
741 365 494 390 799 349 65 613 977 15 670 681 366 75 220 612 362 620 765 217 691 24 637 591 526 484 243 55 184 175 822 0 790 206 818 156 699 764 813 88 
32 393 220 969 439 853 847 185 695 110 828 800 71 173 144 521 750 964 45 969 989 868 839 891 873 41 939 960 910 574 898 790 0 817 703 248 629 659 707 477 
686 909 747 684 910 390 795 693 959 693 110 523 752 173 902 124 765 115 762 94 493 627 972 343 699 138 576 303 727 621 151 206 817 0 548 255 918 223 81 69 
403 280 397 36 51 441 807 192 214 771 377 388 186 860 310 869 962 798 978 159 928 971 199 481 510 663 186 174 731 394 318 818 703 548 0 156 97 288 783 663 
795 719 731 222 168 402 811 716 359 473 908 786 170 959 140 2 127 38 833 396 919 216 431 169 761 18 537 647 37 611 984 156 248 255 156 0 382 166 281 817 
842 853 941 677 333 260 570 368 555 415 180 320 392 215 999 505 759 498 103 379 857 464 426 954 824 591 517 922 427 108 99 699 629 918 97 382 0 568 59 408 
379 653 978 297 413 271 366 37 884 872 856 453 628 2 551 413 71 863 924 268 233 243 426 403 774 34 95 706 49 784 692 764 659 223 288 166 568 0 946 646 
14 529 858 855 226 647 44 819 427 180 730 495 823 799 221 656 260 763 560 981 400 476 950 349 268 662 839 608 814 403 431 813 707 81 783 281 59 946 0 552 
81 211 883 829 482 572 116 639 537 315 849 616 539 553 73 992 858 913 59 350 894 189 601 366 398 498 809 818 475 835 24 88 477 69 663 817 408 646 552 0 
0 453 51 675 963 313 954 728 351 986 403 953 706 783 41 131 848 437 53 123 973 164 117 686 675 635 474 456 209 23 984 905 351 432 968 210 350 79 931 718 
453 0 668 230 772 721 18 707 89 798 585 762 301 936 860 60 798 809 989 722 277 91 948 485 22 952 874 851 32 860 533 407 470 567 729 68 984 273 361 15 
51 668 0 415 586 900 675 904 124 943 345 385 349 549 452 9 75 218 94 975 44 853 677 351 168 988 831 638 817 14 242 209 769 879 812 443 864 837 739 979 
675 230 415 0 60 800 205 744 289 584 522 939 11 811 221 570 269 265 909 508 185 277 642 245 704 13 210 959 703 377 687 966 898 746 591 897 143 790 759 214 
963 772 586 60 0 866 137 152 313 238 587 411 672 300 138 1000 188 310 662 245 24 613 382 47 800 346 225 764 294 674 852 31 832 769 63 472 626 552 742 443 
313 721 900 800 866 0 382 542 719 665 688 614 805 983 930 73 897 500 268 813 430 511 587 714 997 335 994 571 336 841 158 635 360 353 630 987 619 510 86 324 
954 18 675 205 137 382 0 868 519 68 481 371 283 224 847 775 358 772 931 163 411 943 419 732 54 829 789 209 72 642 578 779 964 200 144 905 208 229 830 719 
728 707 904 744 152 542 868 0 706 711 547 464 914 300 318 255 939 872 620 382 74 885 789 790 430 540 779 516 882 321 926 755 954 703 386 809 992 437 695 554 
351 89 124 289 313 719 519 706 0 170 945 978 581 143 695 920 787 993 462 370 121 206 683 344 336 727 100 183 441 346 730 518 476 284 396 912 716 745 142 640 
986 798 943 584 238 665 68 711 170 0 274 615 1000 233 1 656 840 239 210 535 730 750 441 497 363 143 518 567 998 503 762 775 708 621 872 649 181 272 96 96 
403 585 345 522 587 688 481 547 945 274 0 813 54 238 949 157 842 927 252 648 743 74 923 356 86 783 838 763 541 314 800 485 988 910 854 283 117 88 500 504 
953 762 385 939 411 614 371 464 978 615 813 0 784 780 463 458 162 982 808 387 631 235 906 275 243 176 53 29 553 513 321 20 469 471 90 410 1000 495 839 393 
706 301 349 11 672 805 283 914 581 1000 54 784 0 62 302 308 509 487 815 227 537 557 141 628 584 868 882 915 886 890 381 510 372 416 87 327 482 442 792 854 
783 936 549 811 300 983 224 300 143 233 238 780 62 0 155 24 951 432 401 450 654 79 348 928 28 708 56 169 14 990 941 400 47 308 138 995 461 917 9 96 
41 860 452 221 138 930 847 318 695 1 949 463 302 155 0 272 816 643 705 683 384 229 346 996 177 546 140 906 117 663 266 53 241 202 755 160 195 811 181 179 
131 60 9 570 1000 73 775 255 920 656 157 458 308 24 272 0 762 753 889 861 959 769 187 536 257 520 668 785 634 469 82 903 139 259 255 119 938 554 961 674 
848 798 75 269 188 897 358 939 787 840 842 162 509 951 816 762 0 256 529 508 676 561 200 90 256 44 925 468 820 444 884 600 427 955 192 56 966 401 874 71 
437 809 218 265 310 500 772 872 993 239 927 982 487 432 643 753 256 0 619 584 757 890 778 201 724 797 577 480 942 360 866 484 829 858 855 20 807 25 758 66 
53 989 94 909 662 268 931 620 462 210 252 808 815 401 705 889 529 619 0 606 269 917 683 523 673 550 442 470 206 284 698 895 400 818 971 131 675 409 973 880 
123 722 975 508 245 813 163 382 370 535 648 387 227 450 683 861 508 584 606 0 426 280 688 153 680 943 85 948 983 424 334 365 421 604 108 311 991 512 711 200 
973 277 44 185 24 430 411 74 121 730 743 631 537 654 384 959 676 757 269 426 0 432 636 371 134 420 963 875 623 855 857 642 147 663 1 308 606 980 604 34 
164 91 853 277 613 511 943 885 206 750 74 235 557 79 229 769 561 890 917 280 432 0 760 56 566 861 877 568 96 325 39 542 621 138 910 608 331 164 820 521 
117 948 677 642 382 587 419 789 683 441 923 906 141 348 346 187 200 778 683 688 636 760 0 48 108 954 267 52 519 115 385 976 360 829 49 150 186 51 529 806 
686 485 351 245 47 714 732 790 344 497 356 275 628 928 996 536 90 201 523 153 371 56 48 0 143 281 670 774 875 64 423 102 618 964 27 99 786 998 216 695 
675 22 168 704 800 997 54 430 336 363 86 243 584 28 177 257 256 724 673 680 134 566 108 143 0 127 981 653 234 659 849 293 667 139 890 826 601 76 898 556 
635 952 988 13 346 335 829 540 727 143 783 176 868 708 546 520 44 797 550 943 420 861 954 281 127 0 521 196 820 58 679 10 457 922 281 621 350 998 8 454 
474 874 831 210 225 994 789 779 100 518 838 53 882 56 140 668 925 577 442 85 963 877 267 670 981 521 0 748 954 203 12 563 870 505 896 195 642 278 861 62 
456 851 638 959 764 571 209 516 183 567 763 29 915 169 906 785 468 480 470 948 875 568 52 774 653 196 748 0 158 41 133 955 505 326 910 469 266 319 725 415 
209 32 817 703 294 336 72 882 441 998 541 553 886 14 117 634 820 942 206 983 623 96 519 875 234 820 954 158 0 254 238 377 892 834 72 27 320 942 862 283 
23 860 14 377 674 841 642 321 346 503 314 513 890 990 663 469 444 360 284 424 855 325 115 64 659 58 203 41 254 0 32 363 658 322 507 789 740 905 732 424 
984 533 242 687 852 158 578 926 730 762 800 321 381 941 266 82 884 866 698 334 857 39 385 423 849 679 12 133 238 32 0 994 674 261 806 790 252 66 887 762 
905 407 209 966 31 635 779 755 518 775 485 20 510 400 53 903 600 484 895 365 642 542 976 102 293 10 563 955 377 363 994 0 597 58 43 695 154 747 499 452 
351 470 769 898 832 360 964 954 476 708 988 469 372 47 241 139 427 829 400 421 147 621 360 618 667 457 870 505 892 658 674 597 0 324 565 861 756 300 295 427 
432 567 879 746 769 353 200 703 284 621 910 471 416 308 202 259 955 858 818 604 663 138 829 964 139 922 505 326 834 322 261 58 324 0 489 249 921 165 536 641 
968 729 812 591 63 630 144 386 396 872 854 90 87 138 755 255 192 855 971 108 1 910 49 27 890 281 896 910 72 507 806 43 565 489 0 292 673 777 895 644 
210 68 443 897 472 987 905 809 912 649 283 410 327 995 160 119 56 20 131 311 308 608 150 99 826 621 195 469 27 789 790 695 861 249 292 0 482 874 998 962 
350 984 864 143 626 619 208 992 716 181 117 1000 482 461 195 938 966 807 675 991 606 331 186 786 601 350 642 266 320 740 252 154 756 921 673 482 0 396 130 956 
79 273 837 790 552 510 229 437 745 272 88 495 442 917 811 554 401 25 409 512 980 164 51 998 76 998 278 319 942 905 66 747 300 165 777 874 396 0 219 699 
931 361 739 759 742 86 830 695 142 96 500 839 792 9 181 961 874 758 973 711 604 820 529 216 898 8 861 725 862 732 887 499 295 536 895 998 130 219 0 464 
718 15 979 214 443 324 719 554 640 96 504 393 854 96 179 674 71 66 880 200 34 521 806 695 556 454 62 415 283 424 762 452 427 641 644 962 956 699 464 0 
0 211 417 656 248 681 467 4 464 461 124 420 657 509 814 884 131 839 984 449 1 81 886 375 581 327 661 865 361 497 505 394 464 809 309 949 485 935 51 489 
211 0 920 450 184 442 948 105 3 45 346 643 873 88 112 939 482 536 642 254 555 700 586 390 370 85 342 595 823 506 426 519 601 111 505 768 683 607 927 971 
417 920 0 714 547 435 172 142 510 251 540 639 634 628 601 898 836 713 727 6 780 388 904 649 767 247 331 924 6 922 821 803 732 80 407 340 53 159 62 943 
656 450 714 0 978 228 309 96 118 377 272 560 759 156 226 223 160 857 46 345 704 453 620 393 498 984 736 224 461 522 967 420 443 637 807 358 468 135 140 490 
248 184 547 978 0 213 800 525 80 668 660 462 517 976 606 533 607 188 281 561 947 147 878 726 548 958 768 95 804 533 130 737 406 400 891 908 138 382 804 431 
681 442 435 228 213 0 715 320 317 650 178 291 428 20 498 788 166 143 908 222 230 643 444 596 401 496 34 553 642 778 61 139 239 759 663 461 890 569 362 633 
467 948 172 309 800 715 0 722 898 679 940 549 508 596 638 48 487 8 28 797 183 235 439 127 758 418 520 865 852 334 952 98 348 679 990 396 874 720 356 517 
4 105 142 96 525 320 722 0 474 514 465 584 549 465 137 788 128 327 780 790 435 256 166 161 345 589 836 179 57 812 643 224 596 187 618 395 405 557 386 740 
464 3 510 118 80 317 898 474 0 785 326 128 722 483 719 602 167 501 241 708 507 385 801 651 293 951 818 789 942 194 727 847 463 335 630 17 514 523 762 496 
461 45 251 377 668 650 679 514 785 0 760 32 304 912 683 393 809 413 331 844 693 593 287 163 11 317 746 170 198 255 571 456 329 619 721 44 46 872 565 857 
124 346 540 272 660 178 940 465 326 760 0 174 956 609 678 809 79 762 601 387 425 964 195 552 771 268 727 186 490 620 436 324 936 291 166 698 659 351 400 406 
420 643 639 560 462 291 549 584 128 32 174 0 246 345 554 614 967 170 268 662 137 747 332 827 799 653 947 837 522 239 170 356 177 143 924 428 15 974 461 801 
657 873 634 759 517 428 508 549 722 304 956 246 0 656 868 501 253 228 625 691 50 746 845 2 556 388 70 24 502 327 667 385 213 903 227 594 627 541 633 295 
509 88 628 156 976 20 596 465 483 912 609 345 656 0 410 941 483 258 564 258 468 880 576 18 308 747 942 808 686 17 65 781 766 545 822 4 321 524 835 348 
814 112 601 226 606 498 638 137 719 683 678 554 868 410 0 803 47 234 144 391 454 947 480 310 786 781 574 805 83 89 563 855 490 543 162 997 512 572 967 884 
884 939 898 223 533 788 48 788 602 393 809 614 501 941 803 0 179 261 113 255 182 1000 827 875 394 837 235 739 736 221 806 27 888 631 669 954 534 288 259 238 
131 482 836 160 607 166 487 128 167 809 79 967 253 483 47 179 0 892 610 40 434 191 704 474 624 492 159 785 162 914 431 970 615 482 314 195 642 321 632 957 
839 536 713 857 188 143 8 327 501 413 762 170 228 258 234 261 892 0 245 553 385 171 148 861 291 130 251 914 590 994 230 784 650 346 75 799 670 206 287 991 
984 642 727 46 281 908 28 780 241 331 601 268 625 564 144 113 610 245 0 600 803 38 287 95 888 326 813 794 294 662 837 281 510 274 356 847 395 358 866 292 
449 254 6 345 561 222 797 790 708 844 387 662 691 258 391 255 40 553 600 0 140 395 378 537 392 349 773 361 61 182 702 821 760 138 434 508 489 724 684 683 
1 555 780 704 947 230 183 435 507 693 425 137 50 468 454 182 434 385 803 140 0 521 466 468 813 906 157 493 91 303 185 749 840 641 837 924 513 20 504 974 
81 700 388 453 147 643 235 256 385 593 964 747 746 880 947 1000 191 171 38 395 521 0 731 912 454 157 640 344 362 612 497 613 328 634 266 226 828 414 163 220 
886 586 904 620 878 444 439 166 801 287 195 332 845 576 480 827 704 148 287 378 466 731 0 461 760 76 495 759 793 961 333 150 966 218 464 104 610 610 633 205 
375 390 649 393 726 596 127 161 651 163 552 827 2 18 310 875 474 861 95 537 468 912 461 0 895 306 617 17 226 426 192 868 580 51 623 112 519 196 759 776 
581 370 767 498 548 401 758 345 293 11 771 799 556 308 786 394 624 291 888 392 813 454 760 895 0 816 768 782 819 335 637 715 612 628 24 371 76 963 781 530 
327 85 247 984 958 496 418 589 951 317 268 653 388 747 781 837 492 130 326 349 906 157 76 306 816 0 705 784 404 684 825 431 841 66 59 139 803 88 298 9 
661 342 331 736 768 34 520 836 818 746 727 947 70 942 574 235 159 251 813 773 157 640 495 617 768 705 0 593 46 453 768 626 565 509 396 469 225 164 240 891 
865 595 924 224 95 553 865 179 789 170 186 837 24 808 805 739 785 914 794 361 493 344 759 17 782 784 593 0 512 926 920 229 729 868 178 734 623 719 703 662 
361 823 6 461 804 642 852 57 942 198 490 522 502 686 83 736 162 590 294 61 91 362 793 226 819 404 46 512 0 770 451 585 312 4 735 790 376 162 449 971 
497 506 922 522 533 778 334 812 194 255 620 239 327 17 89 221 914 994 662 182 303 612 961 426 335 684 453 926 770 0 915 925 243 901 424 645 247 560 253 180 
505 426 821 967 130 61 952 643 727 571 436 170 667 65 563 806 431 230 837 702 185 497 333 192 637 825 768 920 451 915 0 451 120 551 25 126 298 674 422 416 
394 519 803 420 737 139 98 224 847 456 324 356 385 781 855 27 970 784 281 821 749 613 150 868 715 431 626 229 585 925 451 0 537 717 946 495 756 206 846 97 
464 601 732 443 406 239 348 596 463 329 936 177 213 766 490 888 615 650 510 760 840 328 966 580 612 841 565 729 312 243 120 537 0 583 90 333 260 560 151 643 
809 111 80 637 400 759 679 187 335 619 291 143 903 545 543 631 482 346 274 138 641 634 218 51 628 66 509 868 4 901 551 717 583 0 614 763 473 587 822 179 
309 505 407 807 891 663 990 618 630 721 166 924 227 822 162 669 314 75 356 434 837 266 464 623 24 59 396 178 735 424 25 946 90 614 0 503 836 777 538 185 
949 768 340 358 908 461 396 395 17 44 698 428 594 4 997 954 195 799 847 508 924 226 104 112 371 139 469 734 790 645 126 495 333 763 503 0 959 144 122 149 
485 683 53 468 138 890 874 405 514 46 659 15 627 321 512 534 642 670 395 489 513 828 610 519 76 803 225 623 376 247 298 756 260 473 836 959 0 407 905 464 
935 607 159 135 382 569 720 557 523 872 351 974 541 524 572 288 321 206 358 724 20 414 610 196 963 88 164 719 162 560 674 206 560 587 777 144 407 0 424 47 
51 927 62 140 804 362 356 386 762 565 400 461 633 835 967 259 632 287 866 684 504 163 633 759 781 298 240 703 449 253 422 846 151 822 538 122 905 424 0 302 
489 971 943 490 431 633 517 740 496 857 406 801 295 348 884 238 957 991 292 683 974 220 205 776 530 9 891 662 971 180 416 97 643 179 185 149 464 47 302 0 
0 900 795 2 640 557 608 526 316 17 507 409 436 321 616 916 770 745 781 115 63 824 653 418 780 180 122 521 978 482 323 530 573 865 324 800 432 705 112 223 
900 0 229 963 256 480 920 200 723 487 55 219 482 52 370 199 463 440 451 406 988 963 219 568 365 419 302 131 902 271 689 819 52 287 153 825 259 819 480 852 
795 229 0 101 300 113 151 345 702 109 347 336 635 311 962 860 981 862 683 67 979 502 217 742 585 260 219 57 14 813 425 922 96 269 586 304 80 49 26 972 
2 963 101 0 416 561 551 789 796 680 189 789 894 312 756 312 612 914 15 611 188 703 32 995 600 929 523 519 44 601 266 2 450 450 651 118 978 852 565 978 
640 256 300 416 0 505 737 332 40 486 72 5 365 354 841 555 423 428 26 354 903 264 789 621 1 340 372 21 369 530 121 911 68 452 953 126 531 823 202 476 
557 480 113 561 505 0 639 620 30 891 103 77 261 229 685 832 287 583 548 317 415 919 55 233 402 51 154 321 663 380 464 618 458 504 299 111 762 537 631 713 
608 920 151 551 737 639 0 595 723 335 339 501 124 836 22 823 932 253 465 849 677 222 246 343 935 403 340 513 451 277 9 933 59 646 108 61 290 715 802 281 
526 200 345 789 332 620 595 0 406 479 545 644 121 489 692 911 650 633 397 644 610 497 9 429 817 594 836 704 135 448 565 783 262 205 802 602 210 120 307 374 
316 723 702 796 40 30 723 406 0 243 982 486 494 996 436 823 229 453 180 235 845 49 367 665 803 428 883 747 694 416 94 734 45 183 219 79 70 184 853 695 
17 487 109 680 486 891 335 479 243 0 904 128 825 169 938 226 329 604 598 17 313 289 455 741 603 722 909 606 74 509 90 26 408 662 732 747 454 647 897 416 
507 55 347 189 72 103 339 545 982 904 0 220 705 723 137 773 22 786 653 391 201 704 527 160 631 364 261 552 966 363 155 800 652 362 193 85 871 508 273 681 
409 219 336 789 5 77 501 644 486 128 220 0 658 103 600 432 419 141 695 120 514 426 25 611 846 774 775 778 487 645 657 979 194 574 534 834 473 564 56 906 
436 482 635 894 365 261 124 121 494 825 705 658 0 757 532 873 267 514 643 418 653 551 788 25 524 26 689 130 252 471 565 616 675 384 651 301 193 765 375 208 
321 52 311 312 354 229 836 489 996 169 723 103 757 0 965 682 270 326 835 319 498 493 273 317 757 671 777 649 579 175 479 959 759 588 702 140 620 120 833 539 
616 370 962 756 841 685 22 692 436 938 137 600 532 965 0 760 459 828 563 236 935 240 867 240 891 47 67 458 548 278 644 703 798 748 467 865 223 470 201 837 
916 199 860 312 555 832 823 911 823 226 773 432 873 682 760 0 469 56 524 94 584 873 784 684 463 95 533 727 385 568 438 237 286 608 697 322 857 269 411 212 
770 463 981 612 423 287 932 650 229 329 22 419 267 270 459 469 0 757 7 114 242 669 265 461 719 910 222 684 66 673 404 225 368 426 524 923 323 980 23 807 
745 440 862 914 428 583 253 633 453 604 786 141 514 326 828 56 757 0 494 916 453 228 564 675 438 14 437 535 40 202 251 212 142 288 306 919 592 695 657 394 
781 451 683 15 26 548 465 397 180 598 653 695 643 835 563 524 7 494 0 255 9 291 433 996 44 995 573 403 392 550 688 323 847 559 82 894 274 533 465 2 
115 406 67 611 354 317 849 644 235 17 391 120 418 319 236 94 114 916 255 0 561 722 121 799 397 485 728 171 60 752 159 758 334 127 202 460 48 645 322 931 
63 988 979 188 903 415 677 610 845 313 201 514 653 498 935 584 242 453 9 561 0 593 402 448 810 637 676 228 181 620 348 392 551 10 526 847 24 233 638 734 
824 963 502 703 264 919 222 497 49 289 704 426 551 493 240 873 669 228 291 722 593 0 601 977 453 749 40 547 622 421 879 921 191 979 34 380 368 229 92 90 
653 219 217 32 789 55 246 9 367 455 527 25 788 273 867 784 265 564 433 121 402 601 0 953 953 812 411 744 816 766 427 551 828 650 326 663 870 855 958 197 
418 568 742 995 621 233 343 429 665 741 160 611 25 317 240 684 461 675 996 799 448 977 953 0 612 498 136 400 56 974 694 476 360 272 363 970 621 305 721 134 
780 365 585 600 1 402 935 817 803 603 631 846 524 757 891 463 719 438 44 397 810 453 953 612 0 530 49 610 798 235 396 332 147 843 19 105 858 704 186 499 
180 419 260 929 340 51 403 594 428 722 364 774 26 671 47 95 910 14 995 485 637 749 812 498 530 0 533 310 237 943 607 728 124 117 885 323 658 184 727 716 
122 302 219 523 372 154 340 836 883 909 261 775 689 777 67 533 222 437 573 728 676 40 411 136 49 533 0 535 648 287 842 131 283 823 337 851 973 80 354 906 
521 131 57 519 21 321 513 704 747 606 552 778 130 649 458 727 684 535 403 171 228 547 744 400 610 310 535 0 897 476 826 372 344 718 304 522 473 380 592 181 
978 902 14 44 369 663 451 135 694 74 966 487 252 579 548 385 66 40 392 60 181 622 816 56 798 237 648 897 0 890 900 827 453 758 855 464 726 385 417 559 
482 271 813 601 530 380 277 448 416 509 363 645 471 175 278 568 673 202 550 752 620 421 766 974 235 943 287 476 890 0 918 473 223 244 475 156 82 525 846 593 
323 689 425 266 121 464 9 565 94 90 155 657 565 479 644 438 404 251 688 159 348 879 427 694 396 607 842 826 900 918 0 66 10 733 375 320 848 591 112 378 
530 819 922 2 911 618 933 783 734 26 800 979 616 959 703 237 225 212 323 758 392 921 551 476 332 728 131 372 827 473 66 0 479 683 247 24 901 406 872 633 
573 52 96 450 68 458 59 262 45 408 652 194 675 759 798 286 368 142 847 334 551 191 828 360 147 124 283 344 453 223 10 479 0 967 298 48 264 876 344 287 
865 287 269 450 452 504 646 205 183 662 362 574 384 588 748 608 426 288 559 127 10 979 650 272 843 117 823 718 758 244 733 683 967 0 923 603 149 959 467 290 
324 153 586 651 953 299 108 802 219 732 193 534 651 702 467 697 524 306 82 202 526 34 326 363 19 885 337 304 855 475 375 247 298 923 0 419 864 306 357 930 
800 825 304 118 126 111 61 602 79 747 85 834 301 140 865 322 923 919 894 460 847 380 663 970 105 323 851 522 464 156 320 24 48 603 419 0 324 316 678 293 
432 259 80 978 531 762 290 210 70 454 871 473 193 620 223 857 323 592 274 48 24 368 870 621 858 658 973 473 726 82 848 901 264 149 864 324 0 538 613 297 
705 819 49 852 823 537 715 120 184 647 508 564 765 120 470 269 980 695 533 645 233 229 855 305 704 184 80 380 385 525 591 406 876 959 306 316 538 0 597 399 
112 480 26 565 202 631 802 307 853 897 273 56 375 833 201 411 23 657 465 322 638 92 958 721 186 727 354 592 417 846 112 872 344 467 357 678 613 597 0 169 
223 852 972 978 476 713 281 374 695 416 681 906 208 539 837 212 807 394 2 931 734 90 197 134 499 716 906 181 559 593 378 633 287 290 930 293 297 399 169 0 
