7 3
0 766 274 345 649 838 958 
766 0 343 397 851 130 809 
274 343 0 523 333 968 703 
345 397 523 0 551 820 151 
649 851 333 551 0 663 210 
838 130 968 820 663 0 189 
958 809 703 151 210 189 0 
0 534 392 864 231 902 857 
534 0 665 672 258 353 686 
392 665 0 650 811 532 950 
864 672 650 0 427 354 428 
231 258 811 427 0 852 295 
902 353 532 354 852 0 899 
857 686 950 428 295 899 0 
0 517 533 879 321 811 835 
517 0 663 829 149 406 827 
533 663 0 483 879 492 854 
879 829 483 0 589 414 507 
321 149 879 589 0 714 425 
811 406 492 414 714 0 907 
835 827 854 507 425 907 0 
0 516 501 942 345 840 763 
516 0 687 725 175 196 651 
501 687 0 694 806 576 948 
942 725 694 0 278 436 683 
345 175 806 278 0 868 448 
840 196 576 436 868 0 864 
763 651 948 683 448 864 0 
