80 2
0 147 534 761 735 506 482 77 902 976 452 875 108 696 934 257 750 798 103 981 938 179 348 729 993 937 256 607 620 480 270 809 727 689 755 563 555 851 635 339 70 793 728 28 862 872 640 970 512 456 150 300 265 575 646 64 491 62 237 448 123 322 719 882 994 301 922 834 34 148 710 303 472 908 771 477 470 752 506 902 
147 0 322 583 383 875 996 198 496 121 210 250 461 577 316 531 964 978 379 400 366 194 253 68 162 191 103 556 797 374 27 813 374 284 936 220 964 613 701 598 337 737 313 588 108 606 405 201 211 658 609 670 160 740 307 633 570 393 933 227 892 330 702 228 618 932 733 324 272 79 554 947 120 212 975 824 933 469 783 767 
534 322 0 674 989 644 512 621 537 485 735 990 686 418 699 465 45 159 857 476 894 577 671 28 669 864 748 840 240 898 333 498 287 424 351 831 573 120 63 650 493 153 335 871 42 646 115 548 97 828 79 756 703 564 578 367 538 678 846 79 413 597 787 122 292 655 668 121 225 616 854 801 785 162 952 296 471 907 466 832 
761 583 674 0 143 721 308 288 844 857 700 929 639 293 432 68 969 928 464 950 431 149 18 473 707 438 198 901 254 100 497 935 96 842 817 100 9 408 60 595 142 778 320 524 340 46 803 215 492 446 228 419 458 201 339 958 299 971 877 972 230 666 977 46 644 314 145 746 171 197 924 370 374 962 857 16 14 653 492 225 
735 383 989 143 0 710 661 414 769 593 555 770 90 121 849 536 989 971 426 349 280 380 212 841 752 31 515 677 978 486 883 244 602 951 836 184 531 459 143 32 596 88 812 480 109 609 639 264 378 147 940 63 780 61 111 725 767 859 223 179 346 146 438 633 741 149 134 401 52 762 606 931 143 129 948 784 816 998 645 238 
506 875 644 721 710 0 375 763 907 668 507 182 649 897 795 806 868 199 954 268 975 711 227 60 557 821 610 377 605 988 435 307 385 402 841 809 201 367 279 482 236 322 213 336 582 306 672 806 992 150 563 299 248 678 843 43 289 537 346 595 561 711 839 623 60 982 950 561 929 312 371 292 504 856 242 833 932 74 582 735 
482 996 512 308 661 375 0 556 292 687 671 116 77 607 891 833 839 481 824 662 109 234 666 525 19 603 467 987 398 946 333 1 563 639 382 993 207 752 943 781 476 836 600 79 699 352 199 382 824 76 639 252 986 393 573 128 93 684 151 343 436 869 109 79 259 780 187 629 199 109 623 86 407 693 139 755 390 16 680 392 
77 198 621 288 414 763 556 0 811 93 463 758 170 530 704 671 891 510 591 839 262 339 850 632 195 634 759 146 910 403 77 703 47 338 695 902 466 462 23 874 529 124 861 337 1 363 340 526 676 306 515 524 1 394 496 279 883 794 577 196 995 42 949 481 527 145 942 140 280 125 991 992 531 180 629 131 304 635 779 354 
902 496 537 844 769 907 292 811 0 717 663 557 371 921 544 436 873 663 517 608 279 650 458 567 255 521 69 325 619 236 306 81 53 675 433 927 298 677 559 823 924 825 444 718 799 982 153 956 960 799 227 637 194 428 586 949 19 317 604 121 661 265 438 178 958 754 104 871 228 845 482 311 425 867 107 479 789 334 936 453 
976 121 485 857 593 668 687 93 717 0 817 706 457 691 377 827 41 186 922 814 363 820 704 782 523 912 1000 793 407 424 684 922 147 711 173 33 145 405 478 930 704 503 871 502 99 684 727 873 126 849 174 42 279 263 13 163 814 126 235 691 640 487 956 941 231 134 641 529 26 230 452 166 159 977 281 343 23 971 771 278 
452 210 735 700 555 507 671 463 663 817 0 525 737 409 368 416 939 174 427 403 555 753 563 987 137 129 438 425 464 366 252 142 261 127 475 852 358 568 916 805 696 140 721 778 111 967 787 286 475 374 819 632 18 46 259 796 898 815 986 196 910 776 783 174 316 703 583 324 818 186 407 698 266 612 672 422 286 379 49 92 
875 250 990 929 770 182 116 758 557 706 525 0 495 368 708 376 960 731 108 431 349 148 71 329 932 284 15 386 94 850 347 126 831 897 27 594 634 848 662 902 697 701 72 273 146 61 581 943 421 875 186 592 430 987 934 591 887 340 968 332 214 564 489 878 230 946 655 548 623 507 60 664 841 104 375 927 312 575 232 780 
108 461 686 639 90 649 77 170 371 457 737 495 0 917 397 885 910 394 99 813 895 929 158 487 945 777 823 984 576 592 295 594 904 345 30 325 851 99 585 765 235 999 559 644 23 330 471 753 457 514 711 658 714 725 381 551 205 667 791 528 182 522 226 313 517 540 562 639 561 930 905 198 615 36 484 743 985 129 913 723 
696 577 418 293 121 897 607 530 921 691 409 368 917 0 859 690 574 318 699 707 634 497 120 287 475 41 53 902 966 499 840 880 270 263 408 221 343 310 169 263 945 656 243 125 536 612 363 362 901 305 405 282 983 432 525 107 537 731 915 147 986 586 712 865 969 345 60 636 572 690 897 400 115 836 711 438 139 249 358 656 
934 316 699 432 849 795 891 704 544 377 368 708 397 859 0 18 898 818 629 81 475 224 560 11 57 904 42 481 764 534 838 961 119 220 822 169 233 453 455 320 935 21 854 39 930 60 976 189 271 18 433 56 406 723 46 685 313 899 658 554 232 170 113 666 801 956 717 706 442 292 500 528 464 566 862 271 653 589 361 100 
257 531 465 68 536 806 833 671 436 827 416 376 885 690 18 0 790 703 918 783 381 804 469 994 954 86 490 344 384 212 3 256 447 999 933 8 172 544 558 3 555 373 46 662 496 486 895 959 92 768 274 969 321 248 411 12 230 853 488 338 355 485 91 629 861 51 792 197 821 742 934 958 202 190 636 613 762 445 949 372 
750 964 45 969 989 868 839 891 873 41 939 960 910 574 898 790 0 548 97 281 801 752 795 52 233 410 32 924 567 613 309 995 26 32 796 158 994 574 805 961 156 778 644 764 990 741 528 42 889 658 690 20 331 316 476 360 921 412 277 663 845 681 203 545 51 914 684 9 949 882 464 135 929 93 179 919 606 347 415 898 
798 978 159 928 971 199 481 510 663 186 174 731 394 318 818 703 548 0 382 59 484 764 547 492 72 822 809 891 163 232 307 945 942 230 997 391 250 595 868 761 488 456 521 801 633 241 582 12 688 636 594 479 309 35 910 384 65 917 335 130 253 896 13 857 523 461 482 900 918 365 969 103 430 833 805 139 273 304 549 34 
103 379 857 464 426 954 824 591 517 922 427 108 99 699 629 918 97 382 0 946 75 225 806 263 498 470 810 888 197 606 141 203 882 899 738 70 239 786 262 924 523 184 582 921 476 509 139 568 733 65 20 364 152 898 652 947 387 751 171 467 303 216 625 469 315 871 116 561 782 515 806 737 403 950 554 172 631 617 163 62 
981 400 476 950 349 268 662 839 608 814 403 431 813 707 81 783 281 59 946 0 181 42 319 963 486 420 252 604 134 744 922 496 719 710 146 823 893 276 315 365 909 316 900 569 153 249 975 56 18 973 454 986 240 489 720 581 788 657 378 636 540 246 645 927 973 761 609 165 753 79 660 506 910 785 573 608 858 390 373 380 
938 366 894 431 280 975 109 262 279 363 555 349 895 634 475 381 801 484 75 181 0 545 405 615 28 278 581 442 749 660 263 520 755 985 918 417 723 126 527 953 577 60 888 402 176 411 814 778 447 292 250 981 713 217 376 486 637 608 621 717 309 1 232 385 992 654 683 246 2 51 417 853 834 27 213 288 357 612 257 345 
179 194 577 149 380 711 234 339 650 820 753 148 929 497 224 804 752 764 225 42 545 0 422 152 453 596 610 937 850 605 889 844 745 551 930 636 73 430 996 207 537 77 611 949 804 536 730 20 394 435 408 638 151 542 295 801 961 952 776 462 379 859 357 518 373 686 714 124 41 717 780 216 14 764 189 725 887 667 144 134 
348 253 671 18 212 227 666 850 458 704 563 71 158 120 560 469 795 547 806 319 405 422 0 126 884 511 545 234 890 156 237 554 737 149 259 220 135 764 648 486 973 108 932 143 320 260 441 547 522 159 426 951 206 345 836 399 26 627 204 144 368 758 970 644 174 522 451 568 718 885 138 284 740 639 543 310 672 846 960 254 
729 68 28 473 841 60 525 632 567 782 987 329 487 287 11 994 52 492 263 963 615 152 126 0 790 737 39 899 274 19 122 183 545 232 425 629 325 170 409 143 220 241 154 143 949 215 724 752 588 509 641 508 970 187 12 718 719 270 746 715 406 758 388 520 975 668 780 241 658 14 357 988 701 164 777 310 263 788 556 365 
993 162 669 707 752 557 19 195 255 523 137 932 945 475 57 954 233 72 498 486 28 453 884 790 0 237 945 638 421 902 524 185 534 38 1000 761 704 76 907 158 818 83 579 17 560 137 711 411 333 768 73 728 582 13 326 363 516 144 979 746 984 196 496 714 95 729 490 970 421 189 61 702 513 675 740 26 36 312 286 781 
937 191 864 438 31 821 603 634 521 912 129 284 777 41 904 86 410 822 470 420 278 596 511 737 237 0 958 839 972 67 204 496 871 663 499 113 91 532 516 983 237 996 566 260 468 257 539 385 823 929 990 121 933 246 741 904 121 964 966 358 721 291 78 892 973 379 229 959 327 825 978 253 892 991 810 147 503 461 898 244 
256 103 748 198 515 610 467 759 69 1000 438 15 823 53 42 490 32 809 810 252 581 610 545 39 945 958 0 474 582 335 194 231 958 415 939 38 78 887 665 552 986 947 216 861 266 348 954 473 12 311 712 997 925 738 281 59 802 447 966 612 798 231 308 837 383 365 598 894 432 69 290 546 386 428 283 595 752 535 690 413 
607 556 840 901 677 377 987 146 325 793 425 386 984 902 481 344 924 891 888 604 442 937 234 899 638 839 474 0 478 846 861 120 819 517 206 890 950 912 488 249 717 711 594 325 423 75 874 809 751 516 551 587 16 210 453 736 684 799 507 201 153 962 955 131 481 812 388 630 147 121 873 212 358 796 513 2 793 468 713 381 
620 797 240 254 978 605 398 910 619 407 464 94 576 966 764 384 567 163 197 134 749 850 890 274 421 972 582 478 0 513 84 913 265 960 310 444 328 427 983 955 168 107 888 436 810 337 227 549 186 479 560 367 416 173 147 94 590 585 546 376 956 848 813 402 514 496 503 292 824 953 378 514 384 565 839 806 730 513 811 746 
480 374 898 100 486 988 946 403 236 424 366 850 592 499 534 212 613 232 606 744 660 605 156 19 902 67 335 846 513 0 315 160 935 498 361 713 669 986 692 395 15 639 215 953 654 219 754 906 981 967 860 475 67 439 372 395 508 156 462 225 671 645 319 512 797 587 83 489 362 953 145 374 528 359 512 711 135 863 404 662 
270 27 333 497 883 435 333 77 306 684 252 347 295 840 838 3 309 307 141 922 263 889 237 122 524 204 194 861 84 315 0 141 17 287 138 538 775 187 96 413 74 802 800 886 672 134 609 493 263 1000 145 217 166 193 560 712 971 505 220 321 317 837 92 469 252 668 11 536 602 581 515 243 193 696 493 189 692 346 845 523 
809 813 498 935 244 307 1 703 81 922 142 126 594 880 961 256 995 945 203 496 520 844 554 183 185 496 231 120 913 160 141 0 388 607 849 881 598 475 116 726 219 858 753 527 431 527 714 798 869 37 235 707 167 511 427 499 733 278 118 574 320 417 752 255 103 818 116 474 947 328 246 61 802 212 450 312 179 993 891 546 
727 374 287 96 602 385 563 47 53 147 261 831 904 270 119 447 26 942 882 719 755 745 737 545 534 871 958 819 265 935 17 388 0 34 558 817 185 555 233 5 26 585 773 336 179 132 217 820 317 751 519 466 965 287 920 927 519 347 919 859 968 246 889 100 182 894 302 959 315 183 615 228 452 293 290 476 860 956 110 755 
689 284 424 842 951 402 639 338 675 711 127 897 345 263 220 999 32 230 899 710 985 551 149 232 38 663 415 517 960 498 287 607 34 0 383 991 296 162 745 780 773 44 145 820 15 175 343 262 380 675 360 162 95 323 173 637 706 768 19 820 514 554 692 800 707 341 517 385 984 196 788 368 301 357 766 168 623 63 689 216 
755 936 351 817 836 841 382 695 433 173 475 27 30 408 822 933 796 997 738 146 918 930 259 425 1000 499 939 206 310 361 138 849 558 383 0 12 4 452 661 306 81 286 241 118 90 976 534 84 952 29 387 576 323 562 468 442 103 673 386 83 432 384 855 597 574 672 171 846 487 459 969 692 556 307 929 669 829 324 112 984 
563 220 831 100 184 809 993 902 927 33 852 594 325 221 169 8 158 391 70 823 417 636 220 629 761 113 38 890 444 713 538 881 817 991 12 0 188 394 311 153 665 648 440 697 314 277 448 693 731 810 460 896 602 967 782 549 311 252 164 725 943 462 343 846 274 446 882 887 442 570 453 74 69 629 877 323 332 672 300 46 
555 964 573 9 531 201 207 466 298 145 358 634 851 343 233 172 994 250 239 893 723 73 135 325 704 91 78 950 328 669 775 598 185 296 4 188 0 750 115 727 614 430 404 644 499 755 547 641 25 465 988 664 692 530 294 689 474 613 597 580 130 745 7 30 215 929 46 671 990 658 73 267 733 560 81 893 579 613 774 936 
851 613 120 408 459 367 752 462 677 405 568 848 99 310 453 544 574 595 786 276 126 430 764 170 76 532 887 912 427 986 187 475 555 162 452 394 750 0 457 386 548 144 866 539 477 717 193 336 104 596 39 967 644 377 257 401 278 619 700 294 750 866 434 560 705 97 128 231 186 63 873 658 164 91 914 814 192 681 468 159 
635 701 63 60 143 279 943 23 559 478 916 662 585 169 455 558 805 868 262 315 527 996 648 409 907 516 665 488 983 692 96 116 233 745 661 311 115 457 0 198 124 68 480 764 734 43 250 990 339 654 254 801 405 452 457 799 296 879 253 152 656 383 911 479 51 688 837 13 543 933 24 176 207 337 569 63 695 916 939 97 
339 598 650 595 32 482 781 874 823 930 805 902 765 263 320 3 961 761 924 365 953 207 486 143 158 983 552 249 955 395 413 726 5 780 306 153 727 386 198 0 278 254 102 983 483 708 393 686 594 449 577 817 68 863 647 720 706 512 310 584 305 546 428 602 312 46 123 789 600 592 813 236 228 296 452 667 581 793 25 219 
70 337 493 142 596 236 476 529 924 704 696 697 235 945 935 555 156 488 523 909 577 537 973 220 818 237 986 717 168 15 74 219 26 773 81 665 614 548 124 278 0 159 293 978 696 324 171 803 382 715 234 904 36 152 843 764 760 275 65 451 101 967 160 866 937 823 419 339 399 398 433 290 263 449 108 450 390 478 543 769 
793 737 153 778 88 322 836 124 825 503 140 701 999 656 21 373 778 456 184 316 60 77 108 241 83 996 947 711 107 639 802 858 585 44 286 648 430 144 68 254 159 0 788 564 660 380 18 800 844 633 668 302 111 281 34 542 527 989 799 871 311 830 352 698 890 616 527 122 100 762 352 699 936 622 215 314 8 295 70 18 
728 313 335 320 812 213 600 861 444 871 721 72 559 243 854 46 644 521 582 900 888 611 932 154 579 566 216 594 888 215 800 753 773 145 241 440 404 866 480 102 293 788 0 950 908 520 378 110 693 970 627 433 266 859 572 990 625 434 911 377 187 526 207 220 775 929 535 181 410 740 623 60 149 386 471 484 519 241 647 670 
28 588 871 524 480 336 79 337 718 502 778 273 644 125 39 662 764 801 921 569 402 949 143 143 17 260 861 325 436 953 886 527 336 820 118 697 644 539 764 983 978 564 950 0 694 807 950 843 182 883 4 883 634 879 383 588 189 980 36 722 728 111 106 517 614 898 576 712 782 145 827 767 843 956 616 598 492 341 71 354 
862 108 42 340 109 582 699 1 799 99 111 146 23 536 930 496 990 633 476 153 176 804 320 949 560 468 266 423 810 654 672 431 179 15 90 314 499 477 734 483 696 660 908 694 0 645 360 703 479 616 529 289 346 19 792 469 595 970 184 466 292 62 563 167 167 137 1 655 838 975 397 68 29 806 880 675 214 538 983 521 
872 606 646 46 609 306 352 363 982 684 967 61 330 612 60 486 741 241 509 249 411 536 260 215 137 257 348 75 337 219 134 527 132 175 976 277 755 717 43 708 324 380 520 807 645 0 53 18 558 569 512 944 719 553 126 732 105 296 885 241 541 894 874 70 921 481 861 113 299 137 124 283 673 142 218 920 430 132 412 497 
640 405 115 803 639 672 199 340 153 727 787 581 471 363 976 895 528 582 139 975 814 730 441 724 711 539 954 874 227 754 609 714 217 343 534 448 547 193 250 393 171 18 378 950 360 53 0 364 751 925 244 859 627 867 470 850 470 79 15 822 892 601 594 448 844 622 937 875 411 560 781 789 348 295 581 44 944 221 981 590 
970 201 548 215 264 806 382 526 956 873 286 943 753 362 189 959 42 12 568 56 778 20 547 752 411 385 473 809 549 906 493 798 820 262 84 693 641 336 990 686 803 800 110 843 703 18 364 0 767 89 464 804 641 355 415 697 964 21 650 753 74 897 851 581 622 107 666 307 286 358 99 611 70 882 511 145 742 666 711 727 
512 211 97 492 378 992 824 676 960 126 475 421 457 901 271 92 889 688 733 18 447 394 522 588 333 823 12 751 186 981 263 869 317 380 952 731 25 104 339 594 382 844 693 182 479 558 751 767 0 158 500 527 200 979 758 742 974 602 743 866 584 756 88 744 622 770 470 287 505 275 438 672 953 499 884 697 621 822 601 593 
456 658 828 446 147 150 76 306 799 849 374 875 514 305 18 768 658 636 65 973 292 435 159 509 768 929 311 516 479 967 1000 37 751 675 29 810 465 596 654 449 715 633 970 883 616 569 925 89 158 0 329 656 549 139 698 669 907 347 154 15 188 142 716 467 754 61 937 392 527 590 15 520 702 368 891 856 176 784 772 907 
150 609 79 228 940 563 639 515 227 174 819 186 711 405 433 274 690 594 20 454 250 408 426 641 73 990 712 551 560 860 145 235 519 360 387 460 988 39 254 577 234 668 627 4 529 512 244 464 500 329 0 459 996 726 63 92 570 841 939 254 624 689 862 173 947 297 580 480 954 782 693 923 368 397 279 298 357 857 675 695 
300 670 756 419 63 299 252 524 637 42 632 592 658 282 56 969 20 479 364 986 981 638 951 508 728 121 997 587 367 475 217 707 466 162 576 896 664 967 801 817 904 302 433 883 289 944 859 804 527 656 459 0 448 840 462 381 890 797 892 355 463 420 911 461 263 55 988 751 570 4 143 956 61 416 178 291 924 169 224 636 
265 160 703 458 780 248 986 1 194 279 18 430 714 983 406 321 331 309 152 240 713 151 206 970 582 933 925 16 416 67 166 167 965 95 323 602 692 644 405 68 36 111 266 634 346 719 627 641 200 549 996 448 0 445 666 131 707 697 377 32 495 584 84 553 44 662 766 420 296 385 314 92 567 789 948 986 9 545 690 806 
575 740 564 201 61 678 393 394 428 263 46 987 725 432 723 248 316 35 898 489 217 542 345 187 13 246 738 210 173 439 193 511 287 323 562 967 530 377 452 863 152 281 859 879 19 553 867 355 979 139 726 840 445 0 723 483 899 76 451 881 952 249 8 742 467 281 884 864 705 521 622 173 214 706 507 272 527 219 405 907 
646 307 578 339 111 843 573 496 586 13 259 934 381 525 46 411 476 910 652 720 376 295 836 12 326 741 281 453 147 372 560 427 920 173 468 782 294 257 457 647 843 34 572 383 792 126 470 415 758 698 63 462 666 723 0 710 650 694 127 986 933 906 610 99 678 547 346 294 985 362 573 679 576 934 165 292 603 174 16 218 
64 633 367 958 725 43 128 279 949 163 796 591 551 107 685 12 360 384 947 581 486 801 399 718 363 904 59 736 94 395 712 499 927 637 442 549 689 401 799 720 764 542 990 588 469 732 850 697 742 669 92 381 131 483 710 0 913 364 541 774 321 142 334 192 672 406 689 205 512 360 113 928 890 344 1000 68 413 367 272 392 
491 570 538 299 767 289 93 883 19 814 898 887 205 537 313 230 921 65 387 788 637 961 26 719 516 121 802 684 590 508 971 733 519 706 103 311 474 278 296 706 760 527 625 189 595 105 470 964 974 907 570 890 707 899 650 913 0 692 69 854 584 670 778 748 393 536 834 241 734 590 494 125 632 390 849 910 820 586 165 887 
62 393 678 971 859 537 684 794 317 126 815 340 667 731 899 853 412 917 751 657 608 952 627 270 144 964 447 799 585 156 505 278 347 768 673 252 613 619 879 512 275 989 434 980 970 296 79 21 602 347 841 797 697 76 694 364 692 0 473 832 238 907 774 830 3 706 98 733 17 665 54 760 921 491 657 284 531 989 244 889 
237 933 846 877 223 346 151 577 604 235 986 968 791 915 658 488 277 335 171 378 621 776 204 746 979 966 966 507 546 462 220 118 919 19 386 164 597 700 253 310 65 799 911 36 184 885 15 650 743 154 939 892 377 451 127 541 69 473 0 365 91 20 669 614 187 519 427 412 233 576 687 551 189 565 805 491 284 671 300 161 
448 227 79 972 179 595 343 196 121 691 196 332 528 147 554 338 663 130 467 636 717 462 144 715 746 358 612 201 376 225 321 574 859 820 83 725 580 294 152 584 451 871 377 722 466 241 822 753 866 15 254 355 32 881 986 774 854 832 365 0 333 822 445 724 84 456 541 677 212 939 908 137 241 674 296 787 943 529 879 780 
123 892 413 230 346 561 436 995 661 640 910 214 182 986 232 355 845 253 303 540 309 379 368 406 984 721 798 153 956 671 317 320 968 514 432 943 130 750 656 305 101 311 187 728 292 541 892 74 584 188 624 463 495 952 933 321 584 238 91 333 0 28 3 43 545 732 23 327 61 978 208 662 819 301 976 25 690 119 474 677 
322 330 597 666 146 711 869 42 265 487 776 564 522 586 170 485 681 896 216 246 1 859 758 758 196 291 231 962 848 645 837 417 246 554 384 462 745 866 383 546 967 830 526 111 62 894 601 897 756 142 689 420 584 249 906 142 670 907 20 822 28 0 831 87 645 945 843 534 941 217 697 560 757 742 697 852 157 361 942 799 
719 702 787 977 438 839 109 949 438 956 783 489 226 712 113 91 203 13 625 645 232 357 970 388 496 78 308 955 813 319 92 752 889 692 855 343 7 434 911 428 160 352 207 106 563 874 594 851 88 716 862 911 84 8 610 334 778 774 669 445 3 831 0 825 365 948 275 658 783 328 416 611 436 128 438 814 915 787 536 120 
882 228 122 46 633 623 79 481 178 941 174 878 313 865 666 629 545 857 469 927 385 518 644 520 714 892 837 131 402 512 469 255 100 800 597 846 30 560 479 602 866 698 220 517 167 70 448 581 744 467 173 461 553 742 99 192 748 830 614 724 43 87 825 0 923 675 10 685 651 441 862 290 200 275 967 140 61 120 499 808 
994 618 292 644 741 60 259 527 958 231 316 230 517 969 801 861 51 523 315 973 992 373 174 975 95 973 383 481 514 797 252 103 182 707 574 274 215 705 51 312 937 890 775 614 167 921 844 622 622 754 947 263 44 467 678 672 393 3 187 84 545 645 365 923 0 309 113 534 213 26 480 560 482 672 162 972 721 77 567 652 
301 932 655 314 149 982 780 145 754 134 703 946 540 345 956 51 914 461 871 761 654 686 522 668 729 379 365 812 496 587 668 818 894 341 672 446 929 97 688 46 823 616 929 898 137 481 622 107 770 61 297 55 662 281 547 406 536 706 519 456 732 945 948 675 309 0 782 858 385 924 399 160 147 991 169 941 866 959 512 649 
922 733 668 145 134 950 187 942 104 641 583 655 562 60 717 792 684 482 116 609 683 714 451 780 490 229 598 388 503 83 11 116 302 517 171 882 46 128 837 123 419 527 535 576 1 861 937 666 470 937 580 988 766 884 346 689 834 98 427 541 23 843 275 10 113 782 0 664 257 307 575 683 601 799 176 311 384 530 293 542 
834 324 121 746 401 561 629 140 871 529 324 548 639 636 706 197 9 900 561 165 246 124 568 241 970 959 894 630 292 489 536 474 959 385 846 887 671 231 13 789 339 122 181 712 655 113 875 307 287 392 480 751 420 864 294 205 241 733 412 677 327 534 658 685 534 858 664 0 301 860 434 689 123 519 77 906 246 932 143 404 
34 272 225 171 52 929 199 280 228 26 818 623 561 572 442 821 949 918 782 753 2 41 718 658 421 327 432 147 824 362 602 947 315 984 487 442 990 186 543 600 399 100 410 782 838 299 411 286 505 527 954 570 296 705 985 512 734 17 233 212 61 941 783 651 213 385 257 301 0 212 844 140 576 587 54 441 67 373 596 970 
148 79 616 197 762 312 109 125 845 230 186 507 930 690 292 742 882 365 515 79 51 717 885 14 189 825 69 121 953 953 581 328 183 196 459 570 658 63 933 592 398 762 740 145 975 137 560 358 275 590 782 4 385 521 362 360 590 665 576 939 978 217 328 441 26 924 307 860 212 0 91 760 69 349 412 300 365 176 518 332 
710 554 854 924 606 371 623 991 482 452 407 60 905 897 500 934 464 969 806 660 417 780 138 357 61 978 290 873 378 145 515 246 615 788 969 453 73 873 24 813 433 352 623 827 397 124 781 99 438 15 693 143 314 622 573 113 494 54 687 908 208 697 416 862 480 399 575 434 844 91 0 816 601 768 568 131 923 124 45 749 
303 947 801 370 931 292 86 992 311 166 698 664 198 400 528 958 135 103 737 506 853 216 284 988 702 253 546 212 514 374 243 61 228 368 692 74 267 658 176 236 290 699 60 767 68 283 789 611 672 520 923 956 92 173 679 928 125 760 551 137 662 560 611 290 560 160 683 689 140 760 816 0 188 367 485 510 880 353 500 289 
472 120 785 374 143 504 407 531 425 159 266 841 615 115 464 202 929 430 403 910 834 14 740 701 513 892 386 358 384 528 193 802 452 301 556 69 733 164 207 228 263 936 149 843 29 673 348 70 953 702 368 61 567 214 576 890 632 921 189 241 819 757 436 200 482 147 601 123 576 69 601 188 0 214 45 544 399 283 5 570 
908 212 162 962 129 856 693 180 867 977 612 104 36 836 566 190 93 833 950 785 27 764 639 164 675 991 428 796 565 359 696 212 293 357 307 629 560 91 337 296 449 622 386 956 806 142 295 882 499 368 397 416 789 706 934 344 390 491 565 674 301 742 128 275 672 991 799 519 587 349 768 367 214 0 972 110 500 304 373 925 
771 975 952 857 948 242 139 629 107 281 672 375 484 711 862 636 179 805 554 573 213 189 543 777 740 810 283 513 839 512 493 450 290 766 929 877 81 914 569 452 108 215 471 616 880 218 581 511 884 891 279 178 948 507 165 1000 849 657 805 296 976 697 438 967 162 169 176 77 54 412 568 485 45 972 0 704 311 419 233 820 
477 824 296 16 784 833 755 131 479 343 422 927 743 438 271 613 919 139 172 608 288 725 310 310 26 147 595 2 806 711 189 312 476 168 669 323 893 814 63 667 450 314 484 598 675 920 44 145 697 856 298 291 986 272 292 68 910 284 491 787 25 852 814 140 972 941 311 906 441 300 131 510 544 110 704 0 158 720 808 409 
470 933 471 14 816 932 390 304 789 23 286 312 985 139 653 762 606 273 631 858 357 887 672 263 36 503 752 793 730 135 692 179 860 623 829 332 579 192 695 581 390 8 519 492 214 430 944 742 621 176 357 924 9 527 603 413 820 531 284 943 690 157 915 61 721 866 384 246 67 365 923 880 399 500 311 158 0 233 89 641 
752 469 907 653 998 74 16 635 334 971 379 575 129 249 589 445 347 304 617 390 612 667 846 788 312 461 535 468 513 863 346 993 956 63 324 672 613 681 916 793 478 295 241 341 538 132 221 666 822 784 857 169 545 219 174 367 586 989 671 529 119 361 787 120 77 959 530 932 373 176 124 353 283 304 419 720 233 0 353 702 
506 783 466 492 645 582 680 779 936 771 49 232 913 358 361 949 415 549 163 373 257 144 960 556 286 898 690 713 811 404 845 891 110 689 112 300 774 468 939 25 543 70 647 71 983 412 981 711 601 772 675 224 690 405 16 272 165 244 300 879 474 942 536 499 567 512 293 143 596 518 45 500 5 373 233 808 89 353 0 487 
902 767 832 225 238 735 392 354 453 278 92 780 723 656 100 372 898 34 62 380 345 134 254 365 781 244 413 381 746 662 523 546 755 216 984 46 936 159 97 219 769 18 670 354 521 497 590 727 593 907 695 636 806 907 218 392 887 889 161 780 677 799 120 808 652 649 542 404 970 332 749 289 570 925 820 409 641 702 487 0 
0 135 817 832 702 643 311 79 442 639 329 862 308 72 638 86 187 491 167 374 582 289 556 754 120 388 187 530 912 950 553 653 245 493 226 503 452 384 700 466 549 11 240 639 107 746 884 943 723 710 615 29 58 281 296 381 67 974 955 762 334 383 698 528 173 141 761 807 116 503 611 990 320 674 831 516 770 222 515 128 
135 0 920 310 547 640 381 67 519 861 152 950 740 402 373 344 903 437 322 754 576 868 675 945 331 849 174 293 425 297 443 374 357 498 281 295 797 376 807 194 270 170 824 898 179 320 608 752 31 711 67 400 53 456 741 676 863 404 384 533 195 41 844 863 877 100 34 909 838 578 198 346 519 976 566 886 9 250 467 872 
817 920 0 612 288 641 487 644 922 395 455 832 673 866 648 334 20 944 959 908 526 140 644 15 881 491 799 335 892 538 441 535 425 795 228 686 459 624 169 806 870 275 488 255 577 911 770 477 368 334 790 846 964 21 870 406 848 331 305 11 97 462 696 117 645 221 996 785 914 843 618 500 164 36 338 520 232 245 415 824 
832 310 612 0 139 508 951 270 249 178 436 268 47 881 569 443 274 667 924 911 105 186 334 162 719 70 242 496 480 58 489 430 780 298 378 908 453 701 846 862 386 656 471 955 135 985 759 530 603 556 371 545 911 89 655 231 681 711 226 537 769 239 192 164 73 172 270 631 280 925 481 130 172 606 328 128 782 572 703 179 
702 547 288 139 0 363 384 769 748 318 134 380 336 238 990 522 921 688 978 262 474 339 521 911 489 940 152 754 304 253 384 62 618 198 385 968 628 671 903 589 660 305 333 995 922 305 672 11 342 680 320 583 763 771 214 632 435 234 952 617 336 455 575 679 656 888 167 249 161 1000 920 279 254 567 148 634 669 986 107 920 
643 640 641 508 363 0 966 461 517 39 777 677 980 541 169 438 200 849 617 878 616 374 939 506 856 495 572 914 216 490 405 903 314 371 887 154 784 944 951 224 170 264 328 152 234 639 240 461 997 630 349 722 507 294 298 914 681 913 704 188 401 843 780 144 950 302 304 19 842 872 776 772 601 508 162 243 257 390 181 738 
311 381 487 951 384 966 0 130 783 766 510 731 66 129 469 102 217 810 623 814 871 762 441 354 987 174 773 541 671 499 903 5 361 308 570 316 218 941 296 872 152 464 861 718 404 1000 783 214 99 147 260 656 453 762 857 48 969 59 142 895 799 679 109 944 1000 825 339 98 462 882 2 412 777 795 587 364 351 872 86 823 
79 67 644 270 769 461 130 0 866 235 168 108 241 844 734 917 371 648 419 984 350 471 436 366 766 495 843 371 979 345 767 744 4 485 270 17 541 469 757 113 466 290 269 503 276 169 810 30 518 820 918 892 684 511 641 170 555 9 712 786 325 836 103 278 981 43 885 775 947 595 959 344 806 959 718 262 485 267 165 584 
442 519 922 249 748 517 783 866 0 819 679 474 56 959 694 884 678 31 652 133 25 296 239 95 811 5 327 56 732 954 67 556 83 983 711 989 777 709 661 579 668 302 483 568 414 561 791 219 18 769 326 862 73 832 503 995 857 322 852 332 140 50 528 839 7 530 942 896 946 214 574 800 525 845 230 587 100 754 533 832 
639 861 395 178 318 39 766 235 819 0 628 581 344 480 493 320 180 641 583 161 925 394 398 29 265 170 99 288 667 16 513 756 885 637 725 571 559 789 538 563 342 596 385 599 268 533 510 79 417 103 128 656 980 983 404 429 435 776 138 290 615 327 52 481 145 82 97 969 871 956 545 427 343 187 737 449 761 444 968 663 
329 152 455 436 134 777 510 168 679 628 0 947 516 886 360 876 916 389 58 279 121 441 444 494 841 90 791 758 147 567 272 886 649 271 193 301 571 268 448 3 407 291 69 161 26 213 414 258 758 427 47 257 67 544 133 238 828 792 779 416 440 318 707 292 539 34 464 515 584 794 912 475 797 784 447 255 204 161 613 800 
862 950 832 268 380 677 731 108 474 581 947 0 245 247 828 404 407 898 221 160 948 952 136 936 747 411 352 243 277 101 24 653 299 857 510 228 749 822 881 184 252 666 343 214 249 649 461 542 306 390 159 159 240 353 974 76 927 177 328 715 909 717 884 253 862 819 150 514 165 706 107 16 409 596 686 295 153 837 816 773 
308 740 673 47 336 980 66 241 56 344 516 245 0 729 364 698 542 877 26 849 43 866 830 621 76 916 145 424 405 621 429 761 303 786 289 657 206 293 686 813 522 336 228 783 75 199 950 607 500 840 207 467 447 477 873 928 650 339 950 725 206 7 676 607 640 417 787 705 882 438 517 689 859 21 483 561 906 767 307 353 
72 402 866 881 238 541 129 844 959 480 886 247 729 0 424 301 117 436 988 816 28 187 355 857 174 141 69 243 969 920 976 235 18 963 415 587 22 540 794 529 348 311 628 915 161 340 704 247 496 597 843 897 929 112 1000 806 409 404 947 33 949 829 295 733 45 368 114 362 756 174 680 580 884 66 168 484 655 575 946 266 
638 373 648 569 990 169 469 734 694 493 360 828 364 424 0 30 474 561 833 475 626 178 412 525 381 12 102 133 565 25 61 444 344 866 103 946 649 226 508 533 542 843 735 297 97 51 727 908 520 140 12 226 638 667 134 430 635 253 758 844 915 513 19 144 830 97 462 113 542 352 630 519 317 816 771 612 874 432 523 33 
86 344 334 443 522 438 102 917 884 320 876 404 698 301 30 0 807 765 176 692 394 432 917 944 711 656 876 189 629 868 442 751 206 238 653 164 445 6 866 366 940 959 51 178 20 133 480 35 616 286 332 757 100 373 313 383 525 415 571 60 534 770 134 603 157 741 269 349 334 810 208 273 194 411 441 916 751 479 195 832 
187 903 20 274 921 200 217 371 678 180 916 407 542 117 474 807 0 892 237 201 263 233 142 33 518 443 876 162 573 579 789 951 568 732 212 873 93 341 920 10 352 837 570 7 855 568 815 797 738 398 725 205 227 325 263 919 383 234 849 936 682 919 893 595 816 667 824 962 236 947 710 192 509 340 628 622 578 249 903 35 
491 437 944 667 688 849 810 648 31 641 389 898 877 436 561 765 892 0 929 233 3 955 181 567 811 738 204 45 259 248 870 979 316 182 957 394 136 520 326 861 808 900 454 200 385 782 788 553 715 754 868 408 618 268 271 758 373 631 519 147 493 38 51 942 7 645 29 881 259 569 753 478 999 271 159 823 376 237 927 268 
167 322 959 924 978 617 623 419 652 583 58 221 26 988 833 176 237 929 0 561 208 286 663 720 388 18 565 777 353 27 611 502 691 187 735 235 387 716 495 49 14 567 574 774 172 248 726 670 926 111 840 970 3 598 74 510 487 637 403 316 478 729 122 855 53 573 883 642 240 777 471 100 393 535 700 524 767 242 805 276 
374 754 908 911 262 878 814 984 133 161 279 160 849 816 475 692 201 233 561 0 886 444 509 261 173 800 802 473 572 811 466 852 136 459 516 86 735 984 869 825 642 619 223 708 141 95 373 784 700 259 504 140 232 584 202 778 440 22 156 361 370 573 788 761 496 770 527 552 369 123 599 360 587 91 670 400 910 225 275 270 
582 576 526 105 474 616 871 350 25 925 121 948 43 28 626 394 263 3 208 886 0 636 104 765 195 159 735 758 770 695 408 597 51 233 779 933 146 67 612 568 475 347 461 146 709 817 165 555 94 995 281 303 836 729 627 584 485 625 20 478 629 580 586 602 626 336 384 518 509 818 129 568 737 586 72 205 238 596 933 333 
289 868 140 186 339 374 762 471 296 394 441 952 866 187 178 432 233 955 286 444 636 0 601 160 794 405 365 975 606 605 332 196 343 64 474 988 364 934 903 147 994 339 48 984 284 367 548 514 623 708 727 462 861 865 58 321 813 793 333 934 539 739 797 393 111 867 373 182 59 396 742 716 774 711 855 930 996 65 18 8 
556 675 644 334 521 939 441 436 239 398 444 136 830 355 412 917 142 181 663 509 104 601 0 96 998 597 357 943 240 13 184 172 865 398 397 396 231 914 628 908 657 109 679 205 205 640 530 352 620 968 890 658 363 194 211 284 728 274 537 220 939 160 222 240 479 113 191 600 472 158 423 708 604 805 470 406 945 116 692 87 
754 945 15 162 911 506 354 366 95 29 494 936 621 857 525 944 33 567 720 261 765 160 96 0 360 33 440 750 314 206 149 554 355 166 675 968 565 530 409 425 289 594 658 530 991 361 920 589 619 215 124 28 672 312 638 160 943 868 141 853 278 415 246 269 957 714 342 188 850 852 111 31 288 862 691 331 358 138 422 161 
120 331 881 719 489 856 987 766 811 265 841 747 76 174 381 711 518 811 388 173 195 794 998 360 0 16 354 223 334 175 7 412 799 768 467 516 978 762 301 308 317 396 968 402 572 537 128 18 698 567 213 912 936 495 254 746 861 280 419 875 738 785 622 752 538 177 487 275 681 813 169 65 16 498 826 76 826 157 510 453 
388 849 491 70 940 495 174 495 5 170 90 411 916 141 12 656 443 738 18 800 159 405 597 33 16 0 816 981 145 931 45 222 577 193 71 196 314 96 892 184 164 547 916 246 993 49 408 965 490 274 408 116 641 270 374 499 814 907 196 773 673 256 755 964 484 166 128 218 630 46 677 672 288 452 69 973 490 927 328 936 
187 174 799 242 152 572 773 843 327 99 791 352 145 69 102 876 876 204 565 802 735 365 357 440 354 816 0 224 721 472 400 966 837 167 580 409 196 419 281 261 209 402 692 116 324 451 261 516 710 373 240 229 377 753 985 518 365 881 886 16 682 110 743 315 948 51 942 819 260 882 460 430 473 419 530 821 669 839 190 553 
530 293 335 496 754 914 541 371 56 288 758 243 424 243 133 189 162 45 777 473 758 975 943 750 223 981 224 0 111 188 669 113 951 452 616 848 563 834 242 798 399 810 97 478 332 207 327 647 981 588 497 185 845 656 764 615 96 307 116 857 618 277 664 932 341 379 979 289 185 70 78 481 459 178 443 706 309 723 795 96 
912 425 892 480 304 216 671 979 732 667 147 277 405 969 565 629 573 259 353 572 770 606 240 314 334 145 721 111 0 410 263 936 373 918 979 870 600 455 496 882 165 863 819 14 6 994 604 928 664 124 388 27 530 925 839 754 939 577 596 846 457 606 863 574 433 923 196 493 20 587 420 231 547 931 932 246 520 594 912 968 
950 297 538 58 253 490 499 345 954 16 567 101 621 920 25 868 579 248 27 811 695 605 13 206 175 931 472 188 410 0 168 847 626 465 1 155 439 345 220 686 511 70 662 212 853 897 377 186 696 461 615 383 87 819 576 354 294 759 781 757 671 92 378 790 201 625 711 67 205 477 901 158 851 169 943 766 472 87 158 947 
553 443 441 489 384 405 903 767 67 513 272 24 429 976 61 442 789 870 611 466 408 332 184 149 7 45 400 669 263 168 0 32 913 368 47 940 837 384 837 117 812 221 175 913 95 823 807 117 461 648 704 554 921 30 92 276 49 463 408 22 836 399 320 873 308 707 290 411 945 15 550 806 90 117 649 448 947 400 309 750 
653 374 535 430 62 903 5 744 556 756 886 653 761 235 444 751 951 979 502 852 597 196 172 554 412 222 966 113 936 847 32 0 709 932 953 22 704 358 812 751 408 266 296 45 419 273 662 763 882 196 355 430 583 721 997 424 292 46 127 103 960 633 149 301 972 814 420 845 451 248 645 174 702 244 61 240 331 930 615 123 
245 357 425 780 618 314 361 4 83 885 649 299 303 18 344 206 568 316 691 136 51 343 865 355 799 577 837 951 373 626 913 709 0 485 185 6 983 110 750 635 460 754 195 274 411 677 27 300 250 586 709 493 112 931 806 451 565 923 756 827 886 848 790 834 315 431 746 672 380 157 34 608 44 841 118 796 364 333 864 750 
493 498 795 298 198 371 308 485 983 637 271 857 786 963 866 238 732 182 187 459 233 64 398 166 768 193 167 452 918 465 368 932 485 0 695 890 450 446 877 275 614 438 209 316 664 823 509 363 595 543 816 705 265 983 575 783 98 685 252 602 64 972 705 709 421 189 623 616 728 299 339 670 619 549 142 129 682 206 715 116 
226 281 228 378 385 887 570 270 711 725 193 510 289 415 103 653 212 957 735 516 779 474 397 675 467 71 580 616 979 1 47 953 185 695 0 713 439 883 76 263 555 447 682 9 439 175 836 571 158 609 559 206 70 387 939 397 329 217 373 503 356 208 579 618 211 29 423 296 820 594 220 959 328 60 359 589 746 268 497 546 
503 295 686 908 968 154 316 17 989 571 301 228 657 587 946 164 873 394 235 86 933 988 396 968 516 196 409 848 870 155 940 22 6 890 713 0 578 703 79 423 80 816 348 367 592 752 85 263 693 522 43 971 986 64 824 992 208 997 109 145 911 438 218 875 113 769 830 861 525 347 724 545 539 332 600 498 169 223 329 990 
452 797 459 453 628 784 218 541 777 559 571 749 206 22 649 445 93 136 387 735 146 364 231 565 978 314 196 563 600 439 837 704 983 450 439 578 0 806 642 104 798 462 820 178 657 532 802 412 438 624 572 651 4 775 732 402 349 585 729 181 420 171 765 568 310 333 831 436 305 811 973 223 389 533 80 709 961 568 895 611 
384 376 624 701 671 944 941 469 709 789 268 822 293 540 226 6 341 520 716 984 67 934 914 530 762 96 419 834 455 345 384 358 110 446 883 703 806 0 873 810 351 568 324 869 859 609 745 643 272 700 552 905 943 363 914 608 675 434 534 171 659 782 282 766 930 490 48 201 185 957 886 678 683 7 43 510 373 345 178 921 
700 807 169 846 903 951 296 757 661 538 448 881 686 794 508 866 920 326 495 869 612 903 628 409 301 892 281 242 496 220 837 812 750 877 76 79 642 873 0 997 230 694 261 187 960 228 578 904 600 430 33 886 900 264 507 970 238 405 159 554 374 789 49 145 122 810 199 609 926 258 580 472 790 896 644 109 986 754 105 102 
466 194 806 862 589 224 872 113 579 563 3 184 813 529 533 366 10 861 49 825 568 147 908 425 308 184 261 798 882 686 117 751 635 275 263 423 104 810 997 0 510 149 433 886 660 900 156 253 67 603 824 478 258 439 354 960 410 915 199 204 766 169 386 95 40 306 640 334 885 178 146 317 679 684 128 28 798 749 895 114 
549 270 870 386 660 170 152 466 668 342 407 252 522 348 542 940 352 808 14 642 475 994 657 289 317 164 209 399 165 511 812 408 460 614 555 80 798 351 230 510 0 23 83 301 523 13 440 361 936 127 970 487 618 508 788 400 228 250 237 903 519 25 143 883 814 790 111 705 361 620 593 593 402 682 430 240 809 341 206 677 
11 170 275 656 305 264 464 290 302 596 291 666 336 311 843 959 837 900 567 619 347 339 109 594 396 547 402 810 863 70 221 266 754 438 447 816 462 568 694 149 23 0 535 962 950 989 585 378 134 459 567 929 585 366 710 899 127 153 399 741 732 827 707 370 21 754 295 470 709 894 903 585 911 815 362 223 625 592 144 189 
240 824 488 471 333 328 861 269 483 385 69 343 228 628 735 51 570 454 574 223 461 48 679 658 968 916 692 97 819 662 175 296 195 209 682 348 820 324 261 433 83 535 0 868 256 678 76 518 734 193 615 905 172 193 267 324 10 728 36 233 551 554 544 484 710 618 657 208 641 967 141 898 829 430 584 435 674 301 862 986 
639 898 255 955 995 152 718 503 568 599 161 214 783 915 297 178 7 200 774 708 146 984 205 530 402 246 116 478 14 212 913 45 274 316 9 367 178 869 187 886 301 962 868 0 298 436 61 767 109 561 162 428 789 618 698 316 439 328 980 441 774 227 509 49 453 563 122 15 322 39 877 215 804 57 742 749 280 91 831 885 
107 179 577 135 922 234 404 276 414 268 26 249 75 161 97 20 855 385 172 141 709 284 205 991 572 993 324 332 6 853 95 419 411 664 439 592 657 859 960 660 523 950 256 298 0 660 949 402 81 392 820 910 297 141 980 319 571 396 389 649 806 34 201 50 802 23 888 905 453 85 527 638 924 992 990 579 963 535 568 45 
746 320 911 985 305 639 1000 169 561 533 213 649 199 340 51 133 568 782 248 95 817 367 640 361 537 49 451 207 994 897 823 273 677 823 175 752 532 609 228 900 13 989 678 436 660 0 932 933 161 969 968 445 698 741 353 674 911 220 556 110 120 967 594 270 808 770 174 723 733 283 723 450 783 908 146 22 105 740 860 124 
884 608 770 759 672 240 783 810 791 510 414 461 950 704 727 480 815 788 726 373 165 548 530 920 128 408 261 327 604 377 807 662 27 509 836 85 802 745 578 156 440 585 76 61 949 932 0 480 274 121 589 609 542 140 974 422 724 926 612 809 617 363 136 195 349 739 246 99 636 751 272 677 886 205 750 380 554 526 53 448 
943 752 477 530 11 461 214 30 219 79 258 542 607 247 908 35 797 553 670 784 555 514 352 589 18 965 516 647 928 186 117 763 300 363 571 263 412 643 904 253 361 378 518 767 402 933 480 0 827 326 763 999 889 869 768 703 303 851 201 549 785 768 336 776 818 270 516 124 958 676 872 708 31 990 664 729 119 729 261 925 
723 31 368 603 342 997 99 518 18 417 758 306 500 496 520 616 738 715 926 700 94 623 620 619 698 490 710 981 664 696 461 882 250 595 158 693 438 272 600 67 936 134 734 109 81 161 274 827 0 968 28 670 222 990 985 884 615 351 334 266 411 128 96 179 718 242 479 120 971 739 673 823 98 347 587 41 838 9 192 21 
710 711 334 556 680 630 147 820 769 103 427 390 840 597 140 286 398 754 111 259 995 708 968 215 567 274 373 588 124 461 648 196 586 543 609 522 624 700 430 603 127 459 193 561 392 969 121 326 968 0 853 820 326 685 658 103 321 157 380 727 96 544 339 714 134 932 187 657 735 714 22 559 819 136 863 367 920 344 901 164 
615 67 790 371 320 349 260 918 326 128 47 159 207 843 12 332 725 868 840 504 281 727 890 124 213 408 240 497 388 615 704 355 709 816 559 43 572 552 33 824 970 567 615 162 820 968 589 763 28 853 0 631 964 177 337 152 266 460 948 549 446 429 756 502 206 275 480 977 968 763 184 702 187 946 418 713 597 486 55 410 
29 400 846 545 583 722 656 892 862 656 257 159 467 897 226 757 205 408 970 140 303 462 658 28 912 116 229 185 27 383 554 430 493 705 206 971 651 905 886 478 487 929 905 428 910 445 609 999 670 820 631 0 673 591 995 303 505 254 111 655 668 688 231 960 702 944 334 970 696 768 130 533 258 866 893 633 806 828 496 901 
58 53 964 911 763 507 453 684 73 980 67 240 447 929 638 100 227 618 3 232 836 861 363 672 936 641 377 845 530 87 921 583 112 265 70 986 4 943 900 258 618 585 172 789 297 698 542 889 222 326 964 673 0 541 546 509 722 511 1 393 73 201 537 592 958 93 202 475 794 737 979 564 62 533 649 810 598 602 332 509 
281 456 21 89 771 294 762 511 832 983 544 353 477 112 667 373 325 268 598 584 729 865 194 312 495 270 753 656 925 819 30 721 931 983 387 64 775 363 264 439 508 366 193 618 141 741 140 869 990 685 177 591 541 0 502 187 425 114 955 340 186 622 840 781 130 145 468 143 652 839 396 857 593 519 353 593 83 983 145 867 
296 741 870 655 214 298 857 641 503 404 133 974 873 1000 134 313 263 271 74 202 627 58 211 638 254 374 985 764 839 576 92 997 806 575 939 824 732 914 507 354 788 710 267 698 980 353 974 768 985 658 337 995 546 502 0 943 998 563 695 522 771 822 500 191 98 781 282 4 251 784 76 25 963 570 135 951 94 10 739 41 
381 676 406 231 632 914 48 170 995 429 238 76 928 806 430 383 919 758 510 778 584 321 284 160 746 499 518 615 754 354 276 424 451 783 397 992 402 608 970 960 400 899 324 316 319 674 422 703 884 103 152 303 509 187 943 0 438 532 330 821 49 120 458 896 632 539 152 729 326 332 602 785 9 398 443 238 191 147 424 179 
67 863 848 681 435 681 969 555 857 435 828 927 650 409 635 525 383 373 487 440 485 813 728 943 861 814 365 96 939 294 49 292 565 98 329 208 349 675 238 410 228 127 10 439 571 911 724 303 615 321 266 505 722 425 998 438 0 123 838 179 762 34 945 111 969 616 781 665 492 666 264 344 698 3 907 391 423 611 350 134 
974 404 331 711 234 913 59 9 322 776 792 177 339 404 253 415 234 631 637 22 625 793 274 868 280 907 881 307 577 759 463 46 923 685 217 997 585 434 405 915 250 153 728 328 396 220 926 851 351 157 460 254 511 114 563 532 123 0 734 356 253 485 431 251 434 174 363 161 786 555 752 618 790 555 503 506 21 345 460 18 
955 384 305 226 952 704 142 712 852 138 779 328 950 947 758 571 849 519 403 156 20 333 537 141 419 196 886 116 596 781 408 127 756 252 373 109 729 534 159 199 237 399 36 980 389 556 612 201 334 380 948 111 1 955 695 330 838 734 0 569 915 234 171 644 823 983 145 678 688 358 655 501 814 715 657 408 104 165 782 565 
762 533 11 537 617 188 895 786 332 290 416 715 725 33 844 60 936 147 316 361 478 934 220 853 875 773 16 857 846 757 22 103 827 602 503 145 181 171 554 204 903 741 233 441 649 110 809 549 266 727 549 655 393 340 522 821 179 356 569 0 687 613 313 836 362 422 255 99 787 487 518 892 546 114 721 349 314 51 885 476 
334 195 97 769 336 401 799 325 140 615 440 909 206 949 915 534 682 493 478 370 629 539 939 278 738 673 682 618 457 671 836 960 886 64 356 911 420 659 374 766 519 732 551 774 806 120 617 785 411 96 446 668 73 186 771 49 762 253 915 687 0 637 382 891 644 934 820 988 342 360 837 703 165 461 920 317 559 335 403 673 
383 41 462 239 455 843 679 836 50 327 318 717 7 829 513 770 919 38 729 573 580 739 160 415 785 256 110 277 606 92 399 633 848 972 208 438 171 782 789 169 25 827 554 227 34 967 363 768 128 544 429 688 201 622 822 120 34 485 234 613 637 0 431 138 824 617 363 982 185 568 60 455 320 348 982 876 109 840 52 619 
698 844 696 192 575 780 109 103 528 52 707 884 676 295 19 134 893 51 122 788 586 797 222 246 622 755 743 664 863 378 320 149 790 705 579 218 765 282 49 386 143 707 544 509 201 594 136 336 96 339 756 231 537 840 500 458 945 431 171 313 382 431 0 4 286 236 259 292 895 667 914 627 105 746 259 201 137 728 311 63 
528 863 117 164 679 144 944 278 839 481 292 253 607 733 144 603 595 942 855 761 602 393 240 269 752 964 315 932 574 790 873 301 834 709 618 875 568 766 145 95 883 370 484 49 50 270 195 776 179 714 502 960 592 781 191 896 111 251 644 836 891 138 4 0 191 811 182 400 429 947 889 941 682 745 954 594 6 381 559 911 
173 877 645 73 656 950 1000 981 7 145 539 862 640 45 830 157 816 7 53 496 626 111 479 957 538 484 948 341 433 201 308 972 315 421 211 113 310 930 122 40 814 21 710 453 802 808 349 818 718 134 206 702 958 130 98 632 969 434 823 362 644 824 286 191 0 997 653 897 369 357 784 154 222 837 264 44 320 377 604 842 
141 100 221 172 888 302 825 43 530 82 34 819 417 368 97 741 667 645 573 770 336 867 113 714 177 166 51 379 923 625 707 814 431 189 29 769 333 490 810 306 790 754 618 563 23 770 739 270 242 932 275 944 93 145 781 539 616 174 983 422 934 617 236 811 997 0 566 854 213 669 792 795 559 362 736 775 904 775 22 945 
761 34 996 270 167 304 339 885 942 97 464 150 787 114 462 269 824 29 883 527 384 373 191 342 487 128 942 979 196 711 290 420 746 623 423 830 831 48 199 640 111 295 657 122 888 174 246 516 479 187 480 334 202 468 282 152 781 363 145 255 820 363 259 182 653 566 0 702 636 449 333 606 52 28 769 273 39 528 729 762 
807 909 785 631 249 19 98 775 896 969 515 514 705 362 113 349 962 881 642 552 518 182 600 188 275 218 819 289 493 67 411 845 672 616 296 861 436 201 609 334 705 470 208 15 905 723 99 124 120 657 977 970 475 143 4 729 665 161 678 99 988 982 292 400 897 854 702 0 525 854 761 16 359 977 120 346 183 215 392 344 
116 838 914 280 161 842 462 947 946 871 584 165 882 756 542 334 236 259 240 369 509 59 472 850 681 630 260 185 20 205 945 451 380 728 820 525 305 185 926 885 361 709 641 322 453 733 636 958 971 735 968 696 794 652 251 326 492 786 688 787 342 185 895 429 369 213 636 525 0 671 255 729 781 692 781 158 973 359 63 955 
503 578 843 925 1000 872 882 595 214 956 794 706 438 174 352 810 947 569 777 123 818 396 158 852 813 46 882 70 587 477 15 248 157 299 594 347 811 957 258 178 620 894 967 39 85 283 751 676 739 714 763 768 737 839 784 332 666 555 358 487 360 568 667 947 357 669 449 854 671 0 504 732 125 192 345 957 177 350 98 314 
611 198 618 481 920 776 2 959 574 545 912 107 517 680 630 208 710 753 471 599 129 742 423 111 169 677 460 78 420 901 550 645 34 339 220 724 973 886 580 146 593 903 141 877 527 723 272 872 673 22 184 130 979 396 76 602 264 752 655 518 837 60 914 889 784 792 333 761 255 504 0 406 116 636 341 60 881 280 668 683 
990 346 500 130 279 772 412 344 800 427 475 16 689 580 519 273 192 478 100 360 568 716 708 31 65 672 430 481 231 158 806 174 608 670 959 545 223 678 472 317 593 585 898 215 638 450 677 708 823 559 702 533 564 857 25 785 344 618 501 892 703 455 627 941 154 795 606 16 729 732 406 0 89 189 851 354 833 529 729 997 
320 519 164 172 254 601 777 806 525 343 797 409 859 884 317 194 509 999 393 587 737 774 604 288 16 288 473 459 547 851 90 702 44 619 328 539 389 683 790 679 402 911 829 804 924 783 886 31 98 819 187 258 62 593 963 9 698 790 814 546 165 320 105 682 222 559 52 359 781 125 116 89 0 88 812 190 325 254 687 444 
674 976 36 606 567 508 795 959 845 187 784 596 21 66 816 411 340 271 535 91 586 711 805 862 498 452 419 178 931 169 117 244 841 549 60 332 533 7 896 684 682 815 430 57 992 908 205 990 347 136 946 866 533 519 570 398 3 555 715 114 461 348 746 745 837 362 28 977 692 192 636 189 88 0 312 238 561 998 327 191 
831 566 338 328 148 162 587 718 230 737 447 686 483 168 771 441 628 159 700 670 72 855 470 691 826 69 530 443 932 943 649 61 118 142 359 600 80 43 644 128 430 362 584 742 990 146 750 664 587 863 418 893 649 353 135 443 907 503 657 721 920 982 259 954 264 736 769 120 781 345 341 851 812 312 0 212 143 102 639 618 
516 886 520 128 634 243 364 262 587 449 255 295 561 484 612 916 622 823 524 400 205 930 406 331 76 973 821 706 246 766 448 240 796 129 589 498 709 510 109 28 240 223 435 749 579 22 380 729 41 367 713 633 810 593 951 238 391 506 408 349 317 876 201 594 44 775 273 346 158 957 60 354 190 238 212 0 24 305 130 452 
770 9 232 782 669 257 351 485 100 761 204 153 906 655 874 751 578 376 767 910 238 996 945 358 826 490 669 309 520 472 947 331 364 682 746 169 961 373 986 798 809 625 674 280 963 105 554 119 838 920 597 806 598 83 94 191 423 21 104 314 559 109 137 6 320 904 39 183 973 177 881 833 325 561 143 24 0 790 551 88 
222 250 245 572 986 390 872 267 754 444 161 837 767 575 432 479 249 237 242 225 596 65 116 138 157 927 839 723 594 87 400 930 333 206 268 223 568 345 754 749 341 592 301 91 535 740 526 729 9 344 486 828 602 983 10 147 611 345 165 51 335 840 728 381 377 775 528 215 359 350 280 529 254 998 102 305 790 0 202 994 
515 467 415 703 107 181 86 165 533 968 613 816 307 946 523 195 903 927 805 275 933 18 692 422 510 328 190 795 912 158 309 615 864 715 497 329 895 178 105 895 206 144 862 831 568 860 53 261 192 901 55 496 332 145 739 424 350 460 782 885 403 52 311 559 604 22 729 392 63 98 668 729 687 327 639 130 551 202 0 750 
128 872 824 179 920 738 823 584 832 663 800 773 353 266 33 832 35 268 276 270 333 8 87 161 453 936 553 96 968 947 750 123 750 116 546 990 611 921 102 114 677 189 986 885 45 124 448 925 21 164 410 901 509 867 41 179 134 18 565 476 673 619 63 911 842 945 762 344 955 314 683 997 444 191 618 452 88 994 750 0 
0 492 235 152 929 69 808 880 174 438 724 253 355 852 239 651 703 873 758 51 967 217 157 275 398 906 699 727 138 240 269 331 644 304 567 800 300 437 328 726 166 830 808 388 911 247 500 619 383 370 252 588 918 416 725 25 972 572 97 359 819 694 397 636 572 663 375 5 814 277 213 271 723 135 311 305 474 666 579 610 
492 0 298 347 416 14 781 656 908 577 737 84 110 462 785 620 27 528 901 436 354 653 487 223 115 54 279 464 110 781 711 532 839 659 879 257 310 702 454 666 633 935 738 495 618 558 185 112 754 551 926 271 430 638 821 543 191 78 537 181 611 877 251 54 450 638 960 237 541 584 656 517 378 205 915 236 384 630 570 635 
235 298 0 619 762 67 464 586 410 925 59 531 526 100 322 881 593 442 164 103 475 779 10 971 459 355 81 435 211 450 252 454 703 235 945 945 636 574 663 744 818 756 285 665 282 869 96 649 281 371 464 167 485 440 140 700 696 734 320 659 252 374 36 999 558 929 463 696 245 316 793 588 704 847 517 67 587 774 385 549 
152 347 619 0 440 345 498 240 988 330 27 553 923 874 471 652 483 291 240 32 843 809 671 891 298 731 27 591 139 761 600 374 293 918 662 718 459 300 65 364 750 561 401 15 408 113 31 957 194 874 643 703 107 602 547 529 561 752 386 356 177 556 868 913 560 540 959 441 596 153 416 466 593 915 967 738 90 642 187 875 
929 416 762 440 0 360 454 1000 163 307 178 534 273 74 17 735 649 356 1 498 719 458 262 406 38 74 936 508 109 77 360 173 136 695 434 464 211 665 304 393 172 756 653 428 4 234 870 948 223 605 49 922 543 59 239 525 594 209 676 356 831 544 448 532 751 739 511 120 761 75 339 840 619 388 769 336 457 565 681 743 
69 14 67 345 360 0 402 880 96 574 409 261 430 490 278 886 517 182 58 245 197 784 285 985 549 351 126 157 444 398 407 326 385 691 162 327 272 346 312 626 663 768 628 778 855 550 889 245 72 584 558 448 166 661 648 448 90 272 727 845 354 867 88 917 399 436 597 837 94 163 422 360 953 935 658 782 514 905 855 345 
808 781 464 498 454 402 0 318 568 222 292 188 830 270 221 932 559 398 314 647 310 210 882 603 336 602 838 666 194 860 99 243 852 691 296 738 881 143 765 256 192 774 322 702 727 67 182 892 780 925 727 101 314 344 15 802 285 543 750 640 98 470 487 241 26 451 914 872 409 516 163 601 350 34 682 864 458 345 336 959 
880 656 586 240 1000 880 318 0 2 648 883 248 553 57 137 438 700 278 496 383 485 108 259 442 633 917 70 615 25 481 289 419 285 613 723 990 561 573 34 424 9 668 635 733 657 562 357 848 124 281 326 152 823 94 342 596 340 684 517 427 801 551 701 716 458 914 27 191 145 541 37 645 358 141 230 816 607 726 974 286 
174 908 410 988 163 96 568 2 0 439 308 661 739 351 267 431 636 998 46 824 388 728 804 774 422 996 146 628 503 295 805 437 530 463 125 24 521 250 695 262 868 703 536 472 379 760 150 446 366 95 985 510 670 203 536 201 387 577 428 859 440 349 820 446 989 373 260 936 413 926 930 528 347 142 806 778 925 499 505 468 
438 577 925 330 307 574 222 648 439 0 355 180 513 487 673 317 256 334 619 841 48 589 959 787 865 902 959 785 699 309 534 377 224 160 216 619 41 162 269 319 553 371 271 177 267 405 747 534 488 507 683 407 339 468 403 123 625 292 751 658 598 381 691 788 596 538 584 202 643 264 459 880 160 957 527 476 577 129 16 575 
724 737 59 27 178 409 292 883 308 355 0 248 179 502 994 342 559 389 283 413 792 519 416 490 193 760 294 273 985 619 965 434 628 128 517 793 629 360 621 854 348 937 871 825 747 890 488 200 139 691 923 90 553 325 801 939 454 47 107 121 867 847 335 130 312 824 411 166 205 147 293 563 416 64 744 480 601 752 599 269 
253 84 531 553 534 261 188 248 661 180 248 0 554 574 696 251 392 374 603 674 17 211 631 463 373 828 706 991 973 651 752 237 579 247 113 953 154 787 28 785 743 74 363 990 807 482 142 610 949 699 875 830 103 699 61 179 231 944 486 625 764 522 130 300 27 415 598 331 604 357 735 952 737 827 571 449 829 260 65 448 
355 110 526 923 273 430 830 553 739 513 179 554 0 863 550 837 613 131 647 478 613 513 356 194 815 447 914 727 590 119 288 606 993 375 778 242 808 514 615 657 344 461 849 492 512 900 526 554 394 179 942 972 427 610 410 347 562 996 377 54 982 856 465 988 677 609 394 507 293 278 748 454 6 556 272 838 17 457 449 919 
852 462 100 874 74 490 270 57 351 487 502 574 863 0 182 630 921 993 136 533 978 504 845 217 784 858 677 567 224 225 555 674 855 220 147 689 652 39 368 764 822 810 114 718 319 821 107 779 964 571 375 202 260 824 8 286 849 954 66 730 303 963 435 52 644 528 783 778 20 791 379 919 104 867 428 627 278 560 170 603 
239 785 322 471 17 278 221 137 267 673 994 696 550 182 0 642 849 725 319 591 138 491 261 677 420 481 849 290 595 441 625 115 621 734 937 159 487 695 519 660 439 653 106 731 251 564 443 647 717 184 845 622 374 795 800 308 175 793 92 497 25 160 703 447 72 893 722 507 260 147 458 423 587 514 99 321 205 835 400 983 
651 620 881 652 735 886 932 438 431 317 342 251 837 630 642 0 286 344 467 474 230 156 307 446 425 928 891 879 571 877 479 172 829 712 724 668 182 948 525 784 547 107 428 457 951 758 523 831 545 396 711 290 664 584 433 861 478 626 441 768 930 411 781 722 665 215 959 470 633 451 441 362 128 766 639 171 804 249 795 650 
703 27 593 483 649 517 559 700 636 256 559 392 613 921 849 286 0 312 484 933 353 742 762 457 527 661 202 876 282 746 375 284 618 517 878 422 628 706 288 748 826 623 326 948 420 228 939 19 691 789 591 769 883 420 262 353 710 473 165 337 87 841 306 180 151 134 849 600 212 566 150 673 647 765 678 522 444 894 91 549 
873 528 442 291 356 182 398 278 998 334 389 374 131 993 725 344 312 0 158 794 762 808 124 399 66 878 625 472 672 978 678 82 990 895 635 446 450 184 777 712 103 478 329 408 727 173 462 554 772 76 120 238 115 601 355 250 972 527 279 531 914 929 215 239 435 580 439 284 288 637 426 98 241 532 736 250 813 897 119 816 
758 901 164 240 1 58 314 496 46 619 283 603 647 136 319 467 484 158 0 843 874 564 399 447 661 820 291 102 239 607 72 255 265 788 275 666 355 135 747 887 769 821 242 328 894 627 246 587 551 721 351 8 681 41 704 457 847 902 425 453 688 221 859 382 435 127 135 681 375 188 374 677 213 554 458 373 160 647 182 122 
51 436 103 32 498 245 647 383 824 841 413 674 478 533 591 474 933 794 843 0 553 617 248 630 916 101 351 486 705 141 770 119 933 555 667 734 393 382 809 307 492 232 944 597 906 959 243 142 650 788 552 868 392 613 746 285 571 983 585 466 296 600 277 69 28 136 78 260 38 520 266 993 215 566 504 549 412 666 129 743 
967 354 475 843 719 197 310 485 388 48 792 17 613 978 138 230 353 762 874 553 0 184 893 392 948 940 594 184 348 92 765 231 603 634 205 62 625 558 642 222 518 632 512 728 198 340 669 365 905 398 822 813 860 227 284 344 907 685 912 533 354 431 509 54 893 548 635 65 486 80 498 488 476 740 489 787 468 904 278 132 
217 653 779 809 458 784 210 108 728 589 519 211 513 504 491 156 742 808 564 617 184 0 304 695 387 982 209 163 769 119 876 397 855 958 226 33 662 263 116 627 162 690 957 269 947 446 701 815 643 711 278 516 231 467 742 838 575 157 451 48 490 507 199 694 628 22 879 664 336 102 762 526 393 279 496 201 286 381 559 975 
157 487 10 671 262 285 882 259 804 959 416 631 356 845 261 307 762 124 399 248 893 304 0 857 57 807 192 562 111 887 986 925 113 490 679 258 375 127 128 314 514 909 161 644 997 486 196 474 468 15 2 144 353 940 747 529 347 814 553 21 447 892 463 533 227 370 870 246 284 501 936 938 327 564 347 391 182 612 755 630 
275 223 971 891 406 985 603 442 774 787 490 463 194 217 677 446 457 399 447 630 392 695 857 0 232 959 225 288 621 693 458 687 240 613 273 22 669 192 723 776 760 995 683 18 115 396 966 218 370 596 736 703 51 88 485 746 250 616 724 104 987 606 375 951 509 677 749 905 189 257 557 957 889 256 287 939 87 393 547 555 
398 115 459 298 38 549 336 633 422 865 193 373 815 784 420 425 527 66 661 916 948 387 57 232 0 907 598 928 725 939 697 193 382 142 946 388 316 364 480 968 499 621 29 290 47 293 815 328 190 664 910 692 494 859 785 341 49 245 749 212 76 445 321 276 580 976 598 623 453 325 77 481 796 253 721 739 310 751 568 651 
906 54 355 731 74 351 602 917 996 902 760 828 447 858 481 928 661 878 820 101 940 982 807 959 907 0 725 272 549 126 574 803 605 811 414 525 711 612 472 1000 735 487 150 744 76 902 967 392 440 89 135 575 631 474 706 725 33 444 702 4 552 507 507 2 956 710 760 947 385 976 600 201 264 346 673 16 176 288 438 405 
699 279 81 27 936 126 838 70 146 959 294 706 914 677 849 891 202 625 291 351 594 209 192 225 598 725 0 630 203 840 563 309 68 763 462 253 675 755 308 905 281 685 405 773 315 394 446 872 292 398 599 698 459 353 187 664 720 569 345 535 419 944 562 212 256 990 467 85 925 89 506 188 979 623 256 713 148 70 612 347 
727 464 435 591 508 157 666 615 628 785 273 991 727 567 290 879 876 472 102 486 184 163 562 288 928 272 630 0 362 954 146 916 329 222 773 10 254 928 332 458 938 142 206 494 115 570 609 175 265 636 627 994 199 466 190 523 551 478 704 155 304 376 468 734 586 419 243 756 762 710 857 673 757 399 947 573 604 45 749 433 
138 110 211 139 109 444 194 25 503 699 985 973 590 224 595 571 282 672 239 705 348 769 111 621 725 549 203 362 0 200 384 430 595 406 161 148 559 760 498 225 336 126 53 926 925 31 634 264 181 606 547 624 756 207 463 412 331 108 355 619 349 983 61 310 655 729 713 449 706 752 422 586 80 590 692 245 829 714 319 122 
240 781 450 761 77 398 860 481 295 309 619 651 119 225 441 877 746 978 607 141 92 119 887 693 939 126 840 954 200 0 774 281 464 622 994 163 192 633 705 562 756 807 252 733 501 15 567 754 98 670 533 439 506 164 472 609 282 146 648 745 286 391 124 497 912 153 893 689 145 516 276 428 983 674 89 328 240 792 828 225 
269 711 252 600 360 407 99 289 805 534 965 752 288 555 625 479 375 678 72 770 765 876 986 458 697 574 563 146 384 774 0 837 97 381 865 705 10 574 361 689 118 188 871 344 945 289 592 986 553 827 234 382 219 492 248 897 991 190 898 916 524 341 889 566 805 477 420 295 359 325 219 605 289 940 159 511 207 476 445 349 
331 532 454 374 173 326 243 419 437 377 434 237 606 674 115 172 284 82 255 119 231 397 925 687 193 803 309 916 430 281 837 0 828 84 508 819 498 927 11 452 829 722 403 268 509 83 692 467 248 575 287 605 843 112 397 851 89 888 925 801 39 75 418 804 66 264 351 782 55 712 408 316 506 857 936 743 964 224 66 990 
644 839 703 293 136 385 852 285 530 224 628 579 993 855 621 829 618 990 265 933 603 855 113 240 382 605 68 329 595 464 97 828 0 651 773 330 920 784 304 388 649 707 837 520 175 378 695 903 689 631 30 828 899 151 276 155 455 300 411 172 978 177 487 418 415 356 503 736 547 825 728 514 809 601 674 143 334 627 115 119 
304 659 235 918 695 691 691 613 463 160 128 247 375 220 734 712 517 895 788 555 634 958 490 613 142 811 763 222 406 622 381 84 651 0 768 308 450 264 108 653 631 416 350 140 748 142 590 442 311 912 486 46 653 219 257 695 264 187 326 711 520 52 439 272 709 625 640 47 875 881 404 316 829 228 967 993 223 175 198 464 
567 879 945 662 434 162 296 723 125 216 517 113 778 147 937 724 878 635 275 667 205 226 679 273 946 414 462 773 161 994 865 508 773 768 0 537 11 487 779 621 811 202 782 921 82 718 615 556 757 735 377 552 350 370 785 709 565 186 873 241 518 589 945 335 778 620 450 290 767 183 599 116 348 846 700 988 4 910 691 545 
800 257 945 718 464 327 738 990 24 619 793 953 242 689 159 668 422 446 666 734 62 33 258 22 388 525 253 10 148 163 705 819 330 308 537 0 782 234 961 609 563 132 197 850 889 528 395 621 751 537 516 368 797 922 499 209 510 129 875 380 547 765 713 330 997 416 388 241 553 942 828 256 441 985 726 782 441 668 907 20 
300 310 636 459 211 272 881 561 521 41 629 154 808 652 487 182 628 450 355 393 625 662 375 669 316 711 675 254 559 192 10 498 920 450 11 782 0 27 833 508 215 126 111 391 464 542 412 691 304 256 757 380 702 153 178 343 163 626 325 832 604 323 638 680 277 461 48 244 815 686 116 481 481 323 798 633 144 792 191 234 
437 702 574 300 665 346 143 573 250 162 360 787 514 39 695 948 706 184 135 382 558 263 127 192 364 612 755 928 760 633 574 927 784 264 487 234 27 0 401 324 515 459 483 957 14 238 597 795 855 249 497 729 163 431 49 364 165 287 115 817 818 590 808 226 502 769 281 302 398 142 18 188 222 833 465 178 439 631 353 255 
328 454 663 65 304 312 765 34 695 269 621 28 615 368 519 525 288 777 747 809 642 116 128 723 480 472 308 332 498 705 361 11 304 108 779 961 833 401 0 497 940 184 663 867 93 928 394 168 503 191 220 46 642 811 587 84 823 843 793 420 985 75 612 388 724 88 271 542 158 442 725 693 72 522 602 752 334 507 176 996 
726 666 744 364 393 626 256 424 262 319 854 785 657 764 660 784 748 712 887 307 222 627 314 776 968 1000 905 458 225 562 689 452 388 653 621 609 508 324 497 0 441 917 330 180 463 324 597 910 986 580 139 679 737 505 483 264 481 86 945 651 259 478 778 715 698 828 430 736 149 805 436 571 292 462 424 971 261 214 303 868 
166 633 818 750 172 663 192 9 868 553 348 743 344 822 439 547 826 103 769 492 518 162 514 760 499 735 281 938 336 756 118 829 649 631 811 563 215 515 940 441 0 722 747 899 530 736 517 554 546 873 94 906 296 401 252 559 667 815 582 690 781 937 664 323 255 868 351 174 558 505 639 146 665 444 3 481 49 850 909 1 
830 935 756 561 756 768 774 668 703 371 937 74 461 810 653 107 623 478 821 232 632 690 909 995 621 487 685 142 126 807 188 722 707 416 202 132 126 459 184 917 722 0 610 195 252 118 738 110 463 725 466 130 505 333 121 94 709 503 351 662 147 448 129 274 685 189 654 144 83 531 53 582 241 468 735 663 113 623 942 719 
808 738 285 401 653 628 322 635 536 271 871 363 849 114 106 428 326 329 242 944 512 957 161 683 29 150 405 206 53 252 871 403 837 350 782 197 111 483 663 330 747 610 0 178 354 189 429 156 594 740 366 205 893 16 731 956 842 119 793 62 175 949 542 597 545 702 696 960 499 16 231 70 166 739 47 625 63 407 131 214 
388 495 665 15 428 778 702 733 472 177 825 990 492 718 731 457 948 408 328 597 728 269 644 18 290 744 773 494 926 733 344 268 520 140 921 850 391 957 867 180 899 195 178 0 778 826 885 554 995 654 523 97 495 73 70 318 351 139 58 552 388 574 881 824 967 257 820 859 773 641 80 559 477 502 104 679 122 741 197 467 
911 618 282 408 4 855 727 657 379 267 747 807 512 319 251 951 420 727 894 906 198 947 997 115 47 76 315 115 925 501 945 509 175 748 82 889 464 14 93 463 530 252 354 778 0 224 674 711 939 867 152 471 829 869 391 530 367 962 836 674 517 901 695 682 436 691 41 282 462 863 367 285 589 99 254 383 156 220 588 714 
247 558 869 113 234 550 67 562 760 405 890 482 900 821 564 758 228 173 627 959 340 446 486 396 293 902 394 570 31 15 289 83 378 142 718 528 542 238 928 324 736 118 189 826 224 0 667 231 397 217 223 198 131 462 232 350 317 547 947 964 996 293 678 625 103 116 946 395 364 824 946 105 411 133 632 622 547 387 395 137 
500 185 96 31 870 889 182 357 150 747 488 142 526 107 443 523 939 462 246 243 669 701 196 966 815 967 446 609 634 567 592 692 695 590 615 395 412 597 394 597 517 738 429 885 674 667 0 667 967 409 59 987 452 470 55 741 255 149 929 691 496 484 731 136 767 760 572 810 337 46 546 637 436 715 490 632 879 496 536 783 
619 112 649 957 948 245 892 848 446 534 200 610 554 779 647 831 19 554 587 142 365 815 474 218 328 392 872 175 264 754 986 467 903 442 556 621 691 795 168 910 554 110 156 554 711 231 667 0 205 703 80 590 614 678 508 274 567 397 321 369 174 409 348 532 394 547 180 684 655 623 445 109 717 193 164 100 342 358 183 213 
383 754 281 194 223 72 780 124 366 488 139 949 394 964 717 545 691 772 551 650 905 643 468 370 190 440 292 265 181 98 553 248 689 311 757 751 304 855 503 986 546 463 594 995 939 397 967 205 0 295 758 131 505 214 428 208 583 690 508 872 545 810 688 407 434 846 866 901 331 418 363 159 702 462 107 540 524 230 990 798 
370 551 371 874 605 584 925 281 95 507 691 699 179 571 184 396 789 76 721 788 398 711 15 596 664 89 398 636 606 670 827 575 631 912 735 537 256 249 191 580 873 725 740 654 867 217 409 703 295 0 781 340 250 100 591 449 318 809 872 510 899 574 456 214 924 8 655 418 298 171 990 668 585 442 10 92 383 432 148 446 
252 926 464 643 49 558 727 326 985 683 923 875 942 375 845 711 591 120 351 552 822 278 2 736 910 135 599 627 547 533 234 287 30 486 377 516 757 497 220 139 94 466 366 523 152 223 59 80 758 781 0 448 129 700 575 703 242 84 881 684 429 764 134 463 887 646 301 283 298 674 917 245 928 487 203 151 819 496 990 706 
588 271 167 703 922 448 101 152 510 407 90 830 972 202 622 290 769 238 8 868 813 516 144 703 692 575 698 994 624 439 382 605 828 46 552 368 380 729 46 679 906 130 205 97 471 198 987 590 131 340 448 0 398 436 64 57 349 639 696 740 374 228 730 230 660 143 387 415 476 715 829 795 60 578 61 371 278 425 540 693 
918 430 485 107 543 166 314 823 670 339 553 103 427 260 374 664 883 115 681 392 860 231 353 51 494 631 459 199 756 506 219 843 899 653 350 797 702 163 642 737 296 505 893 495 829 131 452 614 505 250 129 398 0 543 735 790 331 391 934 685 843 936 858 16 468 931 846 71 704 556 490 613 594 601 81 144 918 579 956 87 
416 638 440 602 59 661 344 94 203 468 325 699 610 824 795 584 420 601 41 613 227 467 940 88 859 474 353 466 207 164 492 112 151 219 370 922 153 431 811 505 401 333 16 73 869 462 470 678 214 100 700 436 543 0 828 658 539 949 140 453 585 421 189 430 702 138 631 806 368 124 794 645 351 238 716 477 516 679 523 546 
725 821 140 547 239 648 15 342 536 403 801 61 410 8 800 433 262 355 704 746 284 742 747 485 785 706 187 190 463 472 248 397 276 257 785 499 178 49 587 483 252 121 731 70 391 232 55 508 428 591 575 64 735 828 0 192 61 573 411 590 179 313 551 464 478 516 472 915 787 29 710 937 26 688 905 630 778 436 276 993 
25 543 700 529 525 448 802 596 201 123 939 179 347 286 308 861 353 250 457 285 344 838 529 746 341 725 664 523 412 609 897 851 155 695 709 209 343 364 84 264 559 94 956 318 530 350 741 274 208 449 703 57 790 658 192 0 514 570 559 495 992 433 505 346 228 671 221 590 700 590 361 292 819 471 760 628 312 440 329 573 
972 191 696 561 594 90 285 340 387 625 454 231 562 849 175 478 710 972 847 571 907 575 347 250 49 33 720 551 331 282 991 89 455 264 565 510 163 165 823 481 667 709 842 351 367 317 255 567 583 318 242 349 331 539 61 514 0 953 665 721 214 722 8 951 584 96 393 83 956 81 867 233 578 696 864 698 294 966 988 899 
572 78 734 752 209 272 543 684 577 292 47 944 996 954 793 626 473 527 902 983 685 157 814 616 245 444 569 478 108 146 190 888 300 187 186 129 626 287 843 86 815 503 119 139 962 547 149 397 690 809 84 639 391 949 573 570 953 0 652 934 737 3 527 987 556 648 726 808 67 378 422 248 484 742 394 557 990 238 50 603 
97 537 320 386 676 727 750 517 428 751 107 486 377 66 92 441 165 279 425 585 912 451 553 724 749 702 345 704 355 648 898 925 411 326 873 875 325 115 793 945 582 351 793 58 836 947 929 321 508 872 881 696 934 140 411 559 665 652 0 514 50 546 877 335 637 254 873 270 885 757 88 696 154 882 419 836 586 609 315 183 
359 181 659 356 356 845 640 427 859 658 121 625 54 730 497 768 337 531 453 466 533 48 21 104 212 4 535 155 619 745 916 801 172 711 241 380 832 817 420 651 690 662 62 552 674 964 691 369 872 510 684 740 685 453 590 495 721 934 514 0 145 248 526 412 795 522 660 837 368 795 847 375 528 502 321 641 768 987 359 498 
819 611 252 177 831 354 98 801 440 598 867 764 982 303 25 930 87 914 688 296 354 490 447 987 76 552 419 304 349 286 524 39 978 520 518 547 604 818 985 259 781 147 175 388 517 996 496 174 545 899 429 374 843 585 179 992 214 737 50 145 0 848 833 207 272 430 369 125 509 681 233 356 931 732 24 897 593 539 492 440 
694 877 374 556 544 867 470 551 349 381 847 522 856 963 160 411 841 929 221 600 431 507 892 606 445 507 944 376 983 391 341 75 177 52 589 765 323 590 75 478 937 448 949 574 901 293 484 409 810 574 764 228 936 421 313 433 722 3 546 248 848 0 699 682 492 670 369 379 837 758 701 945 631 264 183 546 817 59 519 315 
397 251 36 868 448 88 487 701 820 691 335 130 465 435 703 781 306 215 859 277 509 199 463 375 321 507 562 468 61 124 889 418 487 439 945 713 638 808 612 778 664 129 542 881 695 678 731 348 688 456 134 730 858 189 551 505 8 527 877 526 833 699 0 858 251 958 815 498 654 425 389 590 999 203 749 771 788 47 586 482 
636 54 999 913 532 917 241 716 446 788 130 300 988 52 447 722 180 239 382 69 54 694 533 951 276 2 212 734 310 497 566 804 418 272 335 330 680 226 388 715 323 274 597 824 682 625 136 532 407 214 463 230 16 430 464 346 951 987 335 412 207 682 858 0 715 324 561 327 823 458 230 354 123 258 352 500 998 148 363 483 
572 450 558 560 751 399 26 458 989 596 312 27 677 644 72 665 151 435 435 28 893 628 227 509 580 956 256 586 655 912 805 66 415 709 778 997 277 502 724 698 255 685 545 967 436 103 767 394 434 924 887 660 468 702 478 228 584 556 637 795 272 492 251 715 0 172 509 62 508 642 381 920 294 548 966 750 146 467 753 284 
663 638 929 540 739 436 451 914 373 538 824 415 609 528 893 215 134 580 127 136 548 22 370 677 976 710 990 419 729 153 477 264 356 625 620 416 461 769 88 828 868 189 702 257 691 116 760 547 846 8 646 143 931 138 516 671 96 648 254 522 430 670 958 324 172 0 690 574 863 194 153 596 993 878 237 403 376 800 647 400 
375 960 463 959 511 597 914 27 260 584 411 598 394 783 722 959 849 439 135 78 635 879 870 749 598 760 467 243 713 893 420 351 503 640 450 388 48 281 271 430 351 654 696 820 41 946 572 180 866 655 301 387 846 631 472 221 393 726 873 660 369 369 815 561 509 690 0 76 623 405 904 145 972 896 585 536 734 971 332 178 
5 237 696 441 120 837 872 191 936 202 166 331 507 778 507 470 600 284 681 260 65 664 246 905 623 947 85 756 449 689 295 782 736 47 290 241 244 302 542 736 174 144 960 859 282 395 810 684 901 418 283 415 71 806 915 590 83 808 270 837 125 379 498 327 62 574 76 0 728 568 445 749 710 13 711 589 535 746 483 215 
814 541 245 596 761 94 409 145 413 643 205 604 293 20 260 633 212 288 375 38 486 336 284 189 453 385 925 762 706 145 359 55 547 875 767 553 815 398 158 149 558 83 499 773 462 364 337 655 331 298 298 476 704 368 787 700 956 67 885 368 509 837 654 823 508 863 623 728 0 172 605 957 316 670 341 443 508 329 989 53 
277 584 316 153 75 163 516 541 926 264 147 357 278 791 147 451 566 637 188 520 80 102 501 257 325 976 89 710 752 516 325 712 825 881 183 942 686 142 442 805 505 531 16 641 863 824 46 623 418 171 674 715 556 124 29 590 81 378 757 795 681 758 425 458 642 194 405 568 172 0 731 270 435 723 292 200 434 880 521 318 
213 656 793 416 339 422 163 37 930 459 293 735 748 379 458 441 150 426 374 266 498 762 936 557 77 600 506 857 422 276 219 408 728 404 599 828 116 18 725 436 639 53 231 80 367 946 546 445 363 990 917 829 490 794 710 361 867 422 88 847 233 701 389 230 381 153 904 445 605 731 0 124 935 765 526 585 95 632 167 358 
271 517 588 466 840 360 601 645 528 880 563 952 454 919 423 362 673 98 677 993 488 526 938 957 481 201 188 673 586 428 605 316 514 316 116 256 481 188 693 571 146 582 70 559 285 105 637 109 159 668 245 795 613 645 937 292 233 248 696 375 356 945 590 354 920 596 145 749 957 270 124 0 314 426 723 447 198 569 539 499 
723 378 704 593 619 953 350 358 347 160 416 737 6 104 587 128 647 241 213 215 476 393 327 889 796 264 979 757 80 983 289 506 809 829 348 441 481 222 72 292 665 241 166 477 589 411 436 717 702 585 928 60 594 351 26 819 578 484 154 528 931 631 999 123 294 993 972 710 316 435 935 314 0 808 309 513 727 417 155 310 
135 205 847 915 388 935 34 141 142 957 64 827 556 867 514 766 765 532 554 566 740 279 564 256 253 346 623 399 590 674 940 857 601 228 846 985 323 833 522 462 444 468 739 502 99 133 715 193 462 442 487 578 601 238 688 471 696 742 882 502 732 264 203 258 548 878 896 13 670 723 765 426 808 0 244 374 279 379 342 911 
311 915 517 967 769 658 682 230 806 527 744 571 272 428 99 639 678 736 458 504 489 496 347 287 721 673 256 947 692 89 159 936 674 967 700 726 798 465 602 424 3 735 47 104 254 632 490 164 107 10 203 61 81 716 905 760 864 394 419 321 24 183 749 352 966 237 585 711 341 292 526 723 309 244 0 829 421 938 666 317 
305 236 67 738 336 782 864 816 778 476 480 449 838 627 321 171 522 250 373 549 787 201 391 939 739 16 713 573 245 328 511 743 143 993 988 782 633 178 752 971 481 663 625 679 383 622 632 100 540 92 151 371 144 477 630 628 698 557 836 641 897 546 771 500 750 403 536 589 443 200 585 447 513 374 829 0 753 536 815 788 
474 384 587 90 457 514 458 607 925 577 601 829 17 278 205 804 444 813 160 412 468 286 182 87 310 176 148 604 829 240 207 964 334 223 4 441 144 439 334 261 49 113 63 122 156 547 879 342 524 383 819 278 918 516 778 312 294 990 586 768 593 817 788 998 146 376 734 535 508 434 95 198 727 279 421 753 0 53 482 731 
666 630 774 642 565 905 345 726 499 129 752 260 457 560 835 249 894 897 647 666 904 381 612 393 751 288 70 45 714 792 476 224 627 175 910 668 792 631 507 214 850 623 407 741 220 387 496 358 230 432 496 425 579 679 436 440 966 238 609 987 539 59 47 148 467 800 971 746 329 880 632 569 417 379 938 536 53 0 355 146 
579 570 385 187 681 855 336 974 505 16 599 65 449 170 400 795 91 119 182 129 278 559 755 547 568 438 612 749 319 828 445 66 115 198 691 907 191 353 176 303 909 942 131 197 588 395 536 183 990 148 990 540 956 523 276 329 988 50 315 359 492 519 586 363 753 647 332 483 989 521 167 539 155 342 666 815 482 355 0 243 
610 635 549 875 743 345 959 286 468 575 269 448 919 603 983 650 549 816 122 743 132 975 630 555 651 405 347 433 122 225 349 990 119 464 545 20 234 255 996 868 1 719 214 467 714 137 783 213 798 446 706 693 87 546 993 573 899 603 183 498 440 315 482 483 284 400 178 215 53 318 358 499 310 911 317 788 731 146 243 0 
