8 4
0 569 691 94 813 407 340 370 
569 0 1 298 822 753 549 377 
691 1 0 664 905 412 434 47 
94 298 664 0 51 210 90 137 
813 822 905 51 0 245 449 385 
407 753 412 210 245 0 981 943 
340 549 434 90 449 981 0 566 
370 377 47 137 385 943 566 0 
0 758 836 169 14 101 967 900 
758 0 940 607 437 957 548 957 
836 940 0 84 604 894 180 136 
169 607 84 0 199 961 184 410 
14 437 604 199 0 7 993 831 
101 957 894 961 7 0 340 785 
967 548 180 184 993 340 0 833 
900 957 136 410 831 785 833 0 
0 277 318 849 710 756 383 591 
277 0 296 500 37 141 555 294 
318 296 0 808 505 707 947 596 
849 500 808 0 941 145 521 473 
710 37 505 941 0 904 740 608 
756 141 707 145 904 0 270 388 
383 555 947 521 740 270 0 625 
591 294 596 473 608 388 625 0 
0 528 295 606 858 954 474 410 
528 0 294 299 501 390 801 3 
295 294 0 993 371 101 875 926 
606 299 993 0 502 231 606 927 
858 501 371 502 0 865 395 160 
954 390 101 231 865 0 673 230 
474 801 875 606 395 673 0 92 
410 3 926 927 160 230 92 0 
0 515 568 736 729 202 161 443 
515 0 143 67 598 609 739 421 
568 143 0 909 504 494 831 993 
736 67 909 0 975 246 677 854 
729 598 504 975 0 756 244 527 
202 609 494 246 756 0 762 266 
161 739 831 677 244 762 0 855 
443 421 993 854 527 266 855 0 
