6 4
0 555 650 868 523 851 
555 0 135 334 321 333 
650 135 0 169 904 551 
868 334 169 0 490 933 
523 321 904 490 0 256 
851 333 551 933 256 0 
0 534 147 605 702 334 
534 0 846 848 173 787 
147 846 0 818 263 243 
605 848 818 0 16 745 
702 173 263 16 0 165 
334 787 243 745 165 0 
0 517 174 692 811 452 
517 0 735 881 196 683 
174 735 0 950 436 148 
692 881 950 0 147 864 
811 196 436 147 0 182 
452 683 148 864 182 0 
0 516 175 472 840 371 
516 0 696 899 143 833 
175 696 0 589 210 79 
472 899 589 0 79 917 
840 143 210 79 0 130 
371 833 79 917 130 0 
0 685 111 548 648 260 
685 0 915 879 142 927 
111 915 0 848 125 177 
548 879 848 0 116 690 
648 142 125 116 0 113 
260 927 177 690 113 0 
