80 2
0 147 534 761 735 506 482 77 902 976 452 875 108 696 934 257 750 798 103 981 938 179 348 729 993 937 256 607 620 480 270 809 727 689 755 563 555 851 635 339 70 793 728 28 862 872 640 970 512 456 150 300 265 575 646 64 491 62 237 448 123 322 719 882 994 301 922 834 34 148 710 303 472 908 771 477 470 752 506 902 
147 0 322 583 383 875 996 198 496 121 210 250 461 577 316 531 964 978 379 400 366 194 253 68 162 191 103 556 797 374 27 813 374 284 936 220 964 613 701 598 337 737 313 588 108 606 405 201 211 658 609 670 160 740 307 633 570 393 933 227 892 330 702 228 618 932 733 324 272 79 554 947 120 212 975 824 933 469 783 767 
534 322 0 674 989 644 512 621 537 485 735 990 686 418 699 465 45 159 857 476 894 577 671 28 669 864 748 840 240 898 333 498 287 424 351 831 573 120 63 650 493 153 335 871 42 646 115 548 97 828 79 756 703 564 578 367 538 678 846 79 413 597 787 122 292 655 668 121 225 616 854 801 785 162 952 296 471 907 466 832 
761 583 674 0 143 721 308 288 844 857 700 929 639 293 432 68 969 928 464 950 431 149 18 473 707 438 198 901 254 100 497 935 96 842 817 100 9 408 60 595 142 778 320 524 340 46 803 215 492 446 228 419 458 201 339 958 299 971 877 972 230 666 977 46 644 314 145 746 171 197 924 370 374 962 857 16 14 653 492 225 
735 383 989 143 0 710 661 414 769 593 555 770 90 121 849 536 989 971 426 349 280 380 212 841 752 31 515 677 978 486 883 244 602 951 836 184 531 459 143 32 596 88 812 480 109 609 639 264 378 147 940 63 780 61 111 725 767 859 223 179 346 146 438 633 741 149 134 401 52 762 606 931 143 129 948 784 816 998 645 238 
506 875 644 721 710 0 375 763 907 668 507 182 649 897 795 806 868 199 954 268 975 711 227 60 557 821 610 377 605 988 435 307 385 402 841 809 201 367 279 482 236 322 213 336 582 306 672 806 992 150 563 299 248 678 843 43 289 537 346 595 561 711 839 623 60 982 950 561 929 312 371 292 504 856 242 833 932 74 582 735 
482 996 512 308 661 375 0 556 292 687 671 116 77 607 891 833 839 481 824 662 109 234 666 525 19 603 467 987 398 946 333 1 563 639 382 993 207 752 943 781 476 836 600 79 699 352 199 382 824 76 639 252 986 393 573 128 93 684 151 343 436 869 109 79 259 780 187 629 199 109 623 86 407 693 139 755 390 16 680 392 
77 198 621 288 414 763 556 0 811 93 463 758 170 530 704 671 891 510 591 839 262 339 850 632 195 634 759 146 910 403 77 703 47 338 695 902 466 462 23 874 529 124 861 337 1 363 340 526 676 306 515 524 1 394 496 279 883 794 577 196 995 42 949 481 527 145 942 140 280 125 991 992 531 180 629 131 304 635 779 354 
902 496 537 844 769 907 292 811 0 717 663 557 371 921 544 436 873 663 517 608 279 650 458 567 255 521 69 325 619 236 306 81 53 675 433 927 298 677 559 823 924 825 444 718 799 982 153 956 960 799 227 637 194 428 586 949 19 317 604 121 661 265 438 178 958 754 104 871 228 845 482 311 425 867 107 479 789 334 936 453 
976 121 485 857 593 668 687 93 717 0 817 706 457 691 377 827 41 186 922 814 363 820 704 782 523 912 1000 793 407 424 684 922 147 711 173 33 145 405 478 930 704 503 871 502 99 684 727 873 126 849 174 42 279 263 13 163 814 126 235 691 640 487 956 941 231 134 641 529 26 230 452 166 159 977 281 343 23 971 771 278 
452 210 735 700 555 507 671 463 663 817 0 525 737 409 368 416 939 174 427 403 555 753 563 987 137 129 438 425 464 366 252 142 261 127 475 852 358 568 916 805 696 140 721 778 111 967 787 286 475 374 819 632 18 46 259 796 898 815 986 196 910 776 783 174 316 703 583 324 818 186 407 698 266 612 672 422 286 379 49 92 
875 250 990 929 770 182 116 758 557 706 525 0 495 368 708 376 960 731 108 431 349 148 71 329 932 284 15 386 94 850 347 126 831 897 27 594 634 848 662 902 697 701 72 273 146 61 581 943 421 875 186 592 430 987 934 591 887 340 968 332 214 564 489 878 230 946 655 548 623 507 60 664 841 104 375 927 312 575 232 780 
108 461 686 639 90 649 77 170 371 457 737 495 0 917 397 885 910 394 99 813 895 929 158 487 945 777 823 984 576 592 295 594 904 345 30 325 851 99 585 765 235 999 559 644 23 330 471 753 457 514 711 658 714 725 381 551 205 667 791 528 182 522 226 313 517 540 562 639 561 930 905 198 615 36 484 743 985 129 913 723 
696 577 418 293 121 897 607 530 921 691 409 368 917 0 859 690 574 318 699 707 634 497 120 287 475 41 53 902 966 499 840 880 270 263 408 221 343 310 169 263 945 656 243 125 536 612 363 362 901 305 405 282 983 432 525 107 537 731 915 147 986 586 712 865 969 345 60 636 572 690 897 400 115 836 711 438 139 249 358 656 
934 316 699 432 849 795 891 704 544 377 368 708 397 859 0 18 898 818 629 81 475 224 560 11 57 904 42 481 764 534 838 961 119 220 822 169 233 453 455 320 935 21 854 39 930 60 976 189 271 18 433 56 406 723 46 685 313 899 658 554 232 170 113 666 801 956 717 706 442 292 500 528 464 566 862 271 653 589 361 100 
257 531 465 68 536 806 833 671 436 827 416 376 885 690 18 0 790 703 918 783 381 804 469 994 954 86 490 344 384 212 3 256 447 999 933 8 172 544 558 3 555 373 46 662 496 486 895 959 92 768 274 969 321 248 411 12 230 853 488 338 355 485 91 629 861 51 792 197 821 742 934 958 202 190 636 613 762 445 949 372 
750 964 45 969 989 868 839 891 873 41 939 960 910 574 898 790 0 548 97 281 801 752 795 52 233 410 32 924 567 613 309 995 26 32 796 158 994 574 805 961 156 778 644 764 990 741 528 42 889 658 690 20 331 316 476 360 921 412 277 663 845 681 203 545 51 914 684 9 949 882 464 135 929 93 179 919 606 347 415 898 
798 978 159 928 971 199 481 510 663 186 174 731 394 318 818 703 548 0 382 59 484 764 547 492 72 822 809 891 163 232 307 945 942 230 997 391 250 595 868 761 488 456 521 801 633 241 582 12 688 636 594 479 309 35 910 384 65 917 335 130 253 896 13 857 523 461 482 900 918 365 969 103 430 833 805 139 273 304 549 34 
103 379 857 464 426 954 824 591 517 922 427 108 99 699 629 918 97 382 0 946 75 225 806 263 498 470 810 888 197 606 141 203 882 899 738 70 239 786 262 924 523 184 582 921 476 509 139 568 733 65 20 364 152 898 652 947 387 751 171 467 303 216 625 469 315 871 116 561 782 515 806 737 403 950 554 172 631 617 163 62 
981 400 476 950 349 268 662 839 608 814 403 431 813 707 81 783 281 59 946 0 181 42 319 963 486 420 252 604 134 744 922 496 719 710 146 823 893 276 315 365 909 316 900 569 153 249 975 56 18 973 454 986 240 489 720 581 788 657 378 636 540 246 645 927 973 761 609 165 753 79 660 506 910 785 573 608 858 390 373 380 
938 366 894 431 280 975 109 262 279 363 555 349 895 634 475 381 801 484 75 181 0 545 405 615 28 278 581 442 749 660 263 520 755 985 918 417 723 126 527 953 577 60 888 402 176 411 814 778 447 292 250 981 713 217 376 486 637 608 621 717 309 1 232 385 992 654 683 246 2 51 417 853 834 27 213 288 357 612 257 345 
179 194 577 149 380 711 234 339 650 820 753 148 929 497 224 804 752 764 225 42 545 0 422 152 453 596 610 937 850 605 889 844 745 551 930 636 73 430 996 207 537 77 611 949 804 536 730 20 394 435 408 638 151 542 295 801 961 952 776 462 379 859 357 518 373 686 714 124 41 717 780 216 14 764 189 725 887 667 144 134 
348 253 671 18 212 227 666 850 458 704 563 71 158 120 560 469 795 547 806 319 405 422 0 126 884 511 545 234 890 156 237 554 737 149 259 220 135 764 648 486 973 108 932 143 320 260 441 547 522 159 426 951 206 345 836 399 26 627 204 144 368 758 970 644 174 522 451 568 718 885 138 284 740 639 543 310 672 846 960 254 
729 68 28 473 841 60 525 632 567 782 987 329 487 287 11 994 52 492 263 963 615 152 126 0 790 737 39 899 274 19 122 183 545 232 425 629 325 170 409 143 220 241 154 143 949 215 724 752 588 509 641 508 970 187 12 718 719 270 746 715 406 758 388 520 975 668 780 241 658 14 357 988 701 164 777 310 263 788 556 365 
993 162 669 707 752 557 19 195 255 523 137 932 945 475 57 954 233 72 498 486 28 453 884 790 0 237 945 638 421 902 524 185 534 38 1000 761 704 76 907 158 818 83 579 17 560 137 711 411 333 768 73 728 582 13 326 363 516 144 979 746 984 196 496 714 95 729 490 970 421 189 61 702 513 675 740 26 36 312 286 781 
937 191 864 438 31 821 603 634 521 912 129 284 777 41 904 86 410 822 470 420 278 596 511 737 237 0 958 839 972 67 204 496 871 663 499 113 91 532 516 983 237 996 566 260 468 257 539 385 823 929 990 121 933 246 741 904 121 964 966 358 721 291 78 892 973 379 229 959 327 825 978 253 892 991 810 147 503 461 898 244 
256 103 748 198 515 610 467 759 69 1000 438 15 823 53 42 490 32 809 810 252 581 610 545 39 945 958 0 474 582 335 194 231 958 415 939 38 78 887 665 552 986 947 216 861 266 348 954 473 12 311 712 997 925 738 281 59 802 447 966 612 798 231 308 837 383 365 598 894 432 69 290 546 386 428 283 595 752 535 690 413 
607 556 840 901 677 377 987 146 325 793 425 386 984 902 481 344 924 891 888 604 442 937 234 899 638 839 474 0 478 846 861 120 819 517 206 890 950 912 488 249 717 711 594 325 423 75 874 809 751 516 551 587 16 210 453 736 684 799 507 201 153 962 955 131 481 812 388 630 147 121 873 212 358 796 513 2 793 468 713 381 
620 797 240 254 978 605 398 910 619 407 464 94 576 966 764 384 567 163 197 134 749 850 890 274 421 972 582 478 0 513 84 913 265 960 310 444 328 427 983 955 168 107 888 436 810 337 227 549 186 479 560 367 416 173 147 94 590 585 546 376 956 848 813 402 514 496 503 292 824 953 378 514 384 565 839 806 730 513 811 746 
480 374 898 100 486 988 946 403 236 424 366 850 592 499 534 212 613 232 606 744 660 605 156 19 902 67 335 846 513 0 315 160 935 498 361 713 669 986 692 395 15 639 215 953 654 219 754 906 981 967 860 475 67 439 372 395 508 156 462 225 671 645 319 512 797 587 83 489 362 953 145 374 528 359 512 711 135 863 404 662 
270 27 333 497 883 435 333 77 306 684 252 347 295 840 838 3 309 307 141 922 263 889 237 122 524 204 194 861 84 315 0 141 17 287 138 538 775 187 96 413 74 802 800 886 672 134 609 493 263 1000 145 217 166 193 560 712 971 505 220 321 317 837 92 469 252 668 11 536 602 581 515 243 193 696 493 189 692 346 845 523 
809 813 498 935 244 307 1 703 81 922 142 126 594 880 961 256 995 945 203 496 520 844 554 183 185 496 231 120 913 160 141 0 388 607 849 881 598 475 116 726 219 858 753 527 431 527 714 798 869 37 235 707 167 511 427 499 733 278 118 574 320 417 752 255 103 818 116 474 947 328 246 61 802 212 450 312 179 993 891 546 
727 374 287 96 602 385 563 47 53 147 261 831 904 270 119 447 26 942 882 719 755 745 737 545 534 871 958 819 265 935 17 388 0 34 558 817 185 555 233 5 26 585 773 336 179 132 217 820 317 751 519 466 965 287 920 927 519 347 919 859 968 246 889 100 182 894 302 959 315 183 615 228 452 293 290 476 860 956 110 755 
689 284 424 842 951 402 639 338 675 711 127 897 345 263 220 999 32 230 899 710 985 551 149 232 38 663 415 517 960 498 287 607 34 0 383 991 296 162 745 780 773 44 145 820 15 175 343 262 380 675 360 162 95 323 173 637 706 768 19 820 514 554 692 800 707 341 517 385 984 196 788 368 301 357 766 168 623 63 689 216 
755 936 351 817 836 841 382 695 433 173 475 27 30 408 822 933 796 997 738 146 918 930 259 425 1000 499 939 206 310 361 138 849 558 383 0 12 4 452 661 306 81 286 241 118 90 976 534 84 952 29 387 576 323 562 468 442 103 673 386 83 432 384 855 597 574 672 171 846 487 459 969 692 556 307 929 669 829 324 112 984 
563 220 831 100 184 809 993 902 927 33 852 594 325 221 169 8 158 391 70 823 417 636 220 629 761 113 38 890 444 713 538 881 817 991 12 0 188 394 311 153 665 648 440 697 314 277 448 693 731 810 460 896 602 967 782 549 311 252 164 725 943 462 343 846 274 446 882 887 442 570 453 74 69 629 877 323 332 672 300 46 
555 964 573 9 531 201 207 466 298 145 358 634 851 343 233 172 994 250 239 893 723 73 135 325 704 91 78 950 328 669 775 598 185 296 4 188 0 750 115 727 614 430 404 644 499 755 547 641 25 465 988 664 692 530 294 689 474 613 597 580 130 745 7 30 215 929 46 671 990 658 73 267 733 560 81 893 579 613 774 936 
851 613 120 408 459 367 752 462 677 405 568 848 99 310 453 544 574 595 786 276 126 430 764 170 76 532 887 912 427 986 187 475 555 162 452 394 750 0 457 386 548 144 866 539 477 717 193 336 104 596 39 967 644 377 257 401 278 619 700 294 750 866 434 560 705 97 128 231 186 63 873 658 164 91 914 814 192 681 468 159 
635 701 63 60 143 279 943 23 559 478 916 662 585 169 455 558 805 868 262 315 527 996 648 409 907 516 665 488 983 692 96 116 233 745 661 311 115 457 0 198 124 68 480 764 734 43 250 990 339 654 254 801 405 452 457 799 296 879 253 152 656 383 911 479 51 688 837 13 543 933 24 176 207 337 569 63 695 916 939 97 
339 598 650 595 32 482 781 874 823 930 805 902 765 263 320 3 961 761 924 365 953 207 486 143 158 983 552 249 955 395 413 726 5 780 306 153 727 386 198 0 278 254 102 983 483 708 393 686 594 449 577 817 68 863 647 720 706 512 310 584 305 546 428 602 312 46 123 789 600 592 813 236 228 296 452 667 581 793 25 219 
70 337 493 142 596 236 476 529 924 704 696 697 235 945 935 555 156 488 523 909 577 537 973 220 818 237 986 717 168 15 74 219 26 773 81 665 614 548 124 278 0 159 293 978 696 324 171 803 382 715 234 904 36 152 843 764 760 275 65 451 101 967 160 866 937 823 419 339 399 398 433 290 263 449 108 450 390 478 543 769 
793 737 153 778 88 322 836 124 825 503 140 701 999 656 21 373 778 456 184 316 60 77 108 241 83 996 947 711 107 639 802 858 585 44 286 648 430 144 68 254 159 0 788 564 660 380 18 800 844 633 668 302 111 281 34 542 527 989 799 871 311 830 352 698 890 616 527 122 100 762 352 699 936 622 215 314 8 295 70 18 
728 313 335 320 812 213 600 861 444 871 721 72 559 243 854 46 644 521 582 900 888 611 932 154 579 566 216 594 888 215 800 753 773 145 241 440 404 866 480 102 293 788 0 950 908 520 378 110 693 970 627 433 266 859 572 990 625 434 911 377 187 526 207 220 775 929 535 181 410 740 623 60 149 386 471 484 519 241 647 670 
28 588 871 524 480 336 79 337 718 502 778 273 644 125 39 662 764 801 921 569 402 949 143 143 17 260 861 325 436 953 886 527 336 820 118 697 644 539 764 983 978 564 950 0 694 807 950 843 182 883 4 883 634 879 383 588 189 980 36 722 728 111 106 517 614 898 576 712 782 145 827 767 843 956 616 598 492 341 71 354 
862 108 42 340 109 582 699 1 799 99 111 146 23 536 930 496 990 633 476 153 176 804 320 949 560 468 266 423 810 654 672 431 179 15 90 314 499 477 734 483 696 660 908 694 0 645 360 703 479 616 529 289 346 19 792 469 595 970 184 466 292 62 563 167 167 137 1 655 838 975 397 68 29 806 880 675 214 538 983 521 
872 606 646 46 609 306 352 363 982 684 967 61 330 612 60 486 741 241 509 249 411 536 260 215 137 257 348 75 337 219 134 527 132 175 976 277 755 717 43 708 324 380 520 807 645 0 53 18 558 569 512 944 719 553 126 732 105 296 885 241 541 894 874 70 921 481 861 113 299 137 124 283 673 142 218 920 430 132 412 497 
640 405 115 803 639 672 199 340 153 727 787 581 471 363 976 895 528 582 139 975 814 730 441 724 711 539 954 874 227 754 609 714 217 343 534 448 547 193 250 393 171 18 378 950 360 53 0 364 751 925 244 859 627 867 470 850 470 79 15 822 892 601 594 448 844 622 937 875 411 560 781 789 348 295 581 44 944 221 981 590 
970 201 548 215 264 806 382 526 956 873 286 943 753 362 189 959 42 12 568 56 778 20 547 752 411 385 473 809 549 906 493 798 820 262 84 693 641 336 990 686 803 800 110 843 703 18 364 0 767 89 464 804 641 355 415 697 964 21 650 753 74 897 851 581 622 107 666 307 286 358 99 611 70 882 511 145 742 666 711 727 
512 211 97 492 378 992 824 676 960 126 475 421 457 901 271 92 889 688 733 18 447 394 522 588 333 823 12 751 186 981 263 869 317 380 952 731 25 104 339 594 382 844 693 182 479 558 751 767 0 158 500 527 200 979 758 742 974 602 743 866 584 756 88 744 622 770 470 287 505 275 438 672 953 499 884 697 621 822 601 593 
456 658 828 446 147 150 76 306 799 849 374 875 514 305 18 768 658 636 65 973 292 435 159 509 768 929 311 516 479 967 1000 37 751 675 29 810 465 596 654 449 715 633 970 883 616 569 925 89 158 0 329 656 549 139 698 669 907 347 154 15 188 142 716 467 754 61 937 392 527 590 15 520 702 368 891 856 176 784 772 907 
150 609 79 228 940 563 639 515 227 174 819 186 711 405 433 274 690 594 20 454 250 408 426 641 73 990 712 551 560 860 145 235 519 360 387 460 988 39 254 577 234 668 627 4 529 512 244 464 500 329 0 459 996 726 63 92 570 841 939 254 624 689 862 173 947 297 580 480 954 782 693 923 368 397 279 298 357 857 675 695 
300 670 756 419 63 299 252 524 637 42 632 592 658 282 56 969 20 479 364 986 981 638 951 508 728 121 997 587 367 475 217 707 466 162 576 896 664 967 801 817 904 302 433 883 289 944 859 804 527 656 459 0 448 840 462 381 890 797 892 355 463 420 911 461 263 55 988 751 570 4 143 956 61 416 178 291 924 169 224 636 
265 160 703 458 780 248 986 1 194 279 18 430 714 983 406 321 331 309 152 240 713 151 206 970 582 933 925 16 416 67 166 167 965 95 323 602 692 644 405 68 36 111 266 634 346 719 627 641 200 549 996 448 0 445 666 131 707 697 377 32 495 584 84 553 44 662 766 420 296 385 314 92 567 789 948 986 9 545 690 806 
575 740 564 201 61 678 393 394 428 263 46 987 725 432 723 248 316 35 898 489 217 542 345 187 13 246 738 210 173 439 193 511 287 323 562 967 530 377 452 863 152 281 859 879 19 553 867 355 979 139 726 840 445 0 723 483 899 76 451 881 952 249 8 742 467 281 884 864 705 521 622 173 214 706 507 272 527 219 405 907 
646 307 578 339 111 843 573 496 586 13 259 934 381 525 46 411 476 910 652 720 376 295 836 12 326 741 281 453 147 372 560 427 920 173 468 782 294 257 457 647 843 34 572 383 792 126 470 415 758 698 63 462 666 723 0 710 650 694 127 986 933 906 610 99 678 547 346 294 985 362 573 679 576 934 165 292 603 174 16 218 
64 633 367 958 725 43 128 279 949 163 796 591 551 107 685 12 360 384 947 581 486 801 399 718 363 904 59 736 94 395 712 499 927 637 442 549 689 401 799 720 764 542 990 588 469 732 850 697 742 669 92 381 131 483 710 0 913 364 541 774 321 142 334 192 672 406 689 205 512 360 113 928 890 344 1000 68 413 367 272 392 
491 570 538 299 767 289 93 883 19 814 898 887 205 537 313 230 921 65 387 788 637 961 26 719 516 121 802 684 590 508 971 733 519 706 103 311 474 278 296 706 760 527 625 189 595 105 470 964 974 907 570 890 707 899 650 913 0 692 69 854 584 670 778 748 393 536 834 241 734 590 494 125 632 390 849 910 820 586 165 887 
62 393 678 971 859 537 684 794 317 126 815 340 667 731 899 853 412 917 751 657 608 952 627 270 144 964 447 799 585 156 505 278 347 768 673 252 613 619 879 512 275 989 434 980 970 296 79 21 602 347 841 797 697 76 694 364 692 0 473 832 238 907 774 830 3 706 98 733 17 665 54 760 921 491 657 284 531 989 244 889 
237 933 846 877 223 346 151 577 604 235 986 968 791 915 658 488 277 335 171 378 621 776 204 746 979 966 966 507 546 462 220 118 919 19 386 164 597 700 253 310 65 799 911 36 184 885 15 650 743 154 939 892 377 451 127 541 69 473 0 365 91 20 669 614 187 519 427 412 233 576 687 551 189 565 805 491 284 671 300 161 
448 227 79 972 179 595 343 196 121 691 196 332 528 147 554 338 663 130 467 636 717 462 144 715 746 358 612 201 376 225 321 574 859 820 83 725 580 294 152 584 451 871 377 722 466 241 822 753 866 15 254 355 32 881 986 774 854 832 365 0 333 822 445 724 84 456 541 677 212 939 908 137 241 674 296 787 943 529 879 780 
123 892 413 230 346 561 436 995 661 640 910 214 182 986 232 355 845 253 303 540 309 379 368 406 984 721 798 153 956 671 317 320 968 514 432 943 130 750 656 305 101 311 187 728 292 541 892 74 584 188 624 463 495 952 933 321 584 238 91 333 0 28 3 43 545 732 23 327 61 978 208 662 819 301 976 25 690 119 474 677 
322 330 597 666 146 711 869 42 265 487 776 564 522 586 170 485 681 896 216 246 1 859 758 758 196 291 231 962 848 645 837 417 246 554 384 462 745 866 383 546 967 830 526 111 62 894 601 897 756 142 689 420 584 249 906 142 670 907 20 822 28 0 831 87 645 945 843 534 941 217 697 560 757 742 697 852 157 361 942 799 
719 702 787 977 438 839 109 949 438 956 783 489 226 712 113 91 203 13 625 645 232 357 970 388 496 78 308 955 813 319 92 752 889 692 855 343 7 434 911 428 160 352 207 106 563 874 594 851 88 716 862 911 84 8 610 334 778 774 669 445 3 831 0 825 365 948 275 658 783 328 416 611 436 128 438 814 915 787 536 120 
882 228 122 46 633 623 79 481 178 941 174 878 313 865 666 629 545 857 469 927 385 518 644 520 714 892 837 131 402 512 469 255 100 800 597 846 30 560 479 602 866 698 220 517 167 70 448 581 744 467 173 461 553 742 99 192 748 830 614 724 43 87 825 0 923 675 10 685 651 441 862 290 200 275 967 140 61 120 499 808 
994 618 292 644 741 60 259 527 958 231 316 230 517 969 801 861 51 523 315 973 992 373 174 975 95 973 383 481 514 797 252 103 182 707 574 274 215 705 51 312 937 890 775 614 167 921 844 622 622 754 947 263 44 467 678 672 393 3 187 84 545 645 365 923 0 309 113 534 213 26 480 560 482 672 162 972 721 77 567 652 
301 932 655 314 149 982 780 145 754 134 703 946 540 345 956 51 914 461 871 761 654 686 522 668 729 379 365 812 496 587 668 818 894 341 672 446 929 97 688 46 823 616 929 898 137 481 622 107 770 61 297 55 662 281 547 406 536 706 519 456 732 945 948 675 309 0 782 858 385 924 399 160 147 991 169 941 866 959 512 649 
922 733 668 145 134 950 187 942 104 641 583 655 562 60 717 792 684 482 116 609 683 714 451 780 490 229 598 388 503 83 11 116 302 517 171 882 46 128 837 123 419 527 535 576 1 861 937 666 470 937 580 988 766 884 346 689 834 98 427 541 23 843 275 10 113 782 0 664 257 307 575 683 601 799 176 311 384 530 293 542 
834 324 121 746 401 561 629 140 871 529 324 548 639 636 706 197 9 900 561 165 246 124 568 241 970 959 894 630 292 489 536 474 959 385 846 887 671 231 13 789 339 122 181 712 655 113 875 307 287 392 480 751 420 864 294 205 241 733 412 677 327 534 658 685 534 858 664 0 301 860 434 689 123 519 77 906 246 932 143 404 
34 272 225 171 52 929 199 280 228 26 818 623 561 572 442 821 949 918 782 753 2 41 718 658 421 327 432 147 824 362 602 947 315 984 487 442 990 186 543 600 399 100 410 782 838 299 411 286 505 527 954 570 296 705 985 512 734 17 233 212 61 941 783 651 213 385 257 301 0 212 844 140 576 587 54 441 67 373 596 970 
148 79 616 197 762 312 109 125 845 230 186 507 930 690 292 742 882 365 515 79 51 717 885 14 189 825 69 121 953 953 581 328 183 196 459 570 658 63 933 592 398 762 740 145 975 137 560 358 275 590 782 4 385 521 362 360 590 665 576 939 978 217 328 441 26 924 307 860 212 0 91 760 69 349 412 300 365 176 518 332 
710 554 854 924 606 371 623 991 482 452 407 60 905 897 500 934 464 969 806 660 417 780 138 357 61 978 290 873 378 145 515 246 615 788 969 453 73 873 24 813 433 352 623 827 397 124 781 99 438 15 693 143 314 622 573 113 494 54 687 908 208 697 416 862 480 399 575 434 844 91 0 816 601 768 568 131 923 124 45 749 
303 947 801 370 931 292 86 992 311 166 698 664 198 400 528 958 135 103 737 506 853 216 284 988 702 253 546 212 514 374 243 61 228 368 692 74 267 658 176 236 290 699 60 767 68 283 789 611 672 520 923 956 92 173 679 928 125 760 551 137 662 560 611 290 560 160 683 689 140 760 816 0 188 367 485 510 880 353 500 289 
472 120 785 374 143 504 407 531 425 159 266 841 615 115 464 202 929 430 403 910 834 14 740 701 513 892 386 358 384 528 193 802 452 301 556 69 733 164 207 228 263 936 149 843 29 673 348 70 953 702 368 61 567 214 576 890 632 921 189 241 819 757 436 200 482 147 601 123 576 69 601 188 0 214 45 544 399 283 5 570 
908 212 162 962 129 856 693 180 867 977 612 104 36 836 566 190 93 833 950 785 27 764 639 164 675 991 428 796 565 359 696 212 293 357 307 629 560 91 337 296 449 622 386 956 806 142 295 882 499 368 397 416 789 706 934 344 390 491 565 674 301 742 128 275 672 991 799 519 587 349 768 367 214 0 972 110 500 304 373 925 
771 975 952 857 948 242 139 629 107 281 672 375 484 711 862 636 179 805 554 573 213 189 543 777 740 810 283 513 839 512 493 450 290 766 929 877 81 914 569 452 108 215 471 616 880 218 581 511 884 891 279 178 948 507 165 1000 849 657 805 296 976 697 438 967 162 169 176 77 54 412 568 485 45 972 0 704 311 419 233 820 
477 824 296 16 784 833 755 131 479 343 422 927 743 438 271 613 919 139 172 608 288 725 310 310 26 147 595 2 806 711 189 312 476 168 669 323 893 814 63 667 450 314 484 598 675 920 44 145 697 856 298 291 986 272 292 68 910 284 491 787 25 852 814 140 972 941 311 906 441 300 131 510 544 110 704 0 158 720 808 409 
470 933 471 14 816 932 390 304 789 23 286 312 985 139 653 762 606 273 631 858 357 887 672 263 36 503 752 793 730 135 692 179 860 623 829 332 579 192 695 581 390 8 519 492 214 430 944 742 621 176 357 924 9 527 603 413 820 531 284 943 690 157 915 61 721 866 384 246 67 365 923 880 399 500 311 158 0 233 89 641 
752 469 907 653 998 74 16 635 334 971 379 575 129 249 589 445 347 304 617 390 612 667 846 788 312 461 535 468 513 863 346 993 956 63 324 672 613 681 916 793 478 295 241 341 538 132 221 666 822 784 857 169 545 219 174 367 586 989 671 529 119 361 787 120 77 959 530 932 373 176 124 353 283 304 419 720 233 0 353 702 
506 783 466 492 645 582 680 779 936 771 49 232 913 358 361 949 415 549 163 373 257 144 960 556 286 898 690 713 811 404 845 891 110 689 112 300 774 468 939 25 543 70 647 71 983 412 981 711 601 772 675 224 690 405 16 272 165 244 300 879 474 942 536 499 567 512 293 143 596 518 45 500 5 373 233 808 89 353 0 487 
902 767 832 225 238 735 392 354 453 278 92 780 723 656 100 372 898 34 62 380 345 134 254 365 781 244 413 381 746 662 523 546 755 216 984 46 936 159 97 219 769 18 670 354 521 497 590 727 593 907 695 636 806 907 218 392 887 889 161 780 677 799 120 808 652 649 542 404 970 332 749 289 570 925 820 409 641 702 487 0 
0 339 857 824 564 48 895 218 504 548 992 720 706 722 619 782 507 951 121 211 923 172 248 251 901 673 183 478 164 165 604 241 844 408 358 543 216 822 348 894 874 572 385 739 31 746 592 968 304 452 649 909 394 953 828 236 616 585 34 780 664 834 811 912 605 181 777 572 499 435 838 830 480 635 379 560 925 732 933 132 
339 0 891 838 731 458 490 532 912 239 921 108 920 747 489 590 355 86 67 487 806 235 939 48 219 120 646 483 459 100 156 448 916 690 839 655 648 626 402 842 46 531 174 476 3 364 871 8 192 828 957 769 771 606 97 917 905 136 273 525 652 623 261 660 18 800 412 13 855 628 943 851 862 570 7 868 328 443 126 214 
857 891 0 741 124 95 494 955 447 588 535 832 847 643 83 988 11 719 946 799 289 198 591 348 825 113 124 95 16 183 758 56 945 764 869 274 679 603 315 857 504 298 363 538 641 689 367 692 687 523 632 110 263 488 495 403 441 593 679 404 788 452 579 668 20 900 856 875 711 712 439 738 304 598 680 122 612 290 546 216 
824 838 741 0 597 913 742 775 832 642 156 284 528 400 694 96 64 904 345 34 404 855 380 842 662 357 158 213 402 131 646 262 811 99 484 998 569 320 159 63 994 903 76 298 667 647 841 544 702 374 824 150 648 833 340 477 11 370 604 8 93 904 265 176 950 159 161 773 457 972 750 4 892 461 905 124 8 441 385 614 
564 731 124 597 0 32 848 583 849 685 861 438 736 932 43 948 548 348 644 459 898 89 714 424 976 161 521 536 178 389 444 344 257 817 355 593 268 718 955 816 88 974 225 952 389 283 449 446 666 950 88 469 3 302 806 420 285 830 497 629 651 910 136 218 318 502 907 163 542 151 124 831 216 679 179 579 440 749 954 376 
48 458 95 913 32 0 870 66 310 898 802 712 123 640 856 759 269 245 914 590 910 234 121 257 797 573 222 552 994 690 405 944 774 995 164 741 530 317 312 587 781 20 398 309 53 359 836 561 293 754 604 874 239 450 985 477 862 56 467 17 651 751 841 112 738 61 172 843 617 963 713 358 802 385 301 733 760 489 774 337 
895 490 494 742 848 870 0 620 654 336 918 715 528 987 906 320 198 81 415 784 196 253 405 312 785 823 310 91 605 424 980 488 984 300 961 139 990 113 242 182 415 623 693 889 612 69 928 757 597 565 257 267 208 511 289 392 347 645 471 150 730 435 808 610 867 405 232 931 984 826 223 365 557 922 651 255 743 401 707 81 
218 532 955 775 583 66 620 0 612 148 403 979 660 641 566 291 523 125 270 495 976 218 857 646 636 950 775 797 733 92 884 516 490 968 206 361 315 819 180 885 270 408 474 950 898 549 298 561 920 908 916 628 924 633 784 360 25 355 832 754 536 452 747 959 626 19 580 327 167 310 889 193 671 999 191 248 263 384 63 258 
504 912 447 832 849 310 654 612 0 215 264 914 88 934 599 796 38 252 989 559 141 170 124 466 168 53 120 284 530 838 817 822 937 20 904 715 308 319 675 118 371 274 226 969 627 353 351 442 826 898 410 795 127 186 868 531 5 156 872 623 8 714 127 163 77 597 2 855 577 300 73 980 42 432 660 23 815 284 449 864 
548 239 588 642 685 898 336 148 215 0 471 453 386 508 190 384 324 622 761 354 156 94 793 491 234 91 502 871 520 274 514 245 199 337 707 316 117 460 369 44 822 874 935 648 877 897 964 848 695 911 761 699 886 391 348 554 410 412 79 536 871 641 628 798 400 946 605 99 11 622 981 818 807 925 312 27 634 641 841 275 
992 921 535 156 861 802 918 403 264 471 0 931 497 656 458 973 149 490 769 423 652 662 637 199 559 604 491 160 185 961 790 447 354 849 17 945 506 797 501 83 611 518 20 456 870 242 950 812 971 969 573 942 77 455 140 713 747 740 909 726 164 65 76 55 261 52 524 42 650 634 183 596 979 443 434 925 785 405 309 548 
720 108 832 284 438 712 715 979 914 453 931 0 159 363 340 661 440 861 1 536 212 328 593 965 373 134 821 382 615 717 385 68 429 957 959 423 419 47 160 577 789 921 105 510 436 712 174 594 154 262 598 268 448 799 496 329 795 917 529 945 674 328 917 811 791 106 947 791 444 975 729 563 976 115 466 394 536 594 665 200 
706 920 847 528 736 123 528 660 88 386 497 159 0 641 703 1000 359 439 461 700 1 471 658 504 172 188 952 656 797 626 707 629 436 294 800 692 157 714 735 432 569 361 977 593 8 978 679 835 227 503 41 721 849 252 771 586 611 694 368 464 339 822 186 991 952 194 207 707 819 45 224 385 732 640 264 811 998 903 989 563 
722 747 643 400 932 640 987 641 934 508 656 363 641 0 632 274 688 331 121 131 899 97 790 239 683 467 916 958 558 105 217 978 175 197 32 285 240 41 852 396 725 352 926 988 561 651 262 435 645 878 455 271 845 928 222 357 169 142 884 198 763 288 174 847 828 33 624 352 972 981 914 641 498 574 971 860 518 902 720 891 
619 489 83 694 43 856 906 566 599 190 458 340 703 632 0 859 497 220 130 710 922 289 840 338 479 843 321 980 269 226 278 254 391 633 605 400 230 842 871 451 497 200 102 403 276 748 747 639 745 78 965 903 975 789 186 825 85 239 911 778 707 888 217 601 98 42 176 295 709 175 760 745 667 938 583 695 325 767 226 1000 
782 590 988 96 948 759 320 291 796 384 973 661 1000 274 859 0 182 765 811 302 831 822 483 109 401 61 727 951 386 882 169 567 196 924 826 734 483 850 218 122 98 776 62 49 765 123 158 440 213 567 758 537 414 237 493 678 46 181 267 15 532 435 381 671 890 16 180 145 994 630 736 751 302 384 553 909 877 712 389 389 
507 355 11 64 548 269 198 523 38 324 149 440 359 688 497 182 0 633 683 955 568 547 213 516 800 640 397 241 411 931 231 831 217 190 105 760 230 75 599 385 121 484 133 22 26 951 922 350 987 756 700 789 24 380 706 21 887 877 745 30 240 175 581 382 239 94 797 87 34 85 880 597 147 847 53 605 72 67 635 997 
951 86 719 904 348 245 81 125 252 622 490 861 439 331 220 765 633 0 332 427 728 265 760 929 453 548 639 906 567 600 220 177 589 5 143 550 984 948 669 668 582 217 483 65 657 63 935 63 644 814 995 356 174 601 640 25 860 663 397 162 187 700 711 959 999 661 873 69 162 711 678 991 16 102 165 882 867 753 513 942 
121 67 946 345 644 914 415 270 989 761 769 1 461 121 130 811 683 332 0 177 346 803 485 639 82 108 347 462 926 313 453 492 66 225 941 42 169 343 732 928 471 573 508 585 892 355 823 974 260 354 154 373 791 925 714 795 992 937 742 110 454 71 576 209 836 87 578 937 32 510 660 951 277 683 888 13 17 196 889 297 
211 487 799 34 459 590 784 495 559 354 423 536 700 131 710 302 955 427 177 0 521 760 956 235 700 241 391 6 250 225 817 446 606 338 623 997 649 364 90 317 407 870 346 812 689 703 897 110 171 984 997 79 716 242 192 357 125 602 280 911 194 962 518 993 109 607 962 795 775 287 371 288 965 676 90 114 255 513 538 642 
923 806 289 404 898 910 196 976 141 156 652 212 1 899 922 831 568 728 346 521 0 845 336 563 381 353 458 943 862 221 140 319 975 72 57 12 604 366 537 611 482 467 241 896 183 814 879 804 799 618 271 385 487 52 339 389 165 509 898 595 66 852 474 413 745 855 283 440 264 745 863 901 512 286 139 206 66 467 838 882 
172 235 198 855 89 234 253 218 170 94 662 328 471 97 289 822 547 265 803 760 845 0 497 861 827 819 594 165 748 964 627 449 470 711 100 415 663 739 578 542 365 442 118 24 117 294 685 357 1 133 141 222 1 247 543 782 445 753 220 506 10 616 811 784 249 335 393 324 845 710 813 157 28 317 268 308 656 272 698 12 
248 939 591 380 714 121 405 857 124 793 637 593 658 790 840 483 213 760 485 956 336 497 0 424 88 22 174 116 950 398 416 29 466 834 910 987 321 915 49 307 82 371 800 149 977 783 919 385 328 960 356 81 313 841 374 48 515 104 529 16 17 667 935 715 858 86 881 102 943 669 567 537 405 141 823 175 339 36 780 387 
251 48 348 842 424 257 312 646 466 491 199 965 504 239 338 109 516 929 639 235 563 861 424 0 599 112 741 652 917 224 608 426 132 438 983 959 723 402 192 849 35 301 325 151 760 666 365 936 399 177 830 681 252 343 217 468 731 500 167 354 574 308 388 914 338 349 530 665 25 142 745 295 411 897 990 644 934 24 578 136 
901 219 825 662 976 797 785 636 168 234 559 373 172 683 479 401 800 453 82 700 381 827 88 599 0 759 13 831 832 140 101 164 867 853 385 974 469 111 418 364 196 678 377 807 778 258 178 277 164 161 136 695 996 642 762 512 416 108 29 398 1000 116 340 399 60 970 329 152 552 530 496 183 969 559 953 562 277 249 870 64 
673 120 113 357 161 573 823 950 53 91 604 134 188 467 843 61 640 548 108 241 353 819 22 112 759 0 17 143 149 427 110 198 447 854 737 417 780 833 693 258 79 365 487 372 674 818 326 702 958 160 119 255 432 776 117 277 414 601 365 366 515 321 173 514 54 843 219 876 322 274 17 595 210 604 344 673 961 429 907 932 
183 646 124 158 521 222 310 775 120 502 491 821 952 916 321 727 397 639 347 391 458 594 174 741 13 17 0 802 17 536 197 578 249 468 146 71 734 438 477 172 966 180 575 788 881 621 133 144 662 279 47 132 819 854 791 326 68 697 58 559 258 172 85 457 635 218 179 110 469 293 381 207 246 193 540 62 359 713 420 555 
478 483 95 213 536 552 91 797 284 871 160 382 656 958 980 951 241 906 462 6 943 165 116 652 831 143 802 0 10 534 747 785 13 996 689 354 864 380 458 855 213 745 776 879 99 382 317 952 985 588 438 506 963 122 471 671 691 312 584 95 163 704 195 129 292 377 557 876 311 537 286 961 30 132 880 931 942 976 622 225 
164 459 16 402 178 994 605 733 530 520 185 615 797 558 269 386 411 567 926 250 862 748 950 917 832 149 17 10 0 550 277 968 706 149 379 559 694 970 920 306 118 916 411 968 357 553 422 11 881 160 785 189 456 867 893 543 846 129 274 227 846 699 53 856 924 55 561 799 475 335 3 838 455 231 677 875 629 446 404 636 
165 100 183 131 389 690 424 92 838 274 961 717 626 105 226 882 931 600 313 225 221 964 398 224 140 427 536 534 550 0 251 772 740 402 519 791 898 451 446 394 473 442 926 170 2 283 697 167 166 327 734 903 16 395 296 475 810 394 861 29 474 954 794 925 818 354 951 204 549 566 787 615 777 650 173 472 23 61 11 755 
604 156 758 646 444 405 980 884 817 514 790 385 707 217 278 169 231 220 453 817 140 627 416 608 101 110 197 747 277 251 0 934 738 20 208 357 734 592 152 12 581 407 708 575 742 971 804 55 706 849 203 409 36 528 273 511 844 292 190 214 999 609 614 325 388 569 942 957 199 496 678 814 565 769 657 161 281 376 220 560 
241 448 56 262 344 944 488 516 822 245 447 68 629 978 254 567 831 177 492 446 319 449 29 426 164 198 578 785 968 772 934 0 353 728 228 519 493 673 251 233 286 609 210 477 8 510 167 362 214 523 137 124 547 320 394 383 677 945 268 494 200 558 998 843 95 933 652 376 667 410 750 851 406 99 452 188 379 442 506 959 
844 916 945 811 257 774 984 490 937 199 354 429 436 175 391 196 217 589 66 606 975 470 466 132 867 447 249 13 706 740 738 353 0 539 444 860 328 194 436 514 345 542 998 242 522 351 243 500 275 816 48 74 117 159 412 17 145 792 761 511 318 825 944 875 849 494 884 565 593 754 423 595 629 262 378 47 202 52 184 287 
408 690 764 99 817 995 300 968 20 337 849 957 294 197 633 924 190 5 225 338 72 711 834 438 853 854 468 996 149 402 20 728 539 0 875 495 360 926 730 633 319 388 815 241 877 460 322 199 138 427 677 953 342 768 441 402 695 32 592 936 557 743 360 896 947 251 352 275 364 493 681 46 430 764 146 410 432 522 947 750 
358 839 869 484 355 164 961 206 904 707 17 959 800 32 605 826 105 143 941 623 57 100 910 983 385 737 146 689 379 519 208 228 444 875 0 623 857 191 274 860 114 117 839 118 433 434 100 396 967 63 886 249 50 625 757 768 874 453 533 538 26 832 769 929 491 718 514 710 321 914 339 246 573 320 945 801 805 789 955 864 
543 655 274 998 593 741 139 361 715 316 945 423 692 285 400 734 760 550 42 997 12 415 987 959 974 417 71 354 559 791 357 519 860 495 623 0 745 943 754 534 599 80 599 815 388 639 959 539 49 468 78 238 757 964 482 164 4 339 682 621 706 935 452 158 646 729 888 802 370 579 201 212 719 66 878 911 276 626 26 314 
216 648 679 569 268 530 990 315 308 117 506 419 157 240 230 483 230 984 169 649 604 663 321 723 469 780 734 864 694 898 734 493 328 360 857 745 0 781 971 499 730 474 456 83 152 471 348 371 724 475 20 926 515 646 952 898 857 118 168 807 936 892 978 500 70 341 535 650 596 53 446 428 259 685 564 849 458 870 279 653 
822 626 603 320 718 317 113 819 319 460 797 47 714 41 842 850 75 948 343 364 366 739 915 402 111 833 438 380 970 451 592 673 194 926 191 943 781 0 65 615 90 152 88 511 871 858 204 742 537 410 202 749 748 952 790 467 543 281 409 857 50 421 458 816 270 194 19 735 80 844 259 820 329 130 880 819 742 549 70 161 
348 402 315 159 955 312 242 180 675 369 501 160 735 852 871 218 599 669 732 90 537 578 49 192 418 693 477 458 920 446 152 251 436 730 274 754 971 65 0 916 635 807 613 691 986 372 639 209 26 692 349 409 440 369 866 587 866 368 862 784 958 197 483 156 940 113 36 407 512 541 745 333 353 364 381 45 459 323 639 149 
894 842 857 63 816 587 182 885 118 44 83 577 432 396 451 122 385 668 928 317 611 542 307 849 364 258 172 855 306 394 12 233 514 633 860 534 499 615 916 0 97 715 26 983 442 348 837 413 77 527 964 978 528 893 488 624 435 949 77 525 961 927 953 423 927 912 24 365 841 335 548 151 762 476 780 236 946 611 409 670 
874 46 504 994 88 781 415 270 371 822 611 789 569 725 497 98 121 582 471 407 482 365 82 35 196 79 966 213 118 473 581 286 345 319 114 599 730 90 635 97 0 122 566 332 791 159 924 926 611 201 634 263 482 702 187 830 552 612 552 324 515 172 710 611 495 911 61 792 770 371 723 224 572 284 593 351 464 929 340 374 
572 531 298 903 974 20 623 408 274 874 518 921 361 352 200 776 484 217 573 870 467 442 371 301 678 365 180 745 916 442 407 609 542 388 117 80 474 152 807 715 122 0 351 785 216 151 761 835 716 68 558 582 936 473 589 55 463 741 470 944 267 294 222 740 274 334 15 357 959 386 251 513 296 528 252 28 339 466 116 469 
385 174 363 76 225 398 693 474 226 935 20 105 977 926 102 62 133 483 508 346 241 118 800 325 377 487 575 776 411 926 708 210 998 815 839 599 456 88 613 26 566 351 0 41 274 617 978 485 20 233 648 19 374 919 497 152 314 990 730 28 521 227 279 687 650 650 996 809 455 56 928 576 770 746 640 432 926 39 164 535 
739 476 538 298 952 309 889 950 969 648 456 510 593 988 403 49 22 65 585 812 896 24 149 151 807 372 788 879 968 170 575 477 242 241 118 815 83 511 691 983 332 785 41 0 109 308 268 41 638 582 507 34 551 252 178 980 748 667 590 368 781 505 194 619 174 523 662 440 904 373 792 406 653 217 9 516 289 84 60 547 
31 3 641 667 389 53 612 898 627 877 870 436 8 561 276 765 26 657 892 689 183 117 977 760 778 674 881 99 357 2 742 8 522 877 433 388 152 871 986 442 791 216 274 109 0 456 58 269 890 207 500 576 489 756 510 518 717 730 157 555 806 471 508 634 399 856 737 776 373 288 781 354 606 637 278 297 766 231 739 430 
746 364 689 647 283 359 69 549 353 897 242 712 978 651 748 123 951 63 355 703 814 294 783 666 258 818 621 382 553 283 971 510 351 460 434 639 471 858 372 348 159 151 617 308 456 0 1000 854 977 561 107 647 735 703 432 941 166 483 487 33 25 129 934 432 495 842 637 354 807 884 668 90 232 100 761 430 416 408 554 627 
592 871 367 841 449 836 928 298 351 964 950 174 679 262 747 158 922 935 823 897 879 685 919 365 178 326 133 317 422 697 804 167 243 322 100 959 348 204 639 837 924 761 978 268 58 1000 0 835 871 158 311 526 162 129 16 410 239 455 581 544 52 249 840 764 84 372 585 857 431 216 964 196 240 558 33 765 631 236 742 62 
968 8 692 544 446 561 757 561 442 848 812 594 835 435 639 440 350 63 974 110 804 357 385 936 277 702 144 952 11 167 55 362 500 199 396 539 371 742 209 413 926 835 485 41 269 854 835 0 57 3 493 526 155 829 845 865 52 832 50 567 949 16 86 637 5 329 507 403 235 758 520 515 890 591 600 166 67 332 944 907 
304 192 687 702 666 293 597 920 826 695 971 154 227 645 745 213 987 644 260 171 799 1 328 399 164 958 662 985 881 166 706 214 275 138 967 49 724 537 26 77 611 716 20 638 890 977 871 57 0 315 525 105 381 400 233 443 104 829 155 602 185 439 421 240 668 445 94 816 789 209 830 510 314 534 950 226 492 125 881 853 
452 828 523 374 950 754 565 908 898 911 969 262 503 878 78 567 756 814 354 984 618 133 960 177 161 160 279 588 160 327 849 523 816 427 63 468 475 410 692 527 201 68 233 582 207 561 158 3 315 0 176 158 195 875 259 146 931 402 887 720 900 320 763 928 816 876 503 276 620 728 483 966 380 55 761 898 756 184 456 828 
649 957 632 824 88 604 257 916 410 761 573 598 41 455 965 758 700 995 154 997 271 141 356 830 136 119 47 438 785 734 203 137 48 677 886 78 20 202 349 964 634 558 648 507 500 107 311 493 525 176 0 474 489 854 955 998 220 985 579 554 804 763 961 274 273 568 363 213 24 243 444 800 334 140 297 724 707 15 656 903 
909 769 110 150 469 874 267 628 795 699 942 268 721 271 903 537 789 356 373 79 385 222 81 681 695 255 132 506 189 903 409 124 74 953 249 238 926 749 409 978 263 582 19 34 576 647 526 526 105 158 474 0 109 389 193 588 96 877 357 261 695 150 333 772 5 718 734 932 821 197 697 869 276 832 220 932 60 149 662 680 
394 771 263 648 3 239 208 924 127 886 77 448 849 845 975 414 24 174 791 716 487 1 313 252 996 432 819 963 456 16 36 547 117 342 50 757 515 748 440 528 482 936 374 551 489 735 162 155 381 195 489 109 0 699 286 805 950 867 933 371 225 212 223 413 170 467 315 795 394 10 918 410 145 329 538 945 550 543 213 547 
953 606 488 833 302 450 511 633 186 391 455 799 252 928 789 237 380 601 925 242 52 247 841 343 642 776 854 122 867 395 528 320 159 768 625 964 646 952 369 893 702 473 919 252 756 703 129 829 400 875 854 389 699 0 437 430 556 499 242 765 325 294 473 69 946 543 691 30 494 424 590 10 452 512 551 804 513 7 44 675 
828 97 495 340 806 985 289 784 868 348 140 496 771 222 186 493 706 640 714 192 339 543 374 217 762 117 791 471 893 296 273 394 412 441 757 482 952 790 866 488 187 589 497 178 510 432 16 845 233 259 955 193 286 437 0 322 844 683 602 157 57 120 626 269 99 601 773 123 896 274 439 234 721 44 58 920 409 675 161 5 
236 917 403 477 420 477 392 360 531 554 713 329 586 357 825 678 21 25 795 357 389 782 48 468 512 277 326 671 543 475 511 383 17 402 768 164 898 467 587 624 830 55 152 980 518 941 410 865 443 146 998 588 805 430 322 0 675 505 604 609 928 663 189 918 90 766 374 46 843 243 506 758 798 969 730 853 427 634 660 758 
616 905 441 11 285 862 347 25 5 410 747 795 611 169 85 46 887 860 992 125 165 445 515 731 416 414 68 691 846 810 844 677 145 695 874 4 857 543 866 435 552 463 314 748 717 166 239 52 104 931 220 96 950 556 844 675 0 838 129 160 863 603 898 355 241 617 41 483 578 9 712 721 111 477 240 128 633 928 313 744 
585 136 593 370 830 56 645 355 156 412 740 917 694 142 239 181 877 663 937 602 509 753 104 500 108 601 697 312 129 394 292 945 792 32 453 339 118 281 368 949 612 741 990 667 730 483 455 832 829 402 985 877 867 499 683 505 838 0 295 306 502 331 934 815 411 640 973 965 994 434 761 179 639 187 253 556 95 304 533 129 
34 273 679 604 497 467 471 832 872 79 909 529 368 884 911 267 745 397 742 280 898 220 529 167 29 365 58 584 274 861 190 268 761 592 533 682 168 409 862 77 552 470 730 590 157 487 581 50 155 887 579 357 933 242 602 604 129 295 0 96 454 886 391 752 829 706 945 443 158 133 674 204 367 302 924 600 895 45 884 582 
780 525 404 8 629 17 150 754 623 536 726 945 464 198 778 15 30 162 110 911 595 506 16 354 398 366 559 95 227 29 214 494 511 936 538 621 807 857 784 525 324 944 28 368 555 33 544 567 602 720 554 261 371 765 157 609 160 306 96 0 992 881 972 8 173 935 483 652 7 837 308 613 227 950 490 31 710 520 426 556 
664 652 788 93 651 651 730 536 8 871 164 674 339 763 707 532 240 187 454 194 66 10 17 574 1000 515 258 163 846 474 999 200 318 557 26 706 936 50 958 961 515 267 521 781 806 25 52 949 185 900 804 695 225 325 57 928 863 502 454 992 0 66 218 592 916 947 882 888 963 711 291 440 390 494 603 121 789 427 457 564 
834 623 452 904 910 751 435 452 714 641 65 328 822 288 888 435 175 700 71 962 852 616 667 308 116 321 172 704 699 954 609 558 825 743 832 935 892 421 197 927 172 294 227 505 471 129 249 16 439 320 763 150 212 294 120 663 603 331 886 881 66 0 10 595 554 799 958 712 162 189 162 118 827 636 499 458 379 400 208 756 
811 261 579 265 136 841 808 747 127 628 76 917 186 174 217 381 581 711 576 518 474 811 935 388 340 173 85 195 53 794 614 998 944 360 769 452 978 458 483 953 710 222 279 194 508 934 840 86 421 763 961 333 223 473 626 189 898 934 391 972 218 10 0 783 141 355 659 455 376 122 279 882 248 794 141 117 380 438 993 273 
912 660 668 176 218 112 610 959 163 798 55 811 991 847 601 671 382 959 209 993 413 784 715 914 399 514 457 129 856 925 325 843 875 896 929 158 500 816 156 423 611 740 687 619 634 432 764 637 240 928 274 772 413 69 269 918 355 815 752 8 592 595 783 0 143 132 55 677 527 162 640 503 189 996 345 357 385 669 517 624 
605 18 20 950 318 738 867 626 77 400 261 791 952 828 98 890 239 999 836 109 745 249 858 338 60 54 635 292 924 818 388 95 849 947 491 646 70 270 940 927 495 274 650 174 399 495 84 5 668 816 273 5 170 946 99 90 241 411 829 173 916 554 141 143 0 429 790 204 95 293 936 481 906 106 520 770 371 76 914 886 
181 800 900 159 502 61 405 19 597 946 52 106 194 33 42 16 94 661 87 607 855 335 86 349 970 843 218 377 55 354 569 933 494 251 718 729 341 194 113 912 911 334 650 523 856 842 372 329 445 876 568 718 467 543 601 766 617 640 706 935 947 799 355 132 429 0 518 152 250 906 21 129 307 371 954 460 369 855 429 79 
777 412 856 161 907 172 232 580 2 605 524 947 207 624 176 180 797 873 578 962 283 393 881 530 329 219 179 557 561 951 942 652 884 352 514 888 535 19 36 24 61 15 996 662 737 637 585 507 94 503 363 734 315 691 773 374 41 973 945 483 882 958 659 55 790 518 0 250 866 630 167 353 445 801 706 255 627 263 535 792 
572 13 875 773 163 843 931 327 855 99 42 791 707 352 295 145 87 69 937 795 440 324 102 665 152 876 110 876 799 204 957 376 565 275 710 802 650 735 407 365 792 357 809 440 776 354 857 403 816 276 213 932 795 30 123 46 483 965 443 652 888 712 455 677 204 152 250 0 735 815 531 571 486 100 16 233 590 617 52 502 
499 855 711 457 542 617 984 167 577 11 650 444 819 972 709 994 34 162 32 775 264 845 943 25 552 322 469 311 475 549 199 667 593 364 321 370 596 80 512 841 770 959 455 904 373 807 431 235 789 620 24 821 394 494 896 843 578 994 158 7 963 162 376 527 95 250 866 735 0 125 315 640 344 728 692 708 474 168 92 157 
435 628 712 972 151 963 826 310 300 622 634 975 45 981 175 630 85 711 510 287 745 710 669 142 530 274 293 537 335 566 496 410 754 493 914 579 53 844 541 335 371 386 56 373 288 884 216 758 209 728 243 197 10 424 274 243 9 434 133 837 711 189 122 162 293 906 630 815 125 0 944 131 778 208 567 994 112 499 470 567 
838 943 439 750 124 713 223 889 73 981 183 729 224 914 760 736 880 678 660 371 863 813 567 745 496 17 381 286 3 787 678 750 423 681 339 201 446 259 745 548 723 251 928 792 781 668 964 520 830 483 444 697 918 590 439 506 712 761 674 308 291 162 279 640 936 21 167 531 315 944 0 688 671 903 382 586 412 227 850 653 
830 851 738 4 831 358 365 193 980 818 596 563 385 641 745 751 597 991 951 288 901 157 537 295 183 595 207 961 838 615 814 851 595 46 246 212 428 820 333 151 224 513 576 406 354 90 196 515 510 966 800 869 410 10 234 758 721 179 204 613 440 118 882 503 481 129 353 571 640 131 688 0 383 918 101 437 905 381 785 871 
480 862 304 892 216 802 557 671 42 807 979 976 732 498 667 302 147 16 277 965 512 28 405 411 969 210 246 30 455 777 565 406 629 430 573 719 259 329 353 762 572 296 770 653 606 232 240 890 314 380 334 276 145 452 721 798 111 639 367 227 390 827 248 189 906 307 445 486 344 778 671 383 0 981 350 819 839 724 148 764 
635 570 598 461 679 385 922 999 432 925 443 115 640 574 938 384 847 102 683 676 286 317 141 897 559 604 193 132 231 650 769 99 262 764 320 66 685 130 364 476 284 528 746 217 637 100 558 591 534 55 140 832 329 512 44 969 477 187 302 950 494 636 794 996 106 371 801 100 728 208 903 918 981 0 621 507 580 304 943 761 
379 7 680 905 179 301 651 191 660 312 434 466 264 971 583 553 53 165 888 90 139 268 823 990 953 344 540 880 677 173 657 452 378 146 945 878 564 880 381 780 593 252 640 9 278 761 33 600 950 761 297 220 538 551 58 730 240 253 924 490 603 499 141 345 520 954 706 16 692 567 382 101 350 621 0 318 257 770 451 395 
560 868 122 124 579 733 255 248 23 27 925 394 811 860 695 909 605 882 13 114 206 308 175 644 562 673 62 931 875 472 161 188 47 410 801 911 849 819 45 236 351 28 432 516 297 430 765 166 226 898 724 932 945 804 920 853 128 556 600 31 121 458 117 357 770 460 255 233 708 994 586 437 819 507 318 0 867 780 830 235 
925 328 612 8 440 760 743 263 815 634 785 536 998 518 325 877 72 867 17 255 66 656 339 934 277 961 359 942 629 23 281 379 202 432 805 276 458 742 459 946 464 339 926 289 766 416 631 67 492 756 707 60 550 513 409 427 633 95 895 710 789 379 380 385 371 369 627 590 474 112 412 905 839 580 257 867 0 934 679 327 
732 443 290 441 749 489 401 384 284 641 405 594 903 902 767 712 67 753 196 513 467 272 36 24 249 429 713 976 446 61 376 442 52 522 789 626 870 549 323 611 929 466 39 84 231 408 236 332 125 184 15 149 543 7 675 634 928 304 45 520 427 400 438 669 76 855 263 617 168 499 227 381 724 304 770 780 934 0 663 444 
933 126 546 385 954 774 707 63 449 841 309 665 989 720 226 389 635 513 889 538 838 698 780 578 870 907 420 622 404 11 220 506 184 947 955 26 279 70 639 409 340 116 164 60 739 554 742 944 881 456 656 662 213 44 161 660 313 533 884 426 457 208 993 517 914 429 535 52 92 470 850 785 148 943 451 830 679 663 0 886 
132 214 216 614 376 337 81 258 864 275 548 200 563 891 1000 389 997 942 297 642 882 12 387 136 64 932 555 225 636 755 560 959 287 750 864 314 653 161 149 670 374 469 535 547 430 627 62 907 853 828 903 680 547 675 5 758 744 129 582 556 564 756 273 624 886 79 792 502 157 567 653 871 764 761 395 235 327 444 886 0 
0 339 857 824 564 48 895 218 504 548 992 720 706 722 619 782 507 951 121 211 923 172 248 251 901 673 183 478 164 165 604 241 844 408 358 543 216 822 348 894 874 572 385 739 31 746 592 968 304 452 649 909 394 953 828 236 616 585 34 780 664 834 811 912 605 181 777 572 499 435 838 830 480 635 379 560 925 732 933 132 
339 0 891 838 731 458 490 532 912 239 921 108 920 747 489 590 355 86 67 487 806 235 939 48 219 120 646 483 459 100 156 448 916 690 839 655 648 626 402 842 46 531 174 476 3 364 871 8 192 828 957 769 771 606 97 917 905 136 273 525 652 623 261 660 18 800 412 13 855 628 943 851 862 570 7 868 328 443 126 214 
857 891 0 741 124 95 494 955 447 588 535 832 847 643 83 988 11 719 946 799 289 198 591 348 825 113 124 95 16 183 758 56 945 764 869 274 679 603 315 857 504 298 363 538 641 689 367 692 687 523 632 110 263 488 495 403 441 593 679 404 788 452 579 668 20 900 856 875 711 712 439 738 304 598 680 122 612 290 546 216 
824 838 741 0 597 913 742 775 832 642 156 284 528 400 694 96 64 904 345 34 404 855 380 842 662 357 158 213 402 131 646 262 811 99 484 998 569 320 159 63 994 903 76 298 667 647 841 544 702 374 824 150 648 833 340 477 11 370 604 8 93 904 265 176 950 159 161 773 457 972 750 4 892 461 905 124 8 441 385 614 
564 731 124 597 0 32 848 583 849 685 861 438 736 932 43 948 548 348 644 459 898 89 714 424 976 161 521 536 178 389 444 344 257 817 355 593 268 718 955 816 88 974 225 952 389 283 449 446 666 950 88 469 3 302 806 420 285 830 497 629 651 910 136 218 318 502 907 163 542 151 124 831 216 679 179 579 440 749 954 376 
48 458 95 913 32 0 870 66 310 898 802 712 123 640 856 759 269 245 914 590 910 234 121 257 797 573 222 552 994 690 405 944 774 995 164 741 530 317 312 587 781 20 398 309 53 359 836 561 293 754 604 874 239 450 985 477 862 56 467 17 651 751 841 112 738 61 172 843 617 963 713 358 802 385 301 733 760 489 774 337 
895 490 494 742 848 870 0 620 654 336 918 715 528 987 906 320 198 81 415 784 196 253 405 312 785 823 310 91 605 424 980 488 984 300 961 139 990 113 242 182 415 623 693 889 612 69 928 757 597 565 257 267 208 511 289 392 347 645 471 150 730 435 808 610 867 405 232 931 984 826 223 365 557 922 651 255 743 401 707 81 
218 532 955 775 583 66 620 0 612 148 403 979 660 641 566 291 523 125 270 495 976 218 857 646 636 950 775 797 733 92 884 516 490 968 206 361 315 819 180 885 270 408 474 950 898 549 298 561 920 908 916 628 924 633 784 360 25 355 832 754 536 452 747 959 626 19 580 327 167 310 889 193 671 999 191 248 263 384 63 258 
504 912 447 832 849 310 654 612 0 215 264 914 88 934 599 796 38 252 989 559 141 170 124 466 168 53 120 284 530 838 817 822 937 20 904 715 308 319 675 118 371 274 226 969 627 353 351 442 826 898 410 795 127 186 868 531 5 156 872 623 8 714 127 163 77 597 2 855 577 300 73 980 42 432 660 23 815 284 449 864 
548 239 588 642 685 898 336 148 215 0 471 453 386 508 190 384 324 622 761 354 156 94 793 491 234 91 502 871 520 274 514 245 199 337 707 316 117 460 369 44 822 874 935 648 877 897 964 848 695 911 761 699 886 391 348 554 410 412 79 536 871 641 628 798 400 946 605 99 11 622 981 818 807 925 312 27 634 641 841 275 
992 921 535 156 861 802 918 403 264 471 0 931 497 656 458 973 149 490 769 423 652 662 637 199 559 604 491 160 185 961 790 447 354 849 17 945 506 797 501 83 611 518 20 456 870 242 950 812 971 969 573 942 77 455 140 713 747 740 909 726 164 65 76 55 261 52 524 42 650 634 183 596 979 443 434 925 785 405 309 548 
720 108 832 284 438 712 715 979 914 453 931 0 159 363 340 661 440 861 1 536 212 328 593 965 373 134 821 382 615 717 385 68 429 957 959 423 419 47 160 577 789 921 105 510 436 712 174 594 154 262 598 268 448 799 496 329 795 917 529 945 674 328 917 811 791 106 947 791 444 975 729 563 976 115 466 394 536 594 665 200 
706 920 847 528 736 123 528 660 88 386 497 159 0 641 703 1000 359 439 461 700 1 471 658 504 172 188 952 656 797 626 707 629 436 294 800 692 157 714 735 432 569 361 977 593 8 978 679 835 227 503 41 721 849 252 771 586 611 694 368 464 339 822 186 991 952 194 207 707 819 45 224 385 732 640 264 811 998 903 989 563 
722 747 643 400 932 640 987 641 934 508 656 363 641 0 632 274 688 331 121 131 899 97 790 239 683 467 916 958 558 105 217 978 175 197 32 285 240 41 852 396 725 352 926 988 561 651 262 435 645 878 455 271 845 928 222 357 169 142 884 198 763 288 174 847 828 33 624 352 972 981 914 641 498 574 971 860 518 902 720 891 
619 489 83 694 43 856 906 566 599 190 458 340 703 632 0 859 497 220 130 710 922 289 840 338 479 843 321 980 269 226 278 254 391 633 605 400 230 842 871 451 497 200 102 403 276 748 747 639 745 78 965 903 975 789 186 825 85 239 911 778 707 888 217 601 98 42 176 295 709 175 760 745 667 938 583 695 325 767 226 1000 
782 590 988 96 948 759 320 291 796 384 973 661 1000 274 859 0 182 765 811 302 831 822 483 109 401 61 727 951 386 882 169 567 196 924 826 734 483 850 218 122 98 776 62 49 765 123 158 440 213 567 758 537 414 237 493 678 46 181 267 15 532 435 381 671 890 16 180 145 994 630 736 751 302 384 553 909 877 712 389 389 
507 355 11 64 548 269 198 523 38 324 149 440 359 688 497 182 0 633 683 955 568 547 213 516 800 640 397 241 411 931 231 831 217 190 105 760 230 75 599 385 121 484 133 22 26 951 922 350 987 756 700 789 24 380 706 21 887 877 745 30 240 175 581 382 239 94 797 87 34 85 880 597 147 847 53 605 72 67 635 997 
951 86 719 904 348 245 81 125 252 622 490 861 439 331 220 765 633 0 332 427 728 265 760 929 453 548 639 906 567 600 220 177 589 5 143 550 984 948 669 668 582 217 483 65 657 63 935 63 644 814 995 356 174 601 640 25 860 663 397 162 187 700 711 959 999 661 873 69 162 711 678 991 16 102 165 882 867 753 513 942 
121 67 946 345 644 914 415 270 989 761 769 1 461 121 130 811 683 332 0 177 346 803 485 639 82 108 347 462 926 313 453 492 66 225 941 42 169 343 732 928 471 573 508 585 892 355 823 974 260 354 154 373 791 925 714 795 992 937 742 110 454 71 576 209 836 87 578 937 32 510 660 951 277 683 888 13 17 196 889 297 
211 487 799 34 459 590 784 495 559 354 423 536 700 131 710 302 955 427 177 0 521 760 956 235 700 241 391 6 250 225 817 446 606 338 623 997 649 364 90 317 407 870 346 812 689 703 897 110 171 984 997 79 716 242 192 357 125 602 280 911 194 962 518 993 109 607 962 795 775 287 371 288 965 676 90 114 255 513 538 642 
923 806 289 404 898 910 196 976 141 156 652 212 1 899 922 831 568 728 346 521 0 845 336 563 381 353 458 943 862 221 140 319 975 72 57 12 604 366 537 611 482 467 241 896 183 814 879 804 799 618 271 385 487 52 339 389 165 509 898 595 66 852 474 413 745 855 283 440 264 745 863 901 512 286 139 206 66 467 838 882 
172 235 198 855 89 234 253 218 170 94 662 328 471 97 289 822 547 265 803 760 845 0 497 861 827 819 594 165 748 964 627 449 470 711 100 415 663 739 578 542 365 442 118 24 117 294 685 357 1 133 141 222 1 247 543 782 445 753 220 506 10 616 811 784 249 335 393 324 845 710 813 157 28 317 268 308 656 272 698 12 
248 939 591 380 714 121 405 857 124 793 637 593 658 790 840 483 213 760 485 956 336 497 0 424 88 22 174 116 950 398 416 29 466 834 910 987 321 915 49 307 82 371 800 149 977 783 919 385 328 960 356 81 313 841 374 48 515 104 529 16 17 667 935 715 858 86 881 102 943 669 567 537 405 141 823 175 339 36 780 387 
251 48 348 842 424 257 312 646 466 491 199 965 504 239 338 109 516 929 639 235 563 861 424 0 599 112 741 652 917 224 608 426 132 438 983 959 723 402 192 849 35 301 325 151 760 666 365 936 399 177 830 681 252 343 217 468 731 500 167 354 574 308 388 914 338 349 530 665 25 142 745 295 411 897 990 644 934 24 578 136 
901 219 825 662 976 797 785 636 168 234 559 373 172 683 479 401 800 453 82 700 381 827 88 599 0 759 13 831 832 140 101 164 867 853 385 974 469 111 418 364 196 678 377 807 778 258 178 277 164 161 136 695 996 642 762 512 416 108 29 398 1000 116 340 399 60 970 329 152 552 530 496 183 969 559 953 562 277 249 870 64 
673 120 113 357 161 573 823 950 53 91 604 134 188 467 843 61 640 548 108 241 353 819 22 112 759 0 17 143 149 427 110 198 447 854 737 417 780 833 693 258 79 365 487 372 674 818 326 702 958 160 119 255 432 776 117 277 414 601 365 366 515 321 173 514 54 843 219 876 322 274 17 595 210 604 344 673 961 429 907 932 
183 646 124 158 521 222 310 775 120 502 491 821 952 916 321 727 397 639 347 391 458 594 174 741 13 17 0 802 17 536 197 578 249 468 146 71 734 438 477 172 966 180 575 788 881 621 133 144 662 279 47 132 819 854 791 326 68 697 58 559 258 172 85 457 635 218 179 110 469 293 381 207 246 193 540 62 359 713 420 555 
478 483 95 213 536 552 91 797 284 871 160 382 656 958 980 951 241 906 462 6 943 165 116 652 831 143 802 0 10 534 747 785 13 996 689 354 864 380 458 855 213 745 776 879 99 382 317 952 985 588 438 506 963 122 471 671 691 312 584 95 163 704 195 129 292 377 557 876 311 537 286 961 30 132 880 931 942 976 622 225 
164 459 16 402 178 994 605 733 530 520 185 615 797 558 269 386 411 567 926 250 862 748 950 917 832 149 17 10 0 550 277 968 706 149 379 559 694 970 920 306 118 916 411 968 357 553 422 11 881 160 785 189 456 867 893 543 846 129 274 227 846 699 53 856 924 55 561 799 475 335 3 838 455 231 677 875 629 446 404 636 
165 100 183 131 389 690 424 92 838 274 961 717 626 105 226 882 931 600 313 225 221 964 398 224 140 427 536 534 550 0 251 772 740 402 519 791 898 451 446 394 473 442 926 170 2 283 697 167 166 327 734 903 16 395 296 475 810 394 861 29 474 954 794 925 818 354 951 204 549 566 787 615 777 650 173 472 23 61 11 755 
604 156 758 646 444 405 980 884 817 514 790 385 707 217 278 169 231 220 453 817 140 627 416 608 101 110 197 747 277 251 0 934 738 20 208 357 734 592 152 12 581 407 708 575 742 971 804 55 706 849 203 409 36 528 273 511 844 292 190 214 999 609 614 325 388 569 942 957 199 496 678 814 565 769 657 161 281 376 220 560 
241 448 56 262 344 944 488 516 822 245 447 68 629 978 254 567 831 177 492 446 319 449 29 426 164 198 578 785 968 772 934 0 353 728 228 519 493 673 251 233 286 609 210 477 8 510 167 362 214 523 137 124 547 320 394 383 677 945 268 494 200 558 998 843 95 933 652 376 667 410 750 851 406 99 452 188 379 442 506 959 
844 916 945 811 257 774 984 490 937 199 354 429 436 175 391 196 217 589 66 606 975 470 466 132 867 447 249 13 706 740 738 353 0 539 444 860 328 194 436 514 345 542 998 242 522 351 243 500 275 816 48 74 117 159 412 17 145 792 761 511 318 825 944 875 849 494 884 565 593 754 423 595 629 262 378 47 202 52 184 287 
408 690 764 99 817 995 300 968 20 337 849 957 294 197 633 924 190 5 225 338 72 711 834 438 853 854 468 996 149 402 20 728 539 0 875 495 360 926 730 633 319 388 815 241 877 460 322 199 138 427 677 953 342 768 441 402 695 32 592 936 557 743 360 896 947 251 352 275 364 493 681 46 430 764 146 410 432 522 947 750 
358 839 869 484 355 164 961 206 904 707 17 959 800 32 605 826 105 143 941 623 57 100 910 983 385 737 146 689 379 519 208 228 444 875 0 623 857 191 274 860 114 117 839 118 433 434 100 396 967 63 886 249 50 625 757 768 874 453 533 538 26 832 769 929 491 718 514 710 321 914 339 246 573 320 945 801 805 789 955 864 
543 655 274 998 593 741 139 361 715 316 945 423 692 285 400 734 760 550 42 997 12 415 987 959 974 417 71 354 559 791 357 519 860 495 623 0 745 943 754 534 599 80 599 815 388 639 959 539 49 468 78 238 757 964 482 164 4 339 682 621 706 935 452 158 646 729 888 802 370 579 201 212 719 66 878 911 276 626 26 314 
216 648 679 569 268 530 990 315 308 117 506 419 157 240 230 483 230 984 169 649 604 663 321 723 469 780 734 864 694 898 734 493 328 360 857 745 0 781 971 499 730 474 456 83 152 471 348 371 724 475 20 926 515 646 952 898 857 118 168 807 936 892 978 500 70 341 535 650 596 53 446 428 259 685 564 849 458 870 279 653 
822 626 603 320 718 317 113 819 319 460 797 47 714 41 842 850 75 948 343 364 366 739 915 402 111 833 438 380 970 451 592 673 194 926 191 943 781 0 65 615 90 152 88 511 871 858 204 742 537 410 202 749 748 952 790 467 543 281 409 857 50 421 458 816 270 194 19 735 80 844 259 820 329 130 880 819 742 549 70 161 
348 402 315 159 955 312 242 180 675 369 501 160 735 852 871 218 599 669 732 90 537 578 49 192 418 693 477 458 920 446 152 251 436 730 274 754 971 65 0 916 635 807 613 691 986 372 639 209 26 692 349 409 440 369 866 587 866 368 862 784 958 197 483 156 940 113 36 407 512 541 745 333 353 364 381 45 459 323 639 149 
894 842 857 63 816 587 182 885 118 44 83 577 432 396 451 122 385 668 928 317 611 542 307 849 364 258 172 855 306 394 12 233 514 633 860 534 499 615 916 0 97 715 26 983 442 348 837 413 77 527 964 978 528 893 488 624 435 949 77 525 961 927 953 423 927 912 24 365 841 335 548 151 762 476 780 236 946 611 409 670 
874 46 504 994 88 781 415 270 371 822 611 789 569 725 497 98 121 582 471 407 482 365 82 35 196 79 966 213 118 473 581 286 345 319 114 599 730 90 635 97 0 122 566 332 791 159 924 926 611 201 634 263 482 702 187 830 552 612 552 324 515 172 710 611 495 911 61 792 770 371 723 224 572 284 593 351 464 929 340 374 
572 531 298 903 974 20 623 408 274 874 518 921 361 352 200 776 484 217 573 870 467 442 371 301 678 365 180 745 916 442 407 609 542 388 117 80 474 152 807 715 122 0 351 785 216 151 761 835 716 68 558 582 936 473 589 55 463 741 470 944 267 294 222 740 274 334 15 357 959 386 251 513 296 528 252 28 339 466 116 469 
385 174 363 76 225 398 693 474 226 935 20 105 977 926 102 62 133 483 508 346 241 118 800 325 377 487 575 776 411 926 708 210 998 815 839 599 456 88 613 26 566 351 0 41 274 617 978 485 20 233 648 19 374 919 497 152 314 990 730 28 521 227 279 687 650 650 996 809 455 56 928 576 770 746 640 432 926 39 164 535 
739 476 538 298 952 309 889 950 969 648 456 510 593 988 403 49 22 65 585 812 896 24 149 151 807 372 788 879 968 170 575 477 242 241 118 815 83 511 691 983 332 785 41 0 109 308 268 41 638 582 507 34 551 252 178 980 748 667 590 368 781 505 194 619 174 523 662 440 904 373 792 406 653 217 9 516 289 84 60 547 
31 3 641 667 389 53 612 898 627 877 870 436 8 561 276 765 26 657 892 689 183 117 977 760 778 674 881 99 357 2 742 8 522 877 433 388 152 871 986 442 791 216 274 109 0 456 58 269 890 207 500 576 489 756 510 518 717 730 157 555 806 471 508 634 399 856 737 776 373 288 781 354 606 637 278 297 766 231 739 430 
746 364 689 647 283 359 69 549 353 897 242 712 978 651 748 123 951 63 355 703 814 294 783 666 258 818 621 382 553 283 971 510 351 460 434 639 471 858 372 348 159 151 617 308 456 0 1000 854 977 561 107 647 735 703 432 941 166 483 487 33 25 129 934 432 495 842 637 354 807 884 668 90 232 100 761 430 416 408 554 627 
592 871 367 841 449 836 928 298 351 964 950 174 679 262 747 158 922 935 823 897 879 685 919 365 178 326 133 317 422 697 804 167 243 322 100 959 348 204 639 837 924 761 978 268 58 1000 0 835 871 158 311 526 162 129 16 410 239 455 581 544 52 249 840 764 84 372 585 857 431 216 964 196 240 558 33 765 631 236 742 62 
968 8 692 544 446 561 757 561 442 848 812 594 835 435 639 440 350 63 974 110 804 357 385 936 277 702 144 952 11 167 55 362 500 199 396 539 371 742 209 413 926 835 485 41 269 854 835 0 57 3 493 526 155 829 845 865 52 832 50 567 949 16 86 637 5 329 507 403 235 758 520 515 890 591 600 166 67 332 944 907 
304 192 687 702 666 293 597 920 826 695 971 154 227 645 745 213 987 644 260 171 799 1 328 399 164 958 662 985 881 166 706 214 275 138 967 49 724 537 26 77 611 716 20 638 890 977 871 57 0 315 525 105 381 400 233 443 104 829 155 602 185 439 421 240 668 445 94 816 789 209 830 510 314 534 950 226 492 125 881 853 
452 828 523 374 950 754 565 908 898 911 969 262 503 878 78 567 756 814 354 984 618 133 960 177 161 160 279 588 160 327 849 523 816 427 63 468 475 410 692 527 201 68 233 582 207 561 158 3 315 0 176 158 195 875 259 146 931 402 887 720 900 320 763 928 816 876 503 276 620 728 483 966 380 55 761 898 756 184 456 828 
649 957 632 824 88 604 257 916 410 761 573 598 41 455 965 758 700 995 154 997 271 141 356 830 136 119 47 438 785 734 203 137 48 677 886 78 20 202 349 964 634 558 648 507 500 107 311 493 525 176 0 474 489 854 955 998 220 985 579 554 804 763 961 274 273 568 363 213 24 243 444 800 334 140 297 724 707 15 656 903 
909 769 110 150 469 874 267 628 795 699 942 268 721 271 903 537 789 356 373 79 385 222 81 681 695 255 132 506 189 903 409 124 74 953 249 238 926 749 409 978 263 582 19 34 576 647 526 526 105 158 474 0 109 389 193 588 96 877 357 261 695 150 333 772 5 718 734 932 821 197 697 869 276 832 220 932 60 149 662 680 
394 771 263 648 3 239 208 924 127 886 77 448 849 845 975 414 24 174 791 716 487 1 313 252 996 432 819 963 456 16 36 547 117 342 50 757 515 748 440 528 482 936 374 551 489 735 162 155 381 195 489 109 0 699 286 805 950 867 933 371 225 212 223 413 170 467 315 795 394 10 918 410 145 329 538 945 550 543 213 547 
953 606 488 833 302 450 511 633 186 391 455 799 252 928 789 237 380 601 925 242 52 247 841 343 642 776 854 122 867 395 528 320 159 768 625 964 646 952 369 893 702 473 919 252 756 703 129 829 400 875 854 389 699 0 437 430 556 499 242 765 325 294 473 69 946 543 691 30 494 424 590 10 452 512 551 804 513 7 44 675 
828 97 495 340 806 985 289 784 868 348 140 496 771 222 186 493 706 640 714 192 339 543 374 217 762 117 791 471 893 296 273 394 412 441 757 482 952 790 866 488 187 589 497 178 510 432 16 845 233 259 955 193 286 437 0 322 844 683 602 157 57 120 626 269 99 601 773 123 896 274 439 234 721 44 58 920 409 675 161 5 
236 917 403 477 420 477 392 360 531 554 713 329 586 357 825 678 21 25 795 357 389 782 48 468 512 277 326 671 543 475 511 383 17 402 768 164 898 467 587 624 830 55 152 980 518 941 410 865 443 146 998 588 805 430 322 0 675 505 604 609 928 663 189 918 90 766 374 46 843 243 506 758 798 969 730 853 427 634 660 758 
616 905 441 11 285 862 347 25 5 410 747 795 611 169 85 46 887 860 992 125 165 445 515 731 416 414 68 691 846 810 844 677 145 695 874 4 857 543 866 435 552 463 314 748 717 166 239 52 104 931 220 96 950 556 844 675 0 838 129 160 863 603 898 355 241 617 41 483 578 9 712 721 111 477 240 128 633 928 313 744 
585 136 593 370 830 56 645 355 156 412 740 917 694 142 239 181 877 663 937 602 509 753 104 500 108 601 697 312 129 394 292 945 792 32 453 339 118 281 368 949 612 741 990 667 730 483 455 832 829 402 985 877 867 499 683 505 838 0 295 306 502 331 934 815 411 640 973 965 994 434 761 179 639 187 253 556 95 304 533 129 
34 273 679 604 497 467 471 832 872 79 909 529 368 884 911 267 745 397 742 280 898 220 529 167 29 365 58 584 274 861 190 268 761 592 533 682 168 409 862 77 552 470 730 590 157 487 581 50 155 887 579 357 933 242 602 604 129 295 0 96 454 886 391 752 829 706 945 443 158 133 674 204 367 302 924 600 895 45 884 582 
780 525 404 8 629 17 150 754 623 536 726 945 464 198 778 15 30 162 110 911 595 506 16 354 398 366 559 95 227 29 214 494 511 936 538 621 807 857 784 525 324 944 28 368 555 33 544 567 602 720 554 261 371 765 157 609 160 306 96 0 992 881 972 8 173 935 483 652 7 837 308 613 227 950 490 31 710 520 426 556 
664 652 788 93 651 651 730 536 8 871 164 674 339 763 707 532 240 187 454 194 66 10 17 574 1000 515 258 163 846 474 999 200 318 557 26 706 936 50 958 961 515 267 521 781 806 25 52 949 185 900 804 695 225 325 57 928 863 502 454 992 0 66 218 592 916 947 882 888 963 711 291 440 390 494 603 121 789 427 457 564 
834 623 452 904 910 751 435 452 714 641 65 328 822 288 888 435 175 700 71 962 852 616 667 308 116 321 172 704 699 954 609 558 825 743 832 935 892 421 197 927 172 294 227 505 471 129 249 16 439 320 763 150 212 294 120 663 603 331 886 881 66 0 10 595 554 799 958 712 162 189 162 118 827 636 499 458 379 400 208 756 
811 261 579 265 136 841 808 747 127 628 76 917 186 174 217 381 581 711 576 518 474 811 935 388 340 173 85 195 53 794 614 998 944 360 769 452 978 458 483 953 710 222 279 194 508 934 840 86 421 763 961 333 223 473 626 189 898 934 391 972 218 10 0 783 141 355 659 455 376 122 279 882 248 794 141 117 380 438 993 273 
912 660 668 176 218 112 610 959 163 798 55 811 991 847 601 671 382 959 209 993 413 784 715 914 399 514 457 129 856 925 325 843 875 896 929 158 500 816 156 423 611 740 687 619 634 432 764 637 240 928 274 772 413 69 269 918 355 815 752 8 592 595 783 0 143 132 55 677 527 162 640 503 189 996 345 357 385 669 517 624 
605 18 20 950 318 738 867 626 77 400 261 791 952 828 98 890 239 999 836 109 745 249 858 338 60 54 635 292 924 818 388 95 849 947 491 646 70 270 940 927 495 274 650 174 399 495 84 5 668 816 273 5 170 946 99 90 241 411 829 173 916 554 141 143 0 429 790 204 95 293 936 481 906 106 520 770 371 76 914 886 
181 800 900 159 502 61 405 19 597 946 52 106 194 33 42 16 94 661 87 607 855 335 86 349 970 843 218 377 55 354 569 933 494 251 718 729 341 194 113 912 911 334 650 523 856 842 372 329 445 876 568 718 467 543 601 766 617 640 706 935 947 799 355 132 429 0 518 152 250 906 21 129 307 371 954 460 369 855 429 79 
777 412 856 161 907 172 232 580 2 605 524 947 207 624 176 180 797 873 578 962 283 393 881 530 329 219 179 557 561 951 942 652 884 352 514 888 535 19 36 24 61 15 996 662 737 637 585 507 94 503 363 734 315 691 773 374 41 973 945 483 882 958 659 55 790 518 0 250 866 630 167 353 445 801 706 255 627 263 535 792 
572 13 875 773 163 843 931 327 855 99 42 791 707 352 295 145 87 69 937 795 440 324 102 665 152 876 110 876 799 204 957 376 565 275 710 802 650 735 407 365 792 357 809 440 776 354 857 403 816 276 213 932 795 30 123 46 483 965 443 652 888 712 455 677 204 152 250 0 735 815 531 571 486 100 16 233 590 617 52 502 
499 855 711 457 542 617 984 167 577 11 650 444 819 972 709 994 34 162 32 775 264 845 943 25 552 322 469 311 475 549 199 667 593 364 321 370 596 80 512 841 770 959 455 904 373 807 431 235 789 620 24 821 394 494 896 843 578 994 158 7 963 162 376 527 95 250 866 735 0 125 315 640 344 728 692 708 474 168 92 157 
435 628 712 972 151 963 826 310 300 622 634 975 45 981 175 630 85 711 510 287 745 710 669 142 530 274 293 537 335 566 496 410 754 493 914 579 53 844 541 335 371 386 56 373 288 884 216 758 209 728 243 197 10 424 274 243 9 434 133 837 711 189 122 162 293 906 630 815 125 0 944 131 778 208 567 994 112 499 470 567 
838 943 439 750 124 713 223 889 73 981 183 729 224 914 760 736 880 678 660 371 863 813 567 745 496 17 381 286 3 787 678 750 423 681 339 201 446 259 745 548 723 251 928 792 781 668 964 520 830 483 444 697 918 590 439 506 712 761 674 308 291 162 279 640 936 21 167 531 315 944 0 688 671 903 382 586 412 227 850 653 
830 851 738 4 831 358 365 193 980 818 596 563 385 641 745 751 597 991 951 288 901 157 537 295 183 595 207 961 838 615 814 851 595 46 246 212 428 820 333 151 224 513 576 406 354 90 196 515 510 966 800 869 410 10 234 758 721 179 204 613 440 118 882 503 481 129 353 571 640 131 688 0 383 918 101 437 905 381 785 871 
480 862 304 892 216 802 557 671 42 807 979 976 732 498 667 302 147 16 277 965 512 28 405 411 969 210 246 30 455 777 565 406 629 430 573 719 259 329 353 762 572 296 770 653 606 232 240 890 314 380 334 276 145 452 721 798 111 639 367 227 390 827 248 189 906 307 445 486 344 778 671 383 0 981 350 819 839 724 148 764 
635 570 598 461 679 385 922 999 432 925 443 115 640 574 938 384 847 102 683 676 286 317 141 897 559 604 193 132 231 650 769 99 262 764 320 66 685 130 364 476 284 528 746 217 637 100 558 591 534 55 140 832 329 512 44 969 477 187 302 950 494 636 794 996 106 371 801 100 728 208 903 918 981 0 621 507 580 304 943 761 
379 7 680 905 179 301 651 191 660 312 434 466 264 971 583 553 53 165 888 90 139 268 823 990 953 344 540 880 677 173 657 452 378 146 945 878 564 880 381 780 593 252 640 9 278 761 33 600 950 761 297 220 538 551 58 730 240 253 924 490 603 499 141 345 520 954 706 16 692 567 382 101 350 621 0 318 257 770 451 395 
560 868 122 124 579 733 255 248 23 27 925 394 811 860 695 909 605 882 13 114 206 308 175 644 562 673 62 931 875 472 161 188 47 410 801 911 849 819 45 236 351 28 432 516 297 430 765 166 226 898 724 932 945 804 920 853 128 556 600 31 121 458 117 357 770 460 255 233 708 994 586 437 819 507 318 0 867 780 830 235 
925 328 612 8 440 760 743 263 815 634 785 536 998 518 325 877 72 867 17 255 66 656 339 934 277 961 359 942 629 23 281 379 202 432 805 276 458 742 459 946 464 339 926 289 766 416 631 67 492 756 707 60 550 513 409 427 633 95 895 710 789 379 380 385 371 369 627 590 474 112 412 905 839 580 257 867 0 934 679 327 
732 443 290 441 749 489 401 384 284 641 405 594 903 902 767 712 67 753 196 513 467 272 36 24 249 429 713 976 446 61 376 442 52 522 789 626 870 549 323 611 929 466 39 84 231 408 236 332 125 184 15 149 543 7 675 634 928 304 45 520 427 400 438 669 76 855 263 617 168 499 227 381 724 304 770 780 934 0 663 444 
933 126 546 385 954 774 707 63 449 841 309 665 989 720 226 389 635 513 889 538 838 698 780 578 870 907 420 622 404 11 220 506 184 947 955 26 279 70 639 409 340 116 164 60 739 554 742 944 881 456 656 662 213 44 161 660 313 533 884 426 457 208 993 517 914 429 535 52 92 470 850 785 148 943 451 830 679 663 0 886 
132 214 216 614 376 337 81 258 864 275 548 200 563 891 1000 389 997 942 297 642 882 12 387 136 64 932 555 225 636 755 560 959 287 750 864 314 653 161 149 670 374 469 535 547 430 627 62 907 853 828 903 680 547 675 5 758 744 129 582 556 564 756 273 624 886 79 792 502 157 567 653 871 764 761 395 235 327 444 886 0 
