6 4
0 774 34 397 940 378 
774 0 654 5 8 425 
34 654 0 177 493 205 
397 5 177 0 420 349 
940 8 493 420 0 958 
378 425 205 349 958 0 
0 986 173 320 590 268 
986 0 600 58 699 912 
173 600 0 871 814 188 
320 58 871 0 416 179 
590 699 814 416 0 810 
268 912 188 179 810 0 
0 15 828 681 411 733 
15 0 401 943 302 89 
828 401 0 130 187 813 
681 943 130 0 585 822 
411 302 187 585 0 191 
733 89 813 822 191 0 
0 15 828 681 411 733 
15 0 401 943 302 89 
828 401 0 130 187 813 
681 943 130 0 585 822 
411 302 187 585 0 191 
733 89 813 822 191 0 
0 15 828 681 411 733 
15 0 401 943 302 89 
828 401 0 130 187 813 
681 943 130 0 585 822 
411 302 187 585 0 191 
733 89 813 822 191 0 
