15 2
0 691 813 340 330 211 409 414 473 732 95 116 47 212 363 
691 0 822 549 990 128 503 394 510 272 92 615 56 192 397 
813 822 0 434 902 862 491 842 441 990 210 558 660 213 848 
340 549 434 0 345 464 999 723 111 641 24 948 547 251 369 
330 990 902 345 0 206 685 569 754 166 154 724 255 62 813 
211 128 862 464 206 0 86 712 815 268 569 491 905 998 282 
409 503 491 999 685 86 0 668 408 610 468 149 790 984 321 
414 394 842 723 569 712 668 0 325 81 515 473 747 783 323 
473 510 441 111 754 815 408 325 0 746 315 252 698 110 535 
732 272 990 641 166 268 610 81 746 0 810 52 543 126 906 
95 92 210 24 154 569 468 515 315 810 0 486 386 285 143 
116 615 558 948 724 491 149 473 252 52 486 0 254 544 992 
47 56 660 547 255 905 790 747 698 543 386 254 0 405 138 
212 192 213 251 62 998 984 783 110 126 285 544 405 0 911 
363 397 848 369 813 282 321 323 535 906 143 992 138 911 0 
0 442 316 437 709 961 190 242 580 844 907 633 308 476 609 
442 0 680 222 762 773 548 687 903 760 727 51 745 606 967 
316 680 0 229 101 755 803 340 470 390 355 118 354 686 111 
437 222 229 0 109 989 247 937 786 937 622 21 566 713 41 
709 762 101 109 0 37 262 239 528 800 321 536 210 768 446 
961 773 755 989 37 0 54 895 24 351 484 443 906 363 855 
190 548 803 247 262 54 0 528 831 833 621 280 695 854 687 
242 687 340 937 239 895 528 0 82 514 894 637 864 275 447 
580 903 470 786 528 24 831 82 0 721 410 164 571 1000 462 
844 760 390 937 800 351 833 514 721 0 23 261 290 479 940 
907 727 355 622 321 484 621 894 410 23 0 696 229 517 630 
633 51 118 21 536 443 280 637 164 261 696 0 295 763 984 
308 745 354 566 210 906 695 864 571 290 229 295 0 144 175 
476 606 686 713 768 363 854 275 1000 479 517 763 144 0 400 
609 967 111 41 446 855 687 447 462 940 630 984 175 400 0 
0 179 92 964 491 856 840 84 405 636 557 574 439 114 68 
179 0 204 84 956 318 446 757 975 723 635 239 930 728 938 
92 204 0 403 245 496 910 731 355 452 719 590 777 545 333 
964 84 403 0 189 848 279 563 410 788 553 74 674 711 503 
491 956 245 189 0 245 180 354 127 216 255 712 212 971 149 
856 318 496 848 245 0 626 890 147 51 983 597 865 534 925 
840 446 910 279 180 626 0 451 393 972 837 522 156 797 841 
84 757 731 563 354 890 451 0 192 293 206 506 630 433 306 
405 975 355 410 127 147 393 192 0 507 278 847 271 703 841 
636 723 452 788 216 51 972 293 507 0 259 676 187 479 918 
557 635 719 553 255 983 837 206 278 259 0 301 287 342 708 
574 239 590 74 712 597 522 506 847 676 301 0 504 670 695 
439 930 777 674 212 865 156 630 271 187 287 504 0 218 654 
114 728 545 711 971 534 797 433 703 479 342 670 218 0 161 
68 938 333 503 149 925 841 306 841 918 708 695 654 161 0 
