8 4
0 569 691 94 813 407 340 370 
569 0 1 298 822 753 549 377 
691 1 0 664 905 412 434 47 
94 298 664 0 51 210 90 137 
813 822 905 51 0 245 449 385 
407 753 412 210 245 0 981 943 
340 549 434 90 449 981 0 566 
370 377 47 137 385 943 566 0 
0 409 473 95 47 363 548 67 
409 0 754 154 255 813 96 906 
473 754 0 315 698 535 197 940 
95 154 315 0 619 138 934 265 
47 255 698 619 0 842 785 169 
363 813 535 138 842 0 251 275 
548 96 197 934 785 251 0 329 
67 906 940 265 169 275 329 0 
0 409 473 95 47 363 548 67 
409 0 754 154 255 813 96 906 
473 754 0 315 698 535 197 940 
95 154 315 0 619 138 934 265 
47 255 698 619 0 842 785 169 
363 813 535 138 842 0 251 275 
548 96 197 934 785 251 0 329 
67 906 940 265 169 275 329 0 
0 409 473 95 47 363 548 67 
409 0 754 154 255 813 96 906 
473 754 0 315 698 535 197 940 
95 154 315 0 619 138 934 265 
47 255 698 619 0 842 785 169 
363 813 535 138 842 0 251 275 
548 96 197 934 785 251 0 329 
67 906 940 265 169 275 329 0 
0 409 473 95 47 363 548 67 
409 0 754 154 255 813 96 906 
473 754 0 315 698 535 197 940 
95 154 315 0 619 138 934 265 
47 255 698 619 0 842 785 169 
363 813 535 138 842 0 251 275 
548 96 197 934 785 251 0 329 
67 906 940 265 169 275 329 0 
