90 2
0 86 386 495 712 990 379 527 757 93 223 973 671 299 918 226 952 825 85 807 684 725 997 205 740 339 327 477 413 236 699 895 454 857 354 517 209 46 605 946 180 948 195 299 911 718 643 5 535 459 621 155 311 763 96 537 348 667 644 752 924 843 129 364 382 858 14 155 284 722 708 591 794 819 470 990 330 868 265 303 820 150 868 424 587 996 911 831 811 789 
86 0 254 169 584 403 132 240 413 393 836 169 598 363 197 572 926 540 360 346 61 580 513 340 463 592 593 101 589 455 746 650 114 480 742 626 475 799 444 564 502 661 711 167 846 598 436 920 760 127 419 883 300 282 106 323 517 961 765 165 367 442 459 778 643 581 119 716 513 844 129 558 230 652 120 249 279 377 958 621 764 836 495 679 25 155 636 589 183 716 
386 254 0 886 193 818 364 280 340 114 108 553 308 137 630 652 213 981 662 43 562 423 980 57 837 805 452 985 243 678 151 446 684 414 742 674 300 874 448 553 76 927 182 236 648 593 776 349 782 6 767 501 392 16 194 42 596 608 628 89 389 624 135 147 666 193 867 669 539 876 374 954 355 768 992 888 250 472 656 589 564 934 499 631 373 99 367 286 795 432 
495 169 886 0 512 604 595 449 488 82 30 616 534 534 156 183 638 946 552 976 14 689 400 403 525 891 662 11 300 30 592 61 880 51 409 26 543 932 214 173 426 82 75 280 4 313 333 498 490 106 433 448 560 134 1 425 433 514 910 216 391 856 436 285 93 199 708 427 32 994 295 762 736 235 352 442 864 327 615 750 492 720 508 433 525 231 167 128 172 428 
712 584 193 512 0 977 87 860 731 841 661 538 439 335 708 784 469 505 361 145 860 709 518 700 907 550 185 197 901 424 729 922 744 619 80 746 154 632 811 957 908 926 520 430 791 85 859 442 838 836 677 601 984 836 846 340 917 519 463 748 213 933 80 771 151 391 341 784 118 584 882 244 237 294 280 173 60 536 127 205 875 569 878 567 461 995 356 669 413 191 
990 403 818 604 977 0 102 241 37 192 271 621 186 854 912 714 741 966 15 729 252 280 748 138 461 325 168 344 805 631 357 403 169 965 520 474 135 812 3 412 607 803 294 350 312 824 293 485 529 766 116 275 931 79 527 474 497 539 144 104 901 13 145 372 274 266 461 714 423 212 435 205 823 341 82 49 523 711 987 726 267 369 942 424 682 729 97 289 878 301 
379 132 364 595 87 102 0 498 937 336 778 279 745 854 984 22 391 37 216 785 960 142 381 5 276 444 937 756 220 414 654 571 621 152 10 60 593 744 833 96 176 620 514 810 524 602 428 119 742 69 998 566 415 140 400 768 735 963 243 12 649 540 384 985 123 838 883 279 634 121 582 978 333 141 242 929 781 21 110 456 454 535 421 154 692 203 286 551 984 292 
527 240 280 449 860 241 498 0 328 474 579 903 563 797 310 138 404 331 803 717 326 589 610 144 815 416 771 640 655 846 345 656 69 40 410 229 314 865 749 549 923 248 608 373 977 23 82 895 742 738 153 592 537 110 689 847 581 900 851 639 737 673 748 965 599 451 350 533 214 365 359 135 532 558 96 413 7 733 77 571 259 478 930 580 603 885 514 980 562 586 
757 413 340 488 731 37 937 328 0 421 165 705 262 773 139 348 555 628 118 625 650 525 336 208 563 760 456 389 604 763 22 886 982 474 361 35 177 240 126 948 987 36 580 730 233 496 4 437 100 440 890 612 793 354 968 711 654 297 414 649 278 514 366 850 570 168 481 120 229 518 743 585 223 401 255 19 544 156 867 181 161 256 848 409 342 298 571 310 949 564 
93 393 114 82 841 192 336 474 421 0 509 707 549 275 400 154 971 721 682 943 950 370 173 627 710 420 441 116 358 271 816 76 742 836 259 129 445 575 99 914 665 990 961 998 399 122 802 216 200 92 234 853 179 862 322 232 488 291 395 812 826 554 618 634 161 892 173 85 813 666 114 456 305 668 818 700 847 663 654 651 295 755 433 254 33 258 591 529 406 440 
223 836 108 30 661 271 778 579 165 509 0 626 930 280 231 957 908 437 87 167 546 279 977 493 219 915 198 966 870 305 252 399 142 78 325 515 160 11 852 980 732 190 595 128 436 742 568 367 238 653 917 684 244 159 124 462 705 384 88 915 748 668 461 485 574 671 52 259 327 373 915 832 183 690 69 933 521 711 621 548 973 819 189 797 856 239 239 591 455 429 
973 169 553 616 538 621 279 903 705 707 626 0 814 433 476 793 228 39 152 889 46 682 765 570 90 512 837 476 357 414 848 520 190 151 39 690 291 262 854 458 126 690 377 491 803 220 615 387 726 580 269 206 320 524 654 916 373 167 226 202 117 806 886 145 908 451 33 799 465 626 874 825 382 21 103 378 247 818 714 898 139 660 483 319 513 44 229 6 177 860 
671 598 308 534 439 186 745 563 262 549 930 814 0 810 559 737 980 580 932 600 91 778 274 537 993 406 113 886 493 388 618 840 238 87 570 666 477 811 558 793 707 949 509 573 387 430 695 737 437 220 521 424 845 103 298 384 276 702 514 825 450 343 990 175 809 654 794 864 379 113 926 879 315 583 23 688 779 137 825 350 510 301 676 47 146 846 41 688 306 861 
299 363 137 534 335 854 854 797 773 275 280 433 810 0 683 300 133 774 793 884 21 782 495 805 811 243 445 639 726 880 300 616 421 213 979 164 387 782 493 902 3 699 1 718 775 64 968 328 118 694 179 682 198 109 633 462 101 576 529 387 771 889 102 694 78 990 886 226 975 784 950 274 608 409 285 91 725 722 649 309 590 216 610 461 408 229 151 200 22 968 
918 197 630 156 708 912 984 310 139 400 231 476 559 683 0 663 466 520 788 192 493 511 451 35 144 844 974 808 68 138 715 218 807 261 992 686 931 903 258 564 924 587 752 817 724 509 685 462 861 556 58 507 929 526 16 973 821 852 303 45 943 533 182 564 136 429 261 64 693 261 155 496 794 597 231 66 327 260 960 86 788 721 289 508 205 476 666 382 74 581 
226 572 652 183 784 714 22 138 348 154 957 793 737 300 663 0 266 942 912 457 953 102 128 798 190 337 648 476 247 300 44 912 987 334 501 179 213 45 398 575 492 424 571 281 801 6 700 135 259 487 737 254 536 491 420 158 45 361 896 991 611 451 412 374 511 184 683 607 824 932 64 175 842 521 223 645 487 562 897 390 713 831 534 851 606 71 664 194 730 46 
952 926 213 638 469 741 391 404 555 971 908 228 980 133 466 266 0 390 131 113 459 361 276 248 481 739 38 15 450 853 849 160 644 250 667 345 499 518 785 879 867 116 797 610 486 813 712 263 718 337 364 182 210 58 975 4 424 662 270 225 991 622 653 840 563 534 198 845 97 104 527 997 715 484 268 562 516 640 94 39 472 312 867 745 720 917 495 635 432 740 
825 540 981 946 505 966 37 331 628 721 437 39 580 774 520 942 390 0 27 507 806 502 475 511 175 663 801 845 588 475 201 893 543 943 746 742 759 409 369 240 709 749 330 952 285 365 790 440 798 53 76 647 124 486 482 10 27 992 695 306 55 979 694 714 26 991 917 149 305 995 626 120 570 260 615 75 152 678 871 751 830 276 165 63 885 455 85 39 500 592 
85 360 662 552 361 15 216 803 118 682 87 152 932 793 788 912 131 27 0 934 10 731 335 451 589 162 374 861 553 817 578 842 313 102 542 338 133 19 90 504 890 854 923 950 888 750 260 623 455 389 666 907 185 262 477 131 944 707 564 67 220 45 46 536 25 572 930 134 101 578 785 450 717 22 866 185 156 682 896 911 722 867 720 564 589 439 167 162 406 103 
807 346 43 976 145 729 785 717 625 943 167 889 600 884 192 457 113 507 934 0 975 278 942 314 443 76 557 667 879 128 418 355 274 439 626 433 445 749 27 680 933 36 954 89 554 566 82 225 777 942 99 868 809 929 577 290 701 374 505 25 697 629 604 23 160 408 171 50 780 549 842 631 952 290 33 250 814 677 798 176 440 415 612 931 134 480 910 155 45 145 
684 61 562 14 860 252 960 326 650 950 546 46 91 21 493 953 459 806 10 975 0 824 776 541 336 669 802 568 674 116 202 38 958 581 338 154 100 782 139 97 314 132 170 524 131 733 112 347 510 491 428 640 311 502 20 731 138 645 982 736 560 436 58 528 298 546 314 154 744 673 792 321 782 154 33 419 913 843 350 525 364 888 950 812 563 170 525 348 645 803 
725 580 423 689 709 280 142 589 525 370 279 682 778 782 511 102 361 502 731 278 824 0 99 623 271 891 934 412 383 361 56 918 694 593 421 873 713 127 899 452 419 799 715 497 915 456 643 712 499 696 332 742 742 491 782 137 108 818 122 297 729 531 419 557 900 679 304 514 20 199 330 844 274 231 209 733 685 246 325 928 440 65 512 958 62 446 627 389 7 984 
997 513 980 400 518 748 381 610 336 173 977 765 274 495 451 128 276 475 335 942 776 99 0 377 720 712 534 414 914 822 689 420 836 785 624 738 827 746 921 632 622 602 69 17 282 558 733 261 581 802 758 129 274 676 678 426 302 585 760 938 569 853 630 428 449 696 972 228 988 898 481 963 564 649 869 844 267 479 400 803 846 403 446 817 617 890 548 639 201 571 
205 340 57 403 700 138 5 144 208 627 493 570 537 805 35 798 248 511 451 314 541 623 377 0 942 394 317 853 159 92 616 119 529 857 207 856 698 667 686 177 430 247 613 787 700 699 632 722 244 17 134 390 483 220 237 771 784 820 236 542 920 7 428 63 445 930 153 13 547 25 870 757 544 469 437 698 739 558 293 531 450 904 16 821 209 322 528 576 56 323 
740 463 837 525 907 461 276 815 563 710 219 90 993 811 144 190 481 175 589 443 336 271 720 942 0 964 777 378 300 346 132 719 707 211 66 693 689 722 3 362 444 49 3 771 632 846 217 706 144 894 941 621 223 515 943 279 202 28 924 74 751 455 795 541 800 597 844 28 928 64 863 260 105 830 451 38 940 865 867 793 704 306 765 111 398 630 824 132 233 934 
339 592 805 891 550 325 444 416 760 420 915 512 406 243 844 337 739 663 162 76 669 891 712 394 964 0 452 891 878 554 185 454 199 727 724 31 665 653 369 482 403 31 251 666 818 161 979 126 477 98 495 17 667 186 105 775 728 542 348 905 774 291 928 587 711 459 364 815 589 112 422 598 228 671 865 482 598 666 7 67 269 831 760 936 65 510 930 89 345 162 
327 593 452 662 185 168 937 771 456 441 198 837 113 445 974 648 38 801 374 557 802 934 534 317 777 452 0 473 430 245 926 925 135 390 216 899 350 152 414 464 1000 685 487 512 482 842 288 896 94 633 335 553 581 246 338 273 699 747 20 983 941 886 367 538 849 340 113 763 12 40 146 75 765 821 14 568 249 627 312 675 247 747 32 104 310 479 754 322 22 242 
477 101 985 11 197 344 756 640 389 116 966 476 886 639 808 476 15 845 861 667 568 412 414 853 378 891 473 0 300 1000 93 541 677 574 431 195 859 211 387 923 57 816 617 415 956 756 821 928 524 284 749 106 583 673 733 231 727 899 524 385 117 278 868 38 710 807 115 781 445 418 817 947 663 189 195 228 452 699 416 301 824 706 794 860 149 547 58 283 159 961 
413 589 243 300 901 805 220 655 604 358 870 357 493 726 68 247 450 588 553 879 674 383 914 159 300 878 430 300 0 451 474 743 135 536 54 727 909 70 588 2 730 743 470 755 322 619 311 836 951 870 506 32 614 767 487 295 85 697 153 998 439 172 410 430 76 260 211 217 556 453 957 584 857 618 516 108 981 126 158 995 733 216 521 936 328 397 636 790 119 638 
236 455 678 30 424 631 414 846 763 271 305 414 388 880 138 300 853 475 817 128 116 361 822 92 346 554 245 1000 451 0 562 834 264 660 166 413 179 544 146 367 341 427 763 189 465 113 725 629 894 826 809 160 356 66 128 342 576 605 437 543 354 143 29 9 356 809 859 1 678 348 417 862 912 208 739 693 770 805 550 336 2 289 206 815 974 467 471 679 745 463 
699 746 151 592 729 357 654 345 22 816 252 848 618 300 715 44 849 201 578 418 202 56 689 616 132 185 926 93 474 562 0 686 336 735 802 897 901 75 672 902 925 425 61 757 914 952 737 851 544 680 45 208 938 943 715 539 837 817 965 85 329 347 638 887 238 833 461 523 835 667 887 860 349 70 757 564 322 167 119 854 245 365 240 727 158 281 740 170 148 672 
895 650 446 61 922 403 571 656 886 76 399 520 840 616 218 912 160 893 842 355 38 918 420 119 719 454 925 541 743 834 686 0 501 917 589 766 245 961 1000 357 691 4 717 71 443 537 150 287 242 366 971 403 410 818 290 722 327 160 116 870 152 285 710 621 849 455 557 208 935 21 157 410 613 513 858 754 154 34 736 784 493 544 866 100 787 600 567 960 794 257 
454 114 684 880 744 169 621 69 982 742 142 190 238 421 807 987 644 543 313 274 958 694 836 529 707 199 135 677 135 264 336 501 0 543 471 872 56 718 144 596 270 710 188 747 598 283 487 842 941 427 128 126 456 378 315 589 314 818 713 843 181 315 620 898 292 646 516 459 825 385 679 246 963 923 892 673 682 155 639 927 827 714 250 853 428 63 424 807 891 14 
857 480 414 51 619 965 152 40 474 836 78 151 87 213 261 334 250 943 102 439 581 593 785 857 211 727 390 574 536 660 735 917 543 0 181 757 562 706 838 15 507 988 593 402 226 123 211 124 624 896 114 749 758 925 943 698 152 101 633 174 977 88 348 745 995 274 322 92 67 535 41 116 548 540 712 260 399 163 614 730 888 968 357 856 737 22 406 998 119 198 
354 742 742 409 80 520 10 410 361 259 325 39 570 979 992 501 667 746 542 626 338 421 624 207 66 724 216 431 54 166 802 589 471 181 0 303 141 955 172 249 850 512 239 646 406 701 55 824 83 116 193 293 895 144 256 536 933 585 926 259 811 82 434 590 711 742 390 171 407 278 136 809 263 117 83 395 632 480 913 352 903 561 511 728 352 597 555 727 855 508 
517 626 674 26 746 474 60 229 35 129 515 690 666 164 686 179 345 742 338 433 154 873 738 856 693 31 899 195 727 413 897 766 872 757 303 0 33 317 780 822 27 187 275 930 50 577 519 579 749 355 247 759 925 755 736 415 364 894 940 750 308 490 390 305 398 387 305 505 265 367 638 869 26 637 743 237 327 33 91 51 873 249 763 893 909 922 308 370 460 627 
209 475 300 543 154 135 593 314 177 445 160 291 477 387 931 213 499 759 133 445 100 713 827 698 689 665 350 859 909 179 901 245 56 562 141 33 0 554 931 515 954 541 357 203 114 600 385 104 283 769 486 373 226 808 784 975 657 84 745 449 314 864 448 519 653 919 429 495 319 861 433 543 883 119 717 552 436 709 793 314 842 383 368 843 331 729 11 921 331 569 
46 799 874 932 632 812 744 865 240 575 11 262 811 782 903 45 518 409 19 749 782 127 746 667 722 653 152 211 70 544 75 961 718 706 955 317 554 0 25 193 57 991 625 901 911 968 269 138 89 733 906 70 861 578 494 104 50 340 790 877 267 934 417 641 912 168 912 616 109 764 800 68 775 138 854 238 168 348 544 101 735 903 938 987 268 349 980 522 790 5 
605 444 448 214 811 3 833 749 126 99 852 854 558 493 258 398 785 369 90 27 139 899 921 686 3 369 414 387 588 146 672 1000 144 838 172 780 931 25 0 750 285 511 485 705 60 673 703 542 280 249 790 645 155 201 912 973 738 459 504 283 371 843 929 673 448 347 925 688 875 964 445 245 32 95 608 522 278 626 908 464 802 158 704 965 414 992 549 528 116 324 
946 564 553 173 957 412 96 549 948 914 980 458 793 902 564 575 879 240 504 680 97 452 632 177 362 482 464 923 2 367 902 357 596 15 249 822 515 193 750 0 241 423 273 950 837 659 609 678 592 91 533 814 754 19 380 957 508 36 936 895 736 755 358 165 739 270 545 246 79 857 293 314 249 106 983 824 917 445 511 597 798 962 783 681 419 506 405 399 50 479 
180 502 76 426 908 607 176 923 987 665 732 126 707 3 924 492 867 709 890 933 314 419 622 430 444 403 1000 57 730 341 925 691 270 507 850 27 954 57 285 241 0 74 133 877 481 949 719 478 217 832 453 447 304 319 965 298 78 468 358 84 978 608 909 827 871 177 437 398 598 12 10 712 771 850 692 63 822 120 785 456 587 552 551 855 267 948 532 636 689 16 
948 661 927 82 926 803 620 248 36 990 190 690 949 699 587 424 116 749 854 36 132 799 602 247 49 31 685 816 743 427 425 4 710 988 512 187 541 991 511 423 74 0 397 503 205 35 604 167 468 561 802 570 594 860 397 866 439 358 214 64 827 404 495 665 72 347 110 240 284 467 988 991 35 341 745 434 780 969 867 388 512 65 159 676 641 224 905 105 748 93 
195 711 182 75 520 294 514 608 580 961 595 377 509 1 752 571 797 330 923 954 170 715 69 613 3 251 487 617 470 763 61 717 188 593 239 275 357 625 485 273 133 397 0 746 60 593 198 267 427 78 970 717 775 681 599 123 31 710 673 71 516 723 322 105 243 175 605 968 306 676 212 930 922 109 491 553 239 728 123 967 182 224 139 251 188 50 275 252 984 918 
299 167 236 280 430 350 810 373 730 998 128 491 573 718 817 281 610 952 950 89 524 497 17 787 771 666 512 415 755 189 757 71 747 402 646 930 203 901 705 950 877 503 746 0 518 520 952 918 819 447 540 904 509 520 479 623 452 958 76 638 481 11 943 838 827 152 428 21 286 930 703 751 672 733 810 732 825 723 340 317 566 524 468 812 967 335 328 450 890 151 
911 846 648 4 791 312 524 977 233 399 436 803 387 775 724 801 486 285 888 554 131 915 282 700 632 818 482 956 322 465 914 443 598 226 406 50 114 911 60 837 481 205 60 518 0 203 436 621 65 24 927 567 146 184 305 830 662 632 51 940 566 941 623 515 867 368 389 70 356 547 387 393 851 73 519 147 923 763 970 642 938 610 860 678 285 828 360 227 241 28 
718 598 593 313 85 824 602 23 496 122 742 220 430 64 509 6 813 365 750 566 733 456 558 699 846 161 842 756 619 113 952 537 283 123 701 577 600 968 673 659 949 35 593 520 203 0 220 566 685 536 796 179 789 793 576 455 916 412 111 59 908 469 800 644 734 505 215 427 682 328 471 840 549 673 940 765 578 529 102 132 461 369 758 816 106 532 220 721 856 133 
643 436 776 333 859 293 428 82 4 802 568 615 695 968 685 700 712 790 260 82 112 643 733 632 217 979 288 821 311 725 737 150 487 211 55 519 385 269 703 609 719 604 198 952 436 220 0 926 402 583 219 682 231 811 734 289 777 944 90 27 45 653 953 609 968 674 833 290 356 849 243 263 486 257 246 789 733 295 820 199 306 805 932 195 338 154 766 686 289 885 
5 920 349 498 442 485 119 895 437 216 367 387 737 328 462 135 263 440 623 225 347 712 261 722 706 126 896 928 836 629 851 287 842 124 824 579 104 138 542 678 478 167 267 918 621 566 926 0 733 445 346 249 966 315 345 553 365 4 772 669 55 908 211 222 5 617 820 656 28 568 843 229 116 629 75 309 746 706 707 893 359 139 542 105 860 902 126 798 832 138 
535 760 782 490 838 529 742 742 100 200 238 726 437 118 861 259 718 798 455 777 510 499 581 244 144 477 94 524 951 894 544 242 941 624 83 749 283 89 280 592 217 468 427 819 65 685 402 733 0 709 737 605 664 717 931 778 559 94 2 5 129 96 390 752 2 805 386 287 663 385 400 580 60 740 234 851 56 594 418 502 641 14 622 131 973 766 398 977 564 478 
459 127 6 106 836 766 69 738 440 92 653 580 220 694 556 487 337 53 389 942 491 696 802 17 894 98 633 284 870 826 680 366 427 896 116 355 769 733 249 91 832 561 78 447 24 536 583 445 709 0 953 825 459 220 637 893 133 568 745 674 867 599 598 552 60 593 752 382 380 396 556 992 189 739 654 477 917 196 843 33 446 189 369 117 172 989 115 212 392 545 
621 419 767 433 677 116 998 153 890 234 917 269 521 179 58 737 364 76 666 99 428 332 758 134 941 495 335 749 506 809 45 971 128 114 193 247 486 906 790 533 453 802 970 540 927 796 219 346 737 953 0 577 908 750 500 335 569 615 54 888 909 628 754 946 546 352 787 905 482 498 841 261 679 492 59 391 730 61 678 362 210 251 689 39 777 832 324 768 771 184 
155 883 501 448 601 275 566 592 612 853 684 206 424 682 507 254 182 647 907 868 640 742 129 390 621 17 553 106 32 160 208 403 126 749 293 759 373 70 645 814 447 570 717 904 567 179 682 249 605 825 577 0 580 540 721 519 820 124 301 499 964 824 331 609 101 692 520 735 752 706 720 284 515 568 285 592 919 249 246 346 75 186 69 10 133 227 523 290 78 863 
311 300 392 560 984 931 415 537 793 179 244 320 845 198 929 536 210 124 185 809 311 742 274 483 223 667 581 583 614 356 938 410 456 758 895 925 226 861 155 754 304 594 775 509 146 789 231 966 664 459 908 580 0 530 40 794 56 303 814 306 474 759 439 853 104 598 964 324 596 274 333 926 364 655 29 148 208 691 599 407 272 1000 329 438 625 497 289 358 157 773 
763 282 16 134 836 79 140 110 354 862 159 524 103 109 526 491 58 486 262 929 502 491 676 220 515 186 246 673 767 66 943 818 378 925 144 755 808 578 201 19 319 860 681 520 184 793 811 315 717 220 750 540 530 0 816 928 726 898 938 261 227 2 71 108 455 61 257 395 562 949 221 893 727 244 117 993 727 836 643 555 155 746 155 199 754 149 158 564 89 96 
96 106 194 1 846 527 400 689 968 322 124 654 298 633 16 420 975 482 477 577 20 782 678 237 943 105 338 733 487 128 715 290 315 943 256 736 784 494 912 380 965 397 599 479 305 576 734 345 931 637 500 721 40 816 0 605 691 196 655 485 573 420 421 974 450 964 851 128 624 568 533 210 120 835 469 6 976 108 857 304 896 194 348 793 983 105 463 336 460 369 
537 323 42 425 340 474 768 847 711 232 462 916 384 462 973 158 4 10 131 290 731 137 426 771 279 775 273 231 295 342 539 722 589 698 536 415 975 104 973 957 298 866 123 623 830 455 289 553 778 893 335 519 794 928 605 0 376 900 470 62 796 982 380 115 468 48 22 596 517 795 444 73 915 761 498 81 306 355 970 383 675 481 857 902 244 167 742 465 451 886 
348 517 596 433 917 497 735 581 654 488 705 373 276 101 821 45 424 27 944 701 138 108 302 784 202 728 699 727 85 576 837 327 314 152 933 364 657 50 738 508 78 439 31 452 662 916 777 365 559 133 569 820 56 726 691 376 0 527 596 932 408 977 266 935 329 11 882 766 881 609 293 971 11 114 311 240 808 466 730 946 782 740 145 944 39 601 482 925 483 940 
667 961 608 514 519 539 963 900 297 291 384 167 702 576 852 361 662 992 707 374 645 818 585 820 28 542 747 899 697 605 817 160 818 101 585 894 84 340 459 36 468 358 710 958 632 412 944 4 94 568 615 124 303 898 196 900 527 0 444 589 171 523 146 331 374 993 113 859 933 175 199 945 906 474 938 635 78 304 143 639 406 876 787 323 447 424 71 160 179 547 
644 765 628 910 463 144 243 851 414 395 88 226 514 529 303 896 270 695 564 505 982 122 760 236 924 348 20 524 153 437 965 116 713 633 926 940 745 790 504 936 358 214 673 76 51 111 90 772 2 745 54 301 814 938 655 470 596 444 0 146 152 495 488 786 385 398 263 108 891 877 263 961 658 666 194 423 271 659 55 119 253 34 60 394 204 629 277 875 630 147 
752 165 89 216 748 104 12 639 649 812 915 202 825 387 45 991 225 306 67 25 736 297 938 542 74 905 983 385 998 543 85 870 843 174 259 750 449 877 283 895 84 64 71 638 940 59 27 669 5 674 888 499 306 261 485 62 932 589 146 0 835 67 207 534 52 933 386 554 976 596 105 153 144 471 849 764 454 344 792 596 525 569 666 814 385 569 252 660 716 437 
924 367 389 391 213 901 649 737 278 826 748 117 450 771 943 611 991 55 220 697 560 729 569 920 751 774 941 117 439 354 329 152 181 977 811 308 314 267 371 736 978 827 516 481 566 908 45 55 129 867 909 964 474 227 573 796 408 171 152 835 0 816 624 976 24 304 6 187 942 549 72 457 544 265 73 535 215 287 989 771 139 855 457 209 599 198 4 831 644 495 
843 442 624 856 933 13 540 673 514 554 668 806 343 889 533 451 622 979 45 629 436 531 853 7 455 291 886 278 172 143 347 285 315 88 82 490 864 934 843 755 608 404 723 11 941 469 653 908 96 599 628 824 759 2 420 982 977 523 495 67 816 0 110 444 293 3 432 354 561 998 403 535 444 692 587 672 377 95 58 107 446 223 806 431 708 320 359 109 886 401 
129 459 135 436 80 145 384 748 366 618 461 886 990 102 182 412 653 694 46 604 58 419 630 428 795 928 367 868 410 29 638 710 620 348 434 390 448 417 929 358 909 495 322 943 623 800 953 211 390 598 754 331 439 71 421 380 266 146 488 207 624 110 0 475 669 468 516 477 604 247 182 82 574 534 782 871 609 448 474 449 617 332 42 468 359 163 768 874 36 235 
364 778 147 285 771 372 985 965 850 634 485 145 175 694 564 374 840 714 536 23 528 557 428 63 541 587 538 38 430 9 887 621 898 745 590 305 519 641 673 165 827 665 105 838 515 644 609 222 752 552 946 609 853 108 974 115 935 331 786 534 976 444 475 0 159 752 484 727 305 807 850 402 6 285 962 725 282 29 745 988 848 432 405 438 238 965 537 483 388 849 
382 643 666 93 151 274 123 599 570 161 574 908 809 78 136 511 563 26 25 160 298 900 449 445 800 711 849 710 76 356 238 849 292 995 711 398 653 912 448 739 871 72 243 827 867 734 968 5 2 60 546 101 104 455 450 468 329 374 385 52 24 293 669 159 0 608 306 134 321 817 604 177 193 176 138 540 271 48 291 947 750 194 497 18 40 713 546 586 89 367 
858 581 193 199 391 266 838 451 168 892 671 451 654 990 429 184 534 991 572 408 546 679 696 930 597 459 340 807 260 809 833 455 646 274 742 387 919 168 347 270 177 347 175 152 368 505 674 617 805 593 352 692 598 61 964 48 11 993 398 933 304 3 468 752 608 0 26 516 943 736 731 631 344 822 922 239 41 873 769 582 467 51 103 282 915 482 921 88 489 220 
14 119 867 708 341 461 883 350 481 173 52 33 794 886 261 683 198 917 930 171 314 304 972 153 844 364 113 115 211 859 461 557 516 322 390 305 429 912 925 545 437 110 605 428 389 215 833 820 386 752 787 520 964 257 851 22 882 113 263 386 6 432 516 484 306 26 0 361 783 585 60 593 335 889 544 812 821 826 525 616 211 994 523 160 76 330 426 433 190 200 
155 716 669 427 784 714 279 533 120 85 259 799 864 226 64 607 845 149 134 50 154 514 228 13 28 815 763 781 217 1 523 208 459 92 171 505 495 616 688 246 398 240 968 21 70 427 290 656 287 382 905 735 324 395 128 596 766 859 108 554 187 354 477 727 134 516 361 0 562 242 972 549 255 777 956 649 454 992 802 678 435 503 490 495 620 448 888 20 930 77 
284 513 539 32 118 423 634 214 229 813 327 465 379 975 693 824 97 305 101 780 744 20 988 547 928 589 12 445 556 678 835 935 825 67 407 265 319 109 875 79 598 284 306 286 356 682 356 28 663 380 482 752 596 562 624 517 881 933 891 976 942 561 604 305 321 943 783 562 0 774 873 385 516 990 750 779 513 4 246 987 928 550 404 811 830 620 705 771 202 767 
722 844 876 994 584 212 121 365 518 666 373 626 113 784 261 932 104 995 578 549 673 199 898 25 64 112 40 418 453 348 667 21 385 535 278 367 861 764 964 857 12 467 676 930 547 328 849 568 385 396 498 706 274 949 568 795 609 175 877 596 549 998 247 807 817 736 585 242 774 0 660 895 399 312 327 813 792 598 502 702 456 70 422 361 732 736 525 937 609 40 
708 129 374 295 882 435 582 359 743 114 915 874 926 950 155 64 527 626 785 842 792 330 481 870 863 422 146 817 957 417 887 157 679 41 136 638 433 800 445 293 10 988 212 703 387 471 243 843 400 556 841 720 333 221 533 444 293 199 263 105 72 403 182 850 604 731 60 972 873 660 0 580 365 964 536 520 212 926 327 240 629 252 34 498 578 258 545 514 509 335 
591 558 954 762 244 205 978 135 585 456 832 825 879 274 496 175 997 120 450 631 321 844 963 757 260 598 75 947 584 862 860 410 246 116 809 869 543 68 245 314 712 991 930 751 393 840 263 229 580 992 261 284 926 893 210 73 971 945 961 153 457 535 82 402 177 631 593 549 385 895 580 0 925 657 723 382 471 844 765 840 685 675 459 63 573 560 415 722 971 335 
794 230 355 736 237 823 333 532 223 305 183 382 315 608 794 842 715 570 717 952 782 274 564 544 105 228 765 663 857 912 349 613 963 548 263 26 883 775 32 249 771 35 922 672 851 549 486 116 60 189 679 515 364 727 120 915 11 906 658 144 544 444 574 6 193 344 335 255 516 399 365 925 0 884 608 944 255 67 543 793 483 221 200 668 370 447 310 375 921 122 
819 652 768 235 294 341 141 558 401 668 690 21 583 409 597 521 484 260 22 290 154 231 649 469 830 671 821 189 618 208 70 513 923 540 117 637 119 138 95 106 850 341 109 733 73 673 257 629 740 739 492 568 655 244 835 761 114 474 666 471 265 692 534 285 176 822 889 777 990 312 964 657 884 0 832 433 653 486 948 621 301 148 464 25 878 186 178 512 503 863 
470 120 992 352 280 82 242 96 255 818 69 103 23 285 231 223 268 615 866 33 33 209 869 437 451 865 14 195 516 739 757 858 892 712 83 743 717 854 608 983 692 745 491 810 519 940 246 75 234 654 59 285 29 117 469 498 311 938 194 849 73 587 782 962 138 922 544 956 750 327 536 723 608 832 0 836 349 554 403 530 19 198 725 807 881 119 717 515 216 807 
990 249 888 442 173 49 929 413 19 700 933 378 688 91 66 645 562 75 185 250 419 733 844 698 38 482 568 228 108 693 564 754 673 260 395 237 552 238 522 824 63 434 553 732 147 765 789 309 851 477 391 592 148 993 6 81 240 635 423 764 535 672 871 725 540 239 812 649 779 813 520 382 944 433 836 0 629 853 488 199 51 41 99 846 899 589 795 973 83 880 
330 279 250 864 60 523 781 7 544 847 521 247 779 725 327 487 516 152 156 814 913 685 267 739 940 598 249 452 981 770 322 154 682 399 632 327 436 168 278 917 822 780 239 825 923 578 733 746 56 917 730 919 208 727 976 306 808 78 271 454 215 377 609 282 271 41 821 454 513 792 212 471 255 653 349 629 0 214 700 749 185 392 94 482 695 307 757 567 150 245 
868 377 472 327 536 711 21 733 156 663 711 818 137 722 260 562 640 678 682 677 843 246 479 558 865 666 627 699 126 805 167 34 155 163 480 33 709 348 626 445 120 969 728 723 763 529 295 706 594 196 61 249 691 836 108 355 466 304 659 344 287 95 448 29 48 873 826 992 4 598 926 844 67 486 554 853 214 0 183 176 930 832 56 944 621 65 541 380 362 269 
265 958 656 615 127 987 110 77 867 654 621 714 825 649 960 897 94 871 896 798 350 325 400 293 867 7 312 416 158 550 119 736 639 614 913 91 793 544 908 511 785 867 123 340 970 102 820 707 418 843 678 246 599 643 857 970 730 143 55 792 989 58 474 745 291 769 525 802 246 502 327 765 543 948 403 488 700 183 0 247 243 870 970 59 859 304 499 615 946 468 
303 621 589 750 205 726 456 571 181 651 548 898 350 309 86 390 39 751 911 176 525 928 803 531 793 67 675 301 995 336 854 784 927 730 352 51 314 101 464 597 456 388 967 317 642 132 199 893 502 33 362 346 407 555 304 383 946 639 119 596 771 107 449 988 947 582 616 678 987 702 240 840 793 621 530 199 749 176 247 0 752 611 705 785 83 472 999 785 254 438 
820 764 564 492 875 267 454 259 161 295 973 139 510 590 788 713 472 830 722 440 364 440 846 450 704 269 247 824 733 2 245 493 827 888 903 873 842 735 802 798 587 512 182 566 938 461 306 359 641 446 210 75 272 155 896 675 782 406 253 525 139 446 617 848 750 467 211 435 928 456 629 685 483 301 19 51 185 930 243 752 0 678 450 923 584 737 348 613 172 235 
150 836 934 720 569 369 535 478 256 755 819 660 301 216 721 831 312 276 867 415 888 65 403 904 306 831 747 706 216 289 365 544 714 968 561 249 383 903 158 962 552 65 224 524 610 369 805 139 14 189 251 186 1000 746 194 481 740 876 34 569 855 223 332 432 194 51 994 503 550 70 252 675 221 148 198 41 392 832 870 611 678 0 797 950 984 359 153 893 924 832 
868 495 499 508 878 942 421 930 848 433 189 483 676 610 289 534 867 165 720 612 950 512 446 16 765 760 32 794 521 206 240 866 250 357 511 763 368 938 704 783 551 159 139 468 860 758 932 542 622 369 689 69 329 155 348 857 145 787 60 666 457 806 42 405 497 103 523 490 404 422 34 459 200 464 725 99 94 56 970 705 450 797 0 604 498 187 882 956 719 413 
424 679 631 433 567 424 154 580 409 254 797 319 47 461 508 851 745 63 564 931 812 958 817 821 111 936 104 860 936 815 727 100 853 856 728 893 843 987 965 681 855 676 251 812 678 816 195 105 131 117 39 10 438 199 793 902 944 323 394 814 209 431 468 438 18 282 160 495 811 361 498 63 668 25 807 846 482 944 59 785 923 950 604 0 973 880 944 452 640 548 
587 25 373 525 461 682 692 603 342 33 856 513 146 408 205 606 720 885 589 134 563 62 617 209 398 65 310 149 328 974 158 787 428 737 352 909 331 268 414 419 267 641 188 967 285 106 338 860 973 172 777 133 625 754 983 244 39 447 204 385 599 708 359 238 40 915 76 620 830 732 578 573 370 878 881 899 695 621 859 83 584 984 498 973 0 824 662 422 184 51 
996 155 99 231 995 729 203 885 298 258 239 44 846 229 476 71 917 455 439 480 170 446 890 322 630 510 479 547 397 467 281 600 63 22 597 922 729 349 992 506 948 224 50 335 828 532 154 902 766 989 832 227 497 149 105 167 601 424 629 569 198 320 163 965 713 482 330 448 620 736 258 560 447 186 119 589 307 65 304 472 737 359 187 880 824 0 294 213 217 406 
911 636 367 167 356 97 286 514 571 591 239 229 41 151 666 664 495 85 167 910 525 627 548 528 824 930 754 58 636 471 740 567 424 406 555 308 11 980 549 405 532 905 275 328 360 220 766 126 398 115 324 523 289 158 463 742 482 71 277 252 4 359 768 537 546 921 426 888 705 525 545 415 310 178 717 795 757 541 499 999 348 153 882 944 662 294 0 217 831 74 
831 589 286 128 669 289 551 980 310 529 591 6 688 200 382 194 635 39 162 155 348 389 639 576 132 89 322 283 790 679 170 960 807 998 727 370 921 522 528 399 636 105 252 450 227 721 686 798 977 212 768 290 358 564 336 465 925 160 875 660 831 109 874 483 586 88 433 20 771 937 514 722 375 512 515 973 567 380 615 785 613 893 956 452 422 213 217 0 216 106 
811 183 795 172 413 878 984 562 949 406 455 177 306 22 74 730 432 500 406 45 645 7 201 56 233 345 22 159 119 745 148 794 891 119 855 460 331 790 116 50 689 748 984 890 241 856 289 832 564 392 771 78 157 89 460 451 483 179 630 716 644 886 36 388 89 489 190 930 202 609 509 971 921 503 216 83 150 362 946 254 172 924 719 640 184 217 831 216 0 69 
789 716 432 428 191 301 292 586 564 440 429 860 861 968 581 46 740 592 103 145 803 984 571 323 934 162 242 961 638 463 672 257 14 198 508 627 569 5 324 479 16 93 918 151 28 133 885 138 478 545 184 863 773 96 369 886 940 547 147 437 495 401 235 849 367 220 200 77 767 40 335 335 122 863 807 880 245 269 468 438 235 832 413 548 51 406 74 106 69 0 
0 810 365 462 674 435 582 592 264 666 513 90 406 785 255 70 137 280 238 512 660 254 221 655 399 263 913 94 864 14 721 792 834 525 11 188 126 385 286 776 909 906 540 765 710 384 454 849 914 695 144 833 549 619 528 941 177 294 329 824 866 602 587 268 355 381 93 701 588 553 915 973 832 941 240 760 286 103 588 867 874 435 575 893 401 965 832 732 858 203 
810 0 333 917 226 545 270 224 59 689 4 633 371 411 468 186 435 228 117 427 318 495 39 817 886 615 966 547 972 367 317 538 615 823 892 199 780 55 827 681 500 509 315 973 134 832 993 642 420 627 537 418 927 460 685 312 676 922 201 119 183 31 144 504 600 365 290 985 292 938 637 220 127 525 617 717 933 107 769 354 571 144 288 345 346 235 844 403 757 139 
365 333 0 192 280 727 887 721 625 562 874 117 87 833 561 975 219 392 960 477 614 100 793 331 581 819 400 135 541 340 284 403 657 857 613 45 277 987 840 2 808 423 514 473 805 545 872 349 517 307 411 372 763 241 407 458 192 92 159 336 741 846 418 944 185 582 370 63 575 790 58 493 578 595 496 509 384 988 883 836 474 170 537 238 466 110 160 702 216 657 
462 917 192 0 366 269 549 219 164 415 463 322 632 457 466 687 414 484 581 596 263 800 327 931 600 834 602 987 949 457 897 955 306 372 638 230 729 266 551 598 902 995 229 952 471 145 927 213 902 18 92 982 645 250 878 512 596 270 432 446 218 847 164 268 169 565 849 524 61 862 117 521 727 624 462 484 210 810 368 969 801 762 188 444 200 35 487 62 794 998 
674 226 280 366 0 422 177 371 282 944 18 607 240 444 59 887 780 208 509 892 279 962 985 736 339 123 744 302 558 506 738 240 468 563 176 441 756 613 334 51 272 989 651 68 297 778 802 773 488 738 857 932 706 706 574 256 555 53 43 131 257 918 969 252 134 335 709 42 944 520 115 975 659 493 680 741 428 427 459 691 720 377 789 339 129 329 627 283 289 582 
435 545 727 269 422 0 623 280 608 563 220 831 810 655 948 289 474 15 313 593 1 769 639 981 227 716 834 323 358 560 822 878 530 813 246 747 108 431 666 785 852 837 311 425 208 436 618 527 714 666 428 579 164 685 120 318 445 965 450 997 234 118 478 990 896 904 478 840 955 864 205 785 773 949 625 415 93 529 72 165 195 685 721 842 606 272 982 364 36 206 
582 270 887 549 177 623 0 481 180 519 954 289 161 122 464 353 461 616 373 28 993 238 24 306 210 876 896 332 284 274 815 791 705 548 175 951 503 645 474 918 50 782 299 749 540 910 185 222 116 992 246 872 697 947 162 865 621 583 134 509 769 166 376 79 677 541 110 47 244 721 56 545 795 709 822 720 268 114 824 175 205 126 686 859 895 886 448 922 689 559 
592 224 721 219 371 280 481 0 236 937 819 195 5 692 652 191 375 392 433 911 558 819 616 327 409 530 277 524 368 272 495 477 606 295 958 269 454 392 541 225 940 501 920 722 68 764 217 526 270 442 978 102 657 24 829 434 17 577 266 834 790 114 73 813 594 260 849 661 591 800 516 402 180 23 969 980 337 685 176 17 566 619 983 955 224 50 856 14 730 320 
264 59 625 164 282 608 180 236 0 947 607 364 936 205 892 621 661 691 191 93 92 802 48 176 2 925 22 642 997 743 931 74 833 116 112 656 369 295 857 650 89 833 146 70 939 188 825 261 611 364 15 953 713 462 704 152 10 461 674 654 23 140 992 675 392 164 508 20 43 708 15 116 652 718 773 855 626 313 573 146 680 626 27 234 932 877 589 513 933 545 
666 689 562 415 944 563 519 937 947 0 916 934 782 553 334 496 907 594 832 588 482 184 94 874 684 119 171 188 501 468 783 451 374 455 174 867 312 926 417 398 102 209 4 768 392 322 367 17 411 393 705 546 183 599 654 17 838 919 355 562 220 945 195 8 597 107 836 350 775 612 42 430 452 981 431 929 944 890 496 476 175 905 780 718 467 381 642 777 964 580 
513 4 874 463 18 220 954 819 607 916 0 225 113 948 1000 718 245 172 531 779 655 389 237 30 932 514 561 15 852 259 789 172 365 948 839 978 617 76 304 831 37 45 349 269 496 929 82 468 227 588 810 829 880 456 85 643 546 941 614 835 49 520 516 89 895 257 184 586 152 608 409 688 453 357 250 936 880 723 5 997 963 756 610 558 929 133 276 534 155 365 
90 633 117 322 607 831 289 195 364 934 225 0 309 581 545 548 302 958 997 405 476 523 492 679 911 766 272 58 626 581 840 810 892 793 110 584 70 784 273 128 436 247 28 123 676 258 235 340 460 827 753 929 584 736 100 914 430 475 494 366 403 983 463 620 237 929 752 91 256 185 248 752 630 165 813 58 873 734 615 429 263 364 959 183 71 388 946 319 138 480 
406 371 87 632 240 810 161 5 936 782 113 309 0 953 419 591 565 204 384 660 858 211 310 649 688 545 884 455 566 482 91 149 213 202 819 409 973 127 636 300 141 676 49 975 89 285 519 624 759 483 267 944 965 109 407 897 642 999 273 132 479 438 707 747 51 241 585 448 140 18 501 345 699 685 720 621 590 465 484 835 794 184 929 65 860 759 243 804 177 406 
785 411 833 457 444 655 122 692 205 553 948 581 953 0 26 253 907 743 702 296 192 690 553 578 175 378 518 924 944 827 438 270 395 926 970 716 312 816 822 902 493 948 635 724 848 863 393 725 295 211 470 797 844 865 547 832 661 349 103 644 276 868 670 412 736 525 259 452 199 132 662 401 488 94 999 56 376 687 58 83 413 936 944 193 724 899 78 227 93 171 
255 468 561 466 59 948 464 652 892 334 1000 545 419 26 0 884 744 303 172 727 447 633 891 870 34 95 471 414 312 327 536 68 185 880 497 840 987 671 667 526 217 503 20 807 199 923 166 304 874 208 110 323 593 379 943 278 441 803 670 902 953 294 214 75 220 969 558 428 47 783 469 1000 11 358 930 470 38 429 619 937 661 724 394 532 625 841 938 531 988 31 
70 186 975 687 887 289 353 191 621 496 718 548 591 253 884 0 722 419 184 140 660 359 138 740 487 529 894 443 309 983 779 323 365 940 635 326 441 111 573 577 247 949 646 119 565 158 923 310 935 344 2 175 371 691 741 304 575 813 996 304 150 585 817 392 679 705 397 772 586 228 689 199 513 176 599 984 708 161 764 558 66 346 196 981 918 844 331 552 821 106 
137 435 219 414 780 474 461 375 661 907 245 302 565 907 744 722 0 842 353 514 702 594 717 271 74 251 782 269 145 908 208 768 383 876 446 937 25 459 916 18 900 208 724 519 957 510 630 67 206 945 813 213 470 593 917 724 490 444 419 690 135 576 154 991 608 145 883 405 441 345 359 325 995 569 498 374 968 153 972 48 88 266 576 526 938 291 36 779 206 564 
280 228 392 484 208 15 616 392 691 594 172 958 204 743 303 419 842 0 349 194 937 907 341 185 310 296 23 68 860 454 857 646 216 574 787 491 840 27 293 765 751 876 534 488 833 823 517 286 730 283 456 137 754 54 190 198 954 444 941 161 442 839 581 424 737 221 573 721 325 200 179 138 259 873 9 823 351 215 922 47 222 651 557 843 459 691 111 478 558 59 
238 117 960 581 509 313 373 433 191 832 531 997 384 702 172 184 353 349 0 44 597 166 59 322 336 495 319 114 769 454 6 576 674 847 733 606 237 552 637 321 446 827 361 495 164 872 336 748 924 834 909 865 867 771 124 438 640 606 912 879 430 226 27 828 79 110 109 555 889 857 779 668 244 229 189 810 827 802 23 48 817 968 52 897 78 506 578 488 406 711 
512 427 477 596 892 593 28 911 93 588 779 405 660 296 727 140 514 194 44 0 321 977 435 323 778 629 184 529 395 117 628 565 760 562 252 71 639 414 712 303 840 748 390 467 481 284 774 785 516 875 230 848 579 695 132 347 318 844 634 110 799 879 674 934 59 766 885 902 476 911 529 463 529 733 602 977 814 750 144 119 892 380 926 16 371 73 795 990 152 171 
660 318 614 263 279 1 993 558 92 482 655 476 858 192 447 660 702 937 597 321 0 455 371 130 990 538 623 238 934 429 283 952 587 851 406 901 587 917 996 235 959 588 374 825 162 406 527 698 444 405 107 175 777 879 709 971 472 168 971 780 917 756 977 484 218 436 560 539 330 52 306 280 950 933 592 452 803 650 598 954 686 356 964 89 621 54 456 692 26 679 
254 495 100 800 962 769 238 819 802 184 389 523 211 690 633 359 594 907 166 977 455 0 145 965 997 657 707 917 942 473 669 620 290 670 106 486 978 735 439 593 204 501 897 942 822 331 794 370 913 713 913 721 710 400 856 52 990 116 792 962 643 528 780 311 255 262 718 636 211 122 777 112 125 72 960 623 43 220 271 919 170 125 646 486 518 410 293 272 534 645 
221 39 793 327 985 639 24 616 48 94 237 492 310 553 891 138 717 341 59 435 371 145 0 541 858 811 340 131 757 414 709 503 726 941 362 292 76 568 89 517 252 314 254 516 621 185 29 438 319 807 428 849 90 863 214 576 817 541 687 801 354 22 618 578 973 270 487 857 844 728 641 69 153 738 467 220 922 982 546 852 886 796 808 596 954 518 414 482 36 705 
655 817 331 931 736 981 306 327 176 874 30 679 649 578 870 740 271 185 322 323 130 965 541 0 156 72 941 542 490 656 329 219 340 853 264 499 995 588 920 203 312 865 880 439 760 41 19 652 131 668 110 107 477 162 526 628 35 272 43 522 278 876 614 905 211 980 837 96 680 729 973 842 706 334 94 261 902 830 956 55 140 292 9 639 247 165 324 354 171 452 
399 886 581 600 339 227 210 409 2 684 932 911 688 175 34 487 74 310 336 778 990 997 858 156 0 795 332 261 477 681 267 668 237 307 616 756 478 579 557 705 291 75 908 920 247 519 775 50 170 790 235 66 863 551 923 183 557 739 573 572 267 534 226 634 463 52 196 422 512 289 281 618 820 408 489 594 36 437 845 617 277 97 150 42 523 142 300 576 238 466 
263 615 819 834 123 716 876 530 925 119 514 766 545 378 95 529 251 296 495 629 538 657 811 72 795 0 269 577 427 338 663 997 463 327 863 769 629 888 775 523 591 897 344 387 371 536 684 400 446 748 28 15 797 184 370 907 364 429 602 794 464 124 733 432 403 48 528 557 856 537 121 721 374 99 584 380 831 781 648 451 220 460 300 321 831 876 633 553 999 574 
913 966 400 602 744 834 896 277 22 171 561 272 884 518 471 894 782 23 319 184 623 707 340 941 332 269 0 439 777 201 729 108 507 929 448 829 335 674 741 493 895 518 346 913 923 611 129 575 337 404 943 539 366 780 259 73 20 128 851 780 777 290 51 761 111 972 769 165 393 972 939 617 514 585 598 570 211 666 814 309 75 87 853 549 686 681 305 253 367 165 
94 547 135 987 302 323 332 524 642 188 15 58 455 924 414 443 269 68 114 529 238 917 131 542 261 577 439 0 917 228 796 841 944 794 315 302 206 289 372 28 807 761 940 701 574 498 435 49 540 156 880 719 325 630 978 102 746 865 809 399 810 121 937 297 442 139 200 200 886 79 29 993 668 618 878 773 857 860 473 487 185 102 747 369 73 214 817 917 625 118 
864 972 541 949 558 358 284 368 997 501 852 626 566 944 312 309 145 860 769 395 934 942 757 490 477 427 777 917 0 556 568 40 191 250 611 530 929 264 420 219 673 282 27 621 759 24 997 694 892 882 386 137 878 411 696 281 474 409 950 122 549 520 541 811 760 451 33 129 861 508 643 976 305 883 14 967 848 629 586 187 716 731 401 184 390 543 99 197 256 716 
14 367 340 457 506 560 274 272 743 468 259 581 482 827 327 983 908 454 454 117 429 473 414 656 681 338 201 228 556 0 172 350 959 285 94 663 183 784 878 456 981 46 613 827 198 939 274 594 221 16 381 658 778 584 447 894 966 180 905 157 975 786 116 343 348 961 590 370 726 288 489 747 969 453 333 745 690 454 36 278 596 575 716 461 974 589 606 28 376 872 
721 317 284 897 738 822 815 495 931 783 789 840 91 438 536 779 208 857 6 628 283 669 709 329 267 663 729 796 568 172 0 211 765 27 58 591 719 272 910 612 471 928 753 810 543 349 921 3 606 28 876 479 494 260 829 177 124 993 199 132 513 319 468 328 429 306 983 359 281 230 873 168 40 87 211 376 235 654 132 184 946 982 88 82 13 812 575 488 969 140 
792 538 403 955 240 878 791 477 74 451 172 810 149 270 68 323 768 646 576 565 952 620 503 219 668 997 108 841 40 350 211 0 370 12 754 415 97 103 351 745 617 143 276 282 408 864 898 493 945 977 784 808 723 708 871 602 689 777 471 200 85 544 599 157 416 62 443 130 737 316 828 640 444 945 345 181 149 572 704 871 222 222 550 175 226 987 653 989 709 240 
834 615 657 306 468 530 705 606 833 374 365 892 213 395 185 365 383 216 674 760 587 290 726 340 237 463 507 944 191 959 765 370 0 577 492 206 450 590 670 112 804 191 958 237 12 333 14 929 23 134 741 72 716 164 864 567 58 770 910 521 275 500 457 38 679 289 268 896 390 440 246 288 94 896 501 718 317 316 238 131 118 427 999 548 565 885 926 520 35 179 
525 823 857 372 563 813 548 295 116 455 948 793 202 926 880 940 876 574 847 562 851 670 941 853 307 327 929 794 250 285 27 12 577 0 734 283 388 130 398 662 259 166 658 226 390 263 398 2 656 88 975 741 221 258 857 877 526 465 523 727 571 806 263 655 330 954 114 887 939 684 528 108 540 211 554 771 734 878 143 973 292 754 162 307 678 858 885 461 782 827 
11 892 613 638 176 246 175 958 112 174 839 110 819 970 497 635 446 787 733 252 406 106 362 264 616 863 448 315 611 94 58 754 492 734 0 607 984 654 706 760 318 525 26 487 177 76 232 731 992 46 769 209 616 135 268 597 724 808 525 261 993 755 438 181 550 871 828 450 345 831 938 978 628 725 442 743 469 733 466 951 610 327 423 991 228 866 179 679 50 791 
188 199 45 230 441 747 951 269 656 867 978 584 409 716 840 326 937 491 606 71 901 486 292 499 756 769 829 302 530 663 591 415 206 283 607 0 89 680 746 711 270 939 200 875 396 878 981 219 980 149 963 5 376 329 834 730 691 397 195 16 640 378 691 586 532 419 365 17 711 546 634 385 964 734 461 131 239 394 116 94 221 687 503 302 890 829 775 676 127 647 
126 780 277 729 756 108 503 454 369 312 617 70 973 312 987 441 25 840 237 639 587 978 76 995 478 629 335 206 929 183 719 97 450 388 984 89 0 686 996 963 611 88 461 69 231 972 225 187 1000 331 41 118 9 273 343 107 215 430 592 11 59 29 802 314 596 417 751 335 927 127 123 692 335 662 786 963 566 202 668 16 918 402 959 133 136 21 262 879 909 576 
385 55 987 266 613 431 645 392 295 926 76 784 127 816 671 111 459 27 552 414 917 735 568 588 579 888 674 289 264 784 272 103 590 130 654 680 686 0 244 626 931 840 537 59 529 47 976 448 175 460 576 18 820 51 238 654 849 371 641 839 534 79 489 617 989 280 937 466 711 341 970 109 534 642 558 445 378 417 972 397 185 810 463 536 94 58 682 857 559 789 
286 827 840 551 334 666 474 541 857 417 304 273 636 822 667 573 916 293 637 712 996 439 89 920 557 775 741 372 420 878 910 351 670 398 706 746 996 244 0 7 30 813 486 968 848 633 384 590 621 656 249 965 363 193 352 409 760 639 896 544 169 250 213 267 295 164 827 678 408 417 886 836 16 391 338 536 830 658 38 418 40 779 495 282 775 22 322 294 354 731 
776 681 2 598 51 785 918 225 650 398 831 128 300 902 526 577 18 765 321 303 235 593 517 203 705 523 493 28 219 456 612 745 112 662 760 711 963 626 7 0 323 332 623 3 307 191 999 434 998 317 264 770 793 837 878 694 647 936 936 744 999 262 201 608 244 841 249 382 183 117 584 350 469 227 64 837 89 396 892 379 634 42 224 292 948 711 129 317 839 608 
909 500 808 902 272 852 50 940 89 102 37 436 141 493 217 247 900 751 446 840 959 204 252 312 291 591 895 807 673 981 471 617 804 259 318 270 611 931 30 323 0 733 117 190 4 449 419 222 573 372 62 66 471 572 870 271 540 742 227 998 900 530 63 338 406 451 732 480 659 510 180 293 159 734 680 854 727 933 719 145 721 208 526 240 184 623 209 247 957 968 
906 509 423 995 989 837 782 501 833 209 45 247 676 948 503 949 208 876 827 748 588 501 314 865 75 897 518 761 282 46 928 143 191 166 525 939 88 840 813 332 733 0 487 402 745 377 974 869 80 520 776 598 662 465 326 279 153 778 274 451 259 726 972 974 981 583 358 188 406 97 1 371 560 562 268 482 786 375 730 460 286 717 291 966 532 169 933 469 331 555 
540 315 514 229 651 311 299 920 146 4 349 28 49 635 20 646 724 534 361 390 374 897 254 880 908 344 346 940 27 613 753 276 958 658 26 200 461 537 486 623 117 487 0 372 919 820 121 783 565 169 295 961 171 535 732 87 596 106 535 830 954 974 480 702 597 671 800 78 886 406 695 345 432 194 920 863 901 596 457 920 446 705 655 443 288 28 727 878 129 404 
765 973 473 952 68 425 749 722 70 768 269 123 975 724 807 119 519 488 495 467 825 942 516 439 920 387 913 701 621 827 810 282 237 226 487 875 69 59 968 3 190 402 372 0 312 386 713 276 719 476 932 860 826 541 258 746 335 757 236 933 983 485 904 787 902 811 266 233 280 19 815 664 247 994 632 200 928 736 221 621 589 815 242 916 540 164 18 689 875 296 
710 134 805 471 297 208 540 68 939 392 496 676 89 848 199 565 957 833 164 481 162 822 621 760 247 371 923 574 759 198 543 408 12 390 177 396 231 529 848 307 4 745 919 312 0 501 796 730 155 873 765 608 270 580 370 406 861 298 708 650 958 72 899 911 769 6 359 676 588 442 586 635 298 141 270 261 78 150 684 80 24 240 656 434 897 544 745 363 548 777 
384 832 545 145 778 436 910 764 188 322 929 258 285 863 923 158 510 823 872 284 406 331 185 41 519 536 611 498 24 939 349 864 333 263 76 878 972 47 633 191 449 377 820 386 501 0 781 377 28 908 257 173 518 528 115 483 414 572 534 348 388 910 354 661 709 991 156 721 50 635 941 775 217 139 756 342 884 632 671 644 87 49 736 857 1 423 396 657 81 822 
454 993 872 927 802 618 185 217 825 367 82 235 519 393 166 923 630 517 336 774 527 794 29 19 775 684 129 435 997 274 921 898 14 398 232 981 225 976 384 999 419 974 121 713 796 781 0 455 862 47 910 317 325 374 900 661 403 999 704 119 946 447 756 451 678 862 925 1 642 381 319 183 759 707 540 26 611 699 636 274 415 993 915 721 252 785 81 902 234 402 
849 642 349 213 773 527 222 526 261 17 468 340 624 725 304 310 67 286 748 785 698 370 438 652 50 400 575 49 694 594 3 493 929 2 731 219 187 448 590 434 222 869 783 276 730 377 455 0 311 792 980 514 525 694 146 486 885 908 149 427 767 892 89 536 424 393 804 107 922 895 535 644 441 111 499 85 971 448 880 35 908 208 804 822 300 131 4 356 367 514 
914 420 517 902 488 714 116 270 611 411 227 460 759 295 874 935 206 730 924 516 444 913 319 131 170 446 337 540 892 221 606 945 23 656 992 980 1000 175 621 998 573 80 565 719 155 28 862 311 0 146 384 694 191 530 572 431 700 484 229 541 310 619 473 881 418 924 50 843 567 941 830 181 727 573 591 666 408 268 424 937 904 223 271 574 153 569 656 524 165 559 
695 627 307 18 738 666 992 442 364 393 588 827 483 211 208 344 945 283 834 875 405 713 807 668 790 748 404 156 882 16 28 977 134 88 46 149 331 460 656 317 372 520 169 476 873 908 47 792 146 0 317 764 185 585 761 251 162 234 328 454 775 387 971 631 591 847 505 295 41 802 969 504 671 793 285 175 292 580 82 28 593 385 750 453 667 563 635 300 896 347 
144 537 411 92 857 428 246 978 15 705 810 753 267 470 110 2 813 456 909 230 107 913 428 110 235 28 943 880 386 381 876 784 741 975 769 963 41 576 249 264 62 776 295 932 765 257 910 980 384 317 0 280 986 174 856 493 9 234 367 200 101 157 436 811 846 444 41 465 590 677 867 873 966 572 14 91 218 610 630 355 707 708 536 764 676 302 905 488 201 205 
833 418 372 982 932 579 872 102 953 546 829 929 944 797 323 175 213 137 865 848 175 721 849 107 66 15 539 719 137 658 479 808 72 741 209 5 118 18 965 770 66 598 961 860 608 173 317 514 694 764 280 0 409 518 17 959 547 601 846 206 614 873 864 189 465 363 614 873 852 732 169 750 707 605 319 740 932 554 726 115 370 401 263 655 90 834 346 678 339 393 
549 927 763 645 706 164 697 657 713 183 880 584 965 844 593 371 470 754 867 579 777 710 90 477 863 797 366 325 878 778 494 723 716 221 616 376 9 820 363 793 471 662 171 826 270 518 325 525 191 185 986 409 0 871 889 554 899 763 457 545 467 560 999 291 886 327 779 108 321 210 478 805 492 346 12 670 799 98 512 725 822 630 43 350 823 853 137 9 121 728 
619 460 241 250 706 685 947 24 462 599 456 736 109 865 379 691 593 54 771 695 879 400 863 162 551 184 780 630 411 584 260 708 164 258 135 329 273 51 193 837 572 465 535 541 580 528 374 694 530 585 174 518 871 0 177 794 848 414 180 824 31 914 674 940 253 350 98 82 147 849 316 627 553 558 885 426 200 461 362 226 852 545 255 639 712 620 350 411 771 746 
528 685 407 878 574 120 162 829 704 654 85 100 407 547 943 741 917 190 124 132 709 856 214 526 923 370 259 978 696 447 829 871 864 857 268 834 343 238 352 878 870 326 732 258 370 115 900 146 572 761 856 17 889 177 0 838 837 91 25 790 93 652 514 615 748 306 347 230 789 693 78 43 761 1000 724 423 877 514 622 670 810 130 814 328 131 316 210 110 125 336 
941 312 458 512 256 318 865 434 152 17 643 914 897 832 278 304 724 198 438 347 971 52 576 628 183 907 73 102 281 894 177 602 567 877 597 730 107 654 409 694 271 279 87 746 406 483 661 486 431 251 493 959 554 794 838 0 387 292 465 278 498 585 182 802 211 482 269 468 767 673 553 293 769 641 871 704 329 69 711 844 939 463 779 900 272 448 160 936 332 386 
177 676 192 596 555 445 621 17 10 838 546 430 642 661 441 575 490 954 640 318 472 990 817 35 557 364 20 746 474 966 124 689 58 526 724 691 215 849 760 647 540 153 596 335 861 414 403 885 700 162 9 547 899 848 837 387 0 213 432 812 256 701 884 873 741 551 740 195 352 868 710 442 580 6 491 900 222 321 175 598 762 62 952 163 923 138 136 900 38 269 
294 922 92 270 53 965 583 577 461 919 941 475 999 349 803 813 444 444 606 844 168 116 541 272 739 429 128 865 409 180 993 777 770 465 808 397 430 371 639 936 742 778 106 757 298 572 999 908 484 234 234 601 763 414 91 292 213 0 362 537 159 345 629 217 882 814 479 937 816 104 29 382 894 872 914 422 6 243 862 775 456 394 207 961 460 598 238 724 640 509 
329 201 159 432 43 450 134 266 674 355 614 494 273 103 670 996 419 941 912 634 971 792 687 43 573 602 851 809 950 905 199 471 910 523 525 195 592 641 896 936 227 274 535 236 708 534 704 149 229 328 367 846 457 180 25 465 432 362 0 89 801 822 277 379 38 919 170 378 319 656 4 633 993 885 869 714 373 950 108 722 655 193 954 797 900 970 347 243 864 22 
824 119 336 446 131 997 509 834 654 562 835 366 132 644 902 304 690 161 879 110 780 962 801 522 572 794 780 399 122 157 132 200 521 727 261 16 11 839 544 744 998 451 830 933 650 348 119 427 541 454 200 206 545 824 790 278 812 537 89 0 215 630 992 865 980 255 383 662 377 769 450 103 910 302 769 497 215 469 45 503 164 122 391 427 472 499 109 703 709 725 
866 183 741 218 257 234 769 790 23 220 49 403 479 276 953 150 135 442 430 799 917 643 354 278 267 464 777 810 549 975 513 85 275 571 993 640 59 534 169 999 900 259 954 983 958 388 946 767 310 775 101 614 467 31 93 498 256 159 801 215 0 341 765 140 457 282 918 122 428 476 660 405 268 557 333 365 506 44 83 568 475 629 55 836 482 149 364 757 390 264 
602 31 846 847 918 118 166 114 140 945 520 983 438 868 294 585 576 839 226 879 756 528 22 876 534 124 290 121 520 786 319 544 500 806 755 378 29 79 250 262 530 726 974 485 72 910 447 892 619 387 157 873 560 914 652 585 701 345 822 630 341 0 437 696 221 355 679 147 283 382 296 548 704 141 760 350 885 990 909 106 10 854 34 71 957 55 735 574 715 916 
587 144 418 164 969 478 376 73 992 195 516 463 707 670 214 817 154 581 27 674 977 780 618 614 226 733 51 937 541 116 468 599 457 263 438 691 802 489 213 201 63 972 480 904 899 354 756 89 473 971 436 864 999 674 514 182 884 629 277 992 765 437 0 618 64 116 580 417 437 506 670 810 461 196 535 600 995 943 356 495 843 639 316 360 317 346 559 277 404 67 
268 504 944 268 252 990 79 813 675 8 89 620 747 412 75 392 991 424 828 934 484 311 578 905 634 432 761 297 811 343 328 157 38 655 181 586 314 617 267 608 338 974 702 787 911 661 451 536 881 631 811 189 291 940 615 802 873 217 379 865 140 696 618 0 272 348 113 994 938 353 461 115 838 142 790 247 931 857 535 282 854 523 220 628 433 616 924 270 356 983 
355 600 185 169 134 896 677 594 392 597 895 237 51 736 220 679 608 737 79 59 218 255 973 211 463 403 111 442 760 348 429 416 679 330 550 532 596 989 295 244 406 981 597 902 769 709 678 424 418 591 846 465 886 253 748 211 741 882 38 980 457 221 64 272 0 591 411 932 144 153 194 656 329 553 736 717 633 792 18 332 891 868 360 89 370 274 698 971 392 987 
381 365 582 565 335 904 541 260 164 107 257 929 241 525 969 705 145 221 110 766 436 262 270 980 52 48 972 139 451 961 306 62 289 954 871 419 417 280 164 841 451 583 671 811 6 991 862 393 924 847 444 363 327 350 306 482 551 814 919 255 282 355 116 348 591 0 141 328 585 58 329 359 739 97 730 33 122 581 338 448 745 159 296 891 484 428 230 24 401 735 
93 290 370 849 709 478 110 849 508 836 184 752 585 259 558 397 883 573 109 885 560 718 487 837 196 528 769 200 33 590 983 443 268 114 828 365 751 937 827 249 732 358 800 266 359 156 925 804 50 505 41 614 779 98 347 269 740 479 170 383 918 679 580 113 411 141 0 100 180 161 911 481 21 499 796 353 164 988 23 113 856 393 688 308 17 150 946 871 576 157 
701 985 63 524 42 840 47 661 20 350 586 91 448 452 428 772 405 721 555 902 539 636 857 96 422 557 165 200 129 370 359 130 896 887 450 17 335 466 678 382 480 188 78 233 676 721 1 107 843 295 465 873 108 82 230 468 195 937 378 662 122 147 417 994 932 328 100 0 449 364 20 57 407 958 387 800 333 770 860 939 722 139 750 670 948 375 600 663 818 353 
588 292 575 61 944 955 244 591 43 775 152 256 140 199 47 586 441 325 889 476 330 211 844 680 512 856 393 886 861 726 281 737 390 939 345 711 927 711 408 183 659 406 886 280 588 50 642 922 567 41 590 852 321 147 789 767 352 816 319 377 428 283 437 938 144 585 180 449 0 823 686 45 545 951 566 986 613 810 40 166 950 104 788 326 406 627 616 630 883 624 
553 938 790 862 520 864 721 800 708 612 608 185 18 132 783 228 345 200 857 911 52 122 728 729 289 537 972 79 508 288 230 316 440 684 831 546 127 341 417 117 510 97 406 19 442 635 381 895 941 802 677 732 210 849 693 673 868 104 656 769 476 382 506 353 153 58 161 364 823 0 794 647 704 661 7 672 684 643 848 512 744 952 935 354 955 340 877 441 416 408 
915 637 58 117 115 205 56 516 15 42 409 248 501 662 469 689 359 179 779 529 306 777 641 973 281 121 939 29 643 489 873 828 246 528 938 634 123 970 886 584 180 1 695 815 586 941 319 535 830 969 867 169 478 316 78 553 710 29 4 450 660 296 670 461 194 329 911 20 686 794 0 280 638 183 43 737 47 879 384 246 11 602 933 578 707 614 805 753 260 200 
973 220 493 521 975 785 545 402 116 430 688 752 345 401 1000 199 325 138 668 463 280 112 69 842 618 721 617 993 976 747 168 640 288 108 978 385 692 109 836 350 293 371 345 664 635 775 183 644 181 504 873 750 805 627 43 293 442 382 633 103 405 548 810 115 656 359 481 57 45 647 280 0 739 920 930 370 146 389 44 507 718 686 175 798 830 351 997 943 542 159 
832 127 578 727 659 773 795 180 652 452 453 630 699 488 11 513 995 259 244 529 950 125 153 706 820 374 514 668 305 969 40 444 94 540 628 964 335 534 16 469 159 560 432 247 298 217 759 441 727 671 966 707 492 553 761 769 580 894 993 910 268 704 461 838 329 739 21 407 545 704 638 739 0 267 901 57 840 614 812 997 308 170 617 711 623 587 310 417 556 906 
941 525 595 624 493 949 709 23 718 981 357 165 685 94 358 176 569 873 229 733 933 72 738 334 408 99 585 618 883 453 87 945 896 211 725 734 662 642 391 227 734 562 194 994 141 139 707 111 573 793 572 605 346 558 1000 641 6 872 885 302 557 141 196 142 553 97 499 958 951 661 183 920 267 0 118 928 373 402 9 546 741 597 849 632 397 185 892 25 604 648 
240 617 496 462 680 625 822 969 773 431 250 813 720 999 930 599 498 9 189 602 592 960 467 94 489 584 598 878 14 333 211 345 501 554 442 461 786 558 338 64 680 268 920 632 270 756 540 499 591 285 14 319 12 885 724 871 491 914 869 769 333 760 535 790 736 730 796 387 566 7 43 930 901 118 0 539 145 93 266 286 739 328 84 505 895 342 483 318 956 725 
760 717 509 484 741 415 720 980 855 929 936 58 621 56 470 984 374 823 810 977 452 623 220 261 594 380 570 773 967 745 376 181 718 771 743 131 963 445 536 837 854 482 863 200 261 342 26 85 666 175 91 740 670 426 423 704 900 422 714 497 365 350 600 247 717 33 353 800 986 672 737 370 57 928 539 0 800 122 980 300 325 280 476 934 452 816 543 845 951 326 
286 933 384 210 428 93 268 337 626 944 880 873 590 376 38 708 968 351 827 814 803 43 922 902 36 831 211 857 848 690 235 149 317 734 469 239 566 378 830 89 727 786 901 928 78 884 611 971 408 292 218 932 799 200 877 329 222 6 373 215 506 885 995 931 633 122 164 333 613 684 47 146 840 373 145 800 0 920 413 83 483 623 69 311 940 694 738 330 176 833 
103 107 988 810 427 529 114 685 313 890 723 734 465 687 429 161 153 215 802 750 650 220 982 830 437 781 666 860 629 454 654 572 316 878 733 394 202 417 658 396 933 375 596 736 150 632 699 448 268 580 610 554 98 461 514 69 321 243 950 469 44 990 943 857 792 581 988 770 810 643 879 389 614 402 93 122 920 0 789 313 211 737 350 725 598 562 294 181 502 877 
588 769 883 368 459 72 824 176 573 496 5 615 484 58 619 764 972 922 23 144 598 271 546 956 845 648 814 473 586 36 132 704 238 143 466 116 668 972 38 892 719 730 457 221 684 671 636 880 424 82 630 726 512 362 622 711 175 862 108 45 83 909 356 535 18 338 23 860 40 848 384 44 812 9 266 980 413 789 0 82 58 496 259 871 909 535 769 366 115 917 
867 354 836 969 691 165 175 17 146 476 997 429 835 83 937 558 48 47 48 119 954 919 852 55 617 451 309 487 187 278 184 871 131 973 951 94 16 397 418 379 145 460 920 621 80 644 274 35 937 28 355 115 725 226 670 844 598 775 722 503 568 106 495 282 332 448 113 939 166 512 246 507 997 546 286 300 83 313 82 0 124 697 892 491 854 459 833 712 530 259 
874 571 474 801 720 195 205 566 680 175 963 263 794 413 661 66 88 222 817 892 686 170 886 140 277 220 75 185 716 596 946 222 118 292 610 221 918 185 40 634 721 286 446 589 24 87 415 908 904 593 707 370 822 852 810 939 762 456 655 164 475 10 843 854 891 745 856 722 950 744 11 718 308 741 739 325 483 211 58 124 0 293 180 737 813 338 362 584 227 162 
435 144 170 762 377 685 126 619 626 905 756 364 184 936 724 346 266 651 968 380 356 125 796 292 97 460 87 102 731 575 982 222 427 754 327 687 402 810 779 42 208 717 705 815 240 49 993 208 223 385 708 401 630 545 130 463 62 394 193 122 629 854 639 523 868 159 393 139 104 952 602 686 170 597 328 280 623 737 496 697 293 0 260 232 299 928 860 458 633 972 
575 288 537 188 789 721 686 983 27 780 610 959 929 944 394 196 576 557 52 926 964 646 808 9 150 300 853 747 401 716 88 550 999 162 423 503 959 463 495 224 526 291 655 242 656 736 915 804 271 750 536 263 43 255 814 779 952 207 954 391 55 34 316 220 360 296 688 750 788 935 933 175 617 849 84 476 69 350 259 892 180 260 0 59 888 445 593 380 377 634 
893 345 238 444 339 842 859 955 234 718 558 183 65 193 532 981 526 843 897 16 89 486 596 639 42 321 549 369 184 461 82 175 548 307 991 302 133 536 282 292 240 966 443 916 434 857 721 822 574 453 764 655 350 639 328 900 163 961 797 427 836 71 360 628 89 891 308 670 326 354 578 798 711 632 505 934 311 725 871 491 737 232 59 0 808 388 71 451 813 386 
401 346 466 200 129 606 895 224 932 467 929 71 860 724 625 918 938 459 78 371 621 518 954 247 523 831 686 73 390 974 13 226 565 678 228 890 136 94 775 948 184 532 288 540 897 1 252 300 153 667 676 90 823 712 131 272 923 460 900 472 482 957 317 433 370 484 17 948 406 955 707 830 623 397 895 452 940 598 909 854 813 299 888 808 0 520 233 977 789 452 
965 235 110 35 329 272 886 50 877 381 133 388 759 899 841 844 291 691 506 73 54 410 518 165 142 876 681 214 543 589 812 987 885 858 866 829 21 58 22 711 623 169 28 164 544 423 785 131 569 563 302 834 853 620 316 448 138 598 970 499 149 55 346 616 274 428 150 375 627 340 614 351 587 185 342 816 694 562 535 459 338 928 445 388 520 0 465 558 117 232 
832 844 160 487 627 982 448 856 589 642 276 946 243 78 938 331 36 111 578 795 456 293 414 324 300 633 305 817 99 606 575 653 926 885 179 775 262 682 322 129 209 933 727 18 745 396 81 4 656 635 905 346 137 350 210 160 136 238 347 109 364 735 559 924 698 230 946 600 616 877 805 997 310 892 483 543 738 294 769 833 362 860 593 71 233 465 0 669 645 935 
732 403 702 62 283 364 922 14 513 777 534 319 804 227 531 552 779 478 488 990 692 272 482 354 576 553 253 917 197 28 488 989 520 461 679 676 879 857 294 317 247 469 878 689 363 657 902 356 524 300 488 678 9 411 110 936 900 724 243 703 757 574 277 270 971 24 871 663 630 441 753 943 417 25 318 845 330 181 366 712 584 458 380 451 977 558 669 0 79 460 
858 757 216 794 289 36 689 730 933 964 155 138 177 93 988 821 206 558 406 152 26 534 36 171 238 999 367 625 256 376 969 709 35 782 50 127 909 559 354 839 957 331 129 875 548 81 234 367 165 896 201 339 121 771 125 332 38 640 864 709 390 715 404 356 392 401 576 818 883 416 260 542 556 604 956 951 176 502 115 530 227 633 377 813 789 117 645 79 0 625 
203 139 657 998 582 206 559 320 545 580 365 480 406 171 31 106 564 59 711 171 679 645 705 452 466 574 165 118 716 872 140 240 179 827 791 647 576 789 731 608 968 555 404 296 777 822 402 514 559 347 205 393 728 746 336 386 269 509 22 725 264 916 67 983 987 735 157 353 624 408 200 159 906 648 725 326 833 877 917 259 162 972 634 386 452 232 935 460 625 0 
0 38 510 652 122 723 568 405 775 640 598 859 641 247 912 934 621 830 828 549 257 860 851 394 456 942 73 788 202 860 415 395 153 415 837 827 871 782 782 257 174 118 523 372 102 456 514 184 332 404 753 149 438 409 451 121 820 822 508 174 124 334 444 590 389 660 967 259 421 672 172 25 252 55 752 205 602 1000 366 13 199 563 318 41 888 133 234 372 142 626 
38 0 689 51 678 476 829 693 881 107 856 519 720 558 483 886 600 692 886 682 895 306 873 285 116 382 78 435 70 775 852 424 266 91 200 729 333 989 75 578 431 663 864 8 822 185 70 329 646 471 517 485 232 591 572 709 232 295 839 888 947 760 918 389 439 519 615 82 683 59 297 856 849 539 539 383 18 846 295 649 284 892 654 724 795 737 79 650 208 677 
510 689 0 723 728 293 165 442 463 347 179 700 836 217 573 24 660 631 52 682 308 866 212 670 375 125 613 864 518 782 605 739 165 86 396 988 644 160 49 998 339 557 579 426 244 220 70 864 407 736 714 714 272 740 597 501 858 852 864 698 526 320 489 219 747 482 497 861 601 204 741 411 559 468 537 608 744 130 117 45 397 855 407 693 507 853 847 192 902 384 
652 51 723 0 612 813 377 849 754 409 431 626 486 492 550 520 463 435 366 359 739 373 780 290 376 301 378 38 39 677 59 347 716 556 483 813 236 685 491 548 145 106 975 44 522 809 34 657 250 953 980 118 289 837 324 640 428 804 674 625 616 39 812 883 865 297 24 519 944 95 857 547 207 521 608 439 818 278 615 163 357 176 929 516 802 887 353 815 217 199 
122 678 728 612 0 675 995 734 594 128 943 202 851 488 756 93 321 922 508 184 710 136 87 246 538 757 290 580 300 454 442 714 501 621 944 346 296 462 675 861 903 81 333 903 682 301 199 407 585 310 139 137 425 363 277 616 405 844 946 838 690 64 195 650 945 629 280 905 47 369 881 23 321 602 281 230 607 719 490 456 352 474 137 673 896 702 437 691 572 369 
723 476 293 813 675 0 322 640 527 375 777 168 169 586 267 594 367 948 736 82 912 152 356 77 687 550 197 526 679 442 123 101 702 304 712 100 960 551 211 15 223 180 750 606 876 407 404 514 304 331 589 133 700 327 615 723 539 142 753 19 854 742 580 4 94 201 600 145 93 82 629 190 276 41 447 658 770 484 988 883 812 308 262 254 323 783 43 691 866 886 
568 829 165 377 995 322 0 794 543 541 62 669 965 917 524 574 773 513 661 928 73 801 854 812 831 60 114 520 737 675 217 64 435 328 740 116 555 425 551 184 939 282 820 307 460 104 526 723 980 15 874 82 519 150 841 57 386 394 891 459 336 890 615 982 249 364 992 898 811 199 885 527 146 382 356 178 727 805 76 869 760 741 509 188 203 245 590 248 293 537 
405 693 442 849 734 640 794 0 653 268 198 929 964 153 238 629 688 544 725 174 382 230 502 612 806 636 702 373 665 758 557 713 404 716 52 654 633 699 273 743 91 657 59 272 989 178 659 281 810 335 97 852 442 819 167 619 960 482 901 235 58 945 960 366 273 738 174 267 350 359 356 720 878 984 4 25 728 382 851 837 415 382 35 130 738 935 151 896 362 722 
775 881 463 754 594 527 543 653 0 71 248 700 119 993 29 406 410 235 716 920 942 231 759 758 872 214 816 325 192 323 71 862 182 800 624 410 611 724 142 393 923 308 805 988 94 760 126 712 553 784 928 134 324 674 182 971 950 513 258 481 936 845 81 208 656 841 446 936 929 460 942 824 207 388 274 141 267 625 494 856 201 418 857 617 234 109 478 586 80 679 
640 107 347 409 128 375 541 268 71 0 61 132 175 313 634 677 92 418 106 557 387 773 988 126 330 931 803 693 435 501 196 795 725 762 939 133 749 119 710 643 922 718 958 158 636 721 896 742 632 778 350 461 742 439 408 815 91 90 734 193 841 17 873 970 462 829 160 571 246 471 896 319 486 145 482 140 45 60 603 455 798 208 236 456 485 617 218 114 17 505 
598 856 179 431 943 777 62 198 248 61 0 720 898 209 27 394 654 844 425 280 368 585 752 732 120 514 393 976 30 888 219 822 844 42 129 165 262 826 591 131 732 988 672 798 537 81 877 523 765 349 271 170 351 736 896 324 478 140 423 221 923 636 588 789 141 652 786 301 789 355 527 438 401 629 742 112 247 131 975 301 227 401 273 471 7 947 691 368 830 885 
859 519 700 626 202 168 669 929 700 132 720 0 715 222 482 432 535 64 124 425 402 330 558 334 54 515 759 865 523 423 93 69 158 366 855 468 968 223 553 915 472 774 860 703 397 776 831 642 490 301 123 176 319 186 938 185 552 578 516 649 483 110 578 305 680 106 119 848 774 900 606 232 540 925 238 964 183 190 271 448 774 481 93 691 967 577 146 710 892 490 
641 720 836 486 851 169 965 964 119 175 898 715 0 106 456 382 447 613 457 393 90 877 663 238 176 466 84 617 513 475 827 946 598 736 125 690 50 894 278 711 776 408 992 135 877 869 413 483 167 541 801 67 188 816 674 236 318 71 826 845 356 567 199 360 754 816 401 506 813 959 598 684 349 364 404 379 387 553 614 219 408 905 110 947 136 322 896 240 713 585 
247 558 217 492 488 586 917 153 993 313 209 222 106 0 803 706 56 256 230 667 795 435 197 455 777 660 549 196 101 116 562 894 628 103 118 251 775 139 388 208 508 224 347 217 63 235 502 176 912 901 604 274 194 284 653 9 433 634 788 189 720 165 306 717 212 577 813 655 720 943 350 542 544 886 231 997 745 423 952 756 612 206 169 842 218 191 791 714 816 734 
912 483 573 550 756 267 524 238 29 634 27 482 456 803 0 306 589 568 681 383 514 447 193 317 768 963 413 573 692 728 416 728 878 7 758 88 43 343 448 440 801 522 816 327 973 1 955 604 141 721 847 637 277 585 226 748 799 276 489 77 77 700 782 840 827 1 310 490 906 57 557 27 845 487 245 583 906 472 253 22 245 260 761 598 493 229 60 472 28 890 
934 886 24 520 93 594 574 629 406 677 394 432 382 706 306 0 245 626 787 782 482 671 850 331 589 357 240 612 571 20 189 492 421 60 358 499 655 924 589 332 851 40 391 968 479 864 177 594 193 707 989 908 583 268 159 733 242 546 99 833 942 594 236 600 488 290 609 448 300 887 237 970 396 879 367 19 400 795 252 580 972 820 773 25 180 12 654 308 230 761 
621 600 660 463 321 367 773 688 410 92 654 535 447 56 589 245 0 189 854 445 275 317 387 840 892 629 149 863 974 175 913 273 818 225 664 184 986 469 11 911 308 898 374 734 59 428 352 861 881 111 206 866 501 549 117 349 475 580 663 493 916 474 755 61 348 701 156 694 526 735 666 653 39 420 412 671 300 810 195 936 841 637 448 473 246 708 957 196 615 528 
830 692 631 435 922 948 513 544 235 418 844 64 613 256 568 626 189 0 639 883 140 9 597 948 723 761 872 965 86 453 124 375 773 565 334 537 66 963 652 176 321 46 308 572 158 181 549 803 97 699 647 776 424 821 707 653 134 581 204 870 582 41 456 514 242 809 358 281 633 908 716 959 581 152 996 264 615 759 37 927 832 320 504 201 754 360 951 542 619 968 
828 886 52 366 508 736 661 725 716 106 425 124 457 230 681 787 854 639 0 801 433 741 885 844 619 450 719 784 89 597 967 249 224 182 155 626 942 338 348 761 463 264 662 422 893 45 639 100 25 395 106 149 172 68 858 637 320 453 46 18 494 680 846 98 918 910 847 394 313 326 282 246 711 734 828 197 192 69 829 971 233 148 929 209 846 511 459 498 797 48 
549 682 682 359 184 82 928 174 920 557 280 425 393 667 383 782 445 883 801 0 675 33 569 731 312 412 666 392 825 730 415 391 133 295 860 730 358 468 350 796 151 269 589 504 708 961 234 413 578 240 955 126 508 147 991 615 737 121 474 899 311 226 249 150 918 290 98 287 678 46 617 394 440 401 499 64 236 187 841 816 120 678 80 852 657 977 242 26 722 913 
257 895 308 739 710 912 73 382 942 387 368 402 90 795 514 482 275 140 433 675 0 654 568 993 31 522 428 946 32 614 699 204 333 105 514 55 301 116 47 596 103 468 700 283 965 738 481 244 493 585 669 719 53 264 384 175 725 932 28 147 135 161 252 570 826 728 440 281 495 878 738 748 289 137 230 521 293 224 461 130 336 641 157 901 539 955 653 233 971 318 
860 306 866 373 136 152 801 230 231 773 585 330 877 435 447 671 317 9 741 33 654 0 659 48 211 357 187 198 48 471 323 304 900 316 931 623 24 294 576 547 726 481 231 132 205 775 337 751 150 161 121 312 276 530 63 840 82 819 208 25 393 456 165 796 893 695 442 330 965 813 216 719 812 814 191 367 949 789 659 168 696 890 113 367 378 574 855 779 454 480 
851 873 212 780 87 356 854 502 759 988 752 558 663 197 193 850 387 597 885 569 568 659 0 382 220 80 616 998 204 369 183 164 198 117 722 656 918 612 845 555 685 673 546 521 382 750 867 563 606 88 500 213 875 20 627 370 64 684 437 186 652 810 503 453 142 739 509 240 187 111 112 976 790 309 490 617 82 4 413 81 28 262 265 392 143 558 433 428 953 421 
394 285 670 290 246 77 812 612 758 126 732 334 238 455 317 331 840 948 844 731 993 48 382 0 897 992 122 695 663 397 524 862 473 257 943 432 33 534 53 740 750 126 102 366 347 895 943 221 905 286 951 883 444 823 474 591 864 579 930 573 511 160 368 85 836 98 86 828 411 304 124 71 224 685 993 656 93 178 67 933 717 637 808 376 906 776 540 646 691 298 
456 116 375 376 538 687 831 806 872 330 120 54 176 777 768 589 892 723 619 312 31 211 220 897 0 223 787 745 404 293 748 304 629 619 570 157 544 407 503 399 484 912 92 132 906 490 200 915 741 232 783 860 191 513 122 819 555 168 328 296 724 651 706 333 511 993 846 489 437 740 683 354 212 574 347 264 925 474 148 460 585 911 772 929 522 877 699 389 799 526 
942 382 125 301 757 550 60 636 214 931 514 515 466 660 963 357 629 761 450 412 522 357 80 992 223 0 749 416 714 639 461 194 445 604 181 400 394 170 13 258 181 161 691 575 746 388 389 520 378 379 903 851 109 959 508 96 661 327 518 182 472 843 278 496 538 905 491 474 209 335 808 212 621 969 394 646 161 247 469 482 805 750 805 628 180 250 287 479 21 627 
73 78 613 378 290 197 114 702 816 803 393 759 84 549 413 240 149 872 719 666 428 187 616 122 787 749 0 515 165 636 277 887 571 170 577 291 714 344 185 376 314 476 583 63 195 488 819 481 702 620 256 385 558 377 623 684 976 765 227 112 191 791 945 105 939 217 228 894 762 110 109 313 496 475 284 345 888 284 255 547 739 840 202 599 200 489 515 733 660 909 
788 435 864 38 580 526 520 373 325 693 976 865 617 196 573 612 863 965 784 392 946 198 998 695 745 416 515 0 130 827 216 232 142 305 776 909 828 689 508 858 232 296 63 359 380 341 807 928 389 818 233 402 668 275 217 972 307 101 220 547 122 936 12 876 846 857 805 971 68 690 881 49 397 401 163 276 149 243 450 421 998 914 141 524 764 725 240 166 534 808 
202 70 518 39 300 679 737 665 192 435 30 523 513 101 692 571 974 86 89 825 32 48 204 663 404 714 165 130 0 469 335 965 540 727 450 298 221 614 407 855 305 782 788 127 357 917 105 179 94 321 680 896 34 622 313 538 385 539 150 949 598 498 574 336 191 553 914 902 63 402 498 174 808 84 992 72 109 228 397 959 228 340 532 727 675 493 789 908 875 218 
860 775 782 677 454 442 675 758 323 501 888 423 475 116 728 20 175 453 597 730 614 471 369 397 293 639 636 827 469 0 898 495 44 863 895 266 591 260 150 697 6 844 332 122 671 206 577 422 795 915 473 444 163 413 596 233 66 883 63 870 37 349 897 779 784 39 432 638 88 909 580 199 37 458 620 228 437 607 940 814 555 266 205 525 35 499 431 855 537 221 
415 852 605 59 442 123 217 557 71 196 219 93 827 562 416 189 913 124 967 415 699 323 183 524 748 461 277 216 335 898 0 645 104 909 962 294 292 885 199 552 749 304 17 83 451 622 221 834 503 921 91 600 582 769 194 810 978 254 807 756 386 570 529 637 570 800 41 551 707 811 201 776 951 995 673 593 661 344 842 781 66 121 974 979 937 293 463 553 48 902 
395 424 739 347 714 101 64 713 862 795 822 69 946 894 728 492 273 375 249 391 204 304 164 862 304 194 887 232 965 495 645 0 681 884 159 680 798 788 729 89 424 821 666 811 620 126 109 485 129 61 65 221 376 377 104 453 416 42 437 688 909 586 435 898 614 866 490 985 358 797 300 511 709 186 722 687 600 408 419 41 820 810 375 873 774 73 487 82 241 761 
153 266 165 716 501 702 435 404 182 725 844 158 598 628 878 421 818 773 224 133 333 900 198 473 629 445 571 142 540 44 104 681 0 323 736 805 363 349 389 986 204 718 81 871 880 828 860 130 830 657 250 875 352 817 36 457 887 231 248 315 683 605 571 928 323 800 935 24 639 608 815 687 897 121 481 213 699 722 701 818 868 705 116 451 339 63 92 513 904 782 
415 91 86 556 621 304 328 716 800 762 42 366 736 103 7 60 225 565 182 295 105 316 117 257 619 604 170 305 727 863 909 884 323 0 261 737 611 847 597 315 844 969 386 748 672 644 657 947 285 1000 136 287 747 673 186 54 390 383 658 268 447 440 834 223 733 32 926 397 133 261 451 939 162 662 501 460 223 202 719 140 711 276 848 517 454 11 79 569 282 276 
837 200 396 483 944 712 740 52 624 939 129 855 125 118 758 358 664 334 155 860 514 931 722 943 570 181 577 776 450 895 962 159 736 261 0 417 134 408 421 422 530 536 843 411 885 896 689 302 101 877 203 845 320 697 626 368 301 267 518 678 27 389 495 743 434 156 304 678 573 98 72 103 607 225 424 161 477 224 482 61 441 794 594 16 721 111 758 273 965 282 
827 729 988 813 346 100 116 654 410 133 165 468 690 251 88 499 184 537 626 730 55 623 656 432 157 400 291 909 298 266 294 680 805 737 417 0 846 240 383 283 735 184 815 11 720 247 278 940 38 871 133 867 694 792 158 258 307 569 807 901 228 485 372 184 415 574 664 879 162 335 571 328 25 355 474 959 871 575 950 903 961 466 499 604 97 223 5 469 813 285 
871 333 644 236 296 960 555 633 611 749 262 968 50 775 43 655 986 66 942 358 301 24 918 33 544 394 714 828 221 591 292 798 363 611 134 846 0 325 123 20 344 781 572 777 624 19 806 888 248 576 900 950 836 700 762 936 624 581 413 859 869 939 496 811 434 575 287 719 56 909 761 246 709 551 300 160 447 681 361 869 59 646 224 845 852 864 734 191 46 342 
782 989 160 685 462 551 425 699 724 119 826 223 894 139 343 924 469 963 338 468 116 294 612 534 407 170 344 689 614 260 885 788 349 847 408 240 325 0 833 385 67 232 546 972 685 945 99 571 966 532 646 966 194 890 904 484 112 655 272 199 514 790 277 343 176 704 30 533 304 581 71 933 502 208 573 448 591 779 150 799 798 310 621 482 862 775 193 278 570 62 
782 75 49 491 675 211 551 273 142 710 591 553 278 388 448 589 11 652 348 350 47 576 845 53 503 13 185 508 407 150 199 729 389 597 421 383 123 833 0 930 885 192 626 91 162 322 666 337 250 316 814 75 795 663 497 565 262 325 5 415 993 809 715 872 783 976 124 481 591 472 142 263 981 424 745 249 407 301 959 617 896 131 705 681 81 969 712 708 556 222 
257 578 998 548 861 15 184 743 393 643 131 915 711 208 440 332 911 176 761 796 596 547 555 740 399 258 376 858 855 697 552 89 986 315 422 283 20 385 930 0 640 633 402 951 644 867 144 658 133 447 471 143 135 326 166 405 313 202 152 146 46 565 832 530 709 207 867 662 866 805 313 677 491 895 895 198 978 642 93 547 397 934 525 704 235 182 987 550 238 331 
174 431 339 145 903 223 939 91 923 922 732 472 776 508 801 851 308 321 463 151 103 726 685 750 484 181 314 232 305 6 749 424 204 844 530 735 344 67 885 640 0 350 917 753 977 396 770 713 385 644 854 817 624 441 22 653 481 309 715 100 131 569 963 584 502 602 424 581 474 585 828 842 651 256 440 109 119 187 182 904 389 839 510 818 912 464 612 741 226 11 
118 663 557 106 81 180 282 657 308 718 988 774 408 224 522 40 898 46 264 269 468 481 673 126 912 161 476 296 782 844 304 821 718 969 536 184 781 232 192 633 350 0 308 708 135 693 103 151 960 536 144 219 217 579 666 596 924 243 757 488 613 507 81 114 125 468 660 717 648 938 932 529 430 526 797 503 284 646 288 523 876 235 620 65 590 629 13 531 690 413 
523 864 579 975 333 750 820 59 805 958 672 860 992 347 816 391 374 308 662 589 700 231 546 102 92 691 583 63 788 332 17 666 81 386 843 815 572 546 626 402 917 308 0 369 189 181 864 247 421 968 724 165 863 518 328 948 376 970 487 198 43 204 450 402 379 440 186 751 103 526 219 631 652 810 104 100 271 411 610 61 649 227 306 606 783 812 291 282 883 623 
372 8 426 44 903 606 307 272 988 158 798 703 135 217 327 968 734 572 422 504 283 132 521 366 132 575 63 359 127 122 83 811 871 748 411 11 777 972 91 951 753 708 369 0 739 560 411 708 382 475 77 142 155 439 777 119 695 281 786 239 58 654 107 191 250 179 674 768 644 951 41 363 824 254 553 847 39 443 999 217 393 311 627 170 442 837 938 292 48 674 
102 822 244 522 682 876 460 989 94 636 537 397 877 63 973 479 59 158 893 708 965 205 382 347 906 746 195 380 357 671 451 620 880 672 885 720 624 685 162 644 977 135 189 739 0 561 252 90 936 74 102 322 834 428 751 387 106 765 528 218 57 885 95 80 211 927 467 385 391 733 591 501 698 742 634 731 929 780 355 782 887 796 155 537 95 512 284 882 491 279 
456 185 220 809 301 407 104 178 760 721 81 776 869 235 1 864 428 181 45 961 738 775 750 895 490 388 488 341 917 206 622 126 828 644 896 247 19 945 322 867 396 693 181 560 561 0 173 479 902 145 685 733 497 583 951 351 546 650 489 642 496 40 503 462 354 63 902 332 700 324 3 76 705 810 158 707 209 387 191 294 811 854 227 176 841 614 623 406 907 104 
514 70 70 34 199 404 526 659 126 896 877 831 413 502 955 177 352 549 639 234 481 337 867 943 200 389 819 807 105 577 221 109 860 657 689 278 806 99 666 144 770 103 864 411 252 173 0 534 217 818 53 595 727 704 215 325 573 56 357 919 198 486 106 508 281 128 138 865 294 741 800 807 315 127 304 906 402 339 492 772 652 212 53 213 665 86 955 15 687 704 
184 329 864 657 407 514 723 281 712 742 523 642 483 176 604 594 861 803 100 413 244 751 563 221 915 520 481 928 179 422 834 485 130 947 302 940 888 571 337 658 713 151 247 708 90 479 534 0 429 192 84 463 558 113 749 621 112 140 953 551 113 130 908 481 438 548 241 944 173 20 513 406 597 884 536 828 12 443 41 923 97 800 99 53 736 795 963 521 649 514 
332 646 407 250 585 304 980 810 553 632 765 490 167 912 141 193 881 97 25 578 493 150 606 905 741 378 702 389 94 795 503 129 830 285 101 38 248 966 250 133 385 960 421 382 936 902 217 429 0 925 508 362 829 389 474 532 236 373 792 385 459 496 423 50 572 159 928 240 373 171 120 875 190 412 438 580 411 728 591 102 32 818 653 503 917 366 364 549 828 409 
404 471 736 953 310 331 15 335 784 778 349 301 541 901 721 707 111 699 395 240 585 161 88 286 232 379 620 818 321 915 921 61 657 1000 877 871 576 532 316 447 644 536 968 475 74 145 818 192 925 0 836 80 794 275 110 616 836 856 650 425 271 660 175 356 258 175 409 912 958 207 62 475 438 102 517 855 725 504 920 996 318 707 223 455 266 565 355 746 206 641 
753 517 714 980 139 589 874 97 928 350 271 123 801 604 847 989 206 647 106 955 669 121 500 951 783 903 256 233 680 473 91 65 250 136 203 133 900 646 814 471 854 144 724 77 102 685 53 84 508 836 0 559 26 957 164 601 948 687 584 753 941 735 651 183 252 586 916 445 506 102 393 12 88 541 966 917 761 251 341 644 187 298 585 361 305 650 161 412 778 767 
149 485 714 118 137 133 82 852 134 461 170 176 67 274 637 908 866 776 149 126 719 312 213 883 860 851 385 402 896 444 600 221 875 287 845 867 950 966 75 143 817 219 165 142 322 733 595 463 362 80 559 0 640 752 943 72 656 423 208 779 304 169 72 912 537 748 309 55 115 277 776 292 503 411 676 432 32 293 273 774 655 798 664 489 901 60 654 362 756 455 
438 232 272 289 425 700 519 442 324 742 351 319 188 194 277 583 501 424 172 508 53 276 875 444 191 109 558 668 34 163 582 376 352 747 320 694 836 194 795 135 624 217 863 155 834 497 727 558 829 794 26 640 0 171 212 115 177 286 701 572 237 418 59 599 229 452 49 907 618 689 541 215 538 462 886 417 92 791 250 204 366 360 988 545 230 181 962 888 909 231 
409 591 740 837 363 327 150 819 674 439 736 186 816 284 585 268 549 821 68 147 264 530 20 823 513 959 377 275 622 413 769 377 817 673 697 792 700 890 663 326 441 579 518 439 428 583 704 113 389 275 957 752 171 0 940 170 148 494 784 220 921 254 236 209 805 553 852 967 883 198 636 226 307 465 88 402 935 350 692 746 197 452 671 440 140 427 589 374 332 560 
451 572 597 324 277 615 841 167 182 408 896 938 674 653 226 159 117 707 858 991 384 63 627 474 122 508 623 217 313 596 194 104 36 186 626 158 762 904 497 166 22 666 328 777 751 951 215 749 474 110 164 943 212 940 0 201 147 885 910 239 909 397 381 438 265 633 678 901 187 291 940 958 323 72 408 659 75 448 576 212 339 758 292 535 839 661 595 965 897 647 
121 709 501 640 616 723 57 619 971 815 324 185 236 9 748 733 349 653 637 615 175 840 370 591 819 96 684 972 538 233 810 453 457 54 368 258 936 484 565 405 653 596 948 119 387 351 325 621 532 616 601 72 115 170 201 0 603 729 558 647 499 561 836 288 928 567 541 457 232 278 507 581 230 297 64 210 624 880 323 161 270 468 365 92 796 306 960 34 883 549 
820 232 858 428 405 539 386 960 950 91 478 552 318 433 799 242 475 134 320 737 725 82 64 864 555 661 976 307 385 66 978 416 887 390 301 307 624 112 262 313 481 924 376 695 106 546 573 112 236 836 948 656 177 148 147 603 0 745 740 305 784 499 106 109 248 329 47 690 749 181 219 538 610 991 554 6 706 881 726 341 79 804 15 793 126 760 853 190 846 713 
822 295 852 804 844 142 394 482 513 90 140 578 71 634 276 546 580 581 453 121 932 819 684 579 168 327 765 101 539 883 254 42 231 383 267 569 581 655 325 202 309 243 970 281 765 650 56 140 373 856 687 423 286 494 885 729 745 0 550 428 922 547 612 796 177 324 577 164 217 841 961 775 36 29 88 559 731 706 104 171 554 728 800 258 511 330 788 353 416 495 
508 839 864 674 946 753 891 901 258 734 423 516 826 788 489 99 663 204 46 474 28 208 437 930 328 518 227 220 150 63 807 437 248 658 518 807 413 272 5 152 715 757 487 786 528 489 357 953 792 650 584 208 701 784 910 558 740 550 0 826 138 332 655 559 848 81 735 501 529 606 924 474 213 276 308 422 783 47 965 244 351 802 118 245 83 9 703 794 92 929 
174 888 698 625 838 19 459 235 481 193 221 649 845 189 77 833 493 870 18 899 147 25 186 573 296 182 112 547 949 870 756 688 315 268 678 901 859 199 415 146 100 488 198 239 218 642 919 551 385 425 753 779 572 220 239 647 305 428 826 0 945 282 27 201 41 615 459 337 585 441 562 881 83 516 453 362 979 564 745 446 849 947 617 763 636 740 941 215 361 330 
124 947 526 616 690 854 336 58 936 841 923 483 356 720 77 942 916 582 494 311 135 393 652 511 724 472 191 122 598 37 386 909 683 447 27 228 869 514 993 46 131 613 43 58 57 496 198 113 459 271 941 304 237 921 909 499 784 922 138 945 0 499 253 872 498 641 216 878 694 337 446 765 637 416 671 703 409 714 863 640 645 327 881 199 632 952 899 236 558 828 
334 760 320 39 64 742 890 945 845 17 636 110 567 165 700 594 474 41 680 226 161 456 810 160 651 843 791 936 498 349 570 586 605 440 389 485 939 790 809 565 569 507 204 654 885 40 486 130 496 660 735 169 418 254 397 561 499 547 332 282 499 0 568 424 804 668 521 967 844 476 518 309 258 928 238 560 238 80 22 851 740 252 955 972 29 921 371 561 204 175 
444 918 489 812 195 580 615 960 81 873 588 578 199 306 782 236 755 456 846 249 252 165 503 368 706 278 945 12 574 897 529 435 571 834 495 372 496 277 715 832 963 81 450 107 95 503 106 908 423 175 651 72 59 236 381 836 106 612 655 27 253 568 0 367 784 981 525 541 515 453 199 63 279 900 434 248 81 197 839 446 171 299 720 668 790 577 476 727 541 819 
590 389 219 883 650 4 982 366 208 970 789 305 360 717 840 600 61 514 98 150 570 796 453 85 333 496 105 876 336 779 637 898 928 223 743 184 811 343 872 530 584 114 402 191 80 462 508 481 50 356 183 912 599 209 438 288 109 796 559 201 872 424 367 0 700 862 917 52 219 699 511 668 50 883 181 646 139 166 362 831 201 709 598 233 523 373 79 810 726 149 
389 439 747 865 945 94 249 273 656 462 141 680 754 212 827 488 348 242 918 918 826 893 142 836 511 538 939 846 191 784 570 614 323 733 434 415 434 176 783 709 502 125 379 250 211 354 281 438 572 258 252 537 229 805 265 928 248 177 848 41 498 804 784 700 0 361 751 18 898 871 816 389 793 498 220 323 276 85 894 813 16 133 525 898 710 751 270 194 613 79 
660 519 482 297 629 201 364 738 841 829 652 106 816 577 1 290 701 809 910 290 728 695 739 98 993 905 217 857 553 39 800 866 800 32 156 574 575 704 976 207 602 468 440 179 927 63 128 548 159 175 586 748 452 553 633 567 329 324 81 615 641 668 981 862 361 0 880 673 637 762 647 611 301 901 272 990 817 247 554 536 236 817 873 102 581 814 894 957 670 172 
967 615 497 24 280 600 992 174 446 160 786 119 401 813 310 609 156 358 847 98 440 442 509 86 846 491 228 805 914 432 41 490 935 926 304 664 287 30 124 867 424 660 186 674 467 902 138 241 928 409 916 309 49 852 678 541 47 577 735 459 216 521 525 917 751 880 0 951 789 850 54 332 935 645 96 621 866 15 823 910 146 574 128 749 931 875 187 288 508 844 
259 82 861 519 905 145 898 267 936 571 301 848 506 655 490 448 694 281 394 287 281 330 240 828 489 474 894 971 902 638 551 985 24 397 678 879 719 533 481 662 581 717 751 768 385 332 865 944 240 912 445 55 907 967 901 457 690 164 501 337 878 967 541 52 18 673 951 0 384 517 883 938 465 70 643 159 803 134 194 129 152 839 308 528 255 609 412 260 311 672 
421 683 601 944 47 93 811 350 929 246 789 774 813 720 906 300 526 633 313 678 495 965 187 411 437 209 762 68 63 88 707 358 639 133 573 162 56 304 591 866 474 648 103 644 391 700 294 173 373 958 506 115 618 883 187 232 749 217 529 585 694 844 515 219 898 637 789 384 0 297 278 798 742 55 463 25 200 296 966 897 216 787 246 572 662 340 481 337 197 466 
672 59 204 95 369 82 199 359 460 471 355 900 959 943 57 887 735 908 326 46 878 813 111 304 740 335 110 690 402 909 811 797 608 261 98 335 909 581 472 805 585 938 526 951 733 324 741 20 171 207 102 277 689 198 291 278 181 841 606 441 337 476 453 699 871 762 850 517 297 0 312 523 296 412 904 414 157 188 32 382 222 147 84 610 112 644 79 439 811 677 
172 297 741 857 881 629 885 356 942 896 527 606 598 350 557 237 666 716 282 617 738 216 112 124 683 808 109 881 498 580 201 300 815 451 72 571 761 71 142 313 828 932 219 41 591 3 800 513 120 62 393 776 541 636 940 507 219 961 924 562 446 518 199 511 816 647 54 883 278 312 0 858 455 856 982 331 968 85 521 866 883 479 96 299 603 485 215 316 759 680 
25 856 411 547 23 190 527 720 824 319 438 232 684 542 27 970 653 959 246 394 748 719 976 71 354 212 313 49 174 199 776 511 687 939 103 328 246 933 263 677 842 529 631 363 501 76 807 406 875 475 12 292 215 226 958 581 538 775 474 881 765 309 63 668 389 611 332 938 798 523 858 0 175 157 61 751 776 496 916 351 237 377 822 127 320 604 2 159 438 911 
252 849 559 207 321 276 146 878 207 486 401 540 349 544 845 396 39 581 711 440 289 812 790 224 212 621 496 397 808 37 951 709 897 162 607 25 709 502 981 491 651 430 652 824 698 705 315 597 190 438 88 503 538 307 323 230 610 36 213 83 637 258 279 50 793 301 935 465 742 296 455 175 0 859 90 810 267 531 194 83 558 732 401 236 497 291 805 502 407 45 
55 539 468 521 602 41 382 984 388 145 629 925 364 886 487 879 420 152 734 401 137 814 309 685 574 969 475 401 84 458 995 186 121 662 225 355 551 208 424 895 256 526 810 254 742 810 127 884 412 102 541 411 462 465 72 297 991 29 276 516 416 928 900 883 498 901 645 70 55 412 856 157 859 0 781 68 763 788 986 342 304 356 228 214 677 738 118 847 469 405 
752 539 537 608 281 447 356 4 274 482 742 238 404 231 245 367 412 996 828 499 230 191 490 993 347 394 284 163 992 620 673 722 481 501 424 474 300 573 745 895 440 797 104 553 634 158 304 536 438 517 966 676 886 88 408 64 554 88 308 453 671 238 434 181 220 272 96 643 463 904 982 61 90 781 0 441 819 836 597 545 354 626 842 514 43 811 643 523 144 198 
205 383 608 439 230 658 178 25 141 140 112 964 379 997 583 19 671 264 197 64 521 367 617 656 264 646 345 276 72 228 593 687 213 460 161 959 160 448 249 198 109 503 100 847 731 707 906 828 580 855 917 432 417 402 659 210 6 559 422 362 703 560 248 646 323 990 621 159 25 414 331 751 810 68 441 0 88 832 104 839 618 843 367 23 470 107 601 156 64 572 
602 18 744 818 607 770 727 728 267 45 247 183 387 745 906 400 300 615 192 236 293 949 82 93 925 161 888 149 109 437 661 600 699 223 477 871 447 591 407 978 119 284 271 39 929 209 402 12 411 725 761 32 92 935 75 624 706 731 783 979 409 238 81 139 276 817 866 803 200 157 968 776 267 763 819 88 0 60 724 811 604 372 948 549 67 180 210 746 707 111 
1000 846 130 278 719 484 805 382 625 60 131 190 553 423 472 795 810 759 69 187 224 789 4 178 474 247 284 243 228 607 344 408 722 202 224 575 681 779 301 642 187 646 411 443 780 387 339 443 728 504 251 293 791 350 448 880 881 706 47 564 714 80 197 166 85 247 15 134 296 188 85 496 531 788 836 832 60 0 282 731 789 323 570 226 468 450 763 748 582 44 
366 295 117 615 490 988 76 851 494 603 975 271 614 952 253 252 195 37 829 841 461 659 413 67 148 469 255 450 397 940 842 419 701 719 482 950 361 150 959 93 182 288 610 999 355 191 492 41 591 920 341 273 250 692 576 323 726 104 965 745 863 22 839 362 894 554 823 194 966 32 521 916 194 986 597 104 724 282 0 880 987 642 826 186 73 476 55 572 908 141 
13 649 45 163 456 883 869 837 856 455 301 448 219 756 22 580 936 927 971 816 130 168 81 933 460 482 547 421 959 814 781 41 818 140 61 903 869 799 617 547 904 523 61 217 782 294 772 923 102 996 644 774 204 746 212 161 341 171 244 446 640 851 446 831 813 536 910 129 897 382 866 351 83 342 545 839 811 731 880 0 947 153 93 454 106 634 171 211 442 896 
199 284 397 357 352 812 760 415 201 798 227 774 408 612 245 972 841 832 233 120 336 696 28 717 585 805 739 998 228 555 66 820 868 711 441 961 59 798 896 397 389 876 649 393 887 811 652 97 32 318 187 655 366 197 339 270 79 554 351 849 645 740 171 201 16 236 146 152 216 222 883 237 558 304 354 618 604 789 987 947 0 624 791 436 213 699 454 411 905 802 
563 892 855 176 474 308 741 382 418 208 401 481 905 206 260 820 637 320 148 678 641 890 262 637 911 750 840 914 340 266 121 810 705 276 794 466 646 310 131 934 839 235 227 311 796 854 212 800 818 707 298 798 360 452 758 468 804 728 802 947 327 252 299 709 133 817 574 839 787 147 479 377 732 356 626 843 372 323 642 153 624 0 856 832 714 16 206 644 467 78 
318 654 407 929 137 262 509 35 857 236 273 93 110 169 761 773 448 504 929 80 157 113 265 808 772 805 202 141 532 205 974 375 116 848 594 499 224 621 705 525 510 620 306 627 155 227 53 99 653 223 585 664 988 671 292 365 15 800 118 617 881 955 720 598 525 873 128 308 246 84 96 822 401 228 842 367 948 570 826 93 791 856 0 864 187 452 300 655 507 306 
41 724 693 516 673 254 188 130 617 456 471 691 947 842 598 25 473 201 209 852 901 367 392 376 929 628 599 524 727 525 979 873 451 517 16 604 845 482 681 704 818 65 606 170 537 176 213 53 503 455 361 489 545 440 535 92 793 258 245 763 199 972 668 233 898 102 749 528 572 610 299 127 236 214 514 23 549 226 186 454 436 832 864 0 293 621 721 403 162 635 
888 795 507 802 896 323 203 738 234 485 7 967 136 218 493 180 246 754 846 657 539 378 143 906 522 180 200 764 675 35 937 774 339 454 721 97 852 862 81 235 912 590 783 442 95 841 665 736 917 266 305 901 230 140 839 796 126 511 83 636 632 29 790 523 710 581 931 255 662 112 603 320 497 677 43 470 67 468 73 106 213 714 187 293 0 667 792 47 210 426 
133 737 853 887 702 783 245 935 109 617 947 577 322 191 229 12 708 360 511 977 955 574 558 776 877 250 489 725 493 499 293 73 63 11 111 223 864 775 969 182 464 629 812 837 512 614 86 795 366 565 650 60 181 427 661 306 760 330 9 740 952 921 577 373 751 814 875 609 340 644 485 604 291 738 811 107 180 450 476 634 699 16 452 621 667 0 630 412 846 742 
234 79 847 353 437 43 590 151 478 218 691 146 896 791 60 654 957 951 459 242 653 855 433 540 699 287 515 240 789 431 463 487 92 79 758 5 734 193 712 987 612 13 291 938 284 623 955 963 364 355 161 654 962 589 595 960 853 788 703 941 899 371 476 79 270 894 187 412 481 79 215 2 805 118 643 601 210 763 55 171 454 206 300 721 792 630 0 274 396 205 
372 650 192 815 691 691 248 896 586 114 368 710 240 714 472 308 196 542 498 26 233 779 428 646 389 479 733 166 908 855 553 82 513 569 273 469 191 278 708 550 741 531 282 292 882 406 15 521 549 746 412 362 888 374 965 34 190 353 794 215 236 561 727 810 194 957 288 260 337 439 316 159 502 847 523 156 746 748 572 211 411 644 655 403 47 412 274 0 980 668 
142 208 902 217 572 866 293 362 80 17 830 892 713 816 28 230 615 619 797 722 971 454 953 691 799 21 660 534 875 537 48 241 904 282 965 813 46 570 556 238 226 690 883 48 491 907 687 649 828 206 778 756 909 332 897 883 846 416 92 361 558 204 541 726 613 670 508 311 197 811 759 438 407 469 144 64 707 582 908 442 905 467 507 162 210 846 396 980 0 291 
626 677 384 199 369 886 537 722 679 505 885 490 585 734 890 761 528 968 48 913 318 480 421 298 526 627 909 808 218 221 902 761 782 276 282 285 342 62 222 331 11 413 623 674 279 104 704 514 409 641 767 455 231 560 647 549 713 495 929 330 828 175 819 149 79 172 844 672 466 677 680 911 45 405 198 572 111 44 141 896 802 78 306 635 426 742 205 668 291 0 
