80 3
0 917 156 207 878 25 81 12 333 498 760 838 42 756 467 7 566 353 301 315 835 878 641 413 445 292 999 919 841 935 756 45 93 954 11 90 26 417 703 203 472 761 526 853 781 825 409 507 20 542 82 73 37 554 384 576 641 168 868 308 871 201 659 652 714 661 11 657 291 615 879 955 862 970 157 805 684 355 591 265 
917 0 125 898 545 941 428 804 899 442 270 84 51 321 389 602 432 472 47 709 915 784 559 536 842 921 923 133 341 328 124 528 209 188 886 573 213 683 760 972 416 848 128 773 271 149 400 265 280 596 653 79 933 462 795 131 127 293 453 567 303 251 223 260 930 43 791 730 594 205 291 244 407 304 21 626 879 766 967 715 
156 125 0 189 474 188 594 984 524 520 550 188 55 698 698 924 238 774 531 831 979 588 649 502 928 29 36 161 432 857 364 682 881 988 592 196 384 553 173 984 761 724 388 80 615 30 948 254 957 879 297 503 30 47 380 802 148 270 943 549 772 576 854 445 189 237 195 845 709 395 533 292 461 647 585 804 445 946 477 707 
207 898 189 0 3 111 995 828 811 102 598 59 102 736 182 31 371 853 982 113 208 432 3 682 853 317 531 552 437 582 840 998 281 891 719 427 228 874 37 747 509 916 115 189 333 181 406 733 969 934 41 625 809 722 937 515 757 418 437 831 485 962 646 860 797 643 6 588 355 962 660 824 217 834 107 322 979 794 284 260 
878 545 474 3 0 926 36 869 619 701 474 967 718 298 971 771 919 585 749 671 51 768 796 347 455 342 170 492 622 661 668 120 181 432 952 460 821 62 527 898 844 807 898 381 196 532 180 147 688 332 161 437 462 613 383 38 696 668 478 64 279 79 973 556 660 122 724 940 656 1000 97 96 669 375 5 133 627 602 599 35 
25 941 188 111 926 0 211 165 774 51 408 521 594 989 960 4 335 455 421 648 683 457 560 958 156 499 445 113 498 674 352 947 203 393 208 422 854 983 520 470 608 772 356 951 971 685 806 705 841 634 277 950 409 233 22 123 556 669 460 806 55 325 637 635 277 31 722 781 172 966 595 904 319 748 594 652 429 5 645 204 
81 428 594 995 36 211 0 796 603 239 442 691 483 504 316 517 218 521 145 303 161 799 188 360 710 754 892 724 893 462 746 56 616 339 897 444 415 227 962 891 346 611 7 385 349 82 701 287 364 433 37 610 461 47 299 216 465 545 945 769 83 955 402 539 398 849 765 709 20 401 467 191 255 292 553 125 504 690 402 905 
12 804 984 828 869 165 796 0 959 690 634 198 221 522 477 752 408 130 684 441 146 893 932 591 269 922 200 832 190 309 9 273 514 456 712 897 692 434 385 148 703 996 77 57 343 522 727 33 34 893 1000 524 630 467 300 656 597 84 449 144 940 533 813 661 350 199 601 441 906 926 39 240 122 800 509 97 12 603 192 71 
333 899 524 811 619 774 603 959 0 328 235 142 815 515 757 290 101 7 387 646 351 919 265 540 135 428 501 454 758 833 571 18 825 488 846 423 616 908 977 838 406 557 522 45 238 536 552 299 189 140 206 739 350 580 80 562 74 861 669 166 27 310 683 130 428 57 979 290 551 745 819 987 6 203 658 641 381 784 689 878 
498 442 520 102 701 51 239 690 328 0 849 139 53 724 811 980 940 211 367 149 358 937 385 700 726 934 59 547 758 824 930 855 541 199 500 904 236 557 299 510 800 209 181 275 307 670 943 983 535 346 544 334 558 355 786 315 63 335 543 529 217 708 546 808 239 697 340 56 295 268 142 729 622 243 170 301 930 655 623 760 
760 270 550 598 474 408 442 634 235 849 0 893 485 100 401 536 925 345 575 481 825 914 158 136 354 721 821 741 647 109 659 27 696 129 756 785 726 83 857 676 770 551 495 243 519 833 125 202 467 543 326 742 676 927 378 621 500 486 482 711 419 221 68 506 180 922 297 851 976 79 466 380 601 871 903 131 349 250 667 296 
838 84 188 59 967 521 691 198 142 139 893 0 360 855 637 185 97 342 760 975 849 503 275 592 665 228 659 389 787 830 147 486 157 95 610 418 642 279 976 522 652 523 681 403 960 26 570 1000 17 168 454 119 421 826 327 642 600 202 174 75 30 389 880 425 554 281 604 161 711 336 921 701 428 69 412 756 312 679 453 84 
42 51 55 102 718 594 483 221 815 53 485 360 0 487 503 829 368 818 41 304 582 737 359 883 730 606 342 88 659 938 437 916 201 415 856 770 726 78 129 858 496 813 790 785 664 522 457 300 81 494 117 39 179 717 478 757 80 579 835 315 174 478 352 625 495 771 771 764 161 715 976 477 262 542 712 993 556 532 924 199 
756 321 698 736 298 989 504 522 515 724 100 855 487 0 125 736 263 887 581 995 383 763 284 59 434 609 262 471 9 879 427 420 181 680 338 259 205 301 503 67 334 499 214 334 972 783 503 651 774 337 262 658 943 86 892 436 345 735 570 912 528 145 26 136 812 926 740 698 178 196 406 217 227 521 283 163 648 833 338 514 
467 389 698 182 971 960 316 477 757 811 401 637 503 125 0 78 177 548 290 334 420 416 841 782 773 115 780 365 124 497 431 137 420 220 758 440 431 879 352 230 129 545 408 860 980 925 419 184 381 488 562 267 732 248 193 359 685 724 720 797 184 453 329 501 571 866 394 747 289 266 443 697 331 982 114 121 561 682 325 579 
7 602 924 31 771 4 517 752 290 980 536 185 829 736 78 0 199 77 122 223 70 219 667 769 695 117 179 556 628 41 814 221 958 104 806 715 863 361 204 982 166 774 932 517 780 873 714 166 154 627 446 963 838 611 552 903 917 693 767 926 461 412 582 557 83 734 867 422 789 636 679 517 882 234 992 171 689 734 493 768 
566 432 238 371 919 335 218 408 101 940 925 97 368 263 177 199 0 914 267 940 713 400 588 507 428 992 545 540 863 712 990 158 641 5 906 308 489 244 335 719 144 365 207 41 216 966 94 802 594 883 520 310 829 98 617 726 769 499 599 823 503 889 96 981 630 74 136 884 116 118 135 633 886 530 790 40 501 305 966 715 
353 472 774 853 585 455 521 130 7 211 345 342 818 887 548 77 914 0 398 385 655 294 419 910 288 464 176 132 734 364 823 665 92 655 914 349 507 131 237 969 686 898 281 589 996 50 442 999 831 171 325 907 124 738 852 143 161 726 155 999 509 39 171 254 289 586 187 923 371 772 43 429 425 117 62 719 379 656 847 578 
301 47 531 982 749 421 145 684 387 367 575 760 41 581 290 122 267 398 0 947 891 298 596 900 519 625 312 766 581 710 964 189 133 496 254 937 759 983 487 774 98 921 217 792 779 427 83 867 139 386 529 604 704 995 503 58 363 232 360 450 532 436 780 867 872 262 802 633 802 426 330 805 279 767 366 714 666 613 503 159 
315 709 831 113 671 648 303 441 646 149 481 975 304 995 334 223 940 385 947 0 464 512 410 610 325 488 376 693 485 529 581 657 661 626 1000 434 840 580 468 537 363 55 121 252 666 334 883 659 817 826 444 723 94 275 345 918 773 656 148 722 597 865 604 424 803 442 602 663 320 613 425 89 910 654 9 417 719 10 875 717 
835 915 979 208 51 683 161 146 351 358 825 849 582 383 420 70 713 655 891 464 0 924 565 357 789 586 996 819 615 454 815 164 739 300 52 354 830 909 441 948 747 331 113 190 364 958 87 630 249 54 148 494 374 426 785 565 42 788 188 941 949 891 169 853 92 398 957 80 538 209 2 973 197 794 718 700 193 578 188 541 
878 784 588 432 768 457 799 893 919 937 914 503 737 763 416 219 400 294 298 512 924 0 669 981 672 170 424 531 139 385 272 505 248 583 66 453 354 368 42 871 904 36 28 694 143 796 55 260 572 785 117 650 503 389 222 91 613 597 170 28 194 630 847 960 994 617 883 490 135 668 500 504 179 753 548 526 843 302 63 71 
641 559 649 3 796 560 188 932 265 385 158 275 359 284 841 667 588 419 596 410 565 669 0 398 304 880 574 38 808 536 992 493 638 952 896 139 702 958 869 833 974 850 432 377 567 541 437 759 851 924 756 21 900 591 616 102 375 497 523 480 812 375 676 142 453 798 529 873 661 886 434 979 402 35 402 13 219 350 650 595 
413 536 502 682 347 958 360 591 540 700 136 592 883 59 782 769 507 910 900 610 357 981 398 0 61 947 579 289 595 370 316 256 35 844 569 578 524 200 17 915 982 928 258 921 787 118 730 520 194 197 632 117 30 127 99 663 774 780 393 49 359 86 513 682 266 206 629 595 715 186 85 799 716 57 950 965 279 513 701 488 
445 842 928 853 455 156 710 269 135 726 354 665 730 434 773 695 428 288 519 325 789 672 304 61 0 272 60 286 168 42 651 962 536 266 705 796 818 222 133 389 163 508 323 586 356 933 807 350 216 309 262 275 730 174 874 728 987 228 283 267 881 601 455 592 509 378 970 800 221 434 450 390 841 133 414 876 44 207 432 905 
292 921 29 317 342 499 754 922 428 934 721 228 606 609 115 117 992 464 625 488 586 170 880 947 272 0 691 637 634 310 763 687 147 67 127 495 992 834 83 539 335 409 5 32 4 531 715 472 920 492 261 580 382 253 505 53 78 404 75 58 212 157 791 566 69 955 609 147 88 263 277 85 840 327 940 488 446 560 279 756 
999 923 36 531 170 445 892 200 501 59 821 659 342 262 780 179 545 176 312 376 996 424 574 579 60 691 0 537 376 431 766 673 958 682 809 210 928 618 848 101 451 792 142 781 722 640 877 423 582 702 603 932 376 686 813 143 253 294 454 127 115 306 181 71 381 791 117 19 955 451 756 853 506 369 479 911 815 706 687 493 
919 133 161 552 492 113 724 832 454 547 741 389 88 471 365 556 540 132 766 693 819 531 38 289 286 637 537 0 412 871 563 617 723 986 72 163 561 245 905 563 409 747 376 307 808 122 912 725 807 835 814 889 554 757 72 352 825 136 987 556 891 53 257 77 261 227 256 767 414 511 846 935 173 416 46 186 224 276 452 946 
841 341 432 437 622 498 893 190 758 758 647 787 659 9 124 628 863 734 581 485 615 139 808 595 168 634 376 412 0 634 691 44 290 162 572 728 335 915 166 44 131 220 7 414 795 556 90 704 708 469 456 272 12 112 864 24 230 323 24 139 785 585 338 779 871 610 442 514 44 274 224 903 73 967 24 143 154 285 476 156 
935 328 857 582 661 674 462 309 833 824 109 830 938 879 497 41 712 364 710 529 454 385 536 370 42 310 431 871 634 0 579 657 983 878 971 1 497 974 325 950 235 529 990 865 738 605 423 354 871 396 755 912 647 615 497 673 943 389 285 449 232 790 396 927 395 133 168 120 139 969 24 615 371 470 687 586 748 610 315 523 
756 124 364 840 668 352 746 9 571 930 659 147 437 427 431 814 990 823 964 581 815 272 992 316 651 763 766 563 691 579 0 482 75 932 163 82 1000 952 876 612 721 486 628 701 839 66 333 143 5 248 327 74 662 896 389 800 2 362 1 495 212 413 994 656 622 672 84 297 80 766 347 182 780 241 337 853 803 77 642 96 
45 528 682 998 120 947 56 273 18 855 27 486 916 420 137 221 158 665 189 657 164 505 493 256 962 687 673 617 44 657 482 0 290 593 377 112 617 920 812 125 396 270 800 224 542 299 412 47 579 557 339 892 477 330 992 845 194 281 85 806 920 360 294 545 571 738 770 147 476 686 240 873 451 844 509 373 690 41 80 522 
93 209 881 281 181 203 616 514 825 541 696 157 201 181 420 958 641 92 133 661 739 248 638 35 536 147 958 723 290 983 75 290 0 620 517 819 39 583 271 935 930 872 731 200 361 167 245 270 831 319 702 765 952 321 87 226 182 404 916 477 377 289 153 330 658 62 1 303 579 278 142 853 295 805 872 895 953 780 853 63 
954 188 988 891 432 393 339 456 488 199 129 95 415 680 220 104 5 655 496 626 300 583 952 844 266 67 682 986 162 878 932 593 620 0 750 130 186 821 991 913 584 910 961 239 283 404 334 105 466 390 727 970 490 429 507 118 41 52 486 743 718 630 606 689 488 903 650 833 483 556 79 639 272 299 215 752 831 32 305 365 
11 886 592 719 952 208 897 712 846 500 756 610 856 338 758 806 906 914 254 1000 52 66 896 569 705 127 809 72 572 971 163 377 517 750 0 43 647 109 200 801 929 535 418 28 978 510 979 809 783 283 786 400 920 289 58 514 426 409 942 902 656 729 460 290 763 657 149 440 395 595 951 217 543 766 37 147 571 807 834 847 
90 573 196 427 460 422 444 897 423 904 785 418 770 259 440 715 308 349 937 434 354 453 139 578 796 495 210 163 728 1 82 112 819 130 43 0 830 561 143 253 911 350 2 729 872 616 752 201 486 87 297 101 906 107 2 611 692 939 222 897 338 507 628 686 900 681 982 984 35 115 940 12 954 490 267 989 131 92 796 141 
26 213 384 228 821 854 415 692 616 236 726 642 726 205 431 863 489 507 759 840 830 354 702 524 818 992 928 561 335 497 1000 617 39 186 647 830 0 859 578 89 624 91 526 274 250 354 642 909 482 98 1 271 768 965 517 667 118 423 465 461 547 288 224 822 436 683 425 797 16 637 788 329 321 578 852 827 916 939 909 916 
417 683 553 874 62 983 227 434 908 557 83 279 78 301 879 361 244 131 983 580 909 368 958 200 222 834 618 245 915 974 952 920 583 821 109 561 859 0 103 961 115 566 942 35 377 400 55 576 52 787 770 387 61 409 493 334 132 806 702 230 621 478 68 565 323 60 776 572 898 718 322 649 785 315 374 291 50 723 112 927 
703 760 173 37 527 520 962 385 977 299 857 976 129 503 352 204 335 237 487 468 441 42 869 17 133 83 848 905 166 325 876 812 271 991 200 143 578 103 0 953 582 87 20 595 18 506 341 463 847 132 831 173 169 540 611 490 955 435 465 867 227 316 674 4 428 788 788 673 842 895 655 479 826 141 51 137 447 862 169 232 
203 972 984 747 898 470 891 148 838 510 676 522 858 67 230 982 719 969 774 537 948 871 833 915 389 539 101 563 44 950 612 125 935 913 801 253 89 961 953 0 543 867 370 251 384 183 478 360 973 392 540 889 777 336 447 689 278 220 879 776 82 645 77 979 354 491 813 226 670 496 568 444 475 758 8 159 918 305 925 758 
472 416 761 509 844 608 346 703 406 800 770 652 496 334 129 166 144 686 98 363 747 904 974 982 163 335 451 409 131 235 721 396 930 584 929 911 624 115 582 543 0 641 439 543 860 883 60 635 509 889 127 125 779 106 483 457 438 409 590 178 649 891 769 144 481 891 34 763 111 58 560 941 681 35 284 163 153 609 424 732 
761 848 724 916 807 772 611 996 557 209 551 523 813 499 545 774 365 898 921 55 331 36 850 928 508 409 792 747 220 529 486 270 872 910 535 350 91 566 87 867 641 0 367 68 900 591 485 800 262 541 379 627 955 904 701 280 912 413 498 484 952 633 778 611 492 937 277 667 309 492 420 138 300 809 227 771 966 947 946 842 
526 128 388 115 898 356 7 77 522 181 495 681 790 214 408 932 207 281 217 121 113 28 432 258 323 5 142 376 7 990 628 800 731 961 418 2 526 942 20 370 439 367 0 730 654 293 677 59 596 791 10 182 871 660 221 219 2 19 991 903 662 452 757 205 244 947 782 602 276 895 74 741 886 353 740 508 721 233 705 153 
853 773 80 189 381 951 385 57 45 275 243 403 785 334 860 517 41 589 792 252 190 694 377 921 586 32 781 307 414 865 701 224 200 239 28 729 274 35 595 251 543 68 730 0 506 415 928 263 610 788 611 219 256 967 141 92 733 937 149 800 253 514 327 847 380 196 984 117 771 879 892 183 16 347 308 855 598 858 666 666 
781 271 615 333 196 971 349 343 238 307 519 960 664 972 980 780 216 996 779 666 364 143 567 787 356 4 722 808 795 738 839 542 361 283 978 872 250 377 18 384 860 900 654 506 0 92 452 289 434 321 761 120 89 1 583 895 487 219 518 427 358 777 654 328 417 74 67 428 72 164 886 877 967 816 485 195 153 740 742 65 
825 149 30 181 532 685 82 522 536 670 833 26 522 783 925 873 966 50 427 334 958 796 541 118 933 531 640 122 556 605 66 299 167 404 510 616 354 400 506 183 883 591 293 415 92 0 551 494 605 175 451 128 292 531 335 516 160 15 318 943 278 954 763 573 172 810 767 988 539 89 834 354 59 409 667 767 61 751 525 384 
409 400 948 406 180 806 701 727 552 943 125 570 457 503 419 714 94 442 83 883 87 55 437 730 807 715 877 912 90 423 333 412 245 334 979 752 642 55 341 478 60 485 677 928 452 551 0 952 19 506 3 576 886 247 193 429 414 836 275 901 676 661 582 176 313 329 62 932 218 647 31 661 440 458 97 300 484 718 240 874 
507 265 254 733 147 705 287 33 299 983 202 1000 300 651 184 166 802 999 867 659 630 260 759 520 350 472 423 725 704 354 143 47 270 105 809 201 909 576 463 360 635 800 59 263 289 494 952 0 218 390 738 623 38 676 470 527 335 733 8 64 460 367 623 208 735 141 561 573 818 748 519 210 646 535 395 362 65 774 657 409 
20 280 957 969 688 841 364 34 189 535 467 17 81 774 381 154 594 831 139 817 249 572 851 194 216 920 582 807 708 871 5 579 831 466 783 486 482 52 847 973 509 262 596 610 434 605 19 218 0 301 269 534 344 887 952 355 806 726 173 358 627 794 641 375 541 886 319 852 786 448 823 859 333 14 491 325 906 919 202 857 
542 596 879 934 332 634 433 893 140 346 543 168 494 337 488 627 883 171 386 826 54 785 924 197 309 492 702 835 469 396 248 557 319 390 283 87 98 787 132 392 889 541 791 788 321 175 506 390 301 0 432 359 502 931 936 928 784 26 89 764 736 631 99 587 46 74 553 737 544 584 981 994 927 787 644 346 473 266 995 382 
82 653 297 41 161 277 37 1000 206 544 326 454 117 262 562 446 520 325 529 444 148 117 756 632 262 261 603 814 456 755 327 339 702 727 786 297 1 770 831 540 127 379 10 611 761 451 3 738 269 432 0 545 574 722 718 438 977 816 667 133 452 57 991 996 695 715 341 569 180 263 321 340 293 565 310 636 797 459 81 327 
73 79 503 625 437 950 610 524 739 334 742 119 39 658 267 963 310 907 604 723 494 650 21 117 275 580 932 889 272 912 74 892 765 970 400 101 271 387 173 889 125 627 182 219 120 128 576 623 534 359 545 0 866 885 957 889 210 406 911 856 328 355 124 10 306 580 426 396 522 937 683 686 293 577 596 617 672 895 199 519 
37 933 30 809 462 409 461 630 350 558 676 421 179 943 732 838 829 124 704 94 374 503 900 30 730 382 376 554 12 647 662 477 952 490 920 906 768 61 169 777 779 955 871 256 89 292 886 38 344 502 574 866 0 1000 733 525 537 451 796 740 366 559 530 287 550 548 934 884 664 979 521 781 554 461 746 606 629 330 161 443 
554 462 47 722 613 233 47 467 580 355 927 826 717 86 248 611 98 738 995 275 426 389 591 127 174 253 686 757 112 615 896 330 321 429 289 107 965 409 540 336 106 904 660 967 1 531 247 676 887 931 722 885 1000 0 505 706 951 160 289 407 532 569 698 761 878 804 818 315 603 648 337 990 169 882 395 896 380 291 400 520 
384 795 380 937 383 22 299 300 80 786 378 327 478 892 193 552 617 852 503 345 785 222 616 99 874 505 813 72 864 497 389 992 87 507 58 2 517 493 611 447 483 701 221 141 583 335 193 470 952 936 718 957 733 505 0 919 466 480 121 499 299 529 745 285 72 492 54 266 921 941 214 993 802 297 928 393 40 275 806 409 
576 131 802 515 38 123 216 656 562 315 621 642 757 436 359 903 726 143 58 918 565 91 102 663 728 53 143 352 24 673 800 845 226 118 514 611 667 334 490 689 457 280 219 92 895 516 429 527 355 928 438 889 525 706 919 0 966 501 553 877 487 934 48 326 159 765 151 297 503 836 753 845 456 231 475 851 900 57 846 4 
641 127 148 757 696 556 465 597 74 63 500 600 80 345 685 917 769 161 363 773 42 613 375 774 987 78 253 825 230 943 2 194 182 41 426 692 118 132 955 278 438 912 2 733 487 160 414 335 806 784 977 210 537 951 466 966 0 764 36 216 404 307 639 973 5 952 929 324 353 907 907 465 729 153 128 714 882 873 772 380 
168 293 270 418 668 669 545 84 861 335 486 202 579 735 724 693 499 726 232 656 788 597 497 780 228 404 294 136 323 389 362 281 404 52 409 939 423 806 435 220 409 413 19 937 219 15 836 733 726 26 816 406 451 160 480 501 764 0 634 859 858 429 503 589 848 20 237 933 668 553 178 65 69 687 170 571 446 399 175 380 
868 453 943 437 478 460 945 449 669 543 482 174 835 570 720 767 599 155 360 148 188 170 523 393 283 75 454 987 24 285 1 85 916 486 942 222 465 702 465 879 590 498 991 149 518 318 275 8 173 89 667 911 796 289 121 553 36 634 0 304 744 995 884 109 81 548 352 279 182 246 140 558 450 613 890 412 521 962 988 806 
308 567 549 831 64 806 769 144 166 529 711 75 315 912 797 926 823 999 450 722 941 28 480 49 267 58 127 556 139 449 495 806 477 743 902 897 461 230 867 776 178 484 903 800 427 943 901 64 358 764 133 856 740 407 499 877 216 859 304 0 58 479 87 293 678 733 457 510 275 915 600 233 729 868 246 545 843 626 258 537 
871 303 772 485 279 55 83 940 27 217 419 30 174 528 184 461 503 509 532 597 949 194 812 359 881 212 115 891 785 232 212 920 377 718 656 338 547 621 227 82 649 952 662 253 358 278 676 460 627 736 452 328 366 532 299 487 404 858 744 58 0 255 766 582 280 912 615 698 621 32 568 531 6 826 986 265 793 260 3 316 
201 251 576 962 79 325 955 533 310 708 221 389 478 145 453 412 889 39 436 865 891 630 375 86 601 157 306 53 585 790 413 360 289 630 729 507 288 478 316 645 891 633 452 514 777 954 661 367 794 631 57 355 559 569 529 934 307 429 995 479 255 0 462 735 917 490 920 32 177 264 711 445 588 131 545 564 753 536 850 959 
659 223 854 646 973 637 402 813 683 546 68 880 352 26 329 582 96 171 780 604 169 847 676 513 455 791 181 257 338 396 994 294 153 606 460 628 224 68 674 77 769 778 757 327 654 763 582 623 641 99 991 124 530 698 745 48 639 503 884 87 766 462 0 780 148 366 322 312 878 193 988 287 727 714 128 636 583 220 506 503 
652 260 445 860 556 635 539 661 130 808 506 425 625 136 501 557 981 254 867 424 853 960 142 682 592 566 71 77 779 927 656 545 330 689 290 686 822 565 4 979 144 611 205 847 328 573 176 208 375 587 996 10 287 761 285 326 973 589 109 293 582 735 780 0 142 658 683 91 849 683 491 900 896 206 518 589 766 976 970 311 
714 930 189 797 660 277 398 350 428 239 180 554 495 812 571 83 630 289 872 803 92 994 453 266 509 69 381 261 871 395 622 571 658 488 763 900 436 323 428 354 481 492 244 380 417 172 313 735 541 46 695 306 550 878 72 159 5 848 81 678 280 917 148 142 0 245 354 853 640 452 197 518 370 872 95 204 55 587 180 572 
661 43 237 643 122 31 849 199 57 697 922 281 771 926 866 734 74 586 262 442 398 617 798 206 378 955 791 227 610 133 672 738 62 903 657 681 683 60 788 491 891 937 947 196 74 810 329 141 886 74 715 580 548 804 492 765 952 20 548 733 912 490 366 658 245 0 695 955 406 613 725 382 914 148 291 810 383 493 561 451 
11 791 195 6 724 722 765 601 979 340 297 604 771 740 394 867 136 187 802 602 957 883 529 629 970 609 117 256 442 168 84 770 1 650 149 982 425 776 788 813 34 277 782 984 67 767 62 561 319 553 341 426 934 818 54 151 929 237 352 457 615 920 322 683 354 695 0 174 190 125 26 611 379 909 917 364 761 675 973 860 
657 730 845 588 940 781 709 441 290 56 851 161 764 698 747 422 884 923 633 663 80 490 873 595 800 147 19 767 514 120 297 147 303 833 440 984 797 572 673 226 763 667 602 117 428 988 932 573 852 737 569 396 884 315 266 297 324 933 279 510 698 32 312 91 853 955 174 0 653 629 11 515 158 629 286 944 983 709 442 166 
291 594 709 355 656 172 20 906 551 295 976 711 161 178 289 789 116 371 802 320 538 135 661 715 221 88 955 414 44 139 80 476 579 483 395 35 16 898 842 670 111 309 276 771 72 539 218 818 786 544 180 522 664 603 921 503 353 668 182 275 621 177 878 849 640 406 190 653 0 962 356 468 984 764 333 788 571 955 817 714 
615 205 395 962 1000 966 401 926 745 268 79 336 715 196 266 636 118 772 426 613 209 668 886 186 434 263 451 511 274 969 766 686 278 556 595 115 637 718 895 496 58 492 895 879 164 89 647 748 448 584 263 937 979 648 941 836 907 553 246 915 32 264 193 683 452 613 125 629 962 0 648 201 582 392 406 371 849 511 674 542 
879 291 533 660 97 595 467 39 819 142 466 921 976 406 443 679 135 43 330 425 2 500 434 85 450 277 756 846 224 24 347 240 142 79 951 940 788 322 655 568 560 420 74 892 886 834 31 519 823 981 321 683 521 337 214 753 907 178 140 600 568 711 988 491 197 725 26 11 356 648 0 102 221 529 460 374 397 106 524 970 
955 244 292 824 96 904 191 240 987 729 380 701 477 217 697 517 633 429 805 89 973 504 979 799 390 85 853 935 903 615 182 873 853 639 217 12 329 649 479 444 941 138 741 183 877 354 661 210 859 994 340 686 781 990 993 845 465 65 558 233 531 445 287 900 518 382 611 515 468 201 102 0 587 598 230 121 837 325 278 392 
862 407 461 217 669 319 255 122 6 622 601 428 262 227 331 882 886 425 279 910 197 179 402 716 841 840 506 173 73 371 780 451 295 272 543 954 321 785 826 475 681 300 886 16 967 59 440 646 333 927 293 293 554 169 802 456 729 69 450 729 6 588 727 896 370 914 379 158 984 582 221 587 0 155 342 319 464 846 294 425 
970 304 647 834 375 748 292 800 203 243 871 69 542 521 982 234 530 117 767 654 794 753 35 57 133 327 369 416 967 470 241 844 805 299 766 490 578 315 141 758 35 809 353 347 816 409 458 535 14 787 565 577 461 882 297 231 153 687 613 868 826 131 714 206 872 148 909 629 764 392 529 598 155 0 450 372 757 552 65 794 
157 21 585 107 5 594 553 509 658 170 903 412 712 283 114 992 790 62 366 9 718 548 402 950 414 940 479 46 24 687 337 509 872 215 37 267 852 374 51 8 284 227 740 308 485 667 97 395 491 644 310 596 746 395 928 475 128 170 890 246 986 545 128 518 95 291 917 286 333 406 460 230 342 450 0 591 688 868 258 133 
805 626 804 322 133 652 125 97 641 301 131 756 993 163 121 171 40 719 714 417 700 526 13 965 876 488 911 186 143 586 853 373 895 752 147 989 827 291 137 159 163 771 508 855 195 767 300 362 325 346 636 617 606 896 393 851 714 571 412 545 265 564 636 589 204 810 364 944 788 371 374 121 319 372 591 0 18 198 836 738 
684 879 445 979 627 429 504 12 381 930 349 312 556 648 561 689 501 379 666 719 193 843 219 279 44 446 815 224 154 748 803 690 953 831 571 131 916 50 447 918 153 966 721 598 153 61 484 65 906 473 797 672 629 380 40 900 882 446 521 843 793 753 583 766 55 383 761 983 571 849 397 837 464 757 688 18 0 458 82 575 
355 766 946 794 602 5 690 603 784 655 250 679 532 833 682 734 305 656 613 10 578 302 350 513 207 560 706 276 285 610 77 41 780 32 807 92 939 723 862 305 609 947 233 858 740 751 718 774 919 266 459 895 330 291 275 57 873 399 962 626 260 536 220 976 587 493 675 709 955 511 106 325 846 552 868 198 458 0 730 945 
591 967 477 284 599 645 402 192 689 623 667 453 924 338 325 493 966 847 503 875 188 63 650 701 432 279 687 452 476 315 642 80 853 305 834 796 909 112 169 925 424 946 705 666 742 525 240 657 202 995 81 199 161 400 806 846 772 175 988 258 3 850 506 970 180 561 973 442 817 674 524 278 294 65 258 836 82 730 0 853 
265 715 707 260 35 204 905 71 878 760 296 84 199 514 579 768 715 578 159 717 541 71 595 488 905 756 493 946 156 523 96 522 63 365 847 141 916 927 232 758 732 842 153 666 65 384 874 409 857 382 327 519 443 520 409 4 380 380 806 537 316 959 503 311 572 451 860 166 714 542 970 392 425 794 133 738 575 945 853 0 
0 900 437 582 5 601 374 926 176 342 505 446 669 283 891 184 93 35 61 617 967 994 101 38 147 584 995 33 340 678 9 799 301 319 158 104 500 922 145 14 13 915 369 252 377 929 711 326 532 338 609 396 459 755 273 739 303 695 723 357 32 970 654 56 139 245 791 65 682 655 622 655 425 840 161 423 549 853 361 301 
900 0 189 327 684 39 960 352 184 362 793 872 27 81 568 478 985 734 137 826 115 522 249 23 429 319 409 848 609 64 68 267 294 144 899 438 77 97 433 651 910 596 340 876 953 625 142 779 428 367 527 520 169 909 709 314 73 850 784 115 176 164 280 809 854 619 455 700 735 289 685 322 661 467 56 798 497 246 365 147 
437 189 0 764 135 594 543 506 809 299 394 77 589 269 516 572 675 109 162 855 97 802 695 906 184 662 799 179 996 489 901 294 787 922 922 808 175 64 13 359 963 866 22 549 634 585 595 609 481 897 421 243 113 778 385 267 309 517 800 935 945 632 210 90 669 538 543 120 90 930 809 924 847 477 876 922 549 547 923 949 
582 327 764 0 291 606 266 195 418 664 411 533 766 120 598 839 805 776 686 702 257 437 224 896 909 453 299 864 773 252 394 884 97 357 45 569 456 634 439 998 668 978 244 391 495 475 843 52 777 121 392 977 928 541 520 405 106 499 488 118 820 489 843 484 904 942 274 703 842 422 278 730 409 611 489 195 802 562 869 801 
5 684 135 291 0 144 281 23 815 564 948 75 55 383 986 625 921 634 593 720 317 836 523 722 540 432 469 528 678 787 267 251 326 32 13 776 115 647 233 11 520 950 278 192 964 937 97 217 211 687 899 488 613 852 657 419 55 999 32 680 742 523 631 656 64 291 404 652 649 234 940 267 751 169 24 689 881 214 326 257 
601 39 594 606 144 0 57 541 107 105 79 238 784 7 367 473 270 174 495 554 530 897 182 45 720 433 133 825 145 865 647 811 774 230 459 71 602 674 775 267 67 97 292 793 1000 982 826 123 616 580 225 842 496 837 92 775 702 765 78 734 200 63 374 266 359 334 740 527 412 269 807 320 164 319 470 289 480 597 972 83 
374 960 543 266 281 57 0 395 760 619 421 825 470 768 770 678 801 226 211 331 899 555 260 76 893 542 89 528 15 604 225 281 106 675 895 712 601 848 228 383 488 110 627 981 699 245 258 118 976 536 864 788 980 376 546 137 8 406 217 368 505 42 184 499 744 950 729 743 696 900 21 777 758 596 904 561 155 606 35 194 
926 352 506 195 23 541 395 0 489 559 206 852 989 289 818 389 972 651 143 655 377 151 553 722 367 888 458 106 916 193 502 773 386 513 537 704 724 426 535 322 424 894 758 617 731 802 596 923 421 392 812 641 838 879 521 447 829 859 65 359 302 680 172 952 934 555 613 800 802 890 601 104 108 615 657 219 161 994 17 996 
176 184 809 418 815 107 760 489 0 971 283 471 576 717 670 66 52 640 534 17 974 807 876 782 218 213 650 52 788 480 376 897 909 663 271 912 193 158 604 926 728 649 942 914 699 115 424 499 76 991 702 822 492 361 53 41 178 844 844 536 488 39 267 90 522 821 900 89 97 686 527 521 804 58 243 138 353 859 377 42 
342 362 299 664 564 105 619 559 971 0 783 36 305 270 157 272 496 988 476 975 402 991 164 938 504 835 977 139 611 233 411 304 456 977 380 86 689 594 718 429 475 939 757 206 362 30 113 458 723 733 609 940 911 245 40 34 612 118 861 143 62 509 689 793 375 7 251 82 26 478 587 209 520 2 181 794 983 847 119 164 
505 793 394 411 948 79 421 206 283 783 0 824 86 315 510 904 307 798 510 332 106 434 644 861 359 602 599 563 399 841 108 455 944 922 185 962 398 954 715 708 871 845 849 525 435 791 915 467 477 831 571 316 374 859 393 957 479 659 126 4 964 881 554 512 204 957 926 847 876 967 930 559 98 325 524 852 815 314 260 583 
446 872 77 533 75 238 825 852 471 36 824 0 458 906 306 605 789 205 661 699 73 240 663 607 532 776 189 705 554 13 565 333 573 33 595 139 353 821 367 513 20 276 177 675 114 94 137 495 339 190 385 885 16 219 651 447 197 963 512 294 866 242 827 747 573 391 451 50 247 624 227 650 229 859 594 823 360 866 591 791 
669 27 589 766 55 784 470 989 576 305 86 458 0 41 810 124 637 181 910 196 726 563 301 762 110 202 690 806 596 350 741 876 531 407 155 183 824 166 631 290 255 300 623 357 139 343 919 428 338 992 34 352 987 3 51 630 488 530 736 662 24 786 537 814 240 76 121 835 765 396 336 929 75 635 124 345 541 595 968 295 
283 81 269 120 383 7 768 289 717 270 315 906 41 0 55 306 772 616 325 739 863 866 597 586 707 217 874 27 778 84 501 704 291 661 645 543 92 921 326 472 25 447 888 507 985 681 762 131 583 78 946 686 405 598 785 426 91 425 707 67 385 463 811 310 967 726 434 178 792 688 380 753 704 749 660 947 396 518 692 281 
891 568 516 598 986 367 770 818 670 157 510 306 810 55 0 820 972 67 882 227 497 772 325 130 452 836 294 6 66 954 67 706 899 476 638 401 571 154 313 152 427 146 225 562 214 522 849 561 720 182 749 724 456 83 153 135 66 680 64 268 193 307 874 512 737 479 653 134 220 674 2 462 411 63 37 50 821 879 843 66 
184 478 572 839 625 473 678 389 66 272 904 605 124 306 820 0 731 788 623 982 370 105 40 634 638 433 252 543 17 503 133 190 449 891 494 866 255 529 290 570 532 75 647 932 596 155 638 865 255 626 175 986 220 430 662 372 813 845 994 358 412 769 839 392 12 394 297 804 932 867 607 77 757 214 210 133 399 983 998 333 
93 985 675 805 921 270 801 972 52 496 307 789 637 772 972 731 0 357 605 999 561 677 568 935 742 127 447 580 892 517 625 409 426 198 340 190 561 192 474 915 903 514 442 434 307 112 376 406 708 367 826 649 952 972 580 607 766 849 161 303 816 857 934 216 727 191 421 165 334 717 506 120 954 428 630 663 870 975 832 578 
35 734 109 776 634 174 226 651 640 988 798 205 181 616 67 788 357 0 262 736 249 651 986 561 585 57 290 549 599 306 550 712 205 600 29 535 357 894 159 74 138 331 451 371 451 188 215 178 45 773 83 702 604 45 14 265 316 443 934 58 15 134 723 526 793 471 886 537 122 951 339 662 377 1 569 252 269 868 654 80 
61 137 162 686 593 495 211 143 534 476 510 661 910 325 882 623 605 262 0 740 466 667 65 973 297 926 583 611 824 924 138 392 867 900 404 793 141 748 54 909 752 207 700 683 735 662 263 411 778 832 247 248 497 537 736 565 10 767 951 779 464 135 148 185 367 141 353 357 437 660 624 245 398 86 348 616 317 858 921 401 
617 826 855 702 720 554 331 655 17 975 332 699 196 739 227 982 999 736 740 0 200 430 689 266 93 750 733 408 429 444 124 169 429 868 612 237 28 110 517 967 424 757 229 911 990 614 605 116 278 937 503 187 697 788 287 408 3 778 875 976 47 73 407 437 727 537 892 54 706 921 334 789 56 976 262 225 453 912 862 222 
967 115 97 257 317 530 899 377 974 402 106 73 726 863 497 370 561 249 466 200 0 965 118 503 972 827 41 424 40 90 194 778 457 711 496 465 153 429 11 669 767 411 402 202 995 659 760 353 857 117 306 894 345 475 802 860 91 953 827 802 498 878 98 577 965 106 166 838 803 86 206 948 600 457 616 704 21 339 458 432 
994 522 802 437 836 897 555 151 807 991 434 240 563 866 772 105 677 651 667 430 965 0 625 749 226 541 661 941 607 325 342 648 413 247 405 30 429 725 149 561 496 840 277 999 625 166 103 779 383 744 470 785 852 3 318 987 561 341 402 939 412 477 696 239 188 162 391 571 187 253 186 264 712 353 551 446 237 817 332 866 
101 249 695 224 523 182 260 553 876 164 644 663 301 597 325 40 568 986 65 689 118 625 0 790 747 371 759 18 833 918 344 350 141 265 208 625 288 593 452 407 796 629 92 573 933 726 769 928 440 874 248 865 137 172 333 403 560 907 774 740 148 684 293 373 546 22 918 476 812 303 743 731 628 994 190 356 846 396 999 651 
38 23 906 896 722 45 76 722 782 938 861 607 762 586 130 634 935 561 973 266 503 749 790 0 236 347 59 12 31 696 586 711 234 818 735 550 865 671 238 443 24 726 87 41 623 869 73 325 823 340 851 742 533 912 377 161 620 142 914 92 790 252 938 433 276 534 227 433 508 592 798 151 15 789 28 870 574 373 137 95 
147 429 184 909 540 720 893 367 218 504 359 532 110 707 452 638 742 585 297 93 972 226 747 236 0 181 581 864 67 424 256 835 335 709 286 857 576 825 688 438 840 432 783 273 878 513 537 783 868 230 455 579 840 73 474 732 190 90 727 122 644 110 265 149 227 303 356 150 261 603 39 725 643 936 867 733 61 182 248 494 
584 319 662 453 432 433 542 888 213 835 602 776 202 217 836 433 127 57 926 750 827 541 371 347 181 0 815 191 184 378 926 983 353 934 232 491 319 334 364 419 428 447 262 884 659 342 886 874 781 737 445 723 101 191 186 785 203 30 550 411 756 372 680 738 890 460 95 963 905 749 720 624 888 936 248 825 163 626 503 865 
995 409 799 299 469 133 89 458 650 977 599 189 690 874 294 252 447 290 583 733 41 661 759 59 581 815 0 989 412 10 1000 577 88 745 630 406 982 624 265 265 635 97 821 867 171 224 177 751 786 156 748 847 662 646 429 139 966 515 539 430 846 671 846 601 409 134 983 151 407 735 831 606 144 102 345 191 301 994 899 774 
33 848 179 864 528 825 528 106 52 139 563 705 806 27 6 543 580 549 611 408 424 941 18 12 864 191 989 0 887 649 958 108 986 712 572 664 897 793 316 792 29 214 78 926 890 289 15 549 956 286 915 255 52 356 305 501 642 276 473 528 711 683 594 125 339 629 487 895 345 213 273 176 385 461 380 349 532 281 384 850 
340 609 996 773 678 145 15 916 788 611 399 554 596 778 66 17 892 599 824 429 40 607 833 31 67 184 412 887 0 230 798 561 301 161 876 195 996 164 131 79 17 517 39 605 547 636 719 559 790 911 25 451 32 55 627 671 349 539 175 23 337 187 119 662 976 155 152 102 302 893 709 501 160 181 795 107 583 134 680 947 
678 64 489 252 787 865 604 193 480 233 841 13 350 84 954 503 517 306 924 444 90 325 918 696 424 378 10 649 230 0 42 414 939 115 218 642 341 545 132 533 955 424 14 115 240 794 436 217 255 106 511 902 852 903 844 997 468 58 292 466 326 790 809 837 281 241 230 471 654 746 87 995 606 662 450 342 613 385 660 57 
9 68 901 394 267 647 225 502 376 411 108 565 741 501 67 133 625 550 138 124 194 342 344 586 256 926 1000 958 798 42 0 814 836 50 968 368 845 507 133 504 526 732 311 248 565 33 422 991 853 171 390 599 67 947 316 184 171 164 883 597 960 276 180 323 680 319 492 2 642 327 466 573 675 19 270 822 488 71 285 891 
799 267 294 884 251 811 281 773 897 304 455 333 876 704 706 190 409 712 392 169 778 648 350 711 835 983 577 108 561 414 814 0 160 882 136 852 359 462 176 279 850 247 618 521 202 587 80 379 705 502 75 551 359 210 321 302 240 45 258 762 554 132 925 236 544 58 758 477 27 658 232 173 212 193 258 897 583 840 561 408 
301 294 787 97 326 774 106 386 909 456 944 573 531 291 899 449 426 205 867 429 457 413 141 234 335 353 88 986 301 939 836 160 0 75 187 683 369 872 637 894 615 425 643 291 638 945 717 909 542 3 897 280 796 830 730 481 212 936 353 108 734 687 79 442 545 529 368 485 160 725 294 319 788 902 738 415 368 250 899 696 
319 144 922 357 32 230 675 513 663 977 922 33 407 661 476 891 198 600 900 868 711 247 265 818 709 934 745 712 161 115 50 882 75 0 863 69 745 284 769 778 925 218 226 126 823 644 886 597 918 921 298 659 647 614 931 652 901 855 445 976 242 395 109 190 746 510 153 586 229 253 906 746 277 803 424 424 666 333 378 931 
158 899 922 45 13 459 895 537 271 380 185 595 155 645 638 494 340 29 404 612 496 405 208 735 286 232 630 572 876 218 968 136 187 863 0 346 833 250 401 748 441 409 791 610 887 424 868 298 180 830 913 20 270 65 453 194 848 984 758 518 353 598 131 380 702 88 210 800 79 953 372 103 579 507 332 949 252 160 487 58 
104 438 808 569 776 71 712 704 912 86 962 139 183 543 401 866 190 535 793 237 465 30 625 550 857 491 406 664 195 642 368 852 683 69 346 0 840 196 398 465 740 243 138 215 755 897 39 980 176 895 563 680 273 814 722 687 59 402 682 735 638 721 405 531 700 154 527 441 911 694 615 960 950 808 496 132 574 354 714 830 
500 77 175 456 115 602 601 724 193 689 398 353 824 92 571 255 561 357 141 28 153 429 288 865 576 319 982 897 996 341 845 359 369 745 833 840 0 503 163 906 73 13 444 522 253 695 60 49 365 959 585 879 996 538 948 302 691 559 682 879 406 931 320 34 733 282 882 867 971 709 371 101 224 809 978 921 577 124 777 909 
922 97 64 634 647 674 848 426 158 594 954 821 166 921 154 529 192 894 748 110 429 725 593 671 825 334 624 793 164 545 507 462 872 284 250 196 503 0 279 62 957 468 509 385 544 726 751 896 165 333 718 552 485 273 991 454 338 751 7 891 583 554 430 600 885 249 545 604 67 757 481 88 422 454 943 661 835 23 649 631 
145 433 13 439 233 775 228 535 604 718 715 367 631 326 313 290 474 159 54 517 11 149 452 238 688 364 265 316 131 132 133 176 637 769 401 398 163 279 0 193 516 342 719 887 579 722 602 380 978 665 201 31 735 451 790 950 323 359 69 473 47 281 662 704 304 47 602 707 551 774 100 916 690 906 536 126 842 183 124 431 
14 651 359 998 11 267 383 322 926 429 708 513 290 472 152 570 915 74 909 967 669 561 407 443 438 419 265 792 79 533 504 279 894 778 748 465 906 62 193 0 399 526 565 372 493 878 579 515 208 974 743 157 320 861 896 16 132 199 231 437 939 422 485 947 546 434 933 578 483 425 83 562 736 736 697 70 401 153 361 632 
13 910 963 668 520 67 488 424 728 475 871 20 255 25 427 532 903 138 752 424 767 496 796 24 840 428 635 29 17 955 526 850 615 925 441 740 73 957 516 399 0 292 1000 854 51 646 186 408 2 13 347 181 539 582 480 769 367 922 529 476 847 486 359 781 275 696 497 24 500 189 758 89 117 36 744 804 404 238 854 750 
915 596 866 978 950 97 110 894 649 939 845 276 300 447 146 75 514 331 207 757 411 840 629 726 432 447 97 214 517 424 732 247 425 218 409 243 13 468 342 526 292 0 984 806 805 344 599 976 670 69 97 573 971 912 495 550 184 190 900 171 333 256 459 749 276 147 881 476 815 6 906 934 92 622 777 385 823 40 434 166 
369 340 22 244 278 292 627 758 942 757 849 177 623 888 225 647 442 451 700 229 402 277 92 87 783 262 821 78 39 14 311 618 643 226 791 138 444 509 719 565 1000 984 0 773 307 160 912 675 754 664 579 255 157 815 101 244 930 606 340 244 1000 491 909 584 110 868 202 140 188 146 213 432 726 821 322 819 290 748 218 96 
252 876 549 391 192 793 981 617 914 206 525 675 357 507 562 932 434 371 683 911 202 999 573 41 273 884 867 926 605 115 248 521 291 126 610 215 522 385 887 372 854 806 773 0 505 541 997 902 119 255 310 490 536 577 10 217 255 102 149 485 78 774 917 504 217 548 814 462 824 594 413 91 789 635 564 169 983 82 492 774 
377 953 634 495 964 1000 699 731 699 362 435 114 139 985 214 596 307 451 735 990 995 625 933 623 878 659 171 890 547 240 565 202 638 823 887 755 253 544 579 493 51 805 307 505 0 848 750 931 507 215 30 470 296 981 90 626 170 693 403 967 852 147 600 973 309 981 4 488 459 643 184 324 767 240 752 778 382 965 789 83 
929 625 585 475 937 982 245 802 115 30 791 94 343 681 522 155 112 188 662 614 659 166 726 869 513 342 224 289 636 794 33 587 945 644 424 897 695 726 722 878 646 344 160 541 848 0 850 709 689 250 24 1 933 732 162 145 972 699 71 365 848 193 325 401 223 716 304 72 580 879 159 300 177 55 940 585 470 466 535 379 
711 142 595 843 97 826 258 596 424 113 915 137 919 762 849 638 376 215 263 605 760 103 769 73 537 886 177 15 719 436 422 80 717 886 868 39 60 751 602 579 186 599 912 997 750 850 0 904 305 209 561 341 816 790 160 349 486 142 194 730 476 165 90 608 62 669 395 462 108 7 985 957 410 488 292 176 296 338 312 310 
326 779 609 52 217 123 118 923 499 458 467 495 428 131 561 865 406 178 411 116 353 779 928 325 783 874 751 549 559 217 991 379 909 597 298 980 49 896 380 515 408 976 675 902 931 709 904 0 827 755 750 419 595 702 743 163 57 522 352 723 109 520 106 174 197 790 713 521 615 54 42 970 494 880 305 915 540 497 318 103 
532 428 481 777 211 616 976 421 76 723 477 339 338 583 720 255 708 45 778 278 857 383 440 823 868 781 786 956 790 255 853 705 542 918 180 176 365 165 978 208 2 670 754 119 507 689 305 827 0 394 660 814 186 183 121 791 907 176 901 565 450 1 892 668 180 147 578 869 40 472 415 346 962 981 319 408 813 632 453 901 
338 367 897 121 687 580 536 392 991 733 831 190 992 78 182 626 367 773 832 937 117 744 874 340 230 737 156 286 911 106 171 502 3 921 830 895 959 333 665 974 13 69 664 255 215 250 209 755 394 0 880 795 667 73 253 497 260 747 182 272 394 152 240 374 470 25 230 459 190 697 169 516 947 580 822 695 586 643 588 509 
609 527 421 392 899 225 864 812 702 609 571 385 34 946 749 175 826 83 247 503 306 470 248 851 455 445 748 915 25 511 390 75 897 298 913 563 585 718 201 743 347 97 579 310 30 24 561 750 660 880 0 432 411 209 635 479 688 172 51 876 195 180 303 216 66 511 294 31 8 254 80 76 411 367 645 218 134 408 800 620 
396 520 243 977 488 842 788 641 822 940 316 885 352 686 724 986 649 702 248 187 894 785 865 742 579 723 847 255 451 902 599 551 280 659 20 680 879 552 31 157 181 573 255 490 470 1 341 419 814 795 432 0 538 925 102 315 859 150 320 969 101 311 468 79 768 957 107 225 252 171 500 286 877 605 508 238 179 39 719 101 
459 169 113 928 613 496 980 838 492 911 374 16 987 405 456 220 952 604 497 697 345 852 137 533 840 101 662 52 32 852 67 359 796 647 270 273 996 485 735 320 539 971 157 536 296 933 816 595 186 667 411 538 0 723 599 442 580 89 501 814 827 783 671 188 16 306 529 871 729 356 795 802 351 502 503 135 325 350 257 640 
755 909 778 541 852 837 376 879 361 245 859 219 3 598 83 430 972 45 537 788 475 3 172 912 73 191 646 356 55 903 947 210 830 614 65 814 538 273 451 861 582 912 815 577 981 732 790 702 183 73 209 925 723 0 810 101 514 617 796 480 553 282 882 658 611 28 841 256 464 297 372 692 611 989 752 319 648 872 503 134 
273 709 385 520 657 92 546 521 53 40 393 651 51 785 153 662 580 14 736 287 802 318 333 377 474 186 429 305 627 844 316 321 730 931 453 722 948 991 790 896 480 495 101 10 90 162 160 743 121 253 635 102 599 810 0 742 999 889 429 828 388 603 550 563 609 103 711 518 934 996 833 88 117 871 440 169 281 143 685 650 
739 314 267 405 419 775 137 447 41 34 957 447 630 426 135 372 607 265 565 408 860 987 403 161 732 785 139 501 671 997 184 302 481 652 194 687 302 454 950 16 769 550 244 217 626 145 349 163 791 497 479 315 442 101 742 0 695 655 299 225 119 34 762 516 607 946 187 899 949 490 934 993 233 533 709 308 611 369 571 345 
303 73 309 106 55 702 8 829 178 612 479 197 488 91 66 813 766 316 10 3 91 561 560 620 190 203 966 642 349 468 171 240 212 901 848 59 691 338 323 132 367 184 930 255 170 972 486 57 907 260 688 859 580 514 999 695 0 533 521 457 695 397 381 839 700 256 986 6 174 972 584 250 732 93 124 51 462 866 651 325 
695 850 517 499 999 765 406 859 844 118 659 963 530 425 680 845 849 443 767 778 953 341 907 142 90 30 515 276 539 58 164 45 936 855 984 402 559 751 359 199 922 190 606 102 693 699 142 522 176 747 172 150 89 617 889 655 533 0 44 595 25 251 498 195 748 413 860 143 907 463 722 631 848 787 267 160 517 236 129 733 
723 784 800 488 32 78 217 65 844 861 126 512 736 707 64 994 161 934 951 875 827 402 774 914 727 550 539 473 175 292 883 258 353 445 758 682 682 7 69 231 529 900 340 149 403 71 194 352 901 182 51 320 501 796 429 299 521 44 0 884 682 772 431 953 96 659 388 809 741 389 449 844 374 402 748 160 772 610 334 874 
357 115 935 118 680 734 368 359 536 143 4 294 662 67 268 358 303 58 779 976 802 939 740 92 122 411 430 528 23 466 597 762 108 976 518 735 879 891 473 437 476 171 244 485 967 365 730 723 565 272 876 969 814 480 828 225 457 595 884 0 665 2 716 597 177 196 682 153 329 192 473 490 78 837 405 877 16 293 847 45 
32 176 945 820 742 200 505 302 488 62 964 866 24 385 193 412 816 15 464 47 498 412 148 790 644 756 846 711 337 326 960 554 734 242 353 638 406 583 47 939 847 333 1000 78 852 848 476 109 450 394 195 101 827 553 388 119 695 25 682 665 0 434 779 827 762 871 891 806 803 220 890 862 997 22 331 16 463 428 496 526 
970 164 632 489 523 63 42 680 39 509 881 242 786 463 307 769 857 134 135 73 878 477 684 252 110 372 671 683 187 790 276 132 687 395 598 721 931 554 281 422 486 256 491 774 147 193 165 520 1 152 180 311 783 282 603 34 397 251 772 2 434 0 88 773 257 438 778 246 560 396 701 249 481 169 97 307 342 490 67 580 
654 280 210 843 631 374 184 172 267 689 554 827 537 811 874 839 934 723 148 407 98 696 293 938 265 680 846 594 119 809 180 925 79 109 131 405 320 430 662 485 359 459 909 917 600 325 90 106 892 240 303 468 671 882 550 762 381 498 431 716 779 88 0 338 406 427 601 961 956 939 795 253 239 252 666 123 116 80 680 774 
56 809 90 484 656 266 499 952 90 793 512 747 814 310 512 392 216 526 185 437 577 239 373 433 149 738 601 125 662 837 323 236 442 190 380 531 34 600 704 947 781 749 584 504 973 401 608 174 668 374 216 79 188 658 563 516 839 195 953 597 827 773 338 0 731 361 163 478 499 486 654 305 299 131 131 772 831 4 888 547 
139 854 669 904 64 359 744 934 522 375 204 573 240 967 737 12 727 793 367 727 965 188 546 276 227 890 409 339 976 281 680 544 545 746 702 700 733 885 304 546 275 276 110 217 309 223 62 197 180 470 66 768 16 611 609 607 700 748 96 177 762 257 406 731 0 372 793 780 564 562 308 995 179 825 998 315 216 672 772 910 
245 619 538 942 291 334 950 555 821 7 957 391 76 726 479 394 191 471 141 537 106 162 22 534 303 460 134 629 155 241 319 58 529 510 88 154 282 249 47 434 696 147 868 548 981 716 669 790 147 25 511 957 306 28 103 946 256 413 659 196 871 438 427 361 372 0 203 625 74 819 481 400 825 728 155 150 301 993 663 210 
791 455 543 274 404 740 729 613 900 251 926 451 121 434 653 297 421 886 353 892 166 391 918 227 356 95 983 487 152 230 492 758 368 153 210 527 882 545 602 933 497 881 202 814 4 304 395 713 578 230 294 107 529 841 711 187 986 860 388 682 891 778 601 163 793 203 0 298 831 371 776 111 185 421 346 618 631 596 358 321 
65 700 120 703 652 527 743 800 89 82 847 50 835 178 134 804 165 537 357 54 838 571 476 433 150 963 151 895 102 471 2 477 485 586 800 441 867 604 707 578 24 476 140 462 488 72 462 521 869 459 31 225 871 256 518 899 6 143 809 153 806 246 961 478 780 625 298 0 808 501 932 424 949 189 787 3 831 674 206 114 
682 735 90 842 649 412 696 802 97 26 876 247 765 792 220 932 334 122 437 706 803 187 812 508 261 905 407 345 302 654 642 27 160 229 79 911 971 67 551 483 500 815 188 824 459 580 108 615 40 190 8 252 729 464 934 949 174 907 741 329 803 560 956 499 564 74 831 808 0 363 1000 732 261 365 170 44 131 354 256 34 
655 289 930 422 234 269 900 890 686 478 967 624 396 688 674 867 717 951 660 921 86 253 303 592 603 749 735 213 893 746 327 658 725 253 953 694 709 757 774 425 189 6 146 594 643 879 7 54 472 697 254 171 356 297 996 490 972 463 389 192 220 396 939 486 562 819 371 501 363 0 792 684 545 694 701 911 782 543 942 493 
622 685 809 278 940 807 21 601 527 587 930 227 336 380 2 607 506 339 624 334 206 186 743 798 39 720 831 273 709 87 466 232 294 906 372 615 371 481 100 83 758 906 213 413 184 159 985 42 415 169 80 500 795 372 833 934 584 722 449 473 890 701 795 654 308 481 776 932 1000 792 0 300 176 595 337 960 558 776 785 16 
655 322 924 730 267 320 777 104 521 209 559 650 929 753 462 77 120 662 245 789 948 264 731 151 725 624 606 176 501 995 573 173 319 746 103 960 101 88 916 562 89 934 432 91 324 300 957 970 346 516 76 286 802 692 88 993 250 631 844 490 862 249 253 305 995 400 111 424 732 684 300 0 877 299 447 474 665 433 60 423 
425 661 847 409 751 164 758 108 804 520 98 229 75 704 411 757 954 377 398 56 600 712 628 15 643 888 144 385 160 606 675 212 788 277 579 950 224 422 690 736 117 92 726 789 767 177 410 494 962 947 411 877 351 611 117 233 732 848 374 78 997 481 239 299 179 825 185 949 261 545 176 877 0 674 314 375 173 159 559 380 
840 467 477 611 169 319 596 615 58 2 325 859 635 749 63 214 428 1 86 976 457 353 994 789 936 936 102 461 181 662 19 193 902 803 507 808 809 454 906 736 36 622 821 635 240 55 488 880 981 580 367 605 502 989 871 533 93 787 402 837 22 169 252 131 825 728 421 189 365 694 595 299 674 0 306 426 341 993 887 727 
161 56 876 489 24 470 904 657 243 181 524 594 124 660 37 210 630 569 348 262 616 551 190 28 867 248 345 380 795 450 270 258 738 424 332 496 978 943 536 697 744 777 322 564 752 940 292 305 319 822 645 508 503 752 440 709 124 267 748 405 331 97 666 131 998 155 346 787 170 701 337 447 314 306 0 753 649 506 767 995 
423 798 922 195 689 289 561 219 138 794 852 823 345 947 50 133 663 252 616 225 704 446 356 870 733 825 191 349 107 342 822 897 415 424 949 132 921 661 126 70 804 385 819 169 778 585 176 915 408 695 218 238 135 319 169 308 51 160 160 877 16 307 123 772 315 150 618 3 44 911 960 474 375 426 753 0 638 747 712 669 
549 497 549 802 881 480 155 161 353 983 815 360 541 396 821 399 870 269 317 453 21 237 846 574 61 163 301 532 583 613 488 583 368 666 252 574 577 835 842 401 404 823 290 983 382 470 296 540 813 586 134 179 325 648 281 611 462 517 772 16 463 342 116 831 216 301 631 831 131 782 558 665 173 341 649 638 0 383 427 976 
853 246 547 562 214 597 606 994 859 847 314 866 595 518 879 983 975 868 858 912 339 817 396 373 182 626 994 281 134 385 71 840 250 333 160 354 124 23 183 153 238 40 748 82 965 466 338 497 632 643 408 39 350 872 143 369 866 236 610 293 428 490 80 4 672 993 596 674 354 543 776 433 159 993 506 747 383 0 389 66 
361 365 923 869 326 972 35 17 377 119 260 591 968 692 843 998 832 654 921 862 458 332 999 137 248 503 899 384 680 660 285 561 899 378 487 714 777 649 124 361 854 434 218 492 789 535 312 318 453 588 800 719 257 503 685 571 651 129 334 847 496 67 680 888 772 663 358 206 256 942 785 60 559 887 767 712 427 389 0 369 
301 147 949 801 257 83 194 996 42 164 583 791 295 281 66 333 578 80 401 222 432 866 651 95 494 865 774 850 947 57 891 408 696 931 58 830 909 631 431 632 750 166 96 774 83 379 310 103 901 509 620 101 640 134 650 345 325 733 874 45 526 580 774 547 910 210 321 114 34 493 16 423 380 727 995 669 976 66 369 0 
0 258 451 849 861 365 470 144 943 922 690 977 451 533 39 664 884 955 742 627 316 314 90 133 253 549 10 831 800 628 667 421 370 404 488 913 668 128 93 984 531 861 147 292 832 608 389 955 829 767 267 545 304 469 995 766 241 471 712 893 551 244 744 801 515 870 496 806 522 632 826 599 517 506 488 387 281 320 294 526 
258 0 918 400 606 726 273 75 12 258 92 104 822 826 751 518 81 293 262 224 833 237 260 876 397 229 283 129 814 913 810 107 853 567 97 465 383 637 399 373 176 67 796 373 290 616 846 547 566 832 425 333 594 417 579 808 964 234 221 187 997 808 807 416 598 281 467 424 605 800 520 123 424 718 469 152 239 921 955 740 
451 918 0 285 255 634 266 576 405 778 565 797 103 632 643 979 480 228 943 497 803 513 127 245 852 381 374 478 25 77 383 977 29 80 244 549 333 752 833 742 144 692 999 713 42 636 397 313 835 107 90 22 874 138 720 467 865 638 126 277 246 699 514 608 995 924 830 467 851 536 160 595 445 648 251 284 167 465 398 41 
849 400 285 0 211 294 631 433 535 598 279 314 92 865 470 665 210 450 322 705 467 95 705 486 224 543 733 641 669 983 116 382 497 593 940 557 201 93 730 192 95 290 352 733 318 220 585 606 277 469 424 733 459 88 450 463 726 160 607 451 582 859 681 779 54 77 853 276 57 376 329 503 513 198 836 427 500 461 166 883 
861 606 255 211 0 595 434 821 22 468 485 704 880 513 46 86 23 780 89 346 909 580 418 229 643 69 724 992 205 92 447 540 754 380 930 76 492 425 821 782 204 51 852 344 220 47 769 16 791 894 35 851 385 26 764 719 990 809 786 119 230 583 424 536 817 504 256 911 642 381 57 857 359 978 926 438 435 398 833 907 
365 726 634 294 595 0 987 881 47 672 516 372 353 677 666 535 276 884 375 359 266 711 870 993 62 825 806 295 920 842 661 56 485 830 833 327 382 30 210 739 703 934 596 659 412 429 440 772 576 469 849 183 218 274 979 12 181 309 981 844 759 822 98 724 433 557 871 290 397 393 481 855 758 580 643 928 557 64 12 912 
470 273 266 631 434 987 0 878 9 168 536 31 637 259 39 255 404 961 786 515 516 415 914 322 246 784 332 418 605 50 892 957 363 392 246 359 173 284 535 715 885 961 442 367 501 724 251 581 158 266 685 29 665 782 202 245 411 927 974 438 172 817 693 529 268 407 549 331 593 170 633 531 279 72 650 442 438 163 526 575 
144 75 576 433 821 881 878 0 109 447 55 246 327 393 248 454 24 545 649 555 776 741 414 432 119 342 931 522 371 769 425 278 918 840 281 307 510 528 233 653 664 64 208 119 442 611 507 126 999 437 693 919 269 301 370 847 90 850 675 681 829 852 517 84 97 55 88 529 479 189 103 865 701 365 547 989 554 501 592 205 
943 12 405 535 22 47 9 109 0 280 244 931 308 260 146 605 747 524 740 374 157 803 413 653 834 672 389 702 138 801 640 50 480 352 496 455 805 413 647 28 418 463 742 149 276 148 392 253 741 168 795 108 608 268 966 730 779 95 533 516 506 772 597 777 129 83 259 230 949 145 971 889 188 979 559 611 573 129 859 665 
922 258 778 598 468 672 168 447 280 0 550 998 780 236 549 618 294 9 819 5 761 502 931 225 942 404 53 835 367 731 593 639 203 58 159 906 474 865 306 715 907 269 173 858 798 992 691 108 26 511 861 242 71 991 621 856 695 904 438 806 671 286 451 580 952 809 581 628 718 511 372 497 900 859 955 106 81 22 734 817 
690 92 565 279 485 516 536 55 244 550 0 373 770 756 470 243 888 479 375 751 829 529 413 371 511 53 332 151 546 770 782 793 100 390 935 269 931 792 215 737 697 565 227 131 176 356 155 90 36 290 680 916 846 623 621 204 487 246 862 854 64 346 3 429 529 104 250 699 22 184 113 323 478 500 651 101 516 605 447 367 
977 104 797 314 704 372 31 246 931 998 373 0 893 24 700 469 542 868 453 671 700 656 267 764 227 299 126 456 408 716 447 683 246 431 512 218 958 109 869 219 712 581 420 601 616 761 760 648 833 654 587 662 705 869 727 443 353 32 206 841 55 608 140 169 527 736 694 580 788 310 552 552 795 132 743 178 691 190 867 11 
451 822 103 92 880 353 637 327 308 780 770 893 0 116 4 453 61 967 321 387 360 490 804 182 870 531 746 377 301 780 549 826 170 363 429 711 426 660 809 511 688 834 258 599 281 107 439 634 518 132 884 912 235 797 984 130 648 157 221 167 951 244 861 595 798 678 466 800 530 450 877 171 546 996 690 534 915 462 129 526 
533 826 632 865 513 677 259 393 260 236 756 24 116 0 982 178 411 265 728 472 268 429 467 25 925 512 541 913 358 549 239 449 510 457 615 741 992 77 310 356 994 370 320 348 15 421 6 741 215 280 321 187 355 475 705 218 498 590 737 18 875 484 215 833 76 550 672 705 977 595 532 505 1 804 601 443 8 794 272 921 
39 751 643 470 46 666 39 248 146 549 470 700 4 982 0 515 139 704 75 943 624 271 268 692 351 699 598 663 605 37 737 220 194 630 261 713 766 717 578 988 196 635 695 587 663 424 352 772 559 648 221 265 538 957 596 658 550 556 804 491 831 288 329 572 706 523 427 894 961 688 843 566 281 929 757 795 161 562 518 458 
664 518 979 665 86 535 255 454 605 618 243 469 453 178 515 0 105 305 206 81 787 918 856 529 577 545 661 238 175 616 581 184 298 460 298 349 675 556 716 194 416 605 558 346 498 473 323 138 920 34 634 252 776 377 348 810 293 536 138 337 435 734 348 508 925 619 880 343 131 692 189 789 888 956 886 950 543 484 171 480 
884 81 480 210 23 276 404 24 747 294 888 542 61 411 139 105 0 168 547 682 874 8 448 74 215 391 978 396 117 506 368 667 773 605 916 938 608 784 342 264 400 730 556 942 142 782 789 955 403 167 566 620 278 475 141 641 187 448 602 967 353 715 411 960 139 611 530 563 989 514 987 517 149 881 380 254 104 90 535 137 
955 293 228 450 780 884 961 545 524 9 479 868 967 265 704 305 168 0 133 185 353 456 564 360 322 962 984 204 2 467 405 589 661 265 833 421 798 893 712 874 873 357 409 114 675 970 543 602 43 418 893 415 238 585 818 263 926 506 593 554 886 697 102 370 293 692 512 584 699 212 351 260 239 702 497 934 638 19 277 635 
742 262 943 322 89 375 786 649 740 819 375 453 321 728 75 206 547 133 0 353 581 496 466 696 604 157 93 404 664 232 471 148 243 113 832 413 760 218 849 301 377 447 641 420 600 160 496 704 46 309 264 508 551 223 34 617 783 150 97 134 435 141 294 745 867 980 212 647 563 230 49 745 602 833 744 572 857 220 151 796 
627 224 497 705 346 359 515 555 374 5 751 671 387 472 943 81 682 185 353 0 619 226 341 526 872 396 261 975 329 532 125 614 489 365 105 901 462 750 591 49 968 749 854 626 406 858 784 769 917 722 668 843 661 102 421 328 895 113 42 9 618 674 948 992 548 404 70 555 199 178 679 581 985 223 624 523 316 40 30 694 
316 833 803 467 909 266 516 776 157 761 829 700 360 268 624 787 874 353 581 619 0 141 892 699 369 111 744 313 955 686 969 496 831 318 101 549 329 625 695 720 183 156 547 129 652 132 425 777 318 685 614 602 948 943 646 84 780 15 693 828 752 192 855 230 153 548 302 8 279 398 744 799 326 785 371 67 568 285 211 453 
314 237 513 95 580 711 415 741 803 502 529 656 490 429 271 918 8 456 496 226 141 0 45 160 636 57 181 620 712 499 776 861 540 758 255 374 444 280 759 768 174 29 683 592 333 860 873 224 713 700 820 366 298 879 843 178 778 235 806 155 752 275 524 360 630 865 666 944 730 689 559 594 142 674 449 353 852 261 777 739 
90 260 127 705 418 870 914 414 413 931 413 267 804 467 268 856 448 564 466 341 892 45 0 275 632 600 349 759 96 439 795 316 859 467 438 717 608 49 301 842 936 78 802 6 98 80 128 55 394 135 621 449 287 806 451 442 78 277 513 165 647 237 825 493 911 816 432 580 265 567 315 497 354 539 655 645 181 178 443 361 
133 876 245 486 229 993 322 432 653 225 371 764 182 25 692 529 74 360 696 526 699 160 275 0 976 764 821 662 799 259 299 535 775 387 682 371 658 100 962 263 425 121 521 959 333 17 963 773 567 575 290 104 709 296 362 659 959 784 201 760 92 931 190 690 55 921 788 362 686 472 27 693 879 284 776 247 113 778 792 922 
253 397 852 224 643 62 246 119 834 942 511 227 870 925 351 577 215 322 604 872 369 636 632 976 0 228 26 920 727 463 472 166 462 317 652 467 451 93 837 401 868 805 242 872 550 486 284 565 542 688 828 151 288 543 386 260 320 498 391 964 348 385 218 893 764 593 631 1000 319 597 855 422 11 48 679 170 573 356 765 380 
549 229 381 543 69 825 784 342 672 404 53 299 531 512 699 545 391 962 157 396 111 57 600 764 228 0 301 680 236 652 663 618 711 15 872 671 49 26 410 478 829 394 945 200 508 602 642 559 551 245 308 357 628 128 475 508 695 969 775 732 202 624 2 189 189 269 846 351 690 418 341 356 327 541 584 360 354 400 342 301 
10 283 374 733 724 806 332 931 389 53 332 126 746 541 598 661 978 984 93 261 744 181 349 821 26 301 0 7 596 783 468 268 310 556 669 488 219 457 435 408 333 998 806 192 95 451 122 710 616 814 467 252 722 216 613 759 13 480 516 30 535 580 764 145 580 525 60 577 376 213 768 140 855 445 669 304 283 655 857 73 
831 129 478 641 992 295 418 522 702 835 151 456 377 913 663 238 396 204 404 975 313 620 759 662 920 680 7 0 270 244 48 991 134 387 907 470 83 561 877 326 884 951 914 36 368 519 517 328 233 831 139 751 753 551 589 622 574 48 27 475 304 970 377 546 930 680 685 201 784 718 653 912 700 387 894 930 13 818 413 544 
800 814 25 669 205 920 605 371 138 367 546 408 301 358 605 175 117 2 664 329 955 712 96 799 727 236 596 270 0 912 920 230 335 126 237 378 525 738 841 986 881 443 936 357 610 412 293 214 392 265 740 232 694 754 277 688 453 856 728 967 656 873 344 917 382 737 622 792 238 525 596 875 963 190 105 666 482 416 124 282 
628 913 77 983 92 842 50 769 801 731 770 716 780 549 37 616 506 467 232 532 686 499 439 259 463 652 783 244 912 0 767 273 426 808 184 495 121 77 461 313 245 329 801 273 234 136 33 761 376 541 522 204 493 439 177 267 664 535 708 181 610 125 211 327 680 145 908 703 900 17 848 4 532 458 939 32 148 655 925 764 
667 810 383 116 447 661 892 425 640 593 782 447 549 239 737 581 368 405 471 125 969 776 795 299 472 663 468 48 920 767 0 49 218 703 408 125 355 411 663 608 382 418 673 521 516 351 750 446 829 768 629 771 967 128 715 746 931 524 126 857 232 631 610 343 868 655 95 781 460 90 112 392 171 660 810 314 930 525 242 5 
421 107 977 382 540 56 957 278 50 639 793 683 826 449 220 184 667 589 148 614 496 861 316 535 166 618 268 991 230 273 49 0 338 515 490 478 374 615 730 284 60 810 273 539 962 202 905 233 326 706 507 22 369 922 479 769 406 539 871 303 430 713 21 966 741 697 640 597 198 383 353 684 696 472 596 17 121 65 275 356 
370 853 29 497 754 485 363 918 480 203 100 246 170 510 194 298 773 661 243 489 831 540 859 775 462 711 310 134 335 426 218 338 0 833 870 287 156 65 108 203 616 664 783 814 750 222 312 137 289 776 375 888 901 190 626 426 830 276 754 981 239 547 816 619 89 199 361 373 634 331 687 925 454 162 709 397 261 817 374 441 
404 567 80 593 380 830 392 840 352 58 390 431 363 457 630 460 605 265 113 365 318 758 467 387 317 15 556 387 126 808 703 515 833 0 232 713 829 637 224 183 545 834 575 80 43 29 174 750 263 322 737 689 281 721 156 452 514 36 327 231 704 976 891 759 16 293 932 582 692 557 146 621 543 6 418 475 410 666 898 683 
488 97 244 940 930 833 246 281 496 159 935 512 429 615 261 298 916 833 832 105 101 255 438 682 652 872 669 907 237 184 408 490 870 232 0 146 271 419 634 35 861 878 317 53 883 776 233 282 648 21 726 568 384 747 729 546 226 516 103 242 635 669 578 829 330 832 788 724 523 385 781 993 493 675 439 366 704 646 96 981 
913 465 549 557 76 327 359 307 455 906 269 218 711 741 713 349 938 421 413 901 549 374 717 371 467 671 488 470 378 495 125 478 287 713 146 0 582 157 644 744 129 346 590 355 586 828 368 95 951 669 315 683 676 507 316 120 686 855 564 339 334 183 902 728 931 788 13 627 299 604 721 707 709 458 156 783 511 648 236 37 
668 383 333 201 492 382 173 510 805 474 931 958 426 992 766 675 608 798 760 462 329 444 608 658 451 49 219 83 525 121 355 374 156 829 271 582 0 875 760 328 627 715 56 581 950 421 629 799 827 247 173 282 183 924 418 533 466 381 45 563 798 169 863 685 932 679 516 311 201 166 907 925 852 409 267 791 582 678 322 158 
128 637 752 93 425 30 284 528 413 865 792 109 660 77 717 556 784 893 218 750 625 280 49 100 93 26 457 561 738 77 411 615 65 637 419 157 875 0 889 463 64 684 835 150 343 256 602 308 893 580 51 502 638 976 163 458 581 509 360 86 724 755 159 38 361 405 416 431 866 537 601 82 585 980 844 924 99 414 481 527 
93 399 833 730 821 210 535 233 647 306 215 869 809 310 578 716 342 712 849 591 695 759 301 962 837 410 435 877 841 461 663 730 108 224 634 644 760 889 0 826 243 656 265 456 588 815 294 630 574 73 936 780 901 393 507 121 728 762 895 817 992 759 527 46 540 788 468 536 552 99 341 104 786 675 823 630 605 889 671 691 
984 373 742 192 782 739 715 653 28 715 737 219 511 356 988 194 264 874 301 49 720 768 842 263 401 478 408 326 986 313 608 284 203 183 35 744 328 463 826 0 595 400 502 876 459 42 536 684 665 76 307 800 645 132 359 918 528 654 724 476 114 221 44 476 570 435 171 505 386 637 878 509 523 808 119 709 906 440 417 265 
531 176 144 95 204 703 885 664 418 907 697 712 688 994 196 416 400 873 377 968 183 174 936 425 868 829 333 884 881 245 382 60 616 545 861 129 627 64 243 595 0 970 374 232 625 366 810 770 677 764 358 812 343 704 42 400 898 221 260 566 97 164 227 1 787 47 577 676 967 839 137 816 798 919 849 678 494 665 402 282 
861 67 692 290 51 934 961 64 463 269 565 581 834 370 635 605 730 357 447 749 156 29 78 121 805 394 998 951 443 329 418 810 664 834 878 346 715 684 656 400 970 0 219 489 438 980 420 252 93 832 874 816 288 306 797 324 573 906 478 788 864 620 542 632 627 818 9 569 836 835 265 591 838 326 300 483 617 733 827 420 
147 796 999 352 852 596 442 208 742 173 227 420 258 320 695 558 556 409 641 854 547 683 802 521 242 945 806 914 936 801 673 273 783 575 317 590 56 835 265 502 374 219 0 67 897 987 162 667 32 758 274 755 706 671 884 784 355 684 874 651 275 350 521 978 876 574 901 775 584 849 563 492 666 352 820 753 242 102 621 814 
292 373 713 733 344 659 367 119 149 858 131 601 599 348 587 346 942 114 420 626 129 592 6 959 872 200 192 36 357 273 521 539 814 80 53 355 581 150 456 876 232 489 67 0 284 61 472 257 998 738 972 476 726 770 662 489 961 338 513 867 636 111 375 362 456 703 530 910 617 725 490 344 344 472 513 425 172 268 544 291 
832 290 42 318 220 412 501 442 276 798 176 616 281 15 663 498 142 675 600 406 652 333 98 333 550 508 95 368 610 234 516 962 750 43 883 586 950 343 588 459 625 438 897 284 0 382 91 232 583 356 732 713 874 434 735 100 921 136 499 209 419 680 455 264 549 118 856 10 574 517 772 593 481 160 441 284 215 189 661 901 
608 616 636 220 47 429 724 611 148 992 356 761 107 421 424 473 782 970 160 858 132 860 80 17 486 602 451 519 412 136 351 202 222 29 776 828 421 256 815 42 366 980 987 61 382 0 546 795 65 787 450 640 251 617 390 753 307 494 505 577 459 452 859 150 135 595 727 782 632 257 794 755 708 254 275 98 758 84 919 939 
389 846 397 585 769 440 251 507 392 691 155 760 439 6 352 323 789 543 496 784 425 873 128 963 284 642 122 517 293 33 750 905 312 174 233 368 629 602 294 536 810 420 162 472 91 546 0 110 941 972 139 644 143 308 1000 680 666 766 846 613 23 807 838 11 424 707 728 832 98 904 28 880 191 203 661 719 176 566 383 698 
955 547 313 606 16 772 581 126 253 108 90 648 634 741 772 138 955 602 704 769 777 224 55 773 565 559 710 328 214 761 446 233 137 750 282 95 799 308 630 684 770 252 667 257 232 795 110 0 262 337 498 277 305 616 318 708 677 399 454 544 502 180 622 753 812 547 113 80 290 400 587 321 999 87 635 149 635 694 916 191 
829 566 835 277 791 576 158 999 741 26 36 833 518 215 559 920 403 43 46 917 318 713 394 567 542 551 616 233 392 376 829 326 289 263 648 951 827 893 574 665 677 93 32 998 583 65 941 262 0 596 742 325 851 303 719 873 312 778 191 192 235 880 577 306 794 729 433 128 609 353 641 278 369 620 468 793 630 263 210 273 
767 832 107 469 894 469 266 437 168 511 290 654 132 280 648 34 167 418 309 722 685 700 135 575 688 245 814 831 265 541 768 706 776 322 21 669 247 580 73 76 764 832 758 738 356 787 972 337 596 0 298 629 840 683 353 416 585 460 872 424 108 254 473 451 438 707 264 155 478 456 88 768 113 587 388 296 474 188 360 730 
267 425 90 424 35 849 685 693 795 861 680 587 884 321 221 634 566 893 264 668 614 820 621 290 828 308 467 139 740 522 629 507 375 737 726 315 173 51 936 307 358 874 274 972 732 450 139 498 742 298 0 375 916 957 97 999 530 773 817 327 717 485 453 910 650 253 984 338 826 492 944 649 979 724 595 839 987 571 359 698 
545 333 22 733 851 183 29 919 108 242 916 662 912 187 265 252 620 415 508 843 602 366 449 104 151 357 252 751 232 204 771 22 888 689 568 683 282 502 780 800 812 816 755 476 713 640 644 277 325 629 375 0 306 585 924 633 368 641 589 456 822 593 479 453 618 285 865 325 717 449 30 529 317 980 967 706 791 492 175 942 
304 594 874 459 385 218 665 269 608 71 846 705 235 355 538 776 278 238 551 661 948 298 287 709 288 628 722 753 694 493 967 369 901 281 384 676 183 638 901 645 343 288 706 726 874 251 143 305 851 840 916 306 0 860 247 367 158 863 756 640 271 300 218 556 742 926 166 129 319 696 539 409 95 81 527 823 807 810 827 29 
469 417 138 88 26 274 782 301 268 991 623 869 797 475 957 377 475 585 223 102 943 879 806 296 543 128 216 551 754 439 128 922 190 721 747 507 924 976 393 132 704 306 671 770 434 617 308 616 303 683 957 585 860 0 224 207 450 621 467 197 179 373 571 372 689 741 233 812 655 959 955 558 431 501 3 835 437 363 837 838 
995 579 720 450 764 979 202 370 966 621 621 727 984 705 596 348 141 818 34 421 646 843 451 362 386 475 613 589 277 177 715 479 626 156 729 316 418 163 507 359 42 797 884 662 735 390 1000 318 719 353 97 924 247 224 0 85 161 96 917 770 584 234 505 92 982 461 484 511 409 92 82 585 795 544 819 562 424 305 197 653 
766 808 467 463 719 12 245 847 730 856 204 443 130 218 658 810 641 263 617 328 84 178 442 659 260 508 759 622 688 267 746 769 426 452 546 120 533 458 121 918 400 324 784 489 100 753 680 708 873 416 999 633 367 207 85 0 859 168 165 375 641 787 125 405 120 308 945 148 69 512 538 440 238 460 695 636 702 736 254 560 
241 964 865 726 990 181 411 90 779 695 487 353 648 498 550 293 187 926 783 895 780 778 78 959 320 695 13 574 453 664 931 406 830 514 226 686 466 581 728 528 898 573 355 961 921 307 666 677 312 585 530 368 158 450 161 859 0 630 209 302 218 376 719 334 764 866 182 411 807 124 688 938 514 924 974 809 254 67 97 389 
471 234 638 160 809 309 927 850 95 904 246 32 157 590 556 536 448 506 150 113 15 235 277 784 498 969 480 48 856 535 524 539 276 36 516 855 381 509 762 654 221 906 684 338 136 494 766 399 778 460 773 641 863 621 96 168 630 0 908 790 437 574 339 925 359 968 425 791 302 921 260 518 527 93 779 663 633 866 853 234 
712 221 126 607 786 981 974 675 533 438 862 206 221 737 804 138 602 593 97 42 693 806 513 201 391 775 516 27 728 708 126 871 754 327 103 564 45 360 895 724 260 478 874 513 499 505 846 454 191 872 817 589 756 467 917 165 209 908 0 325 10 96 941 209 255 540 16 293 402 418 564 119 695 304 172 674 768 26 549 609 
893 187 277 451 119 844 438 681 516 806 854 841 167 18 491 337 967 554 134 9 828 155 165 760 964 732 30 475 967 181 857 303 981 231 242 339 563 86 817 476 566 788 651 867 209 577 613 544 192 424 327 456 640 197 770 375 302 790 325 0 474 793 155 732 469 734 421 339 268 814 432 842 722 507 953 536 900 656 108 976 
551 997 246 582 230 759 172 829 506 671 64 55 951 875 831 435 353 886 435 618 752 752 647 92 348 202 535 304 656 610 232 430 239 704 635 334 798 724 992 114 97 864 275 636 419 459 23 502 235 108 717 822 271 179 584 641 218 437 10 474 0 312 329 2 397 799 663 554 44 503 75 85 349 603 619 987 3 751 621 476 
244 808 699 859 583 822 817 852 772 286 346 608 244 484 288 734 715 697 141 674 192 275 237 931 385 624 580 970 873 125 631 713 547 976 669 183 169 755 759 221 164 620 350 111 680 452 807 180 880 254 485 593 300 373 234 787 376 574 96 793 312 0 735 209 889 734 306 675 580 981 38 854 62 994 699 891 479 558 800 717 
744 807 514 681 424 98 693 517 597 451 3 140 861 215 329 348 411 102 294 948 855 524 825 190 218 2 764 377 344 211 610 21 816 891 578 902 863 159 527 44 227 542 521 375 455 859 838 622 577 473 453 479 218 571 505 125 719 339 941 155 329 735 0 898 268 668 764 270 511 451 142 345 199 849 131 690 949 959 260 287 
801 416 608 779 536 724 529 84 777 580 429 169 595 833 572 508 960 370 745 992 230 360 493 690 893 189 145 546 917 327 343 966 619 759 829 728 685 38 46 476 1 632 978 362 264 150 11 753 306 451 910 453 556 372 92 405 334 925 209 732 2 209 898 0 533 641 228 631 262 292 79 424 587 761 982 135 630 506 451 166 
515 598 995 54 817 433 268 97 129 952 529 527 798 76 706 925 139 293 867 548 153 630 911 55 764 189 580 930 382 680 868 741 89 16 330 931 932 361 540 570 787 627 876 456 549 135 424 812 794 438 650 618 742 689 982 120 764 359 255 469 397 889 268 533 0 564 582 412 472 478 581 317 650 261 326 565 816 219 285 60 
870 281 924 77 504 557 407 55 83 809 104 736 678 550 523 619 611 692 980 404 548 865 816 921 593 269 525 680 737 145 655 697 199 293 832 788 679 405 788 435 47 818 574 703 118 595 707 547 729 707 253 285 926 741 461 308 866 968 540 734 799 734 668 641 564 0 409 192 831 806 277 365 676 355 340 788 506 329 878 384 
496 467 830 853 256 871 549 88 259 581 250 694 466 672 427 880 530 512 212 70 302 666 432 788 631 846 60 685 622 908 95 640 361 932 788 13 516 416 468 171 577 9 901 530 856 727 728 113 433 264 984 865 166 233 484 945 182 425 16 421 663 306 764 228 582 409 0 528 259 380 172 358 185 38 491 94 205 946 18 993 
806 424 467 276 911 290 331 529 230 628 699 580 800 705 894 343 563 584 647 555 8 944 580 362 1000 351 577 201 792 703 781 597 373 582 724 627 311 431 536 505 676 569 775 910 10 782 832 80 128 155 338 325 129 812 511 148 411 791 293 339 554 675 270 631 412 192 528 0 58 296 30 692 426 231 689 711 623 202 517 16 
522 605 851 57 642 397 593 479 949 718 22 788 530 977 961 131 989 699 563 199 279 730 265 686 319 690 376 784 238 900 460 198 634 692 523 299 201 866 552 386 967 836 584 617 574 632 98 290 609 478 826 717 319 655 409 69 807 302 402 268 44 580 511 262 472 831 259 58 0 166 337 129 560 623 747 455 994 31 661 729 
632 800 536 376 381 393 170 189 145 511 184 310 450 595 688 692 514 212 230 178 398 689 567 472 597 418 213 718 525 17 90 383 331 557 385 604 166 537 99 637 839 835 849 725 517 257 904 400 353 456 492 449 696 959 92 512 124 921 418 814 503 981 451 292 478 806 380 296 166 0 149 601 555 293 339 292 176 738 914 814 
826 520 160 329 57 481 633 103 971 372 113 552 877 532 843 189 987 351 49 679 744 559 315 27 855 341 768 653 596 848 112 353 687 146 781 721 907 601 341 878 137 265 563 490 772 794 28 587 641 88 944 30 539 955 82 538 688 260 564 432 75 38 142 79 581 277 172 30 337 149 0 768 971 166 528 356 257 322 382 704 
599 123 595 503 857 855 531 865 889 497 323 552 171 505 566 789 517 260 745 581 799 594 497 693 422 356 140 912 875 4 392 684 925 621 993 707 925 82 104 509 816 591 492 344 593 755 880 321 278 768 649 529 409 558 585 440 938 518 119 842 85 854 345 424 317 365 358 692 129 601 768 0 215 571 414 770 290 428 601 835 
517 424 445 513 359 758 279 701 188 900 478 795 546 1 281 888 149 239 602 985 326 142 354 879 11 327 855 700 963 532 171 696 454 543 493 709 852 585 786 523 798 838 666 344 481 708 191 999 369 113 979 317 95 431 795 238 514 527 695 722 349 62 199 587 650 676 185 426 560 555 971 215 0 711 852 395 735 560 438 55 
506 718 648 198 978 580 72 365 979 859 500 132 996 804 929 956 881 702 833 223 785 674 539 284 48 541 445 387 190 458 660 472 162 6 675 458 409 980 675 808 919 326 352 472 160 254 203 87 620 587 724 980 81 501 544 460 924 93 304 507 603 994 849 761 261 355 38 231 623 293 166 571 711 0 501 255 850 251 130 305 
488 469 251 836 926 643 650 547 559 955 651 743 690 601 757 886 380 497 744 624 371 449 655 776 679 584 669 894 105 939 810 596 709 418 439 156 267 844 823 119 849 300 820 513 441 275 661 635 468 388 595 967 527 3 819 695 974 779 172 953 619 699 131 982 326 340 491 689 747 339 528 414 852 501 0 238 256 150 580 78 
387 152 284 427 438 928 442 989 611 106 101 178 534 443 795 950 254 934 572 523 67 353 645 247 170 360 304 930 666 32 314 17 397 475 366 783 791 924 630 709 678 483 753 425 284 98 719 149 793 296 839 706 823 835 562 636 809 663 674 536 987 891 690 135 565 788 94 711 455 292 356 770 395 255 238 0 266 743 784 74 
281 239 167 500 435 557 438 554 573 81 516 691 915 8 161 543 104 638 857 316 568 852 181 113 573 354 283 13 482 148 930 121 261 410 704 511 582 99 605 906 494 617 242 172 215 758 176 635 630 474 987 791 807 437 424 702 254 633 768 900 3 479 949 630 816 506 205 623 994 176 257 290 735 850 256 266 0 649 644 471 
320 921 465 461 398 64 163 501 129 22 605 190 462 794 562 484 90 19 220 40 285 261 178 778 356 400 655 818 416 655 525 65 817 666 646 648 678 414 889 440 665 733 102 268 189 84 566 694 263 188 571 492 810 363 305 736 67 866 26 656 751 558 959 506 219 329 946 202 31 738 322 428 560 251 150 743 649 0 451 390 
294 955 398 166 833 12 526 592 859 734 447 867 129 272 518 171 535 277 151 30 211 777 443 792 765 342 857 413 124 925 242 275 374 898 96 236 322 481 671 417 402 827 621 544 661 919 383 916 210 360 359 175 827 837 197 254 97 853 549 108 621 800 260 451 285 878 18 517 661 914 382 601 438 130 580 784 644 451 0 404 
526 740 41 883 907 912 575 205 665 817 367 11 526 921 458 480 137 635 796 694 453 739 361 922 380 301 73 544 282 764 5 356 441 683 981 37 158 527 691 265 282 420 814 291 901 939 698 191 273 730 698 942 29 838 653 560 389 234 609 976 476 717 287 166 60 384 993 16 729 814 704 835 55 305 78 74 471 390 404 0 
0 9 675 330 889 251 943 186 238 677 438 116 59 760 155 310 575 792 980 526 254 201 854 565 808 707 6 295 856 265 978 481 436 881 693 676 774 629 918 947 436 70 404 441 575 188 500 749 185 942 131 308 480 183 692 520 873 658 629 544 524 23 409 705 908 411 422 340 515 265 834 627 87 604 798 608 329 611 747 334 
9 0 299 445 171 52 49 901 925 286 394 257 681 654 432 705 204 152 243 256 21 363 729 836 789 52 589 518 153 321 542 691 842 951 134 566 481 730 207 429 228 550 770 285 372 567 831 847 77 441 287 568 495 495 485 650 513 570 344 910 300 598 571 250 727 615 421 558 133 825 555 333 315 399 677 68 847 596 440 491 
675 299 0 669 865 75 829 661 310 150 282 727 137 422 39 348 102 502 944 234 617 40 74 465 870 196 416 568 163 470 181 529 204 677 385 385 840 460 622 389 368 446 844 483 512 323 39 418 479 558 345 767 741 571 696 941 957 104 51 58 226 22 604 727 29 336 167 844 401 151 725 8 145 931 100 378 121 961 347 482 
330 445 669 0 886 15 686 899 143 58 400 111 274 824 333 137 365 309 392 174 698 109 554 444 586 899 693 680 65 624 529 429 708 633 781 495 787 555 359 192 529 125 485 465 975 649 640 38 569 402 93 638 205 539 253 551 817 402 430 567 242 302 571 199 84 434 937 969 343 546 333 88 487 460 897 689 118 830 491 394 
889 171 865 886 0 512 677 653 881 97 146 768 611 292 437 385 463 190 649 570 484 306 334 818 501 758 612 404 581 509 818 281 510 363 888 181 421 260 485 858 693 360 812 643 291 79 977 445 943 569 309 38 745 580 443 522 782 219 822 186 611 692 272 617 941 877 749 621 698 964 68 779 683 925 891 196 321 962 630 351 
251 52 75 15 512 0 392 795 893 154 816 890 177 527 860 795 970 754 530 90 858 512 499 371 18 616 567 7 836 338 120 283 749 612 225 258 531 642 492 128 760 541 275 16 378 220 55 561 487 518 603 253 837 68 792 26 798 727 907 355 828 814 248 859 572 855 943 703 276 781 709 519 157 647 365 908 469 232 326 650 
943 49 829 686 677 392 0 469 56 427 617 66 523 383 737 417 208 886 367 727 304 586 716 844 601 580 491 373 603 586 901 587 592 718 330 415 993 498 678 268 635 984 678 430 203 266 358 483 398 900 313 912 21 600 721 228 946 395 660 600 884 642 197 606 4 57 317 262 106 51 751 117 510 674 261 547 903 172 509 640 
186 901 661 899 653 795 469 0 347 686 605 690 63 400 291 579 79 556 733 317 905 860 384 247 475 265 636 751 150 643 503 544 638 726 682 148 101 768 603 339 646 473 324 274 325 622 488 191 573 422 341 488 198 191 807 499 320 46 971 258 597 639 346 67 103 802 686 55 417 463 816 680 693 253 735 268 350 660 337 139 
238 925 310 143 881 893 56 347 0 341 52 40 21 27 482 467 923 742 276 890 192 222 344 46 351 528 954 657 39 373 609 33 277 824 793 527 284 997 488 192 169 733 172 254 202 652 312 721 847 149 18 198 394 930 908 474 610 44 189 568 535 621 774 572 580 17 253 870 645 777 612 546 154 65 930 991 300 227 686 793 
677 286 150 58 97 154 427 686 341 0 599 143 596 740 574 842 934 49 504 675 568 178 592 168 772 673 200 674 415 84 974 353 350 464 712 368 229 527 963 639 305 471 205 388 493 408 229 176 514 158 290 441 480 592 716 919 825 673 777 988 697 392 374 825 136 566 482 704 550 222 532 755 614 453 639 147 144 499 787 760 
438 394 282 400 146 816 617 605 52 599 0 176 545 490 614 373 294 130 591 771 625 636 214 368 348 41 482 961 60 504 923 648 175 600 316 146 203 255 669 106 162 51 418 884 981 823 151 47 525 285 51 80 473 152 123 6 487 314 602 694 660 144 545 983 587 523 201 264 379 10 212 750 614 425 808 402 67 56 610 92 
116 257 727 111 768 890 66 690 40 143 176 0 730 395 658 427 528 863 941 358 472 825 186 362 913 200 425 806 433 702 629 554 47 908 717 569 565 82 549 131 971 413 118 245 912 480 634 275 814 922 727 88 994 467 64 54 940 497 477 656 331 289 273 451 721 207 697 920 706 610 666 315 977 407 319 255 719 481 494 432 
59 681 137 274 611 177 523 63 21 596 545 730 0 606 347 840 497 375 101 849 363 308 110 413 930 700 845 450 51 644 408 346 736 792 315 968 407 878 198 610 128 290 76 770 884 276 6 832 649 203 804 662 80 643 912 770 742 562 953 398 231 605 681 386 494 837 738 161 14 301 877 35 553 230 312 915 470 650 141 663 
760 654 422 824 292 527 383 400 27 740 490 395 606 0 607 538 355 168 402 2 248 202 184 485 697 728 154 704 496 693 859 353 829 357 656 152 565 269 340 522 853 442 180 453 132 559 925 867 7 51 132 284 616 379 578 321 361 630 486 438 774 345 211 353 112 457 193 979 56 265 976 125 590 735 442 419 849 693 696 899 
155 432 39 333 437 860 737 291 482 574 614 658 347 607 0 426 520 780 59 730 547 246 889 810 474 191 352 688 800 264 845 483 54 875 105 418 571 885 712 987 605 854 874 586 674 601 206 308 657 528 790 808 528 628 824 593 626 633 533 788 294 978 126 690 73 712 482 651 944 190 919 953 232 709 750 594 50 16 175 821 
310 705 348 137 385 795 417 579 467 842 373 427 840 538 426 0 566 239 472 287 617 728 450 323 393 105 971 419 856 689 700 373 157 440 602 49 627 242 990 106 332 749 362 275 232 725 195 749 951 3 811 187 831 410 186 284 338 622 417 970 622 328 237 780 856 766 149 411 210 159 715 809 334 573 645 605 698 142 169 730 
575 204 102 365 463 970 208 79 923 934 294 528 497 355 520 566 0 852 910 529 517 775 901 443 363 414 102 213 316 883 788 73 261 464 943 998 56 855 413 414 678 157 535 728 168 923 477 242 320 365 564 18 197 267 466 791 597 294 425 393 353 240 857 444 197 201 309 483 293 159 367 927 75 551 238 255 395 90 121 811 
792 152 502 309 190 754 886 556 742 49 130 863 375 168 780 239 852 0 502 628 758 498 212 194 476 883 827 527 38 986 662 7 778 13 329 431 533 40 553 745 945 404 245 777 242 838 501 419 699 154 854 671 130 183 925 504 256 250 356 637 602 528 311 582 729 759 509 246 539 312 666 644 969 977 470 343 743 528 536 834 
980 243 944 392 649 530 367 733 276 504 591 941 101 402 59 472 910 502 0 307 808 494 220 373 371 210 440 368 445 337 505 722 575 6 447 298 705 211 986 14 176 179 720 578 569 690 925 924 763 504 758 609 538 254 363 366 858 493 218 507 847 259 367 589 873 319 852 665 105 647 512 754 895 790 747 807 695 197 296 739 
526 256 234 174 570 90 727 317 890 675 771 358 849 2 730 287 529 628 307 0 887 753 636 752 947 641 731 774 857 860 713 867 673 215 898 209 727 661 464 548 326 272 860 642 426 707 395 954 968 675 418 342 376 888 922 798 879 204 416 112 454 393 561 557 276 112 436 409 575 566 505 442 858 495 823 877 648 534 379 356 
254 21 617 698 484 858 304 905 192 568 625 472 363 248 547 617 517 758 808 887 0 505 528 59 184 58 737 408 417 513 510 612 533 223 615 924 937 549 947 554 473 789 541 640 82 261 781 523 450 306 426 732 508 301 472 218 454 233 439 145 530 237 418 413 407 632 937 231 587 995 378 842 804 456 521 584 221 678 254 522 
201 363 40 109 306 512 586 860 222 178 636 825 308 202 246 728 775 498 494 753 505 0 291 196 511 666 329 700 19 468 252 607 585 382 737 576 650 659 756 709 474 482 841 304 157 513 545 278 787 993 66 254 349 780 283 145 700 103 966 62 392 503 375 396 880 898 383 410 985 751 779 841 67 48 550 159 323 167 933 17 
854 729 74 554 334 499 716 384 344 592 214 186 110 184 889 450 901 212 220 636 528 291 0 65 929 683 60 912 730 314 220 992 96 217 812 129 740 386 840 496 18 264 407 805 120 534 515 61 507 202 227 284 631 725 551 251 550 306 660 365 750 645 436 779 678 556 619 613 353 686 79 677 314 7 172 689 455 988 484 16 
565 836 465 444 818 371 844 247 46 168 368 362 413 485 810 323 443 194 373 752 59 196 65 0 891 522 240 830 640 506 505 270 575 729 382 421 66 13 368 343 937 186 996 621 159 379 457 841 81 267 104 522 369 228 497 881 684 675 111 510 172 223 95 12 304 401 362 480 280 78 157 899 905 708 845 42 522 307 935 827 
808 789 870 586 501 18 601 475 351 772 348 913 930 697 474 393 363 476 371 947 184 511 929 891 0 572 518 27 733 876 457 45 509 412 583 386 523 120 577 148 509 435 310 946 724 895 525 557 445 883 930 693 4 941 262 840 381 599 448 603 158 761 393 849 685 846 507 767 546 450 714 508 87 805 215 133 969 258 159 229 
707 52 196 899 758 616 580 265 528 673 41 200 700 728 191 105 414 883 210 641 58 666 683 522 572 0 409 630 995 751 18 278 377 7 712 270 850 375 537 847 660 551 658 534 619 442 120 89 281 333 666 105 989 916 827 477 676 421 650 967 652 250 291 93 327 728 909 409 945 179 194 76 56 741 884 69 725 633 534 174 
6 589 416 693 612 567 491 636 954 200 482 425 845 154 352 971 102 827 440 731 737 329 60 240 518 409 0 185 978 967 192 508 427 66 362 675 315 353 278 707 660 594 223 170 811 573 342 272 136 666 475 247 553 185 711 737 212 431 139 963 111 449 161 414 303 128 162 176 752 949 4 15 336 486 922 889 867 308 92 434 
295 518 568 680 404 7 373 751 657 674 961 806 450 704 688 419 213 527 368 774 408 700 912 830 27 630 185 0 369 318 414 478 473 338 15 332 917 446 685 497 42 623 762 296 714 686 448 708 56 494 16 853 654 725 885 343 580 139 431 395 86 327 232 784 582 706 505 246 223 964 981 977 454 907 461 156 556 751 691 256 
856 153 163 65 581 836 603 150 39 415 60 433 51 496 800 856 316 38 445 857 417 19 730 640 733 995 978 369 0 904 418 349 855 523 115 840 313 563 887 615 238 496 696 129 599 409 714 206 470 93 122 944 642 813 242 67 632 137 554 943 585 575 307 138 436 793 514 266 463 367 170 754 341 807 417 900 896 739 437 211 
265 321 470 624 509 338 586 643 373 84 504 702 644 693 264 689 883 986 337 860 513 468 314 506 876 751 967 318 904 0 981 451 686 542 367 527 503 557 557 463 480 394 279 807 830 116 160 994 272 951 842 523 342 676 415 1 282 325 463 536 132 599 653 279 365 390 730 658 209 509 463 213 365 26 865 562 903 509 810 672 
978 542 181 529 818 120 901 503 609 974 923 629 408 859 845 700 788 662 505 713 510 252 220 505 457 18 192 414 418 981 0 607 402 624 335 585 37 855 985 630 283 154 701 598 279 783 884 199 493 172 445 477 263 10 337 665 819 675 128 912 132 510 429 473 153 745 872 375 281 588 300 682 203 182 466 241 361 686 607 457 
481 691 529 429 281 283 587 544 33 353 648 554 346 353 483 373 73 7 722 867 612 607 992 270 45 278 508 478 349 451 607 0 877 367 853 479 528 214 792 495 238 901 738 707 276 423 667 548 691 120 632 388 762 910 524 900 163 601 764 462 16 843 207 635 322 794 388 543 444 700 570 440 866 930 722 327 266 54 478 575 
436 842 204 708 510 749 592 638 277 350 175 47 736 829 54 157 261 778 575 673 533 585 96 575 509 377 427 473 855 686 402 877 0 999 753 625 559 243 926 103 495 772 474 334 645 506 554 97 589 591 274 758 90 747 298 632 444 218 840 688 835 521 790 787 413 539 525 556 890 27 885 667 684 27 312 694 128 66 487 756 
881 951 677 633 363 612 718 726 824 464 600 908 792 357 875 440 464 13 6 215 223 382 217 729 412 7 66 338 523 542 624 367 999 0 37 560 390 590 514 47 782 577 435 771 303 567 838 155 99 18 946 20 40 162 329 383 271 715 786 194 652 542 564 736 462 106 439 833 89 641 108 224 813 731 631 681 414 674 418 458 
693 134 385 781 888 225 330 682 793 712 316 717 315 656 105 602 943 329 447 898 615 737 812 382 583 712 362 15 115 367 335 853 753 37 0 231 351 787 696 685 526 857 155 486 231 867 444 687 905 289 317 343 726 590 526 826 43 29 740 598 337 492 609 812 11 309 940 560 511 629 523 558 89 778 683 159 392 211 944 851 
676 566 385 495 181 258 415 148 527 368 146 569 968 152 418 49 998 431 298 209 924 576 129 421 386 270 675 332 840 527 585 479 625 560 231 0 979 513 81 606 259 661 169 406 898 723 601 187 770 408 612 36 709 820 137 40 628 442 344 212 630 90 655 205 560 601 405 850 525 240 940 483 164 332 80 956 229 918 96 245 
774 481 840 787 421 531 993 101 284 229 203 565 407 565 571 627 56 533 705 727 937 650 740 66 523 850 315 917 313 503 37 528 559 390 351 979 0 892 922 396 659 859 736 362 953 578 871 731 786 117 379 4 531 464 340 805 609 394 327 372 515 66 847 730 432 440 142 303 419 270 745 976 639 107 303 51 78 414 585 50 
629 730 460 555 260 642 498 768 997 527 255 82 878 269 885 242 855 40 211 661 549 659 386 13 120 375 353 446 563 557 855 214 243 590 787 513 892 0 563 266 128 978 204 262 444 292 442 341 227 409 902 719 298 855 209 461 907 56 760 527 491 821 488 790 167 685 745 111 627 255 271 880 240 110 442 543 33 780 351 648 
918 207 622 359 485 492 678 603 488 963 669 549 198 340 712 990 413 553 986 464 947 756 840 368 577 537 278 685 887 557 985 792 926 514 696 81 922 563 0 897 843 620 69 179 582 344 87 811 434 118 165 1000 105 264 111 638 96 651 636 334 616 663 281 684 114 918 475 902 982 410 473 124 732 370 656 848 105 628 779 566 
947 429 389 192 858 128 268 339 192 639 106 131 610 522 987 106 414 745 14 548 554 709 496 343 148 847 707 497 615 463 630 495 103 47 685 606 396 266 897 0 767 323 543 405 245 813 643 213 842 38 522 797 1 287 195 723 742 652 592 466 99 648 705 473 492 728 356 220 284 452 931 153 54 781 148 683 695 997 707 568 
436 228 368 529 693 760 635 646 169 305 162 971 128 853 605 332 678 945 176 326 473 474 18 937 509 660 660 42 238 480 283 238 495 782 526 259 659 128 843 767 0 517 220 376 324 530 948 328 847 297 621 837 174 817 562 819 755 385 133 131 657 523 809 190 742 501 392 770 936 798 596 834 890 432 529 374 934 759 912 217 
70 550 446 125 360 541 984 473 733 471 51 413 290 442 854 749 157 404 179 272 789 482 264 186 435 551 594 623 496 394 154 901 772 577 857 661 859 978 620 323 517 0 262 64 262 803 657 540 478 854 816 771 38 37 400 606 830 505 396 725 292 837 227 349 272 548 105 494 76 835 23 190 771 327 312 838 405 871 121 179 
404 770 844 485 812 275 678 324 172 205 418 118 76 180 874 362 535 245 720 860 541 841 407 996 310 658 223 762 696 279 701 738 474 435 155 169 736 204 69 543 220 262 0 402 378 929 504 162 479 688 532 648 792 225 357 666 181 825 437 368 854 409 221 399 290 829 323 785 753 637 359 935 866 79 591 691 593 676 512 503 
441 285 483 465 643 16 430 274 254 388 884 245 770 453 586 275 728 777 578 642 640 304 805 621 946 534 170 296 129 807 598 707 334 771 486 406 362 262 179 405 376 64 402 0 108 57 205 556 632 896 616 810 255 55 965 556 914 504 649 591 849 486 371 681 520 860 347 212 217 74 83 802 450 545 352 521 329 892 695 658 
575 372 512 975 291 378 203 325 202 493 981 912 884 132 674 232 168 242 569 426 82 157 120 159 724 619 811 714 599 830 279 276 645 303 231 898 953 444 582 245 324 262 378 108 0 71 160 131 419 757 398 572 708 431 361 129 253 472 719 93 355 333 863 215 875 217 947 502 482 876 690 716 354 476 119 388 480 189 543 576 
188 567 323 649 79 220 266 622 652 408 823 480 276 559 601 725 923 838 690 707 261 513 534 379 895 442 573 686 409 116 783 423 506 567 867 723 578 292 344 813 530 803 929 57 71 0 895 520 529 87 722 885 477 778 815 761 87 451 643 589 249 686 442 375 930 802 579 418 908 196 837 193 971 650 468 559 538 511 629 534 
500 831 39 640 977 55 358 488 312 229 151 634 6 925 206 195 477 501 925 395 781 545 515 457 525 120 342 448 714 160 884 667 554 838 444 601 871 442 87 643 948 657 504 205 160 895 0 86 494 428 960 738 310 330 740 362 611 473 391 31 545 635 944 397 419 467 721 307 605 837 194 182 178 322 552 820 643 429 702 618 
749 847 418 38 445 561 483 191 721 176 47 275 832 867 308 749 242 419 924 954 523 278 61 841 557 89 272 708 206 994 199 548 97 155 687 187 731 341 811 213 328 540 162 556 131 520 86 0 221 632 443 530 453 343 242 932 992 886 32 105 647 569 872 427 464 474 529 892 901 629 665 217 695 451 900 651 286 402 666 732 
185 77 479 569 943 487 398 573 847 514 525 814 649 7 657 951 320 699 763 968 450 787 507 81 445 281 136 56 470 272 493 691 589 99 905 770 786 227 434 842 847 478 479 632 419 529 494 221 0 173 547 13 616 961 555 405 828 430 600 720 871 305 24 120 367 872 505 137 704 812 608 502 11 410 746 280 177 558 428 67 
942 441 558 402 569 518 900 422 149 158 285 922 203 51 528 3 365 154 504 675 306 993 202 267 883 333 666 494 93 951 172 120 591 18 289 408 117 409 118 38 297 854 688 896 757 87 428 632 173 0 98 290 545 193 617 619 419 189 588 957 73 925 746 708 762 663 495 800 863 440 767 604 573 62 512 754 290 677 479 848 
131 287 345 93 309 603 313 341 18 290 51 727 804 132 790 811 564 854 758 418 426 66 227 104 930 666 475 16 122 842 445 632 274 946 317 612 379 902 165 522 621 816 532 616 398 722 960 443 547 98 0 739 724 54 905 631 362 993 975 463 922 571 808 337 934 314 564 981 955 563 898 863 460 286 355 820 999 580 559 639 
308 568 767 638 38 253 912 488 198 441 80 88 662 284 808 187 18 671 609 342 732 254 284 522 693 105 247 853 944 523 477 388 758 20 343 36 4 719 1000 797 837 771 648 810 572 885 738 530 13 290 739 0 364 75 12 160 258 902 957 1 730 845 531 773 186 197 311 909 745 680 672 338 686 673 510 119 705 998 206 792 
480 495 741 205 745 837 21 198 394 480 473 994 80 616 528 831 197 130 538 376 508 349 631 369 4 989 553 654 642 342 263 762 90 40 726 709 531 298 105 1 174 38 792 255 708 477 310 453 616 545 724 364 0 258 260 245 668 824 45 393 372 278 286 542 979 522 375 645 782 74 269 147 639 232 91 652 408 605 997 221 
183 495 571 539 580 68 600 191 930 592 152 467 643 379 628 410 267 183 254 888 301 780 725 228 941 916 185 725 813 676 10 910 747 162 590 820 464 855 264 287 817 37 225 55 431 778 330 343 961 193 54 75 258 0 698 579 315 559 72 489 155 944 403 320 457 421 347 433 685 732 633 115 674 195 54 799 174 336 858 403 
692 485 696 253 443 792 721 807 908 716 123 64 912 578 824 186 466 925 363 922 472 283 551 497 262 827 711 885 242 415 337 524 298 329 526 137 340 209 111 195 562 400 357 965 361 815 740 242 555 617 905 12 260 698 0 750 334 183 167 39 667 797 546 682 34 883 204 768 287 382 361 932 553 73 939 646 965 729 158 898 
520 650 941 551 522 26 228 499 474 919 6 54 770 321 593 284 791 504 366 798 218 145 251 881 840 477 737 343 67 1 665 900 632 383 826 40 805 461 638 723 819 606 666 556 129 761 362 932 405 619 631 160 245 579 750 0 135 458 730 757 405 541 252 980 659 349 802 216 422 438 71 71 863 738 87 230 48 706 323 918 
873 513 957 817 782 798 946 320 610 825 487 940 742 361 626 338 597 256 858 879 454 700 550 684 381 676 212 580 632 282 819 163 444 271 43 628 609 907 96 742 755 830 181 914 253 87 611 992 828 419 362 258 668 315 334 135 0 757 405 980 447 853 290 355 413 586 25 914 688 17 130 827 604 645 858 827 38 208 817 68 
658 570 104 402 219 727 395 46 44 673 314 497 562 630 633 622 294 250 493 204 233 103 306 675 599 421 431 139 137 325 675 601 218 715 29 442 394 56 651 652 385 505 825 504 472 451 473 886 430 189 993 902 824 559 183 458 757 0 736 35 895 971 726 248 713 420 358 807 205 551 660 802 32 687 841 968 39 462 703 313 
629 344 51 430 822 907 660 971 189 777 602 477 953 486 533 417 425 356 218 416 439 966 660 111 448 650 139 431 554 463 128 764 840 786 740 344 327 760 636 592 133 396 437 649 719 643 391 32 600 588 975 957 45 72 167 730 405 736 0 597 906 392 563 795 451 686 647 396 106 768 571 612 352 914 292 839 464 592 737 298 
544 910 58 567 186 355 600 258 568 988 694 656 398 438 788 970 393 637 507 112 145 62 365 510 603 967 963 395 943 536 912 462 688 194 598 212 372 527 334 466 131 725 368 591 93 589 31 105 720 957 463 1 393 489 39 757 980 35 597 0 448 699 23 498 512 850 343 791 608 496 412 571 969 210 830 395 701 667 597 888 
524 300 226 242 611 828 884 597 535 697 660 331 231 774 294 622 353 602 847 454 530 392 750 172 158 652 111 86 585 132 132 16 835 652 337 630 515 491 616 99 657 292 854 849 355 249 545 647 871 73 922 730 372 155 667 405 447 895 906 448 0 7 176 194 327 180 18 980 478 530 640 140 16 837 813 718 739 567 497 934 
23 598 22 302 692 814 642 639 621 392 144 289 605 345 978 328 240 528 259 393 237 503 645 223 761 250 449 327 575 599 510 843 521 542 492 90 66 821 663 648 523 837 409 486 333 686 635 569 305 925 571 845 278 944 797 541 853 971 392 699 7 0 759 152 479 554 290 746 551 680 829 523 653 516 864 331 635 372 651 529 
409 571 604 571 272 248 197 346 774 374 545 273 681 211 126 237 857 311 367 561 418 375 436 95 393 291 161 232 307 653 429 207 790 564 609 655 847 488 281 705 809 227 221 371 863 442 944 872 24 746 808 531 286 403 546 252 290 726 563 23 176 759 0 772 795 608 975 505 111 240 259 899 912 999 333 328 568 946 412 156 
705 250 727 199 617 859 606 67 572 825 983 451 386 353 690 780 444 582 589 557 413 396 779 12 849 93 414 784 138 279 473 635 787 736 812 205 730 790 684 473 190 349 399 681 215 375 397 427 120 708 337 773 542 320 682 980 355 248 795 498 194 152 772 0 380 337 957 282 586 890 477 776 496 660 852 635 258 503 104 457 
908 727 29 84 941 572 4 103 580 136 587 721 494 112 73 856 197 729 873 276 407 880 678 304 685 327 303 582 436 365 153 322 413 462 11 560 432 167 114 492 742 272 290 520 875 930 419 464 367 762 934 186 979 457 34 659 413 713 451 512 327 479 795 380 0 457 224 441 767 310 731 424 743 200 112 902 724 277 334 7 
411 615 336 434 877 855 57 802 17 566 523 207 837 457 712 766 201 759 319 112 632 898 556 401 846 728 128 706 793 390 745 794 539 106 309 601 440 685 918 728 501 548 829 860 217 802 467 474 872 663 314 197 522 421 883 349 586 420 686 850 180 554 608 337 457 0 592 517 887 84 684 694 708 325 655 831 501 307 173 653 
422 421 167 937 749 943 317 686 253 482 201 697 738 193 482 149 309 509 852 436 937 383 619 362 507 909 162 505 514 730 872 388 525 439 940 405 142 745 475 356 392 105 323 347 947 579 721 529 505 495 564 311 375 347 204 802 25 358 647 343 18 290 975 957 224 592 0 856 256 857 447 628 944 489 860 713 274 213 534 27 
340 558 844 969 621 703 262 55 870 704 264 920 161 979 651 411 483 246 665 409 231 410 613 480 767 409 176 246 266 658 375 543 556 833 560 850 303 111 902 220 770 494 785 212 502 418 307 892 137 800 981 909 645 433 768 216 914 807 396 791 980 746 505 282 441 517 856 0 93 280 461 197 199 734 686 797 93 76 674 573 
515 133 401 343 698 276 106 417 645 550 379 706 14 56 944 210 293 539 105 575 587 985 353 280 546 945 752 223 463 209 281 444 890 89 511 525 419 627 982 284 936 76 753 217 482 908 605 901 704 863 955 745 782 685 287 422 688 205 106 608 478 551 111 586 767 887 256 93 0 605 173 714 673 824 896 847 712 645 645 472 
265 825 151 546 964 781 51 463 777 222 10 610 301 265 190 159 159 312 647 566 995 751 686 78 450 179 949 964 367 509 588 700 27 641 629 240 270 255 410 452 798 835 637 74 876 196 837 629 812 440 563 680 74 732 382 438 17 551 768 496 530 680 240 890 310 84 857 280 605 0 804 130 487 612 728 363 250 954 7 405 
834 555 725 333 68 709 751 816 612 532 212 666 877 976 919 715 367 666 512 505 378 779 79 157 714 194 4 981 170 463 300 570 885 108 523 940 745 271 473 931 596 23 359 83 690 837 194 665 608 767 898 672 269 633 361 71 130 660 571 412 640 829 259 477 731 684 447 461 173 804 0 722 796 162 882 480 360 287 550 316 
627 333 8 88 779 519 117 680 546 755 750 315 35 125 953 809 927 644 754 442 842 841 677 899 508 76 15 977 754 213 682 440 667 224 558 483 976 880 124 153 834 190 935 802 716 193 182 217 502 604 863 338 147 115 932 71 827 802 612 571 140 523 899 776 424 694 628 197 714 130 722 0 420 589 527 803 131 445 860 460 
87 315 145 487 683 157 510 693 154 614 614 977 553 590 232 334 75 969 895 858 804 67 314 905 87 56 336 454 341 365 203 866 684 813 89 164 639 240 732 54 890 771 866 450 354 971 178 695 11 573 460 686 639 674 553 863 604 32 352 969 16 653 912 496 743 708 944 199 673 487 796 420 0 326 596 212 720 266 403 499 
604 399 931 460 925 647 674 253 65 453 425 407 230 735 709 573 551 977 790 495 456 48 7 708 805 741 486 907 807 26 182 930 27 731 778 332 107 110 370 781 432 327 79 545 476 650 322 451 410 62 286 673 232 195 73 738 645 687 914 210 837 516 999 660 200 325 489 734 824 612 162 589 326 0 600 172 797 328 508 302 
798 677 100 897 891 365 261 735 930 639 808 319 312 442 750 645 238 470 747 823 521 550 172 845 215 884 922 461 417 865 466 722 312 631 683 80 303 442 656 148 529 312 591 352 119 468 552 900 746 512 355 510 91 54 939 87 858 841 292 830 813 864 333 852 112 655 860 686 896 728 882 527 596 600 0 870 377 207 507 732 
608 68 378 689 196 908 547 268 991 147 402 255 915 419 594 605 255 343 807 877 584 159 689 42 133 69 889 156 900 562 241 327 694 681 159 956 51 543 848 683 374 838 691 521 388 559 820 651 280 754 820 119 652 799 646 230 827 968 839 395 718 331 328 635 902 831 713 797 847 363 480 803 212 172 870 0 978 688 123 140 
329 847 121 118 321 469 903 350 300 144 67 719 470 849 50 698 395 743 695 648 221 323 455 522 969 725 867 556 896 903 361 266 128 414 392 229 78 33 105 695 934 405 593 329 480 538 643 286 177 290 999 705 408 174 965 48 38 39 464 701 739 635 568 258 724 501 274 93 712 250 360 131 720 797 377 978 0 762 327 5 
611 596 961 830 962 232 172 660 227 499 56 481 650 693 16 142 90 528 197 534 678 167 988 307 258 633 308 751 739 509 686 54 66 674 211 918 414 780 628 997 759 871 676 892 189 511 429 402 558 677 580 998 605 336 729 706 208 462 592 667 567 372 946 503 277 307 213 76 645 954 287 445 266 328 207 688 762 0 595 971 
747 440 347 491 630 326 509 337 686 787 610 494 141 696 175 169 121 536 296 379 254 933 484 935 159 534 92 691 437 810 607 478 487 418 944 96 585 351 779 707 912 121 512 695 543 629 702 666 428 479 559 206 997 858 158 323 817 703 737 597 497 651 412 104 334 173 534 674 645 7 550 860 403 508 507 123 327 595 0 439 
334 491 482 394 351 650 640 139 793 760 92 432 663 899 821 730 811 834 739 356 522 17 16 827 229 174 434 256 211 672 457 575 756 458 851 245 50 648 566 568 217 179 503 658 576 534 618 732 67 848 639 792 221 403 898 918 68 313 298 888 934 529 156 457 7 653 27 573 472 405 316 460 499 302 732 140 5 971 439 0 
