10 4
0 574 433 516 753 90 943 104 862 476 
574 0 73 813 412 449 566 465 464 571 
433 73 0 822 210 981 330 25 206 464 
516 813 822 0 245 943 990 689 483 409 
753 412 210 245 0 370 902 776 346 503 
90 449 981 943 370 0 345 945 607 491 
943 566 330 990 902 345 0 220 317 999 
104 465 25 689 776 945 220 0 508 685 
862 464 206 483 346 607 317 508 0 86 
476 571 464 409 503 491 999 685 86 0 
0 848 71 437 961 340 287 837 674 218 
848 0 169 604 7 354 452 259 695 967 
71 169 0 199 296 900 351 903 571 446 
437 604 199 0 768 957 721 590 287 462 
961 7 296 768 0 136 661 712 603 630 
340 354 900 957 136 0 575 637 340 559 
287 452 351 721 661 575 0 676 971 654 
837 259 903 590 712 637 676 0 703 938 
674 695 571 287 603 340 971 703 0 645 
218 967 446 462 630 559 654 938 645 0 
0 188 399 37 145 270 743 107 789 807 
188 0 849 505 904 473 213 904 845 63 
399 849 0 941 324 591 950 294 730 852 
37 505 941 0 446 294 494 62 706 160 
145 904 324 446 0 596 223 558 525 293 
270 473 591 294 596 0 835 495 456 542 
743 213 950 494 223 835 0 305 638 601 
107 904 294 62 558 495 305 0 522 614 
789 845 730 706 525 456 638 522 0 349 
807 63 852 160 293 542 601 614 349 0 
0 95 679 501 231 673 788 209 587 713 
95 0 606 371 865 241 824 448 687 606 
679 606 0 502 420 410 232 120 758 155 
501 371 502 0 138 3 268 91 997 336 
231 865 420 138 0 926 492 378 702 691 
673 241 410 3 926 0 244 497 721 285 
788 824 232 268 492 244 0 613 147 506 
209 448 120 91 378 497 613 0 47 841 
587 687 758 997 702 721 147 47 0 509 
713 606 155 336 691 285 506 841 509 0 
0 159 75 598 246 762 611 354 136 933 
159 0 736 504 756 717 785 380 371 498 
75 736 0 975 877 443 708 27 772 695 
598 504 975 0 318 421 893 465 572 83 
246 756 877 318 0 993 705 479 750 770 
762 717 443 421 993 0 633 740 233 826 
611 785 708 893 705 633 0 141 1 757 
354 380 27 465 479 740 141 0 238 779 
136 371 772 572 750 233 1 238 0 332 
933 498 695 83 770 826 757 779 332 0 
