40 4
0 517 195 327 715 90 387 78 644 92 45 374 501 272 763 488 956 842 729 133 711 836 449 431 608 986 500 648 132 132 188 553 515 94 958 120 302 941 279 182 
517 0 917 814 781 989 132 624 487 235 241 164 635 858 97 269 571 515 782 562 457 757 417 787 327 53 446 193 867 579 839 778 279 694 426 404 284 617 837 529 
195 917 0 282 156 229 295 947 269 695 342 580 344 133 751 424 777 70 442 251 790 620 799 195 919 333 710 598 48 732 196 526 302 470 504 295 808 223 43 839 
327 814 282 0 125 124 207 379 633 813 969 168 433 498 955 53 915 586 909 924 807 329 803 522 164 297 752 138 543 315 411 498 332 261 560 93 875 321 612 179 
715 781 156 125 0 835 898 23 878 622 282 749 698 251 654 678 804 179 918 242 77 517 990 640 230 250 491 522 886 497 873 773 540 543 297 700 718 443 847 648 
90 989 229 124 835 0 189 937 545 527 25 148 266 963 872 232 701 860 436 651 346 137 432 842 925 294 756 155 874 413 267 216 153 188 13 377 19 157 292 557 
387 132 295 207 898 189 0 45 474 18 941 990 81 349 339 408 657 358 193 663 66 987 275 661 650 670 582 287 254 249 330 736 688 795 141 871 384 253 371 232 
78 624 947 379 23 937 45 0 3 941 188 730 428 832 12 774 585 63 234 781 653 169 836 833 389 752 375 732 499 216 165 447 98 321 871 191 40 950 974 680 
644 487 269 633 878 545 474 3 0 281 111 723 594 917 804 60 333 984 482 338 747 612 837 909 986 73 305 515 644 780 661 215 522 306 284 470 277 432 611 498 
92 235 695 813 622 527 18 941 281 0 926 834 995 611 984 718 899 643 498 404 717 753 200 31 226 684 448 588 862 400 155 731 80 165 616 466 98 44 635 100 
45 241 342 969 282 25 941 188 111 926 0 342 36 478 828 472 524 656 442 763 760 261 126 432 470 391 640 607 306 949 164 260 642 602 253 457 494 343 263 70 
374 164 580 168 749 148 990 730 723 834 342 0 211 88 869 676 811 149 520 560 270 40 838 25 125 333 262 325 774 8 454 903 598 52 720 484 489 267 657 717 
501 635 344 433 698 266 81 428 594 995 36 211 0 905 165 882 619 602 102 218 550 668 84 235 42 765 733 813 572 544 622 594 911 70 332 297 80 565 749 793 
272 858 133 498 251 963 349 832 917 611 478 88 905 0 796 730 774 159 701 245 598 11 188 97 51 312 756 345 136 638 20 76 622 31 604 434 136 585 208 990 
763 97 751 955 654 872 339 12 804 984 828 869 165 796 0 718 603 116 51 273 474 497 59 831 55 295 321 332 467 696 210 668 786 40 972 199 165 100 252 316 
488 269 424 53 678 232 408 774 60 718 472 676 882 730 718 0 959 224 239 7 408 164 967 408 102 715 698 906 389 380 7 22 215 523 272 447 509 884 824 274 
956 571 777 915 804 701 657 585 333 899 524 811 619 774 603 959 0 491 690 71 442 134 521 676 718 2 736 478 698 536 602 295 566 152 547 44 935 824 825 407 
842 515 70 586 179 860 358 63 984 643 656 149 602 159 116 224 491 0 328 68 634 40 691 768 594 656 298 318 182 130 924 642 432 962 353 477 676 195 749 795 
729 782 442 909 918 436 193 234 482 498 442 520 102 701 51 239 690 328 0 203 235 677 198 836 483 493 989 652 971 410 31 279 238 818 472 691 301 96 700 911 
133 562 251 924 242 651 663 781 338 404 763 560 218 245 273 7 71 68 203 0 849 625 142 193 221 160 504 299 960 294 771 594 371 551 774 393 47 781 315 20 
711 457 790 807 77 346 66 653 747 717 760 270 550 598 474 408 442 634 235 849 0 594 139 562 815 940 522 307 316 376 4 550 919 258 853 468 531 613 709 452 
836 757 620 329 517 137 987 169 612 753 261 40 668 11 497 164 134 40 677 625 594 0 893 589 53 874 515 623 477 310 517 818 335 919 585 340 982 71 831 947 
449 417 799 803 990 432 275 836 837 200 126 838 84 188 59 967 521 691 198 142 139 893 0 64 485 446 724 897 757 214 752 247 218 934 455 278 749 393 113 503 
431 787 195 522 640 842 661 833 909 31 432 25 235 97 831 408 676 768 836 193 562 589 64 0 360 443 100 933 811 223 290 923 408 343 521 360 421 408 671 219 
608 327 919 164 230 925 650 389 986 226 470 125 42 51 55 102 718 594 483 221 815 53 485 360 0 315 855 553 401 253 980 150 101 698 130 425 145 76 648 158 
986 53 333 297 250 294 670 752 73 684 391 333 765 312 295 715 2 656 493 160 940 874 446 443 315 0 487 64 637 413 536 138 940 880 7 675 684 488 303 731 
500 446 710 752 491 756 582 375 305 448 640 262 733 756 321 698 736 298 989 504 522 515 724 100 855 487 0 985 503 288 185 887 925 926 211 510 387 986 441 807 
648 193 598 138 522 155 287 732 515 588 607 325 813 345 332 906 478 318 652 299 307 623 897 933 553 64 985 0 125 8 829 314 97 100 345 105 367 550 646 79 
132 867 48 543 886 874 254 499 644 862 306 774 572 136 467 389 698 182 971 960 316 477 757 811 401 637 503 125 0 255 736 210 368 926 342 197 575 299 149 850 
132 579 732 315 497 413 249 216 780 400 949 8 544 638 696 380 536 130 410 294 376 310 214 223 253 413 288 8 255 0 78 162 263 222 818 751 760 518 481 134 
188 839 196 411 873 267 330 165 661 155 164 454 622 20 210 7 602 924 31 771 4 517 752 290 980 536 185 829 736 78 0 29 177 694 887 267 41 531 975 770 
553 778 526 498 773 216 736 447 215 731 260 903 594 76 668 22 295 642 279 594 550 818 247 923 150 138 887 314 210 162 29 0 199 458 548 129 581 187 304 79 
515 279 302 332 540 153 688 98 522 80 642 598 911 622 786 215 566 432 238 371 919 335 218 408 101 940 925 97 368 263 177 199 0 19 77 846 290 367 995 243 
94 694 470 261 543 188 795 321 306 165 602 52 70 31 40 523 152 962 818 551 258 919 934 343 698 880 926 100 926 222 694 458 19 0 914 108 122 629 334 497 
958 426 504 560 297 13 141 871 284 616 253 720 332 604 972 272 547 353 472 774 853 585 455 521 130 7 211 345 342 818 887 548 77 914 0 219 267 814 223 305 
120 404 295 93 700 377 871 191 470 466 457 484 297 434 199 447 44 477 691 393 468 340 278 360 425 675 510 105 197 751 267 129 846 108 219 0 398 692 940 280 
302 284 808 875 718 19 384 40 277 98 494 489 80 136 165 509 935 676 301 47 531 982 749 421 145 684 387 367 575 760 41 581 290 122 267 398 0 660 385 511 
941 617 223 321 443 157 253 950 432 44 343 267 565 585 100 884 824 195 96 781 613 71 393 408 76 488 986 550 299 518 531 187 367 629 814 692 660 0 947 828 
279 837 43 612 847 292 371 974 611 635 263 657 749 208 252 824 825 749 700 315 709 831 113 671 648 303 441 646 149 481 975 304 995 334 223 940 385 947 0 415 
182 529 839 179 648 557 232 680 498 100 70 717 793 990 316 274 407 795 911 20 452 947 503 219 158 731 807 79 850 134 770 79 243 497 305 280 511 828 415 0 
0 903 638 253 411 952 447 206 669 742 351 352 515 123 492 560 621 626 423 738 696 843 117 53 937 141 614 410 221 42 449 730 972 63 840 511 330 364 89 547 
903 0 642 827 215 89 831 491 331 3 656 111 513 148 199 5 714 152 562 267 929 128 422 635 362 308 481 91 742 412 207 946 972 112 788 920 216 379 88 908 
638 642 0 346 948 616 926 804 73 973 662 788 99 986 902 830 439 9 951 347 437 112 403 564 82 561 295 180 363 380 741 807 230 451 854 864 657 794 440 131 
253 827 346 0 437 435 449 658 554 84 218 851 437 825 20 115 591 583 624 731 988 265 322 209 317 455 773 192 457 710 746 571 141 768 797 438 920 354 646 509 
411 215 948 437 0 355 484 666 370 522 323 276 890 635 479 605 257 213 946 30 168 154 552 593 927 184 396 430 875 609 442 38 570 708 227 874 35 734 921 114 
952 89 616 435 355 0 856 765 373 384 460 692 362 499 665 773 650 433 177 404 1000 660 41 265 351 119 302 623 404 788 257 984 662 776 563 990 218 547 86 724 
447 831 926 449 484 856 0 802 243 4 666 858 175 521 1 565 207 3 927 529 269 826 294 611 121 623 887 852 117 685 190 894 999 486 336 949 577 694 897 415 
206 491 804 658 666 765 802 0 57 542 309 19 327 551 83 641 969 90 216 815 29 266 237 222 443 172 822 239 787 704 371 853 66 73 633 706 256 706 805 697 
669 331 73 554 370 373 243 57 0 425 529 674 887 886 75 976 701 643 749 984 924 18 123 548 146 944 50 807 76 73 596 379 555 720 721 878 668 702 251 900 
742 3 973 84 522 384 4 542 425 0 944 300 444 105 75 61 96 522 882 972 423 736 399 28 62 792 727 456 70 976 262 90 310 988 279 891 299 703 868 442 
351 656 662 218 323 460 666 309 529 944 0 24 714 35 591 133 135 16 419 120 22 646 904 499 49 772 722 433 163 739 655 412 921 301 442 649 958 146 591 869 
352 111 788 851 276 692 858 19 674 300 24 0 936 857 10 788 389 36 319 841 491 361 274 943 366 674 760 289 46 220 618 983 106 32 722 836 729 685 949 498 
515 513 99 437 890 362 175 327 887 444 714 936 0 766 581 449 706 89 677 355 344 485 579 828 857 574 95 278 590 437 182 942 964 755 173 98 777 600 86 468 
123 148 986 825 635 499 521 551 886 105 35 857 766 0 79 85 332 242 893 901 96 562 813 730 242 816 238 230 806 512 604 726 655 952 905 204 192 463 886 322 
492 199 902 20 479 665 1 83 75 75 591 10 581 79 0 239 935 188 203 614 250 708 489 675 982 307 113 66 385 700 130 964 587 933 10 885 516 101 62 109 
560 5 830 115 605 773 565 641 976 61 133 788 449 85 239 0 786 831 168 759 165 835 453 436 701 497 271 976 611 200 298 640 720 527 738 662 979 143 665 144 
621 714 439 591 257 650 207 969 701 96 135 389 706 332 935 786 0 655 168 724 436 624 129 567 375 832 135 703 833 3 736 964 363 943 68 785 102 485 242 539 
626 152 9 583 213 433 3 90 643 522 16 36 89 242 188 831 655 0 297 681 581 627 648 281 990 660 618 163 907 508 723 948 628 110 985 420 488 96 432 865 
423 562 951 624 946 177 927 216 749 882 419 319 677 893 203 168 168 297 0 270 430 66 49 978 532 865 84 361 345 356 704 573 382 998 162 904 151 436 257 278 
738 267 347 731 30 404 529 815 984 972 120 841 355 901 614 759 724 681 270 0 191 534 974 925 580 954 881 611 486 842 753 738 85 75 609 34 388 424 344 478 
696 929 437 988 168 1000 269 29 924 423 22 491 344 96 250 165 436 581 430 191 0 319 776 757 9 484 436 157 996 468 839 891 338 882 680 621 25 726 576 299 
843 128 112 265 154 660 826 266 18 736 646 361 485 562 708 835 624 627 66 534 319 0 4 40 334 454 638 594 869 23 473 374 183 584 44 988 36 930 156 13 
117 422 403 322 552 41 294 237 123 399 904 274 579 813 489 453 129 648 49 974 776 4 0 25 578 305 396 979 694 94 791 811 290 203 512 629 180 377 448 315 
53 635 564 209 593 265 611 222 548 28 499 943 828 730 675 436 567 281 978 925 757 40 25 0 395 73 393 333 197 465 9 93 912 794 552 628 816 507 516 264 
937 362 82 317 927 351 121 443 146 62 49 366 857 242 982 701 375 990 532 580 9 334 578 395 0 843 892 362 737 178 627 609 288 456 38 95 968 309 61 828 
141 308 561 455 184 119 623 172 944 792 772 674 574 816 307 497 832 660 865 954 484 454 305 73 843 0 552 175 622 422 605 905 762 697 602 300 785 466 837 950 
614 481 295 773 396 302 887 822 50 727 722 760 95 238 113 271 135 618 84 881 436 638 396 393 892 552 0 49 551 851 161 784 461 683 882 591 394 426 608 673 
410 91 180 192 430 623 852 239 807 456 433 289 278 230 66 976 703 163 361 611 157 594 979 333 362 175 49 0 292 201 759 376 842 453 517 650 166 193 397 498 
221 742 363 457 875 404 117 787 76 70 163 46 590 806 385 611 833 907 345 486 996 869 694 197 737 622 551 292 0 93 260 469 299 425 412 961 677 426 86 280 
42 412 380 710 609 788 685 704 73 976 739 220 437 512 700 200 3 508 356 842 468 23 94 465 178 422 851 201 93 0 943 638 946 892 246 313 90 425 78 588 
449 207 741 746 442 257 190 371 596 262 655 618 182 604 130 298 736 723 704 753 839 473 791 9 627 605 161 759 260 943 0 638 528 39 793 423 999 242 63 507 
730 946 807 571 38 984 894 853 379 90 412 983 942 726 964 640 964 948 573 738 891 374 811 93 609 905 784 376 469 638 638 0 723 626 207 745 830 693 532 166 
972 972 230 141 570 662 999 66 555 310 921 106 964 655 587 720 363 628 382 85 338 183 290 912 288 762 461 842 299 946 528 723 0 627 822 876 958 959 40 529 
63 112 451 768 708 776 486 73 720 988 301 32 755 952 933 527 943 110 998 75 882 584 203 794 456 697 683 453 425 892 39 626 627 0 672 52 385 939 560 752 
840 788 854 797 227 563 336 633 721 279 442 722 173 905 10 738 68 985 162 609 680 44 512 552 38 602 882 517 412 246 793 207 822 672 0 21 808 942 651 262 
511 920 864 438 874 990 949 706 878 891 649 836 98 204 885 662 785 420 904 34 621 988 629 628 95 300 591 650 961 313 423 745 876 52 21 0 354 961 272 437 
330 216 657 920 35 218 577 256 668 299 958 729 777 192 516 979 102 488 151 388 25 36 180 816 968 785 394 166 677 90 999 830 958 385 808 354 0 107 911 649 
364 379 794 354 734 547 694 706 702 703 146 685 600 463 101 143 485 96 436 424 726 930 377 507 309 466 426 193 426 425 242 693 959 939 942 961 107 0 773 564 
89 88 440 646 921 86 897 805 251 868 591 949 86 886 62 665 242 432 257 344 576 156 448 516 61 837 608 397 86 78 63 532 40 560 651 272 911 773 0 111 
547 908 131 509 114 724 415 697 900 442 869 498 468 322 109 144 539 865 278 478 299 13 315 264 828 950 673 498 280 588 507 166 529 752 262 437 649 564 111 0 
0 7 465 678 563 81 531 774 746 920 359 583 556 771 323 663 588 217 140 362 118 591 677 579 291 893 622 474 786 964 490 529 139 907 457 747 891 893 996 681 
7 0 448 231 990 115 195 805 722 821 148 869 692 447 295 861 211 718 967 513 402 686 535 24 798 270 806 805 305 860 374 460 96 580 317 534 849 556 722 255 
465 448 0 735 300 681 2 236 706 286 203 580 909 145 67 255 299 828 287 797 844 533 667 663 815 280 560 589 852 107 545 326 242 434 482 123 174 356 793 981 
678 231 735 0 911 539 195 689 199 423 784 329 451 300 608 658 545 386 343 29 445 959 491 208 407 534 59 195 609 331 23 543 741 657 147 525 107 880 85 132 
563 990 300 911 0 915 201 723 622 636 763 852 145 347 965 121 525 567 69 882 471 715 311 648 252 123 440 619 361 574 828 635 232 97 652 62 529 12 216 592 
81 115 681 539 915 0 124 22 697 592 91 632 601 839 97 114 60 645 421 671 593 60 442 444 165 561 432 238 901 6 966 210 669 450 202 196 927 758 277 94 
531 195 2 195 201 124 0 44 932 464 402 794 985 324 474 542 996 613 310 650 771 76 341 498 767 844 119 723 939 607 656 88 284 190 557 27 301 840 447 755 
774 805 236 689 723 22 44 0 674 609 715 786 566 749 794 421 587 898 623 75 959 698 729 912 409 575 692 63 503 755 176 32 766 42 175 754 836 624 177 626 
746 722 706 199 622 697 932 674 0 250 669 399 643 183 535 44 511 859 54 213 298 744 552 112 567 381 889 698 735 704 267 900 466 218 301 384 664 64 665 652 
920 821 286 423 636 592 464 609 250 0 131 662 778 907 914 503 813 671 279 41 65 205 196 966 728 164 384 240 350 230 243 707 859 9 547 377 119 102 88 373 
359 148 203 784 763 91 402 715 669 131 0 896 131 832 372 534 928 866 661 974 858 723 360 572 756 342 421 790 465 73 98 273 440 130 262 281 118 402 147 221 
583 869 580 329 852 632 794 786 399 662 896 0 588 51 646 182 190 851 320 262 491 727 768 615 295 378 26 933 539 283 547 233 674 498 373 271 221 136 342 927 
556 692 909 451 145 601 985 566 643 778 131 588 0 556 804 481 413 666 675 951 959 397 959 166 178 679 997 634 532 618 908 270 890 460 249 933 74 287 907 737 
771 447 145 300 347 839 324 749 183 907 832 51 556 0 582 189 640 410 62 453 854 736 563 496 763 481 835 724 803 800 411 510 636 376 203 876 915 784 272 85 
323 295 67 608 965 97 474 794 535 914 372 646 804 582 0 904 3 217 753 159 625 208 9 198 549 121 483 663 580 775 967 283 354 700 377 23 816 684 139 867 
663 861 255 658 121 114 542 421 44 503 534 182 481 189 904 0 198 402 472 419 671 310 590 621 520 473 647 447 680 660 943 223 304 695 731 596 363 699 562 724 
588 211 299 545 525 60 996 587 511 813 928 190 413 640 3 198 0 773 726 254 563 200 971 400 323 722 274 45 580 633 678 274 729 307 760 382 732 764 563 74 
217 718 828 386 567 645 613 898 859 671 866 851 666 410 217 402 773 0 668 361 367 592 292 924 121 25 122 936 640 645 201 22 653 801 825 423 200 762 316 104 
140 967 287 343 69 421 310 623 54 279 661 320 675 62 753 472 726 668 0 524 536 770 813 580 594 180 623 910 784 994 810 817 798 56 943 321 645 197 36 855 
362 513 797 29 882 671 650 75 213 41 974 262 951 453 159 419 254 361 524 0 552 709 257 62 619 108 236 948 415 45 239 579 910 915 408 791 783 822 284 634 
118 402 844 445 471 593 771 959 298 65 858 491 959 854 625 671 563 367 536 552 0 488 260 669 854 825 71 597 357 399 665 36 598 144 530 463 359 360 481 272 
591 686 533 959 715 60 76 698 744 205 723 727 397 736 208 310 200 592 770 709 488 0 569 970 633 335 797 168 113 567 535 266 775 587 733 23 896 632 566 542 
677 535 667 491 311 442 341 729 552 196 360 768 959 563 9 590 971 292 813 257 260 569 0 637 773 856 727 800 430 281 417 97 841 810 504 579 83 790 473 596 
579 24 663 208 648 444 498 912 112 966 572 615 166 496 198 621 400 924 580 62 669 970 637 0 714 918 66 368 940 418 460 827 360 418 904 161 219 228 969 499 
291 798 815 407 252 165 767 409 567 728 756 295 178 763 549 520 323 121 594 619 854 633 773 714 0 61 166 398 357 837 531 459 959 780 608 616 220 532 838 304 
893 270 280 534 123 561 844 575 381 164 342 378 679 481 121 473 722 25 180 108 825 335 856 918 61 0 628 896 652 538 469 396 823 229 264 611 378 581 251 357 
622 806 560 59 440 432 119 692 889 384 421 26 997 835 483 647 274 122 623 236 71 797 727 66 166 628 0 881 529 119 695 524 365 510 75 470 461 719 779 309 
474 805 589 195 619 238 723 63 698 240 790 933 634 724 663 447 45 936 910 948 597 168 800 368 398 896 881 0 754 730 720 991 91 86 472 76 960 467 586 626 
786 305 852 609 361 901 939 503 735 350 465 539 532 803 580 680 580 640 784 415 357 113 430 940 357 652 529 754 0 845 680 452 519 432 912 594 255 481 789 798 
964 860 107 331 574 6 607 755 704 230 73 283 618 800 775 660 633 645 994 45 399 567 281 418 837 538 119 730 845 0 390 298 46 118 421 417 772 117 762 479 
490 374 545 23 828 966 656 176 267 243 98 547 908 411 967 943 678 201 810 239 665 535 417 460 531 469 695 720 680 390 0 345 225 935 448 771 268 823 988 651 
529 460 326 543 635 210 88 32 900 707 273 233 270 510 283 223 274 22 817 579 36 266 97 827 459 396 524 991 452 298 345 0 251 151 492 287 153 395 1 568 
139 96 242 741 232 669 284 766 466 859 440 674 890 636 354 304 729 653 798 910 598 775 841 360 959 823 365 91 519 46 225 251 0 556 192 256 20 94 246 246 
907 580 434 657 97 450 190 42 218 9 130 498 460 376 700 695 307 801 56 915 144 587 810 418 780 229 510 86 432 118 935 151 556 0 213 972 373 235 382 58 
457 317 482 147 652 202 557 175 301 547 262 373 249 203 377 731 760 825 943 408 530 733 504 904 608 264 75 472 912 421 448 492 192 213 0 705 401 53 456 385 
747 534 123 525 62 196 27 754 384 377 281 271 933 876 23 596 382 423 321 791 463 23 579 161 616 611 470 76 594 417 771 287 256 972 705 0 120 382 494 537 
891 849 174 107 529 927 301 836 664 119 118 221 74 915 816 363 732 200 645 783 359 896 83 219 220 378 461 960 255 772 268 153 20 373 401 120 0 614 505 317 
893 556 356 880 12 758 840 624 64 102 402 136 287 784 684 699 764 762 197 822 360 632 790 228 532 581 719 467 481 117 823 395 94 235 53 382 614 0 824 624 
996 722 793 85 216 277 447 177 665 88 147 342 907 272 139 562 563 316 36 284 481 566 473 969 838 251 779 586 789 762 988 1 246 382 456 494 505 824 0 979 
681 255 981 132 592 94 755 626 652 373 221 927 737 85 867 724 74 104 855 634 272 542 596 499 304 357 309 626 798 479 651 568 246 58 385 537 317 624 979 0 
0 78 278 893 306 224 800 939 379 155 773 164 310 852 104 351 166 405 658 348 595 272 978 964 148 827 769 710 643 437 678 77 520 737 381 467 805 576 680 635 
78 0 551 512 644 949 290 672 822 723 661 920 251 750 219 889 190 997 898 655 82 790 693 171 120 913 921 885 104 702 884 214 9 583 159 687 714 290 584 162 
278 551 0 720 58 556 60 453 985 96 489 151 734 577 646 211 855 435 286 135 242 961 468 104 807 873 935 780 178 943 195 97 747 449 556 462 95 472 587 315 
893 512 720 0 589 388 540 800 272 460 270 45 675 131 799 972 218 151 190 693 55 978 490 663 693 777 493 676 624 181 610 177 991 565 487 236 2 546 267 469 
306 644 58 589 0 903 100 210 419 269 671 987 421 591 994 893 839 518 86 480 435 797 154 745 474 806 612 161 154 614 467 845 333 228 774 151 56 399 858 653 
224 949 556 388 903 0 697 397 626 674 83 750 814 497 241 129 99 888 923 989 362 626 686 562 727 806 808 356 800 347 512 623 687 309 766 14 793 440 439 535 
800 290 60 540 100 697 0 392 471 498 555 683 796 126 667 67 353 586 308 75 968 657 801 201 179 156 248 417 627 309 870 60 764 64 878 754 604 550 577 460 
939 672 453 800 210 397 392 0 760 426 715 963 521 909 721 103 742 43 497 495 975 929 901 977 49 616 398 515 300 236 150 852 717 705 397 106 743 14 402 270 
379 822 985 272 419 626 471 760 0 482 190 140 632 252 334 538 765 101 791 474 195 662 425 600 856 396 92 726 664 531 885 729 573 524 711 634 424 62 955 422 
155 723 96 460 269 674 498 426 482 0 328 814 385 994 389 666 734 454 753 78 807 156 734 853 178 120 260 164 548 6 627 555 951 49 100 345 363 553 187 511 
773 661 489 270 671 83 555 715 190 328 0 686 470 728 329 329 898 969 661 795 935 337 139 433 956 101 590 634 813 163 735 904 266 868 181 429 348 489 393 310 
164 920 151 45 987 750 683 963 140 814 686 0 431 39 518 37 952 893 392 638 3 410 34 389 178 316 327 930 741 624 231 72 951 836 436 302 666 254 308 443 
310 251 734 675 421 814 796 521 632 385 470 431 0 294 727 540 299 847 400 113 864 322 439 671 234 52 888 913 661 660 881 28 212 621 923 495 927 999 497 538 
852 750 577 131 591 497 126 909 252 994 728 39 294 0 811 937 466 979 371 586 499 885 435 326 628 132 560 898 19 402 439 53 65 239 332 217 790 617 331 742 
104 219 646 799 994 241 667 721 334 389 329 518 727 811 0 220 45 708 907 741 750 312 573 132 203 410 543 409 376 565 784 235 2 225 920 229 194 861 504 602 
351 889 211 972 893 129 67 103 538 666 329 37 540 937 220 0 283 109 993 185 794 197 835 282 381 668 533 79 27 848 785 785 610 701 363 163 108 427 939 656 
166 190 855 218 839 99 353 742 765 734 898 952 299 466 45 283 0 465 873 486 211 318 836 835 728 325 657 29 94 930 4 350 533 419 508 37 812 624 428 671 
405 997 435 151 518 888 586 43 101 454 969 893 847 979 708 109 465 0 299 214 124 68 533 467 309 22 734 580 256 814 308 528 325 537 864 569 427 1000 194 48 
658 898 286 190 86 923 308 497 791 753 661 392 400 371 907 993 873 299 0 599 162 618 457 795 500 653 994 256 884 486 657 438 485 499 944 759 977 378 465 548 
348 655 135 693 480 989 75 495 474 78 795 638 113 586 741 185 486 214 599 0 598 26 13 47 110 219 326 541 590 501 144 483 654 469 649 722 688 700 431 784 
595 82 242 55 435 362 968 975 195 807 935 3 864 499 750 794 211 124 162 598 0 272 241 550 895 659 338 757 137 417 137 50 474 554 648 68 704 363 594 900 
272 790 961 978 797 626 657 929 662 156 337 410 322 885 312 197 318 68 618 26 272 0 562 693 744 910 749 513 211 941 795 596 592 196 917 973 740 184 784 609 
978 693 468 490 154 686 801 901 425 734 139 34 439 435 573 835 836 533 457 13 241 562 0 681 754 479 273 271 469 931 4 796 552 948 591 355 672 547 262 74 
964 171 104 663 745 562 201 977 600 853 433 389 671 326 132 282 835 467 795 47 550 693 681 0 22 930 540 689 362 55 966 694 518 688 55 198 108 789 639 636 
148 120 807 693 474 727 179 49 856 178 956 178 234 628 203 381 728 309 500 110 895 744 754 22 0 378 567 428 605 812 243 241 474 788 185 476 594 353 641 588 
827 913 873 777 806 806 156 616 396 120 101 316 52 132 410 668 325 22 653 219 659 910 479 930 378 0 906 732 163 395 427 63 199 687 501 853 323 808 456 96 
769 921 935 493 612 808 248 398 92 260 590 327 888 560 543 533 657 734 994 326 338 749 273 540 567 906 0 824 401 205 717 96 391 640 59 896 417 336 124 955 
710 885 780 676 161 356 417 515 726 164 634 930 913 898 409 79 29 580 256 541 757 513 271 689 428 732 824 0 593 777 498 451 228 598 545 632 808 546 664 324 
643 104 178 624 154 800 627 300 664 548 813 741 661 19 376 27 94 256 884 590 137 211 469 362 605 163 401 593 0 843 886 508 482 163 133 360 844 434 550 988 
437 702 943 181 614 347 309 236 531 6 163 624 660 402 565 848 930 814 486 501 417 941 931 55 812 395 205 777 843 0 749 819 420 666 860 596 869 624 966 723 
678 884 195 610 467 512 870 150 885 627 735 231 881 439 784 785 4 308 657 144 137 795 4 966 243 427 717 498 886 749 0 716 328 733 693 729 144 828 251 282 
77 214 97 177 845 623 60 852 729 555 904 72 28 53 235 785 350 528 438 483 50 596 796 694 241 63 96 451 508 819 716 0 51 912 738 696 34 279 719 716 
520 9 747 991 333 687 764 717 573 951 266 951 212 65 2 610 533 325 485 654 474 592 552 518 474 199 391 228 482 420 328 51 0 578 172 213 369 410 441 484 
737 583 449 565 228 309 64 705 524 49 868 836 621 239 225 701 419 537 499 469 554 196 948 688 788 687 640 598 163 666 733 912 578 0 704 497 458 355 8 239 
381 159 556 487 774 766 878 397 711 100 181 436 923 332 920 363 508 864 944 649 648 917 591 55 185 501 59 545 133 860 693 738 172 704 0 689 99 174 498 729 
467 687 462 236 151 14 754 106 634 345 429 302 495 217 229 163 37 569 759 722 68 973 355 198 476 853 896 632 360 596 729 696 213 497 689 0 362 435 893 394 
805 714 95 2 56 793 604 743 424 363 348 666 927 790 194 108 812 427 977 688 704 740 672 108 594 323 417 808 844 869 144 34 369 458 99 362 0 898 142 665 
576 290 472 546 399 440 550 14 62 553 489 254 999 617 861 427 624 1000 378 700 363 184 547 789 353 808 336 546 434 624 828 279 410 355 174 435 898 0 342 627 
680 584 587 267 858 439 577 402 955 187 393 308 497 331 504 939 428 194 465 431 594 784 262 639 641 456 124 664 550 966 251 719 441 8 498 893 142 342 0 581 
635 162 315 469 653 535 460 270 422 511 310 443 538 742 602 656 671 48 548 784 900 609 74 636 588 96 955 324 988 723 282 716 484 239 729 394 665 627 581 0 
0 109 926 827 148 130 434 941 739 13 422 835 357 388 271 379 884 754 479 579 138 978 465 946 293 491 373 337 440 474 49 559 131 582 271 841 453 716 961 79 
109 0 316 370 592 796 89 421 495 919 623 710 591 373 294 504 487 679 552 471 507 855 779 288 358 804 344 768 640 334 403 204 287 1000 60 49 871 515 218 30 
926 316 0 448 914 597 445 511 708 241 307 659 490 280 270 250 578 712 197 840 435 538 896 772 599 409 325 982 289 654 441 608 547 872 6 204 736 478 415 958 
827 370 448 0 359 534 225 414 274 478 739 506 528 304 639 774 92 143 519 231 649 312 548 788 238 927 241 76 914 924 512 86 340 267 231 416 20 648 511 163 
148 592 914 359 0 726 237 277 961 335 403 774 350 936 775 764 924 842 88 759 922 810 544 591 224 844 776 702 555 303 876 344 294 502 243 114 696 133 164 534 
130 796 597 534 726 0 653 865 201 481 374 306 996 477 73 332 675 779 241 495 207 336 506 853 376 852 940 560 192 447 297 240 492 197 362 147 426 199 943 142 
434 89 445 225 237 653 0 559 248 835 442 276 275 383 868 616 566 248 432 415 301 124 434 480 959 455 917 202 769 106 721 292 59 666 184 484 258 451 446 361 
941 421 511 414 277 865 559 0 702 228 423 771 897 706 90 626 381 929 940 178 716 327 523 667 476 678 412 668 248 775 649 489 888 545 905 659 712 343 359 646 
739 495 708 274 961 201 248 702 0 701 24 72 121 418 740 299 800 237 632 433 354 602 644 355 864 425 787 445 975 870 599 261 596 742 543 250 930 664 771 96 
13 919 241 478 335 481 835 228 701 0 786 820 769 629 460 706 885 429 444 460 515 729 614 835 681 124 223 928 626 45 639 848 154 299 720 565 765 916 53 201 
422 623 307 739 403 374 442 423 24 786 0 294 151 766 597 665 650 864 1000 739 495 303 168 149 729 377 637 582 974 541 470 337 499 320 803 555 155 707 334 127 
835 710 659 506 774 306 276 771 72 820 294 0 549 976 799 272 225 751 469 175 502 406 623 282 829 774 669 513 961 510 755 90 599 666 221 149 136 286 161 439 
357 591 490 528 350 996 275 897 121 769 151 549 0 247 653 69 170 657 554 594 342 462 606 193 394 33 473 899 628 364 393 88 83 305 335 551 990 803 799 400 
388 373 280 304 936 477 383 706 418 629 766 976 247 0 946 931 440 585 703 332 915 429 507 421 493 473 770 338 55 312 729 838 110 554 89 755 920 923 346 300 
271 294 270 639 775 73 868 90 740 460 597 799 653 946 0 354 3 255 294 456 829 723 568 607 435 584 439 978 587 93 699 348 458 64 656 153 903 912 982 944 
379 504 250 774 764 332 616 626 299 706 665 272 69 931 354 0 726 63 582 312 484 187 408 489 10 359 988 199 479 318 255 615 391 339 421 723 967 850 508 518 
884 487 578 92 924 675 566 381 800 885 650 225 170 440 3 726 0 431 484 51 806 727 951 620 911 201 825 224 333 607 660 709 207 8 591 250 934 624 625 90 
754 679 712 143 842 779 248 929 237 429 864 751 657 585 255 63 431 0 215 361 298 797 229 873 236 224 833 922 362 261 661 33 409 881 243 72 633 726 937 625 
479 552 197 519 88 241 432 940 632 444 1000 469 554 703 294 582 484 215 0 376 519 310 523 27 129 770 856 777 748 205 518 564 643 136 565 460 557 829 638 367 
579 471 840 231 759 495 415 178 433 460 739 175 594 332 456 312 51 361 376 0 878 317 145 718 425 236 189 351 745 50 348 46 710 899 272 815 559 472 796 812 
138 507 435 649 922 207 301 716 354 515 495 502 342 915 829 484 806 298 519 878 0 588 376 599 825 395 595 229 551 642 385 120 247 308 196 488 672 173 688 399 
978 855 538 312 810 336 124 327 602 729 303 406 462 429 723 187 727 797 310 317 588 0 650 942 294 220 64 549 439 630 444 596 616 441 534 393 731 35 202 267 
465 779 896 548 544 506 434 523 644 614 168 623 606 507 568 408 951 229 523 145 376 650 0 947 616 957 840 140 427 973 343 384 431 619 410 483 490 589 715 726 
946 288 772 788 591 853 480 667 355 835 149 282 193 421 607 489 620 873 27 718 599 942 947 0 823 667 116 120 987 902 557 724 498 560 91 658 646 874 560 61 
293 358 599 238 224 376 959 476 864 681 729 829 394 493 435 10 911 236 129 425 825 294 616 823 0 283 421 920 280 388 373 375 795 520 415 376 169 758 779 211 
491 804 409 927 844 852 455 678 425 124 377 774 33 473 584 359 201 224 770 236 395 220 957 667 283 0 807 736 320 718 511 387 184 568 402 781 921 548 95 452 
373 344 325 241 776 940 917 412 787 223 637 669 473 770 439 988 825 833 856 189 595 64 840 116 421 807 0 523 478 600 760 283 176 72 10 111 972 858 465 574 
337 768 982 76 702 560 202 668 445 928 582 513 899 338 978 199 224 922 777 351 229 549 140 120 920 736 523 0 6 338 400 924 114 204 547 833 843 129 330 235 
440 640 289 914 555 192 769 248 975 626 974 961 628 55 587 479 333 362 748 745 551 439 427 987 280 320 478 6 0 699 894 46 6 446 502 546 474 644 962 269 
474 334 654 924 303 447 106 775 870 45 541 510 364 312 93 318 607 261 205 50 642 630 973 902 388 718 600 338 699 0 414 168 318 813 863 496 842 197 656 201 
49 403 441 512 876 297 721 649 599 639 470 755 393 729 699 255 660 661 518 348 385 444 343 557 373 511 760 400 894 414 0 452 39 436 112 439 153 376 429 707 
559 204 608 86 344 240 292 489 261 848 337 90 88 838 348 615 709 33 564 46 120 596 384 724 375 387 283 924 46 168 452 0 773 270 120 30 860 238 530 941 
131 287 547 340 294 492 59 888 596 154 499 599 83 110 458 391 207 409 643 710 247 616 431 498 795 184 176 114 6 318 39 773 0 135 516 224 26 892 677 277 
582 1000 872 267 502 197 666 545 742 299 320 666 305 554 64 339 8 881 136 899 308 441 619 560 520 568 72 204 446 813 436 270 135 0 385 922 75 640 775 374 
271 60 6 231 243 362 184 905 543 720 803 221 335 89 656 421 591 243 565 272 196 534 410 91 415 402 10 547 502 863 112 120 516 385 0 491 590 168 625 792 
841 49 204 416 114 147 484 659 250 565 555 149 551 755 153 723 250 72 460 815 488 393 483 658 376 781 111 833 546 496 439 30 224 922 491 0 740 451 656 775 
453 871 736 20 696 426 258 712 930 765 155 136 990 920 903 967 934 633 557 559 672 731 490 646 169 921 972 843 474 842 153 860 26 75 590 740 0 987 441 334 
716 515 478 648 133 199 451 343 664 916 707 286 803 923 912 850 624 726 829 472 173 35 589 874 758 548 858 129 644 197 376 238 892 640 168 451 987 0 636 90 
961 218 415 511 164 943 446 359 771 53 334 161 799 346 982 508 625 937 638 796 688 202 715 560 779 95 465 330 962 656 429 530 677 775 625 656 441 636 0 943 
79 30 958 163 534 142 361 646 96 201 127 439 400 300 944 518 90 625 367 812 399 267 726 61 211 452 574 235 269 201 707 941 277 374 792 775 334 90 943 0 
