60 2
0 14 99 112 80 226 826 829 692 877 168 840 462 329 72 860 146 888 763 76 791 822 523 818 392 659 553 634 690 582 118 487 627 877 992 15 580 264 164 366 913 949 160 147 962 650 310 927 702 197 912 23 997 15 986 836 535 715 260 582 
14 0 151 312 761 993 472 164 90 499 61 74 202 854 937 113 933 820 105 132 321 513 752 703 215 223 73 475 513 70 340 287 593 862 882 823 759 689 248 850 171 935 141 261 168 573 361 33 624 610 427 559 30 507 717 124 333 496 861 699 
99 151 0 212 583 175 857 949 482 926 482 353 431 81 190 257 289 638 669 43 360 418 173 548 999 288 992 381 603 823 12 11 697 224 101 53 630 990 286 592 635 629 70 831 512 449 138 852 598 380 986 478 81 208 168 825 792 377 325 1 
112 312 212 0 674 334 674 555 996 312 550 19 976 521 448 189 767 58 308 969 894 209 902 428 505 166 858 801 735 471 685 994 851 17 368 42 142 640 909 499 852 813 901 904 583 402 849 594 868 105 187 916 135 802 15 503 978 124 436 799 
80 761 583 674 0 994 399 932 512 109 893 64 121 509 161 659 108 812 819 488 7 27 124 589 759 568 913 484 871 613 966 52 219 154 662 490 458 170 383 534 147 750 68 270 356 972 558 325 112 548 475 662 132 187 74 140 770 318 953 99 
226 993 175 334 994 0 758 207 308 496 637 211 485 445 899 587 461 806 213 514 257 795 765 545 498 319 59 75 164 651 927 492 589 112 80 32 442 484 457 212 523 444 655 119 754 230 383 221 707 16 555 585 555 511 219 701 533 83 886 111 
826 472 857 674 399 758 0 733 661 783 949 938 857 553 376 252 686 266 3 935 531 921 115 159 103 458 350 181 530 840 114 263 438 630 335 809 532 134 426 613 423 977 436 447 509 936 891 169 620 375 162 169 459 116 26 999 524 357 527 146 
829 164 949 555 932 207 733 0 375 138 553 648 593 109 601 579 639 56 809 401 465 699 762 265 379 14 894 858 179 781 372 963 722 518 875 810 571 152 239 232 851 316 23 26 864 133 919 8 981 644 452 455 315 156 773 656 362 253 336 23 
692 90 482 996 512 308 661 375 0 298 927 406 668 726 285 642 90 970 41 211 68 354 94 795 857 529 189 58 194 113 554 615 993 994 700 252 72 196 627 606 836 411 35 942 849 431 405 158 736 697 394 558 363 699 81 21 899 850 820 536 
877 499 926 312 109 496 783 138 298 0 86 173 687 349 648 513 649 539 265 757 536 32 493 719 464 858 601 410 577 141 501 152 162 112 66 581 607 23 920 744 467 962 855 882 677 863 679 391 566 957 750 805 875 262 665 373 501 8 118 930 
168 61 482 550 893 637 949 553 927 86 0 310 93 948 927 713 77 302 907 776 806 393 627 731 426 855 366 398 149 913 692 126 669 150 829 610 556 459 432 660 270 28 469 719 786 270 955 70 555 679 192 868 436 358 614 778 517 29 697 496 
840 74 353 19 64 211 938 648 406 173 310 0 717 768 299 308 170 832 476 671 833 220 972 222 954 226 398 398 380 336 312 712 707 502 63 545 840 676 72 605 27 401 9 755 689 315 168 823 659 598 409 262 356 586 548 456 189 46 644 990 
462 202 431 976 121 485 857 593 668 687 93 717 0 428 243 632 371 331 380 534 671 969 343 168 824 647 498 914 711 878 261 371 752 312 776 39 901 409 906 156 333 269 724 745 284 125 935 417 555 240 712 315 269 933 124 184 984 299 539 633 
329 854 81 521 509 445 553 109 726 349 948 768 428 0 907 409 457 710 774 200 436 439 699 402 591 44 809 808 234 925 800 312 557 676 496 945 677 281 112 19 497 220 341 737 424 226 612 636 964 465 970 527 339 624 278 316 9 297 764 476 
72 937 190 448 161 899 376 601 285 648 927 299 243 907 0 838 737 76 205 705 827 853 138 811 517 819 818 855 339 21 575 156 19 509 593 958 377 913 825 902 883 795 824 545 842 499 99 220 573 962 543 996 598 754 308 60 728 533 983 153 
860 113 257 189 659 587 252 579 642 513 713 308 632 409 838 0 495 862 904 715 416 847 576 716 922 427 475 714 650 946 164 633 195 58 114 617 987 293 556 67 435 45 272 534 951 507 142 629 9 913 59 648 650 738 180 77 313 954 978 176 
146 933 289 767 108 461 686 639 90 649 77 170 371 457 737 495 0 302 863 230 376 185 303 359 427 180 835 329 820 655 535 813 255 805 802 571 146 103 69 335 333 662 320 871 402 393 426 761 531 160 811 409 595 794 399 108 335 180 564 804 
888 820 638 58 812 806 266 56 970 539 302 832 331 710 76 862 302 0 136 468 885 695 727 473 108 730 24 749 753 902 718 422 523 635 986 55 325 662 539 846 77 422 274 958 639 696 67 113 201 929 66 907 32 986 687 241 320 170 950 320 
763 105 669 308 819 213 3 809 41 265 907 476 380 774 205 904 863 136 0 666 690 110 621 908 99 495 88 711 148 87 355 516 137 534 841 440 793 988 554 513 306 382 250 819 338 868 293 38 207 317 30 516 482 31 779 83 812 358 826 949 
76 132 43 969 488 514 935 401 211 757 776 671 534 200 705 715 230 468 666 0 18 828 151 786 699 823 477 847 929 32 428 178 932 250 651 874 425 850 473 225 684 590 467 265 675 626 113 890 466 82 621 665 781 494 218 996 213 191 370 560 
791 321 360 894 7 257 531 465 68 536 806 833 671 436 827 416 376 885 690 18 0 800 206 170 629 799 69 693 497 943 544 34 945 947 226 441 386 848 970 541 252 515 89 935 711 302 112 444 298 509 307 488 874 344 294 947 600 106 880 468 
822 513 418 209 27 795 921 699 354 32 393 220 969 439 853 847 185 695 110 828 800 0 817 959 918 221 663 215 224 437 852 515 475 922 605 802 984 574 636 572 347 639 149 17 127 828 652 713 145 289 531 983 823 731 855 711 861 802 680 266 
523 752 173 902 124 765 115 762 94 493 627 972 343 699 138 576 303 727 621 151 206 817 0 140 97 656 817 885 804 25 39 531 57 31 400 521 902 598 721 564 295 279 837 388 897 697 204 538 358 506 182 692 930 462 299 107 444 675 618 423 
818 703 548 428 589 545 159 265 795 719 731 222 168 402 811 716 359 473 908 786 170 959 140 0 382 260 408 410 752 677 94 741 954 144 311 62 481 314 82 988 840 37 523 488 345 237 673 881 634 893 736 96 805 412 467 639 871 246 614 810 
392 215 999 505 759 498 103 379 857 464 426 954 824 591 517 922 427 108 99 699 629 918 97 382 0 763 646 221 764 946 146 840 233 369 853 970 344 286 334 517 838 226 445 547 263 352 337 817 851 924 934 116 902 472 29 802 721 834 602 654 
659 223 288 166 568 319 458 14 529 858 855 226 647 44 819 427 180 730 495 823 799 221 656 260 763 0 552 934 225 648 233 697 72 919 616 462 924 762 68 683 3 103 220 614 220 521 461 991 343 982 583 233 765 986 874 858 72 577 584 672 
553 73 992 858 913 59 350 894 189 601 366 398 498 809 818 475 835 24 88 477 69 663 817 408 646 552 0 971 42 713 470 833 498 304 142 446 891 558 51 702 309 812 521 100 999 400 544 12 233 343 963 745 263 916 392 585 559 495 496 431 
634 475 381 801 484 75 181 858 58 410 398 398 914 808 855 714 329 749 711 847 693 215 885 410 221 934 971 0 545 348 921 306 486 453 214 500 888 904 559 271 307 236 75 77 32 957 100 14 172 864 786 661 320 927 811 44 243 945 291 179 
690 513 603 735 871 164 530 179 194 577 149 380 711 234 339 650 820 753 148 929 497 224 804 752 764 225 42 545 0 253 1 337 28 937 13 110 604 738 584 94 141 87 795 827 230 996 80 520 994 286 647 311 3 676 443 286 854 459 532 15 
582 70 823 471 613 651 840 781 113 141 913 336 878 925 21 946 655 902 87 32 943 437 25 677 946 648 713 348 253 0 592 762 453 191 760 813 442 620 95 49 922 342 457 586 899 358 534 214 250 862 929 115 961 732 429 648 46 825 178 90 
118 340 12 685 966 927 114 372 554 501 692 312 261 800 575 164 535 718 355 428 544 852 39 94 146 233 470 921 1 592 0 72 884 864 499 401 937 797 929 128 263 809 399 489 710 145 535 345 239 177 753 457 761 125 387 430 644 641 394 314 
487 287 11 994 52 492 263 963 615 152 126 712 371 312 156 633 813 422 516 178 34 515 531 741 840 697 833 306 337 762 72 0 790 438 364 106 234 240 206 253 889 813 8 330 985 755 539 647 893 579 843 930 924 181 182 144 521 65 44 499 
627 593 697 851 219 589 438 722 993 162 669 707 752 557 19 195 255 523 137 932 945 475 57 954 233 72 498 486 28 453 884 790 0 31 313 921 899 254 611 442 237 498 27 976 551 936 989 576 723 851 307 377 365 453 910 68 582 636 787 477 
877 862 224 17 154 112 630 518 994 112 150 502 312 676 509 58 805 635 534 250 947 922 31 144 369 919 304 453 937 191 864 438 31 0 821 495 638 978 668 228 122 935 507 239 149 351 48 403 73 613 361 699 953 70 485 254 900 907 269 734 
992 882 101 368 662 80 335 875 700 66 829 63 776 496 593 114 802 986 841 651 226 605 400 311 853 616 142 214 13 760 499 364 313 821 0 267 839 605 982 876 524 244 398 786 232 817 593 431 135 120 23 327 207 337 909 159 888 28 878 483 
15 823 53 42 490 32 809 810 252 581 610 545 39 945 958 617 571 55 440 874 441 802 521 62 970 462 446 500 110 813 401 106 921 495 267 0 474 398 137 428 204 307 834 936 38 836 831 919 325 408 772 166 486 493 396 438 611 588 475 696 
580 759 630 142 458 442 532 571 72 607 556 840 901 677 377 987 146 325 793 425 386 984 902 481 344 924 891 888 604 442 937 234 899 638 839 474 0 910 854 940 194 1 290 412 663 841 755 848 704 459 824 547 143 142 375 371 932 871 279 660 
264 689 990 640 170 484 134 152 196 23 459 676 409 281 913 293 103 662 988 850 848 574 598 314 286 762 558 904 738 620 797 240 254 978 605 398 910 0 386 320 861 703 147 569 415 382 732 501 91 367 441 332 158 596 7 251 154 524 101 908 
164 248 286 909 383 457 426 239 627 920 432 72 906 112 825 556 69 539 554 473 970 636 721 82 334 68 51 559 584 95 929 206 611 668 982 137 854 386 0 160 84 81 158 37 517 695 82 75 78 752 904 862 983 236 653 502 579 480 843 694 
366 850 592 499 534 212 613 232 606 744 660 605 156 19 902 67 335 846 513 225 541 572 564 988 517 683 702 271 94 49 128 253 442 228 876 428 940 320 160 0 315 922 95 210 960 433 476 213 950 462 186 383 552 476 235 846 566 336 742 324 
913 171 635 852 147 523 423 851 836 467 270 27 333 497 883 435 333 77 306 684 252 347 295 840 838 3 309 307 141 922 263 889 237 122 524 204 194 861 84 315 0 142 207 866 498 173 38 713 328 677 839 733 249 529 667 478 216 79 48 211 
949 935 629 813 750 444 977 316 411 962 28 401 269 220 795 45 662 422 382 590 515 639 279 37 226 103 812 236 87 342 809 813 498 935 244 307 1 703 81 922 142 0 299 638 287 475 328 800 669 405 817 739 955 924 774 419 594 337 971 413 
160 141 70 901 68 655 436 23 35 855 469 9 724 341 824 272 320 274 250 467 89 149 837 523 445 220 521 75 795 457 399 8 27 507 398 834 290 147 158 95 207 299 0 354 607 27 649 879 775 568 800 264 395 704 512 860 888 718 768 91 
147 261 831 904 270 119 447 26 942 882 719 755 745 737 545 534 871 958 819 265 935 17 388 488 547 614 100 77 827 586 489 330 976 239 786 936 412 569 37 210 866 638 354 0 34 30 571 567 598 848 471 18 413 696 530 782 215 502 336 555 
962 168 512 583 356 754 509 864 849 677 786 689 284 424 842 951 402 639 338 675 711 127 897 345 263 220 999 32 230 899 710 985 551 149 232 38 663 415 517 960 498 287 607 34 0 408 182 951 185 99 745 470 726 697 424 292 800 778 891 191 
650 573 449 402 972 230 936 133 431 863 270 315 125 226 499 507 393 696 868 626 302 828 697 237 352 521 400 957 996 358 145 755 936 351 817 836 841 382 695 433 173 475 27 30 408 0 670 266 296 310 562 755 5 235 169 420 753 273 771 619 
310 361 138 849 558 383 891 919 405 679 955 168 935 612 99 142 426 67 293 113 112 652 204 673 337 461 544 100 80 534 535 539 989 48 593 831 755 732 82 476 38 328 649 571 182 670 0 749 4 453 586 804 780 945 602 771 773 644 6 654 
927 33 852 594 325 221 169 8 158 391 70 823 417 636 220 629 761 113 38 890 444 713 538 881 817 991 12 14 520 214 345 647 576 403 431 919 848 501 75 213 713 800 879 567 951 266 749 0 188 544 590 480 306 935 320 80 145 125 715 923 
702 624 598 868 112 707 620 981 736 566 555 659 555 964 573 9 531 201 207 466 298 145 358 634 851 343 233 172 994 250 239 893 723 73 135 325 704 91 78 950 328 669 775 598 185 296 4 188 0 574 454 968 153 555 454 533 241 39 127 924 
197 610 380 105 548 16 375 644 697 957 679 598 240 465 962 913 160 929 317 82 509 289 506 893 924 982 343 864 286 862 177 579 851 613 120 408 459 367 752 462 677 405 568 848 99 310 453 544 574 0 683 437 727 156 199 589 440 662 318 459 
912 427 986 187 475 555 162 452 394 750 192 409 712 970 543 59 811 66 30 621 307 531 182 736 934 583 963 786 647 929 753 843 307 361 23 772 824 441 904 186 839 817 800 471 745 562 586 590 454 683 0 777 386 488 389 311 404 764 848 253 
23 559 478 916 662 585 169 455 558 805 868 262 315 527 996 648 409 907 516 665 488 983 692 96 116 233 745 661 311 115 457 930 377 699 327 166 547 332 862 383 733 739 264 18 470 755 804 480 968 437 777 0 198 523 308 70 866 801 455 878 
997 30 81 135 132 555 459 315 363 875 436 356 269 339 598 650 595 32 482 781 874 823 930 805 902 765 263 320 3 961 761 924 365 953 207 486 143 158 983 552 249 955 395 413 726 5 780 306 153 727 386 198 0 909 138 156 480 921 754 282 
15 507 208 802 187 511 116 156 699 262 358 586 933 624 754 738 794 986 31 494 344 731 462 412 472 986 916 927 676 732 125 181 453 70 337 493 142 596 236 476 529 924 704 696 697 235 945 935 555 156 488 523 909 0 793 944 102 569 760 188 
986 717 168 15 74 219 26 773 81 665 614 548 124 278 308 180 399 687 779 218 294 855 299 467 29 874 392 811 443 429 387 182 910 485 909 396 375 7 653 235 667 774 512 530 424 169 602 320 454 199 389 308 138 793 0 280 293 402 862 190 
836 124 825 503 140 701 999 656 21 373 778 456 184 316 60 77 108 241 83 996 947 711 107 639 802 858 585 44 286 648 430 144 68 254 159 438 371 251 502 846 478 419 860 782 292 420 771 80 533 589 311 70 156 944 280 0 788 949 108 54 
535 333 792 978 770 533 524 362 899 501 517 189 984 9 728 313 335 320 812 213 600 861 444 871 721 72 559 243 854 46 644 521 582 900 888 611 932 154 579 566 216 594 888 215 800 753 773 145 241 440 404 866 480 102 293 788 0 143 42 460 
715 496 377 124 318 83 357 253 850 8 29 46 299 297 533 954 180 170 358 191 106 802 675 246 834 577 495 945 459 825 641 65 636 907 28 588 871 524 480 336 79 337 718 502 778 273 644 125 39 662 764 801 921 569 402 949 143 0 340 562 
260 861 325 436 953 886 527 336 820 118 697 644 539 764 983 978 564 950 826 370 880 680 618 614 602 584 496 291 532 178 394 44 787 269 878 475 279 101 843 742 48 971 768 336 891 771 6 715 127 318 848 455 754 760 862 108 42 340 0 342 
582 699 1 799 99 111 146 23 536 930 496 990 633 476 153 176 804 320 949 560 468 266 423 810 654 672 431 179 15 90 314 499 477 734 483 696 660 908 694 324 211 413 91 555 191 619 654 923 924 459 253 878 282 188 190 54 460 562 342 0 
0 674 200 595 303 316 432 452 985 808 550 778 750 428 349 166 286 992 927 536 234 606 256 514 91 956 738 945 828 192 88 989 389 367 597 940 925 100 410 741 95 172 209 335 843 757 976 721 499 289 11 222 314 401 586 467 968 193 628 530 
674 0 950 707 368 315 602 733 631 404 590 731 646 878 386 857 150 100 177 131 218 418 296 637 670 185 512 580 364 477 415 499 898 449 971 606 121 532 146 730 29 699 784 349 327 428 796 111 345 416 947 966 361 259 547 71 154 519 157 762 
200 950 0 374 956 514 990 263 36 289 130 446 739 72 685 427 339 121 301 302 94 348 199 348 579 487 816 922 424 920 371 385 877 928 745 295 948 673 322 455 494 609 914 218 99 148 554 367 954 67 26 113 4 472 3 580 316 343 254 96 
595 707 374 0 432 182 410 29 692 702 857 213 94 488 505 590 104 871 868 427 97 257 113 457 735 860 682 425 659 152 789 363 436 964 644 957 43 471 791 829 936 825 457 55 791 522 738 390 16 550 639 936 83 233 871 616 17 718 880 419 
303 368 956 432 0 215 411 953 829 845 256 68 680 504 125 477 743 880 988 568 822 646 573 254 225 865 626 352 366 436 725 225 561 174 171 88 28 599 998 877 621 832 856 569 352 435 358 248 567 409 340 847 885 872 891 979 989 27 338 834 
316 315 514 182 215 0 954 567 695 484 735 529 94 832 198 139 797 743 302 197 265 491 950 380 697 1 82 242 325 274 471 935 765 262 1 257 626 677 67 499 857 892 325 494 145 712 193 906 101 633 164 32 649 662 681 1 571 23 441 455 
432 602 990 410 411 954 0 632 519 494 772 255 510 310 171 100 897 311 292 108 760 965 134 402 62 610 398 954 587 971 482 926 892 922 958 410 394 223 306 505 525 172 500 718 69 310 563 671 621 710 739 127 299 314 511 47 301 759 560 345 
452 733 263 29 953 567 632 0 944 307 133 142 490 612 775 117 861 381 172 223 74 639 467 520 620 851 401 385 371 911 82 346 183 823 985 598 263 585 794 168 944 227 156 341 102 622 745 396 920 379 742 894 303 971 809 953 228 102 644 384 
985 631 36 692 829 695 519 944 0 113 174 845 742 536 871 245 331 487 277 967 749 861 61 884 789 308 73 857 750 565 196 118 977 879 166 965 3 322 921 34 33 471 611 113 876 975 597 631 25 385 881 799 18 750 34 185 657 83 756 358 
808 404 289 702 845 484 494 307 113 0 36 727 870 122 144 933 555 951 358 826 405 395 548 478 999 740 943 493 235 86 966 377 674 919 138 700 208 495 282 506 567 249 687 650 876 175 951 439 868 369 662 106 344 57 502 695 587 599 103 110 
550 590 130 857 256 735 772 133 174 36 0 131 906 527 511 400 584 384 472 554 663 178 241 95 237 673 224 572 973 344 286 575 99 167 724 154 886 806 130 590 720 439 634 842 204 85 157 19 579 590 660 42 206 20 12 820 946 871 396 446 
778 731 446 213 68 529 255 142 845 727 131 0 662 482 921 442 896 966 737 396 549 318 819 536 100 47 111 924 895 334 114 411 2 322 26 141 849 289 864 369 261 212 764 329 565 745 183 570 248 112 533 93 568 946 600 373 164 932 94 883 
750 646 739 94 680 94 510 490 742 870 906 662 0 497 156 120 802 695 34 896 444 39 767 91 131 336 109 328 832 443 635 210 522 959 611 830 975 868 905 835 765 120 240 876 802 669 961 461 27 580 457 615 316 191 714 280 873 372 962 703 
428 878 72 488 504 832 310 612 536 122 527 482 497 0 264 736 120 302 111 362 98 766 389 284 690 980 214 819 993 522 876 815 433 924 20 734 716 140 11 648 160 331 772 467 735 530 615 385 811 489 993 608 691 403 792 909 394 307 124 806 
349 386 685 505 125 198 171 775 871 144 511 921 156 264 0 660 489 676 779 211 685 235 99 382 838 66 379 832 766 438 775 599 152 978 890 137 1 186 862 973 96 881 355 601 365 293 851 925 695 553 914 201 136 756 961 212 235 15 49 424 
166 857 427 590 477 139 100 117 245 933 400 442 120 736 660 0 43 507 745 782 609 819 128 958 961 241 231 838 609 102 755 88 791 617 871 677 252 339 25 834 790 719 126 617 357 335 46 574 605 443 535 326 51 493 422 784 86 62 888 801 
286 150 339 104 743 797 897 861 331 555 584 896 802 120 489 43 0 11 406 338 682 252 102 951 626 56 659 250 927 917 567 26 751 623 116 78 819 374 410 629 768 489 999 706 440 496 212 102 13 441 850 387 343 498 178 597 933 452 176 696 
992 100 121 871 880 743 311 381 487 951 384 966 695 302 676 507 11 0 804 198 401 593 141 462 226 344 893 293 877 884 758 830 473 419 347 202 456 762 611 604 393 856 197 947 354 754 820 317 206 489 148 930 865 795 419 107 988 797 492 913 
927 177 301 868 988 302 292 172 277 358 472 737 34 111 779 745 406 804 0 726 863 641 60 943 313 516 209 278 626 320 267 952 859 652 822 964 36 471 85 467 230 987 532 355 816 914 151 559 175 384 830 170 355 298 102 508 396 459 229 300 
536 131 302 427 568 197 108 223 967 826 554 396 896 362 211 782 338 198 726 0 89 717 365 831 221 245 19 655 320 876 133 949 468 583 480 558 117 296 887 832 408 766 647 429 213 541 513 193 931 405 663 321 799 198 606 906 968 453 836 124 
234 218 94 97 822 265 760 74 749 405 663 549 444 98 685 609 682 401 863 89 0 155 366 165 398 68 835 998 113 404 545 269 782 58 336 507 50 394 992 79 96 811 605 44 123 371 406 231 472 903 132 439 577 371 300 796 516 628 525 637 
606 418 348 257 646 491 965 639 861 395 178 318 39 766 235 819 252 593 641 717 155 0 901 861 140 978 764 741 460 698 590 546 118 221 296 107 515 441 810 529 664 265 950 172 483 56 90 769 188 767 216 984 837 308 64 515 196 784 139 76 
256 296 199 113 573 950 134 467 61 548 241 819 767 389 99 128 102 141 60 365 366 901 0 378 536 567 817 715 47 301 371 832 465 26 697 493 528 952 677 884 788 841 738 485 652 288 515 764 410 67 376 592 951 485 641 496 409 218 593 341 
514 637 348 457 254 380 402 520 884 478 95 536 91 284 382 958 951 462 943 831 165 861 378 0 550 177 300 945 842 30 201 989 168 988 745 176 936 866 874 267 651 747 626 183 712 758 966 130 911 513 81 448 373 983 674 964 848 541 613 394 
91 670 579 735 225 697 62 620 789 999 237 100 131 690 838 961 626 226 313 221 398 140 536 550 0 449 337 550 75 894 645 543 134 833 695 219 551 187 543 742 536 76 261 284 677 243 869 476 819 272 864 335 626 637 413 178 870 777 39 628 
956 185 487 860 865 1 610 851 308 740 673 47 336 980 66 241 56 344 516 245 68 978 567 177 449 0 957 415 364 857 858 462 567 176 775 608 735 178 435 898 164 174 828 403 100 424 721 528 28 24 200 554 913 271 11 469 155 559 757 636 
738 512 816 682 626 82 398 401 73 943 224 111 109 214 379 231 659 893 209 19 835 764 817 300 337 957 0 959 739 587 112 562 987 237 806 271 109 432 463 529 240 381 890 777 622 243 204 217 297 429 891 609 709 857 583 936 940 571 683 628 
945 580 922 425 352 242 954 385 857 493 572 924 328 819 832 838 250 293 278 655 998 741 715 945 550 415 959 0 402 885 400 778 746 929 212 912 207 233 748 365 454 711 836 856 870 133 440 100 765 976 389 695 937 786 576 660 22 749 961 151 
828 364 424 659 366 325 587 371 750 235 973 895 832 993 766 609 927 877 626 320 113 460 47 842 75 364 739 402 0 44 67 626 689 968 670 99 267 955 166 584 66 518 249 907 571 189 882 55 724 61 297 42 939 963 10 597 6 206 480 145 
192 477 920 152 436 274 971 911 565 86 344 334 443 522 438 102 917 884 320 876 404 698 301 30 894 857 587 885 44 0 187 739 283 544 452 199 966 286 52 861 17 811 338 2 499 162 481 832 945 442 387 133 956 866 643 270 890 22 749 343 
88 415 371 789 725 471 482 82 196 966 286 114 635 876 775 755 567 758 267 133 545 590 371 201 645 858 112 400 67 187 0 298 69 561 374 384 195 444 931 592 1000 388 54 624 711 45 353 44 920 789 64 455 976 238 392 655 713 649 86 306 
989 499 385 363 225 935 926 346 118 377 575 411 210 815 599 88 26 830 952 949 269 546 832 989 543 462 562 778 626 739 298 0 353 561 754 876 111 636 556 682 474 173 924 873 542 777 640 302 128 870 636 212 804 732 783 812 113 445 138 320 
389 898 877 436 561 765 892 183 977 674 99 2 522 433 152 791 751 473 859 468 782 118 465 168 134 567 987 746 689 283 69 353 0 848 908 368 675 272 675 409 318 195 388 962 984 473 840 636 31 611 560 1000 967 182 819 78 699 93 575 217 
367 449 928 964 174 262 922 823 879 919 167 322 959 924 978 617 623 419 652 583 58 221 26 988 833 176 237 929 968 544 561 561 848 0 911 862 971 879 644 77 26 794 849 881 11 758 912 996 458 466 287 500 284 187 103 58 603 136 719 548 
597 971 745 644 171 1 958 985 166 138 724 26 611 20 890 871 116 347 822 480 336 296 697 745 695 775 806 212 670 452 374 754 908 911 0 769 977 723 334 730 50 998 491 329 819 975 425 100 770 408 653 801 269 459 910 532 640 387 664 194 
940 606 295 957 88 257 410 598 965 700 154 141 830 734 137 677 78 202 964 558 507 107 493 176 219 608 271 912 99 199 384 876 368 862 769 0 692 843 521 157 521 360 70 179 709 943 892 908 255 332 374 523 663 233 226 506 216 735 727 256 
925 121 948 43 28 626 394 263 3 208 886 849 975 716 1 252 819 456 36 117 50 515 528 936 551 735 109 207 267 966 195 111 675 971 977 692 0 282 939 155 806 452 940 561 34 750 480 460 708 184 535 451 712 64 281 604 378 146 384 12 
100 532 673 471 599 677 223 585 322 495 806 289 868 140 186 339 374 762 471 296 394 441 952 866 187 178 432 233 955 286 444 636 272 879 723 843 282 0 441 357 185 458 495 942 32 223 304 381 586 149 430 416 573 398 228 887 48 364 376 737 
410 146 322 791 998 67 306 794 921 282 130 864 905 11 862 25 410 611 85 887 992 810 677 874 543 435 463 748 166 52 931 556 675 644 334 521 939 441 0 602 225 953 174 352 845 981 216 7 819 7 62 443 696 166 378 273 561 231 624 225 
741 730 455 829 877 499 505 168 34 506 590 369 835 648 973 834 629 604 467 832 79 529 884 267 742 898 529 365 584 861 592 682 409 77 730 157 155 357 602 0 57 934 495 888 25 224 671 905 318 45 903 859 1 768 385 570 518 565 701 700 
95 29 494 936 621 857 525 944 33 567 720 261 765 160 96 790 768 393 230 408 96 664 788 651 536 164 240 454 66 17 1000 474 318 26 50 521 806 185 225 57 0 86 5 19 469 863 979 312 129 400 5 211 357 193 887 213 358 978 671 856 
172 699 609 825 832 892 172 227 471 249 439 212 120 331 881 719 489 856 987 766 811 265 841 747 76 174 381 711 518 811 388 173 195 794 998 360 452 458 953 934 86 0 170 24 475 567 732 466 925 669 744 201 547 167 570 802 99 314 944 35 
209 784 914 457 856 325 500 156 611 687 634 764 240 772 355 126 999 197 532 647 605 950 738 626 261 828 890 836 249 338 54 924 388 849 491 70 940 495 174 495 5 170 0 15 199 17 667 971 612 263 556 326 638 452 270 283 256 196 941 255 
335 349 218 55 569 494 718 341 113 650 842 329 876 467 601 617 706 947 355 429 44 172 485 183 284 403 777 856 907 2 624 873 962 881 329 179 561 942 352 888 19 24 15 0 593 286 147 90 760 168 756 989 526 918 711 394 788 563 469 841 
843 327 99 791 352 145 69 102 876 876 204 565 802 735 365 357 440 354 816 213 123 483 652 712 677 100 622 870 571 499 711 542 984 11 819 709 34 32 845 25 469 475 199 593 0 787 277 268 263 381 886 635 571 465 725 484 253 600 709 253 
757 428 148 522 435 712 310 622 975 175 85 745 669 530 293 335 496 754 914 541 371 56 288 758 243 424 243 133 189 162 45 777 473 758 975 943 750 223 981 224 863 567 17 286 787 0 405 540 785 304 653 743 566 368 193 300 249 439 789 947 
976 796 554 738 358 193 563 745 597 951 157 183 961 615 851 46 212 820 151 513 406 90 515 966 869 721 204 440 882 481 353 640 840 912 425 892 480 304 216 671 979 732 667 147 277 405 0 173 998 780 761 434 749 932 510 133 341 837 268 963 
721 111 367 390 248 906 671 396 631 439 19 570 461 385 925 574 102 317 559 193 231 769 764 130 476 528 217 100 55 832 44 302 636 996 100 908 460 381 7 905 312 466 971 90 268 540 173 0 72 967 235 635 342 485 289 867 908 704 822 501 
499 345 954 16 567 101 621 920 25 868 579 248 27 811 695 605 13 206 175 931 472 188 410 911 819 28 297 765 724 945 920 128 31 458 770 255 708 586 819 318 129 925 612 760 263 785 998 72 0 126 444 777 68 491 415 622 387 983 293 730 
289 416 67 550 409 633 710 379 385 369 590 112 580 489 553 443 441 489 384 405 903 767 67 513 272 24 429 976 61 442 789 870 611 466 408 332 184 149 7 45 400 669 263 168 381 304 780 967 126 0 751 1 90 999 103 270 705 450 540 710 
11 947 26 639 340 164 739 742 881 662 660 533 457 993 914 535 850 148 830 663 132 216 376 81 864 200 891 389 297 387 64 636 560 287 653 374 535 430 62 903 5 744 556 756 886 653 761 235 444 751 0 547 372 711 653 736 224 439 226 229 
222 966 113 936 847 32 127 894 799 106 42 93 615 608 201 326 387 930 170 321 439 984 592 448 335 554 609 695 42 133 455 212 1000 500 801 523 451 416 443 859 211 201 326 989 635 743 434 635 777 1 547 0 65 966 212 39 550 578 6 313 
314 361 4 83 885 649 299 303 18 344 206 568 316 691 136 51 343 865 355 799 577 837 951 373 626 913 709 937 939 956 976 804 967 284 269 663 712 573 696 1 357 547 638 526 571 566 749 342 68 90 372 65 0 836 957 836 513 632 341 534 
401 259 472 233 872 662 314 971 750 57 20 946 191 403 756 493 498 795 298 198 371 308 485 983 637 271 857 786 963 866 238 732 182 187 459 233 64 398 166 768 193 167 452 918 465 368 932 485 491 999 711 966 836 0 735 219 799 740 520 804 
586 547 3 871 891 681 511 809 34 502 12 600 714 792 961 422 178 419 102 606 300 64 641 674 413 11 583 576 10 643 392 783 819 103 910 226 281 228 378 385 887 570 270 711 725 193 510 289 415 103 653 212 957 735 0 679 103 748 716 152 
467 71 580 616 979 1 47 953 185 695 820 373 280 909 212 784 597 107 508 906 796 515 496 964 178 469 936 660 597 270 655 812 78 58 532 506 604 887 273 570 213 802 283 394 484 300 133 867 622 270 736 39 836 219 679 0 495 734 984 255 
968 154 316 17 989 571 301 228 657 587 946 164 873 394 235 86 933 988 396 968 516 196 409 848 870 155 940 22 6 890 713 113 699 603 640 216 378 48 561 518 358 99 256 788 253 249 341 908 387 705 224 550 513 799 103 495 0 160 67 700 
193 519 343 718 27 23 759 102 83 599 871 932 372 307 15 62 452 797 459 453 628 784 218 541 777 559 571 749 206 22 649 445 93 136 387 735 146 364 231 565 978 314 196 563 600 439 837 704 983 450 439 578 632 740 748 734 160 0 934 807 
628 157 254 880 338 441 560 644 756 103 396 94 962 124 49 888 176 492 229 836 525 139 593 613 39 757 683 961 480 749 86 138 575 719 664 727 384 376 624 701 671 944 941 469 709 789 268 822 293 540 226 6 341 520 716 984 67 934 0 169 
530 762 96 419 834 455 345 384 358 110 446 883 703 806 424 801 696 913 300 124 637 76 341 394 628 636 628 151 145 343 306 320 217 548 194 256 12 737 225 700 856 35 255 841 253 947 963 501 730 710 229 313 534 804 152 255 700 807 169 0 
0 865 733 570 309 51 824 556 606 649 120 564 250 458 194 705 282 782 815 700 253 575 377 814 295 69 353 851 305 693 781 967 612 841 695 809 953 258 443 667 227 704 413 86 931 894 769 798 141 766 184 198 616 90 701 55 537 45 711 809 
865 0 517 650 798 383 487 207 672 332 323 597 766 889 895 423 387 391 91 710 170 48 361 176 462 118 933 641 451 458 270 544 627 836 645 817 209 852 430 483 214 954 715 843 855 306 797 639 520 631 955 692 149 776 458 587 674 62 440 637 
733 517 0 247 968 252 399 149 730 409 825 73 514 113 65 414 385 494 665 955 471 424 120 144 245 571 378 823 819 446 611 174 870 351 987 649 984 165 652 832 511 558 514 377 42 18 851 227 706 60 70 85 716 473 463 539 263 211 619 389 
570 650 247 0 656 574 838 348 860 407 891 567 71 336 473 365 450 867 996 177 289 312 161 708 478 20 495 637 539 251 569 76 8 950 260 824 388 295 297 985 538 743 129 354 707 558 831 827 692 513 409 571 471 180 969 228 11 158 867 246 
309 798 968 656 0 51 505 368 579 594 559 257 150 447 96 529 885 688 614 286 547 466 823 657 233 714 646 104 381 730 582 226 276 679 799 604 23 137 913 867 807 935 925 933 295 628 365 189 382 427 116 720 777 304 981 840 977 329 191 73 
51 383 252 574 51 0 985 576 390 553 520 178 30 849 479 391 871 576 950 470 803 199 604 785 763 328 51 764 389 754 407 977 657 158 164 916 863 963 641 683 784 927 158 251 87 826 596 778 350 895 60 164 373 156 511 7 382 105 472 241 
824 487 399 838 505 985 0 189 214 625 952 213 895 654 394 352 765 193 399 261 845 929 188 954 435 480 828 955 921 457 365 508 689 935 662 573 771 143 630 838 324 294 816 729 324 300 641 383 882 789 554 722 422 811 557 136 208 597 397 368 
556 207 149 348 368 576 189 0 621 809 276 824 494 382 892 507 746 220 499 8 34 563 843 164 847 406 249 92 444 800 35 241 117 897 881 455 648 420 198 181 555 505 423 194 152 634 751 648 776 380 944 631 8 984 642 493 48 209 350 427 
606 672 730 860 579 390 214 621 0 401 64 849 848 744 473 575 20 537 548 236 982 424 640 248 481 646 664 495 711 667 79 325 778 685 275 758 239 97 319 47 544 129 740 334 110 981 991 827 560 371 656 653 146 649 225 228 759 343 909 74 
649 332 409 407 594 553 625 809 401 0 794 872 734 381 670 426 887 503 281 266 590 76 108 483 770 891 371 104 64 350 581 487 881 804 49 995 127 340 565 78 602 16 619 856 799 630 901 484 124 627 161 64 380 572 526 233 312 467 366 217 
120 323 825 891 559 520 952 276 64 794 0 178 448 170 992 559 448 547 741 229 629 671 353 213 165 475 467 881 992 381 319 776 357 243 537 271 448 985 631 874 554 150 432 372 376 287 295 635 255 474 313 367 172 468 26 457 842 934 247 737 
564 597 73 567 257 178 213 824 849 872 178 0 132 142 535 861 746 599 511 117 752 694 759 552 183 78 425 426 575 120 90 708 8 100 77 356 845 784 616 364 371 294 637 445 710 710 207 598 23 839 426 777 383 859 945 861 333 761 693 514 
250 766 514 71 150 30 895 494 848 734 448 132 0 173 403 528 504 578 131 415 69 427 955 797 389 728 914 70 457 349 862 998 877 837 716 785 791 348 441 674 609 603 274 718 650 142 838 679 394 867 208 456 11 76 386 203 579 584 950 767 
458 889 113 336 447 849 654 382 744 381 170 142 173 0 471 528 619 417 742 517 367 779 492 160 92 571 394 591 936 266 904 839 388 761 638 203 487 222 285 344 306 886 918 543 407 274 814 432 860 658 517 595 736 316 804 860 555 477 150 974 
194 895 65 473 96 479 394 892 473 670 992 535 403 471 0 88 694 567 885 245 202 353 5 656 274 171 281 979 724 115 68 456 442 1000 977 48 313 192 347 135 144 542 503 766 792 537 595 640 909 732 429 873 68 518 595 232 335 464 60 948 
705 423 414 365 529 391 352 507 575 426 559 861 528 528 88 0 566 355 492 677 784 562 540 980 717 448 304 754 607 69 777 613 314 943 178 886 432 543 5 597 878 703 19 640 809 566 246 847 882 290 470 605 398 697 580 576 267 10 773 399 
282 387 385 450 885 871 765 746 20 887 448 746 504 619 694 566 0 64 373 97 145 482 592 906 105 262 104 551 968 563 320 397 511 687 605 20 963 217 795 679 320 963 687 935 776 410 428 286 114 749 785 575 146 342 255 694 939 701 416 650 
782 391 494 867 688 576 193 220 537 503 547 599 578 417 567 355 64 0 581 155 621 229 190 6 600 488 214 755 822 570 301 690 515 505 362 349 16 791 169 497 200 452 428 799 403 493 333 897 308 401 451 303 888 766 438 389 968 691 379 783 
815 91 665 996 614 950 399 499 548 281 741 511 131 742 885 492 373 581 0 380 664 553 205 652 225 822 640 543 603 684 775 939 143 955 185 634 547 893 46 471 68 665 653 132 276 844 224 604 62 641 679 315 761 83 883 510 743 365 389 136 
700 710 955 177 286 470 261 8 236 266 229 117 415 517 245 677 97 155 380 0 69 643 48 802 964 447 744 274 317 659 78 769 932 382 435 648 342 273 860 872 793 368 265 27 30 335 576 132 875 594 870 835 619 306 965 539 979 542 745 472 
253 170 471 289 547 803 845 34 982 590 629 752 69 367 202 784 145 621 664 69 0 593 603 364 224 629 690 593 319 750 836 401 370 718 18 500 757 412 846 909 653 579 20 406 46 386 354 650 161 902 214 822 396 310 769 543 613 790 109 771 
575 48 424 312 466 199 929 563 424 76 671 694 427 779 353 562 482 229 553 643 593 0 978 844 427 254 99 361 797 164 629 551 3 398 35 311 440 482 844 368 652 136 318 399 443 373 196 262 47 712 614 726 933 310 167 796 476 729 368 158 
377 361 120 161 823 604 188 843 640 108 353 759 955 492 5 540 592 190 205 48 603 978 0 461 534 831 995 316 41 371 286 595 201 354 682 525 482 790 695 911 651 808 867 452 888 216 510 685 801 196 337 192 672 388 604 522 748 120 849 603 
814 176 144 708 657 785 954 164 248 483 213 552 797 160 656 980 906 6 652 802 364 844 461 0 159 319 20 760 850 359 20 841 834 865 266 181 374 488 857 397 730 628 400 418 455 728 800 364 849 467 258 401 406 538 393 463 991 440 620 339 
295 462 245 478 233 763 435 847 481 770 165 183 389 92 274 717 105 600 225 964 224 427 534 159 0 426 849 12 343 842 477 653 136 682 653 154 489 497 866 280 871 186 952 803 250 10 758 284 351 36 548 363 537 841 548 142 853 480 330 138 
69 118 571 20 714 328 480 406 646 891 475 78 728 571 171 448 262 488 822 447 629 254 831 319 426 0 924 987 366 816 876 881 890 534 526 775 489 510 552 220 532 217 98 623 623 274 179 746 516 249 563 832 904 873 94 441 838 960 747 635 
353 933 378 495 646 51 828 249 664 371 467 425 914 394 281 304 104 214 640 744 690 99 995 20 849 924 0 974 915 182 385 623 732 517 976 804 54 845 314 29 187 581 999 412 933 434 613 637 430 713 1000 897 173 754 301 689 296 372 425 193 
851 641 823 637 104 764 955 92 495 104 881 426 70 591 979 754 551 755 543 274 593 361 316 760 12 987 974 0 111 118 220 683 364 843 268 338 108 259 717 58 194 576 745 161 968 711 118 534 898 446 942 605 804 626 287 809 182 847 893 250 
305 451 819 539 381 389 921 444 711 64 992 575 457 936 724 607 968 822 603 317 319 797 41 850 343 366 915 111 0 83 197 141 647 692 719 889 144 193 239 274 10 474 858 580 822 122 503 140 932 376 12 318 787 781 312 211 671 193 744 750 
693 458 446 251 730 754 457 800 667 350 381 120 349 266 115 69 563 570 684 659 750 164 371 359 842 816 182 118 83 0 298 538 359 446 523 460 359 437 104 761 574 935 60 207 855 125 129 512 804 522 136 584 835 267 927 727 693 349 419 234 
781 270 611 569 582 407 365 35 79 581 319 90 862 904 68 777 320 301 775 78 836 629 286 20 477 876 385 220 197 298 0 309 549 757 950 588 178 384 950 533 846 340 292 797 457 529 571 187 853 626 225 545 812 289 85 530 464 514 514 174 
967 544 174 76 226 977 508 241 325 487 776 708 998 839 456 613 397 690 939 769 401 551 595 841 653 881 623 683 141 538 309 0 242 442 565 675 409 817 844 168 200 85 818 578 617 899 688 494 600 323 755 206 997 484 963 739 16 819 318 96 
612 627 870 8 276 657 689 117 778 881 357 8 877 388 442 314 511 515 143 932 370 3 201 834 136 890 732 364 647 359 549 242 0 812 898 93 606 129 514 862 557 53 95 393 577 515 908 794 121 929 959 404 575 106 352 110 599 373 973 29 
841 836 351 950 679 158 935 897 685 804 243 100 837 761 1000 943 687 505 955 382 718 398 354 865 682 534 517 843 692 446 757 442 812 0 969 909 886 763 991 470 936 614 947 530 444 817 863 801 357 231 314 628 540 213 228 651 965 551 429 981 
695 645 987 260 799 164 662 881 275 49 537 77 716 638 977 178 605 362 185 435 18 35 682 266 653 526 976 268 719 523 950 565 898 969 0 150 969 648 330 590 267 944 646 219 972 838 891 421 460 236 670 863 191 446 211 258 668 646 999 335 
809 817 649 824 604 916 573 455 758 995 271 356 785 203 48 886 20 349 634 648 500 311 525 181 154 775 804 338 889 460 588 675 93 909 150 0 939 790 739 50 781 769 270 557 994 439 790 965 233 125 469 282 581 367 434 816 53 608 98 899 
953 209 984 388 23 863 771 648 239 127 448 845 791 487 313 432 963 16 547 342 757 440 482 374 489 489 54 108 144 359 178 409 606 886 969 939 0 493 716 579 949 978 927 951 162 713 862 186 994 15 547 803 654 43 122 587 486 376 564 301 
258 852 165 295 137 963 143 420 97 340 985 784 348 222 192 543 217 791 893 273 412 482 790 488 497 510 845 259 193 437 384 817 129 763 648 790 493 0 119 242 695 483 650 884 264 73 892 379 437 543 627 113 373 511 56 739 37 339 299 356 
443 430 652 297 913 641 630 198 319 565 631 616 441 285 347 5 795 169 46 860 846 844 695 857 866 552 314 717 239 104 950 844 514 991 330 739 716 119 0 604 325 508 399 514 943 729 557 680 507 304 828 389 630 388 339 548 413 626 427 264 
667 483 832 985 867 683 838 181 47 78 874 364 674 344 135 597 679 497 471 872 909 368 911 397 280 220 29 58 274 761 533 168 862 470 590 50 579 242 604 0 502 840 84 535 322 371 807 660 499 427 675 606 69 859 567 461 585 332 701 368 
227 214 511 538 807 784 324 555 544 602 554 371 609 306 144 878 320 200 68 793 653 652 651 730 871 532 187 194 10 574 846 200 557 936 267 781 949 695 325 502 0 421 5 36 311 813 976 434 198 438 758 261 405 190 839 44 442 685 336 338 
704 954 558 743 935 927 294 505 129 16 150 294 603 886 542 703 963 452 665 368 579 136 808 628 186 217 581 576 474 935 340 85 53 614 944 769 978 483 508 840 421 0 99 61 549 496 498 264 328 855 582 228 83 238 705 518 4 290 655 155 
413 715 514 129 925 158 816 423 740 619 432 637 274 918 503 19 687 428 653 265 20 318 867 400 952 98 999 745 858 60 292 818 95 947 646 270 927 650 399 84 5 99 0 94 667 381 302 888 440 617 564 431 679 779 278 96 852 326 858 514 
86 843 377 354 933 251 729 194 334 856 372 445 718 543 766 640 935 799 132 27 406 399 452 418 803 623 412 161 580 207 797 578 393 530 219 557 951 884 514 535 36 61 94 0 370 3 16 139 743 227 624 988 821 595 876 525 873 747 428 218 
931 855 42 707 295 87 324 152 110 799 376 710 650 407 792 809 776 403 276 30 46 443 888 455 250 623 933 968 822 855 457 617 577 444 972 994 162 264 943 322 311 549 667 370 0 678 28 344 634 724 567 722 775 379 785 377 189 442 751 351 
894 306 18 558 628 826 300 634 981 630 287 710 142 274 537 566 410 493 844 335 386 373 216 728 10 274 434 711 122 125 529 899 515 817 838 439 713 73 729 371 813 496 381 3 678 0 411 677 536 770 764 639 844 620 484 194 164 809 839 658 
769 797 851 831 365 596 641 751 991 901 295 207 838 814 595 246 428 333 224 576 354 196 510 800 758 179 613 118 503 129 571 688 908 863 891 790 862 892 557 807 976 498 302 16 28 411 0 146 877 413 395 910 857 917 888 99 833 991 641 733 
798 639 227 827 189 778 383 648 827 484 635 598 679 432 640 847 286 897 604 132 650 262 685 364 284 746 637 534 140 512 187 494 794 801 421 965 186 379 680 660 434 264 888 139 344 677 146 0 17 933 327 910 159 350 223 604 206 503 214 374 
141 520 706 692 382 350 882 776 560 124 255 23 394 860 909 882 114 308 62 875 161 47 801 849 351 516 430 898 932 804 853 600 121 357 460 233 994 437 507 499 198 328 440 743 634 536 877 17 0 774 886 713 241 470 854 513 379 81 487 324 
766 631 60 513 427 895 789 380 371 627 474 839 867 658 732 290 749 401 641 594 902 712 196 467 36 249 713 446 376 522 626 323 929 231 236 125 15 543 304 427 438 855 617 227 724 770 413 933 774 0 829 210 239 557 64 305 212 551 962 214 
184 955 70 409 116 60 554 944 656 161 313 426 208 517 429 470 785 451 679 870 214 614 337 258 548 563 1000 942 12 136 225 755 959 314 670 469 547 627 828 675 758 582 564 624 567 764 395 327 886 829 0 457 195 366 277 254 659 990 306 26 
198 692 85 571 720 164 722 631 653 64 367 777 456 595 873 605 575 303 315 835 822 726 192 401 363 832 897 605 318 584 545 206 404 628 863 282 803 113 389 606 261 228 431 988 722 639 910 910 713 210 457 0 821 965 123 112 648 219 53 940 
616 149 716 471 777 373 422 8 146 380 172 383 11 736 68 398 146 888 761 619 396 933 672 406 537 904 173 804 787 835 812 997 575 540 191 581 654 373 630 69 405 83 679 821 775 844 857 159 241 239 195 821 0 788 366 960 847 709 295 981 
90 776 473 180 304 156 811 984 649 572 468 859 76 316 518 697 342 766 83 306 310 310 388 538 841 873 754 626 781 267 289 484 106 213 446 367 43 511 388 859 190 238 779 595 379 620 917 350 470 557 366 965 788 0 726 445 375 957 817 939 
701 458 463 969 981 511 557 642 225 526 26 945 386 804 595 580 255 438 883 965 769 167 604 393 548 94 301 287 312 927 85 963 352 228 211 434 122 56 339 567 839 705 278 876 785 484 888 223 854 64 277 123 366 726 0 700 318 538 866 615 
55 587 539 228 840 7 136 493 228 233 457 861 203 860 232 576 694 389 510 539 543 796 522 463 142 441 689 809 211 727 530 739 110 651 258 816 587 739 548 461 44 518 96 525 377 194 99 604 513 305 254 112 960 445 700 0 758 669 619 279 
537 674 263 11 977 382 208 48 759 312 842 333 579 555 335 267 939 968 743 979 613 476 748 991 853 838 296 182 671 693 464 16 599 965 668 53 486 37 413 585 442 4 852 873 189 164 833 206 379 212 659 648 847 375 318 758 0 709 443 673 
45 62 211 158 329 105 597 209 343 467 934 761 584 477 464 10 701 691 365 542 790 729 120 440 480 960 372 847 193 349 514 819 373 551 646 608 376 339 626 332 685 290 326 747 442 809 991 503 81 551 990 219 709 957 538 669 709 0 738 547 
711 440 619 867 191 472 397 350 909 366 247 693 950 150 60 773 416 379 389 745 109 368 849 620 330 747 425 893 744 419 514 318 973 429 999 98 564 299 427 701 336 655 858 428 751 839 641 214 487 962 306 53 295 817 866 619 443 738 0 338 
809 637 389 246 73 241 368 427 74 217 737 514 767 974 948 399 650 783 136 472 771 158 603 339 138 635 193 250 750 234 174 96 29 981 335 899 301 356 264 368 338 155 514 218 351 658 733 374 324 214 26 940 981 939 615 279 673 547 338 0 
