7 4
0 766 274 345 649 838 958 
766 0 343 397 851 130 809 
274 343 0 523 333 968 703 
345 397 523 0 551 820 151 
649 851 333 551 0 663 210 
838 130 968 820 663 0 189 
958 809 703 151 210 189 0 
0 534 846 818 16 165 293 
534 0 329 473 319 189 706 
846 329 0 40 334 423 114 
818 473 40 0 787 1 969 
16 319 334 787 0 780 948 
165 189 423 1 780 0 376 
293 706 114 969 948 376 0 
0 484 266 51 854 819 325 
484 0 644 519 652 869 406 
266 644 0 977 549 536 856 
51 519 977 0 318 974 121 
854 652 549 318 0 181 210 
819 869 536 974 181 0 456 
325 406 856 121 210 456 0 
0 485 305 412 922 871 671 
485 0 722 468 573 759 192 
305 722 0 952 630 731 805 
412 468 952 0 168 852 65 
922 573 630 168 0 189 107 
871 759 731 852 189 0 507 
671 192 805 65 107 507 0 
0 316 86 153 885 888 754 
316 0 838 468 819 975 138 
86 838 0 898 741 693 869 
153 468 898 0 74 945 103 
885 819 741 74 0 169 174 
888 975 693 945 169 0 652 
754 138 869 103 174 652 0 
