20 4
0 463 694 517 533 200 699 288 952 722 662 554 320 536 599 891 610 314 855 201 
463 0 517 805 903 372 641 912 759 278 805 51 862 23 963 167 173 618 983 816 
694 517 0 75 195 313 126 860 876 147 864 99 910 620 792 915 338 473 999 137 
517 805 75 0 917 871 327 333 635 952 396 79 691 651 890 31 846 389 843 601 
533 903 195 917 0 963 814 551 715 19 590 421 824 967 441 446 545 990 624 248 
200 372 313 871 963 0 282 188 781 32 90 719 456 306 613 975 458 654 117 282 
699 641 126 327 814 282 0 10 156 247 989 815 387 23 223 870 183 306 303 151 
288 912 860 333 551 188 10 0 125 96 229 654 132 474 78 364 824 174 839 880 
952 759 876 635 715 781 156 125 0 668 124 900 295 149 624 737 644 960 521 660 
722 278 147 952 19 32 247 96 668 0 835 712 207 51 947 407 487 722 92 363 
662 805 864 396 590 90 989 229 124 835 0 586 898 400 379 328 269 264 235 764 
554 51 99 79 421 719 815 654 900 712 586 0 189 349 23 213 633 550 695 658 
320 862 910 691 824 456 387 132 295 207 898 189 0 890 937 810 878 635 813 277 
536 23 620 651 967 306 23 474 149 51 400 349 890 0 45 30 545 637 622 61 
599 963 792 890 441 613 223 78 624 947 379 23 937 45 0 789 474 680 527 247 
891 167 915 31 446 975 870 364 737 407 328 213 810 30 789 0 3 488 18 676 
610 173 338 846 545 458 183 824 644 487 269 633 878 545 474 3 0 212 941 670 
314 618 473 389 990 654 306 174 960 722 264 550 635 637 680 488 212 0 281 908 
855 983 999 843 624 117 303 839 521 92 235 695 813 622 527 18 941 281 0 488 
201 816 137 601 248 282 151 880 660 363 764 658 277 61 247 676 670 908 488 0 
0 887 872 578 358 387 40 408 312 325 400 447 188 93 617 806 713 763 158 591 
887 0 566 535 438 557 270 193 656 906 638 903 165 191 157 179 340 294 841 592 
872 566 0 132 613 193 862 927 874 299 130 22 31 484 44 680 566 497 596 769 
578 535 132 0 519 930 806 64 281 933 310 594 962 447 585 717 86 968 640 610 
358 438 613 519 0 214 992 66 707 136 413 923 919 393 195 274 506 327 55 492 
387 557 193 930 214 0 11 341 409 675 608 314 880 360 71 20 17 80 159 624 
40 270 862 806 992 11 0 608 930 711 90 155 222 105 488 219 889 375 854 811 
408 193 927 64 66 341 608 0 710 132 229 244 412 129 518 79 534 222 700 539 
312 656 874 281 707 409 930 710 0 886 196 515 292 51 629 79 817 608 383 348 
325 906 299 933 136 675 711 132 886 0 330 540 504 302 723 280 751 266 162 262 
400 638 130 310 413 608 90 229 196 330 0 522 141 718 43 168 231 354 615 628 
447 903 22 594 923 314 155 244 515 540 522 0 253 277 371 340 579 138 131 273 
188 165 31 962 919 880 222 412 292 504 141 253 0 80 263 700 401 161 215 458 
93 191 484 447 393 360 105 129 51 302 718 277 80 0 252 297 157 923 961 31 
617 157 44 585 195 71 488 518 629 723 43 371 263 252 0 726 247 310 106 540 
806 179 680 717 274 20 219 79 79 280 168 340 700 297 726 0 279 12 122 96 
713 340 566 86 506 17 889 534 817 751 231 579 401 157 247 279 0 212 819 367 
763 294 497 968 327 80 375 222 608 266 354 138 161 923 310 12 212 0 227 115 
158 841 596 640 55 159 854 700 383 162 615 131 215 961 106 122 819 227 0 445 
591 592 769 610 492 624 811 539 348 262 628 273 458 31 540 96 367 115 445 0 
0 114 129 423 643 614 961 593 689 676 601 554 813 908 384 195 288 238 843 410 
114 0 435 466 563 444 731 808 345 95 363 98 836 810 844 822 661 707 160 409 
129 435 0 869 388 808 139 74 127 702 871 979 970 517 957 321 435 504 405 232 
423 466 869 0 482 71 195 937 720 68 691 407 39 554 416 284 915 33 361 391 
643 563 388 482 0 787 9 935 294 865 588 78 82 608 806 727 495 674 946 509 
614 444 808 71 787 0 990 660 592 326 393 687 121 641 930 981 984 921 842 377 
961 731 139 195 9 990 0 393 71 290 911 846 779 896 513 782 112 626 147 190 
593 808 74 937 935 660 393 0 291 869 772 757 589 872 483 922 467 779 301 462 
689 345 127 720 294 592 71 291 0 115 805 486 709 950 372 922 184 393 618 653 
676 95 702 68 865 326 290 869 115 0 671 461 497 699 278 721 250 735 839 739 
601 363 871 691 588 393 911 772 805 671 0 479 860 283 958 833 770 647 386 373 
554 98 979 407 78 687 846 757 486 461 479 0 748 724 630 661 422 863 870 728 
813 836 970 39 82 121 779 589 709 497 860 748 0 921 738 301 600 840 786 543 
908 810 517 554 608 641 896 872 950 699 283 724 921 0 749 704 844 78 40 970 
384 844 957 416 806 930 513 483 372 278 958 630 738 749 0 275 754 691 895 461 
195 822 321 284 727 981 782 922 922 721 833 661 301 704 275 0 722 989 879 905 
288 661 435 915 495 984 112 467 184 250 770 422 600 844 754 722 0 789 182 634 
238 707 504 33 674 921 626 779 393 735 647 863 840 78 691 989 789 0 774 886 
843 160 405 361 946 842 147 301 618 839 386 870 786 40 895 879 182 774 0 556 
410 409 232 391 509 377 190 462 653 739 373 728 543 970 461 905 634 886 556 0 
0 114 129 423 643 614 961 593 689 676 601 554 813 908 384 195 288 238 843 410 
114 0 435 466 563 444 731 808 345 95 363 98 836 810 844 822 661 707 160 409 
129 435 0 869 388 808 139 74 127 702 871 979 970 517 957 321 435 504 405 232 
423 466 869 0 482 71 195 937 720 68 691 407 39 554 416 284 915 33 361 391 
643 563 388 482 0 787 9 935 294 865 588 78 82 608 806 727 495 674 946 509 
614 444 808 71 787 0 990 660 592 326 393 687 121 641 930 981 984 921 842 377 
961 731 139 195 9 990 0 393 71 290 911 846 779 896 513 782 112 626 147 190 
593 808 74 937 935 660 393 0 291 869 772 757 589 872 483 922 467 779 301 462 
689 345 127 720 294 592 71 291 0 115 805 486 709 950 372 922 184 393 618 653 
676 95 702 68 865 326 290 869 115 0 671 461 497 699 278 721 250 735 839 739 
601 363 871 691 588 393 911 772 805 671 0 479 860 283 958 833 770 647 386 373 
554 98 979 407 78 687 846 757 486 461 479 0 748 724 630 661 422 863 870 728 
813 836 970 39 82 121 779 589 709 497 860 748 0 921 738 301 600 840 786 543 
908 810 517 554 608 641 896 872 950 699 283 724 921 0 749 704 844 78 40 970 
384 844 957 416 806 930 513 483 372 278 958 630 738 749 0 275 754 691 895 461 
195 822 321 284 727 981 782 922 922 721 833 661 301 704 275 0 722 989 879 905 
288 661 435 915 495 984 112 467 184 250 770 422 600 844 754 722 0 789 182 634 
238 707 504 33 674 921 626 779 393 735 647 863 840 78 691 989 789 0 774 886 
843 160 405 361 946 842 147 301 618 839 386 870 786 40 895 879 182 774 0 556 
410 409 232 391 509 377 190 462 653 739 373 728 543 970 461 905 634 886 556 0 
0 114 129 423 643 614 961 593 689 676 601 554 813 908 384 195 288 238 843 410 
114 0 435 466 563 444 731 808 345 95 363 98 836 810 844 822 661 707 160 409 
129 435 0 869 388 808 139 74 127 702 871 979 970 517 957 321 435 504 405 232 
423 466 869 0 482 71 195 937 720 68 691 407 39 554 416 284 915 33 361 391 
643 563 388 482 0 787 9 935 294 865 588 78 82 608 806 727 495 674 946 509 
614 444 808 71 787 0 990 660 592 326 393 687 121 641 930 981 984 921 842 377 
961 731 139 195 9 990 0 393 71 290 911 846 779 896 513 782 112 626 147 190 
593 808 74 937 935 660 393 0 291 869 772 757 589 872 483 922 467 779 301 462 
689 345 127 720 294 592 71 291 0 115 805 486 709 950 372 922 184 393 618 653 
676 95 702 68 865 326 290 869 115 0 671 461 497 699 278 721 250 735 839 739 
601 363 871 691 588 393 911 772 805 671 0 479 860 283 958 833 770 647 386 373 
554 98 979 407 78 687 846 757 486 461 479 0 748 724 630 661 422 863 870 728 
813 836 970 39 82 121 779 589 709 497 860 748 0 921 738 301 600 840 786 543 
908 810 517 554 608 641 896 872 950 699 283 724 921 0 749 704 844 78 40 970 
384 844 957 416 806 930 513 483 372 278 958 630 738 749 0 275 754 691 895 461 
195 822 321 284 727 981 782 922 922 721 833 661 301 704 275 0 722 989 879 905 
288 661 435 915 495 984 112 467 184 250 770 422 600 844 754 722 0 789 182 634 
238 707 504 33 674 921 626 779 393 735 647 863 840 78 691 989 789 0 774 886 
843 160 405 361 946 842 147 301 618 839 386 870 786 40 895 879 182 774 0 556 
410 409 232 391 509 377 190 462 653 739 373 728 543 970 461 905 634 886 556 0 
