40 4
0 151 434 114 589 628 937 808 90 430 262 796 384 112 49 354 432 143 234 213 548 763 998 632 143 149 832 430 909 776 562 741 32 686 403 795 842 379 14 81 
151 0 147 99 130 38 143 932 899 833 494 483 426 811 520 473 540 492 210 881 298 47 917 409 954 219 331 186 196 671 95 365 393 909 280 719 853 653 529 211 
434 147 0 151 534 597 80 663 940 89 906 249 231 471 879 477 24 878 853 429 732 741 58 838 869 673 710 816 644 534 38 494 220 747 397 731 941 978 858 883 
114 99 151 0 322 685 761 602 930 826 963 111 886 373 197 882 323 915 467 396 657 969 871 132 90 566 76 88 656 200 635 390 969 684 36 222 677 297 855 829 
589 130 534 322 0 11 583 239 735 472 698 762 692 302 818 72 982 833 767 11 609 427 690 306 27 606 862 562 306 705 621 799 439 910 51 168 333 413 226 482 
628 38 597 685 11 0 674 515 383 857 506 605 90 479 172 168 372 793 933 507 965 976 286 149 359 945 302 514 532 715 655 349 853 390 441 402 260 271 647 572 
937 143 80 761 583 674 0 763 989 674 875 988 482 728 950 61 425 218 462 763 182 570 165 516 819 135 8 714 816 230 476 65 847 795 807 811 570 366 44 116 
808 932 663 602 239 515 763 0 143 399 644 874 996 918 77 482 49 142 202 530 229 72 756 541 967 88 343 595 799 468 850 613 185 693 192 716 368 37 819 639 
90 899 940 930 735 383 989 143 0 758 721 694 512 899 198 550 902 762 431 686 334 937 865 242 146 750 954 386 810 666 52 977 695 959 214 359 555 884 427 537 
430 833 89 826 472 857 674 399 758 0 710 457 308 18 621 893 496 263 976 399 66 190 791 176 933 815 593 763 70 505 29 15 110 693 771 473 415 872 180 315 
262 494 906 963 698 506 875 644 721 710 0 853 661 756 288 637 537 70 121 827 452 448 888 118 289 949 269 105 457 294 791 670 828 110 377 908 180 856 730 849 
796 483 249 111 762 605 988 874 694 457 853 0 375 591 414 949 844 982 485 285 210 161 875 881 767 415 600 669 492 662 321 681 800 523 388 786 320 453 495 616 
384 426 231 886 692 90 482 996 512 308 661 375 0 851 763 553 769 576 857 359 735 899 250 633 108 488 156 308 307 162 360 366 71 752 186 170 392 628 823 539 
112 811 471 373 302 479 728 918 899 18 756 591 851 0 556 927 907 468 593 966 700 376 990 92 461 361 696 819 966 423 894 75 173 173 860 959 215 2 799 553 
49 520 879 197 818 172 950 77 198 621 288 414 763 556 0 86 292 354 668 321 555 601 929 910 686 178 577 213 934 365 7 220 144 902 310 140 999 551 221 73 
354 473 477 882 72 168 61 482 550 893 637 949 553 927 86 0 811 510 687 500 507 285 770 26 639 299 418 3 316 362 257 612 521 124 869 2 505 413 656 992 
432 540 24 323 982 372 425 49 902 496 537 844 769 907 292 811 0 414 93 948 671 648 182 159 90 166 293 809 699 622 531 362 750 765 962 127 759 71 260 858 
143 492 878 915 833 793 218 142 762 263 70 982 576 468 354 510 414 0 717 651 463 927 116 423 649 694 121 41 432 344 465 620 964 115 798 38 498 863 763 913 
234 210 853 467 767 933 462 202 431 976 121 485 857 593 668 687 93 717 0 500 663 299 758 572 77 160 897 265 849 17 68 765 45 762 978 833 103 924 560 59 
213 881 429 396 11 507 763 530 686 399 827 285 359 966 321 500 948 651 500 0 817 243 557 902 170 634 607 907 795 564 536 217 969 94 159 396 379 268 981 350 
548 298 732 657 609 965 182 229 334 66 452 210 735 700 555 507 671 463 663 817 0 907 706 728 371 404 530 476 891 545 806 691 989 493 928 919 857 233 400 894 
763 47 741 969 427 976 570 72 937 190 448 161 899 376 601 285 648 927 299 243 907 0 525 465 457 56 921 380 704 432 833 24 868 627 971 216 464 243 476 189 
998 917 58 871 690 286 165 756 865 791 888 875 250 990 929 770 182 116 758 557 706 525 0 430 737 516 691 774 544 85 671 637 839 972 199 431 426 426 950 601 
632 409 838 132 306 149 516 541 242 176 118 881 633 92 910 26 159 423 572 902 728 465 430 0 495 780 409 205 377 880 436 591 891 343 481 169 954 403 349 366 
143 954 869 90 27 359 819 967 146 933 289 767 108 461 686 639 90 649 77 170 371 457 737 495 0 72 368 904 368 311 827 526 873 699 510 761 824 774 268 398 
149 219 673 566 606 945 135 88 750 815 949 415 488 361 178 299 166 694 160 634 404 56 516 780 72 0 917 863 708 50 416 484 41 138 663 18 591 34 662 498 
832 331 710 76 862 302 8 343 954 593 269 600 156 696 577 418 293 121 897 607 530 921 691 409 368 917 0 136 397 936 376 243 939 576 186 537 517 95 839 809 
430 186 816 88 562 514 714 595 386 763 105 669 308 819 213 3 809 41 265 907 476 380 774 205 904 863 136 0 859 927 885 55 960 303 174 647 922 706 608 818 
909 196 644 656 306 532 816 799 810 70 457 492 307 966 934 316 699 432 849 795 891 704 544 377 368 708 397 859 0 683 690 184 910 727 731 37 427 49 814 475 
776 671 534 200 705 715 230 468 666 505 294 662 162 423 365 362 622 344 17 564 545 432 85 880 311 50 936 927 683 0 18 175 574 621 394 611 108 784 403 835 
562 95 38 635 621 655 476 850 52 29 791 321 360 894 7 257 531 465 68 536 806 833 671 436 827 416 376 885 690 18 0 822 898 151 318 984 99 692 431 24 
741 365 494 390 799 349 65 613 977 15 670 681 366 75 220 612 362 620 765 217 691 24 637 591 526 484 243 55 184 175 822 0 790 206 818 156 699 764 813 88 
32 393 220 969 439 853 847 185 695 110 828 800 71 173 144 521 750 964 45 969 989 868 839 891 873 41 939 960 910 574 898 790 0 817 703 248 629 659 707 477 
686 909 747 684 910 390 795 693 959 693 110 523 752 173 902 124 765 115 762 94 493 627 972 343 699 138 576 303 727 621 151 206 817 0 548 255 918 223 81 69 
403 280 397 36 51 441 807 192 214 771 377 388 186 860 310 869 962 798 978 159 928 971 199 481 510 663 186 174 731 394 318 818 703 548 0 156 97 288 783 663 
795 719 731 222 168 402 811 716 359 473 908 786 170 959 140 2 127 38 833 396 919 216 431 169 761 18 537 647 37 611 984 156 248 255 156 0 382 166 281 817 
842 853 941 677 333 260 570 368 555 415 180 320 392 215 999 505 759 498 103 379 857 464 426 954 824 591 517 922 427 108 99 699 629 918 97 382 0 568 59 408 
379 653 978 297 413 271 366 37 884 872 856 453 628 2 551 413 71 863 924 268 233 243 426 403 774 34 95 706 49 784 692 764 659 223 288 166 568 0 946 646 
14 529 858 855 226 647 44 819 427 180 730 495 823 799 221 656 260 763 560 981 400 476 950 349 268 662 839 608 814 403 431 813 707 81 783 281 59 946 0 552 
81 211 883 829 482 572 116 639 537 315 849 616 539 553 73 992 858 913 59 350 894 189 601 366 398 498 809 818 475 835 24 88 477 69 663 817 408 646 552 0 
0 30 447 800 295 164 445 63 380 854 755 58 852 998 9 95 621 718 153 956 826 720 925 424 729 487 49 897 240 973 329 249 985 276 63 49 491 130 947 214 
30 0 751 192 367 750 211 652 656 541 590 550 97 840 45 753 472 343 50 131 265 877 79 733 14 932 270 586 368 580 72 579 264 844 190 623 291 29 635 157 
447 751 0 958 304 676 286 543 165 514 477 544 762 427 729 929 20 62 781 959 189 306 625 478 496 875 339 52 717 770 138 901 206 276 84 918 615 31 440 176 
800 192 958 0 690 848 765 612 764 117 903 835 866 959 371 76 198 155 710 572 451 616 993 643 153 653 93 625 945 419 795 593 795 559 88 245 774 999 17 342 
295 367 304 690 0 918 584 442 747 961 484 11 272 325 681 546 896 306 486 716 561 6 206 454 49 464 431 189 492 673 187 501 886 788 584 106 562 500 307 36 
164 750 676 848 918 0 746 11 133 623 407 269 520 764 781 889 484 649 886 692 133 407 487 1000 910 439 287 769 979 84 21 346 923 369 418 735 671 242 652 6 
445 211 286 765 584 746 0 170 576 922 152 755 420 355 761 907 166 146 939 228 374 438 220 284 331 353 924 377 641 752 171 354 92 61 449 936 821 250 614 9 
63 652 543 612 442 11 170 0 797 385 34 702 554 738 796 881 167 685 637 57 605 67 553 811 9 675 745 623 733 771 3 136 747 510 358 125 366 583 151 644 
380 656 165 764 747 133 576 797 0 328 845 971 277 828 4 517 168 837 375 972 607 852 391 114 404 799 881 219 735 556 679 843 478 677 879 599 220 700 585 617 
854 541 514 117 961 623 922 385 328 0 146 1 998 249 196 850 602 578 529 819 20 604 306 493 631 134 426 636 696 132 7 424 982 258 750 418 646 351 901 636 
755 590 477 903 484 407 152 34 845 146 0 77 67 924 613 275 871 734 490 651 265 884 127 735 316 682 871 397 58 535 869 723 642 701 193 154 204 55 620 863 
58 550 544 835 11 269 755 702 971 1 77 0 79 927 671 642 714 628 158 83 342 262 887 949 307 14 949 778 164 438 205 376 638 956 941 515 547 164 420 572 
852 97 762 866 272 520 420 554 277 998 67 79 0 99 565 959 606 644 985 805 247 835 137 803 498 766 468 626 138 578 559 914 668 95 610 651 781 851 143 88 
998 840 427 959 325 764 355 738 828 249 924 927 99 0 719 680 11 693 578 549 546 857 309 381 351 774 873 304 149 513 423 794 876 723 945 2 330 426 445 45 
9 45 729 371 681 781 761 796 4 196 613 671 565 719 0 556 774 525 690 716 967 231 516 632 532 827 671 464 503 672 398 373 209 659 549 91 363 327 113 811 
95 753 929 76 546 889 907 881 517 850 275 642 959 680 556 0 839 620 386 26 90 906 687 995 37 941 370 279 723 528 715 125 584 900 811 345 734 910 350 979 
621 472 20 198 896 484 166 167 168 602 871 714 606 11 774 839 0 744 848 457 668 925 638 792 493 587 270 866 921 174 852 845 353 10 736 791 390 386 884 750 
718 343 62 155 306 649 146 685 837 578 734 628 644 693 525 620 744 0 481 503 131 215 886 206 417 427 537 605 358 970 575 618 35 635 194 920 958 666 133 713 
153 50 781 710 486 886 939 637 375 529 490 158 985 578 690 386 848 481 0 915 788 124 110 683 746 542 589 108 587 334 86 689 87 370 105 960 830 765 310 860 
956 131 959 572 716 692 228 57 972 819 651 83 805 549 716 26 457 503 915 0 920 976 245 884 274 343 714 482 248 638 91 11 652 548 166 871 314 974 235 631 
826 265 189 451 561 133 374 605 607 20 265 342 247 546 967 90 668 131 788 920 0 706 348 531 779 462 661 516 594 100 700 184 546 557 35 639 968 644 262 128 
720 877 306 616 6 407 438 67 852 604 884 262 835 857 231 906 925 215 124 976 706 0 705 100 42 836 626 111 178 64 867 320 1000 260 583 576 708 835 208 46 
925 79 625 993 206 487 220 553 391 306 127 887 137 309 516 687 638 886 110 245 348 705 0 865 127 479 645 608 231 975 168 803 448 870 680 56 878 659 102 250 
424 733 478 643 454 1000 284 811 114 493 735 949 803 381 632 995 792 206 683 884 531 100 865 0 109 401 250 492 768 555 530 335 509 864 476 656 798 377 815 851 
729 14 496 153 49 910 331 9 404 631 316 307 498 351 532 37 493 417 746 274 779 42 127 109 0 395 660 56 920 520 65 275 134 147 395 852 46 387 305 990 
487 932 875 653 464 439 353 675 799 134 682 14 766 774 827 941 587 427 542 343 462 836 479 401 395 0 539 107 320 320 359 432 503 932 176 94 489 633 395 145 
49 270 339 93 431 287 924 745 881 426 871 949 468 873 671 370 270 537 589 714 661 626 645 250 660 539 0 631 507 172 644 354 911 309 947 898 301 502 366 631 
897 586 52 625 189 769 377 623 219 636 397 778 626 304 464 279 866 605 108 482 516 111 608 492 56 107 631 0 807 635 954 157 344 277 71 817 790 3 698 398 
240 368 717 945 492 979 641 733 735 696 58 164 138 149 503 723 921 358 587 248 594 178 231 768 920 320 507 807 0 509 137 87 444 183 343 199 52 757 556 184 
973 580 770 419 673 84 752 771 556 132 535 438 578 513 672 528 174 970 334 638 100 64 975 555 520 320 172 635 509 0 677 223 484 993 351 592 928 584 198 689 
329 72 138 795 187 21 171 3 679 7 869 205 559 423 398 715 852 575 86 91 700 867 168 530 65 359 644 954 137 677 0 370 20 950 390 874 178 249 941 625 
249 579 901 593 501 346 354 136 843 424 723 376 914 794 373 125 845 618 689 11 184 320 803 335 275 432 354 157 87 223 370 0 910 400 143 541 628 684 804 814 
985 264 206 795 886 923 92 747 478 982 642 638 668 876 209 584 353 35 87 652 546 1000 448 509 134 503 911 344 444 484 20 910 0 491 826 714 485 403 344 55 
276 844 276 559 788 369 61 510 677 258 701 956 95 723 659 900 10 635 370 548 557 260 870 864 147 932 309 277 183 993 950 400 491 0 163 612 963 154 288 923 
63 190 84 88 584 418 449 358 879 750 193 941 610 945 549 811 736 194 105 166 35 583 680 476 395 176 947 71 343 351 390 143 826 163 0 351 557 90 572 677 
49 623 918 245 106 735 936 125 599 418 154 515 651 2 91 345 791 920 960 871 639 576 56 656 852 94 898 817 199 592 874 541 714 612 351 0 272 147 243 626 
491 291 615 774 562 671 821 366 220 646 204 547 781 330 363 734 390 958 830 314 968 708 878 798 46 489 301 790 52 928 178 628 485 963 557 272 0 439 674 846 
130 29 31 999 500 242 250 583 700 351 55 164 851 426 327 910 386 666 765 974 644 835 659 377 387 633 502 3 757 584 249 684 403 154 90 147 439 0 523 894 
947 635 440 17 307 652 614 151 585 901 620 420 143 445 113 350 884 133 310 235 262 208 102 815 305 395 366 698 556 198 941 804 344 288 572 243 674 523 0 689 
214 157 176 342 36 6 9 644 617 636 863 572 88 45 811 979 750 713 860 631 128 46 250 851 990 145 631 398 184 689 625 814 55 923 677 626 846 894 689 0 
0 99 522 846 341 64 321 26 402 866 777 221 599 944 189 112 692 765 179 876 754 603 846 393 640 411 120 984 130 885 566 240 967 126 292 88 471 27 733 332 
99 0 682 190 529 646 171 568 652 511 629 534 140 763 124 713 473 254 133 45 320 831 34 748 124 826 336 417 240 565 6 618 320 875 207 573 356 151 607 139 
522 682 0 992 415 680 282 461 189 499 385 561 791 519 760 928 76 10 771 996 101 52 763 653 420 977 231 113 812 921 237 909 246 277 307 928 499 79 419 126 
846 190 992 0 811 870 861 625 854 217 974 804 845 993 381 168 308 218 876 521 480 456 857 609 244 577 171 524 946 272 860 524 912 639 229 260 811 903 1 298 
341 529 415 811 0 852 448 519 684 904 467 55 282 158 745 449 873 206 508 600 533 96 272 353 92 445 444 29 525 638 44 251 715 832 613 108 551 649 244 17 
64 646 680 870 852 0 802 18 149 689 542 285 628 928 964 838 459 445 974 861 243 461 428 993 974 548 272 540 926 130 66 412 895 445 241 888 601 199 642 65 
321 171 282 861 448 802 0 94 402 823 122 839 477 428 674 947 66 376 959 152 367 272 14 275 267 496 753 299 502 837 236 190 59 73 532 923 727 129 766 138 
26 568 461 625 519 18 94 0 862 495 159 666 586 867 797 660 238 747 589 48 537 15 613 839 177 670 858 637 637 784 19 169 733 549 467 257 283 561 91 627 
402 652 189 854 684 149 402 862 0 293 850 745 164 890 46 429 149 991 577 916 431 770 437 267 415 903 876 174 703 396 773 617 424 753 962 552 234 830 761 775 
866 511 499 217 904 689 823 495 293 0 192 138 998 338 234 785 586 632 533 749 228 716 493 573 474 237 469 753 794 122 168 400 951 325 764 482 618 496 783 683 
777 629 385 974 467 542 122 159 850 192 0 20 198 849 882 200 969 669 289 682 436 990 234 844 274 705 701 357 116 356 992 796 482 521 496 75 122 147 577 824 
221 534 561 804 55 285 839 666 745 138 20 0 11 816 667 555 792 440 147 92 273 310 775 885 375 23 961 780 347 547 286 589 604 974 891 628 577 236 517 387 
599 140 791 845 282 628 477 586 164 998 198 11 0 90 406 907 641 756 798 703 335 886 94 822 454 742 267 538 132 639 514 826 729 37 594 695 844 789 185 38 
944 763 519 993 158 928 428 867 890 338 849 816 90 0 762 675 10 888 504 654 534 802 390 458 254 806 834 404 71 475 400 682 834 892 908 156 322 471 268 97 
189 124 760 381 745 964 674 797 46 234 882 667 406 762 0 564 789 570 722 718 752 127 458 553 431 771 775 403 417 800 530 286 321 822 688 145 296 260 185 784 
112 713 928 168 449 838 947 660 429 785 200 555 907 675 564 0 711 683 412 77 180 840 684 878 67 952 484 269 854 415 737 29 715 791 871 293 810 824 283 975 
692 473 76 308 873 459 66 238 149 586 969 792 641 10 789 711 0 749 897 453 608 1000 627 658 582 712 376 923 899 223 977 825 266 51 771 793 462 235 903 851 
765 254 10 218 206 445 376 747 991 632 669 440 756 888 570 683 749 0 389 568 112 337 609 149 604 305 644 677 375 855 466 597 27 827 125 876 836 570 103 649 
179 133 771 876 508 974 959 589 577 533 289 147 798 504 722 412 897 389 0 919 726 174 164 674 743 595 465 48 477 419 34 707 161 459 258 896 830 842 341 906 
876 45 996 521 600 861 152 48 916 749 682 92 703 654 718 77 453 568 919 0 836 969 158 793 251 383 681 491 289 716 168 104 750 527 79 828 186 908 367 537 
754 320 101 480 533 243 367 537 431 228 436 273 335 534 752 180 608 112 726 836 0 857 204 716 624 445 650 479 818 19 543 137 611 538 201 819 826 609 355 115 
603 831 52 456 96 461 272 15 770 716 990 310 886 802 127 840 1000 337 174 969 857 0 789 121 111 652 590 202 196 17 855 267 986 387 581 639 623 765 291 184 
846 34 763 857 272 428 14 613 437 493 234 775 94 390 458 684 627 609 164 158 204 789 0 963 76 513 443 632 39 856 280 722 555 937 626 82 799 707 55 467 
393 748 653 609 353 993 275 839 267 573 844 885 822 458 553 878 658 149 674 793 716 121 963 0 126 494 76 566 737 622 309 250 455 895 560 449 898 366 937 731 
640 124 420 244 92 974 267 177 415 474 274 375 454 254 431 67 582 604 743 251 624 111 76 126 0 556 763 215 943 467 118 161 102 211 355 894 25 462 257 896 
411 826 977 577 445 548 496 670 903 237 705 23 742 806 771 952 712 305 595 383 445 652 513 494 556 0 689 26 243 278 275 166 561 923 87 150 429 633 210 69 
120 336 231 171 444 272 753 858 876 469 701 961 267 834 775 484 376 644 465 681 650 590 443 76 763 689 0 560 543 254 577 225 842 390 888 855 460 601 275 666 
984 417 113 524 29 540 299 637 174 753 357 780 538 404 403 269 923 677 48 491 479 202 632 566 215 26 560 0 854 585 742 250 353 121 208 746 942 62 772 405 
130 240 812 946 525 926 502 637 703 794 116 347 132 71 417 854 899 375 477 289 818 196 39 737 943 243 543 854 0 581 195 209 452 44 404 67 312 759 719 129 
885 565 921 272 638 130 837 784 396 122 356 547 639 475 800 415 223 855 419 716 19 17 856 622 467 278 254 585 581 0 736 333 558 972 279 433 794 681 136 618 
566 6 237 860 44 66 236 19 773 168 992 286 514 400 530 737 977 466 34 168 543 855 280 309 118 275 577 742 195 736 0 341 124 976 410 714 237 416 961 658 
240 618 909 524 251 412 190 169 617 400 796 589 826 682 286 29 825 597 707 104 137 267 722 250 161 166 225 250 209 333 341 0 904 235 193 604 632 668 707 742 
967 320 246 912 715 895 59 733 424 951 482 604 729 834 321 715 266 27 161 750 611 986 555 455 102 561 842 353 452 558 124 904 0 369 587 596 553 382 364 150 
126 875 277 639 832 445 73 549 753 325 521 974 37 892 822 791 51 827 459 527 538 387 937 895 211 923 390 121 44 972 976 235 369 0 134 274 880 181 272 769 
292 207 307 229 613 241 532 467 962 764 496 891 594 908 688 871 771 125 258 79 201 581 626 560 355 87 888 208 404 279 410 193 587 134 0 330 446 162 551 866 
88 573 928 260 108 888 923 257 552 482 75 628 695 156 145 293 793 876 896 828 819 639 82 449 894 150 855 746 67 433 714 604 596 274 330 0 242 100 142 643 
471 356 499 811 551 601 727 283 234 618 122 577 844 322 296 810 462 836 830 186 826 623 799 898 25 429 460 942 312 794 237 632 553 880 446 242 0 425 790 722 
27 151 79 903 649 199 129 561 830 496 147 236 789 471 260 824 235 570 842 908 609 765 707 366 462 633 601 62 759 681 416 668 382 181 162 100 425 0 524 906 
733 607 419 1 244 642 766 91 761 783 577 517 185 268 185 283 903 103 341 367 355 291 55 937 257 210 275 772 719 136 961 707 364 272 551 142 790 524 0 563 
332 139 126 298 17 65 138 627 775 683 824 387 38 97 784 975 851 649 906 537 115 184 467 731 896 69 666 405 129 618 658 742 150 769 866 643 722 906 563 0 
0 67 731 866 221 219 530 219 509 902 652 49 987 855 135 116 937 634 205 910 745 930 817 416 846 715 49 879 185 897 264 156 761 123 51 122 493 212 868 262 
67 0 770 207 373 868 293 733 516 553 677 563 39 709 203 813 513 390 80 228 454 919 117 667 146 869 117 739 239 429 191 581 219 856 178 632 405 126 706 149 
731 770 0 975 373 584 227 426 232 441 630 496 837 404 696 944 134 43 999 919 225 341 649 585 496 869 243 121 799 812 230 915 70 125 143 998 602 62 521 100 
866 207 975 0 891 798 907 599 737 226 764 672 775 769 236 73 240 193 708 538 524 652 962 605 288 830 26 681 969 399 837 645 613 512 21 113 669 864 15 279 
221 373 373 891 0 897 606 431 772 983 436 11 214 370 643 547 963 227 420 594 528 88 75 382 219 536 401 180 618 629 205 430 846 900 652 161 673 370 252 182 
219 868 584 798 897 0 810 194 57 775 558 362 470 984 883 926 248 457 719 650 232 435 531 915 883 440 78 955 972 251 127 306 999 372 558 731 800 397 677 26 
530 293 227 907 606 810 0 191 541 709 10 816 429 376 635 978 313 88 888 132 468 355 209 251 355 377 922 379 655 668 265 397 42 105 523 744 640 304 495 54 
219 733 426 599 431 194 191 0 609 225 54 674 290 728 845 793 155 458 501 47 420 139 574 893 132 791 575 587 780 820 24 184 575 338 458 194 307 692 187 807 
509 516 232 737 772 57 541 609 0 249 857 902 259 873 39 482 311 969 287 938 781 962 251 241 433 757 846 308 816 414 827 898 782 802 813 623 334 767 761 529 
902 553 441 226 983 775 709 225 249 0 307 67 981 118 131 823 471 654 398 710 87 551 233 633 337 327 507 784 752 328 61 371 944 416 676 469 754 411 920 677 
652 677 630 764 436 558 10 54 857 307 0 100 198 859 531 134 920 692 588 546 263 729 190 729 224 741 762 693 95 572 775 824 596 659 137 130 91 27 369 842 
49 563 496 672 11 362 816 674 902 67 100 0 66 892 700 714 892 566 184 27 305 193 859 996 313 64 977 767 177 371 49 312 663 907 994 497 525 131 490 444 
987 39 837 775 214 470 429 290 259 981 198 66 0 126 650 991 693 829 828 843 214 848 133 681 555 767 414 833 142 612 647 929 823 309 582 507 952 691 181 104 
855 709 404 769 370 984 376 728 873 118 859 892 126 0 551 757 19 848 528 590 595 920 256 465 234 611 964 106 118 616 519 732 937 872 816 124 382 487 376 36 
135 203 696 236 643 883 635 845 39 131 531 700 650 551 0 432 685 462 816 642 974 343 532 767 588 861 778 344 409 699 468 306 222 622 368 16 399 153 131 803 
116 813 944 73 547 926 978 793 482 823 134 714 991 757 432 0 844 482 678 65 107 822 642 866 19 752 458 21 681 533 525 222 685 918 777 323 680 912 376 979 
937 513 134 240 963 248 313 155 311 471 920 892 693 19 685 844 0 626 820 494 781 829 600 777 330 435 326 914 842 19 814 727 372 8 752 801 687 472 970 689 
634 390 43 193 227 457 88 458 969 654 692 566 829 848 462 482 626 0 413 455 47 167 724 72 603 553 605 665 412 875 740 498 60 684 388 967 917 673 244 838 
205 80 999 708 420 719 888 501 287 398 588 184 828 528 816 678 820 413 0 928 846 181 89 518 803 549 690 108 657 232 165 668 271 246 1 857 794 691 311 775 
910 228 919 538 594 650 132 47 938 710 546 27 843 590 642 65 494 455 928 0 823 949 162 748 240 303 761 538 205 717 214 14 690 359 44 653 226 894 281 551 
745 454 225 524 528 232 468 420 781 87 263 305 214 595 974 107 781 47 846 823 0 717 204 487 743 470 713 529 747 115 744 377 560 528 88 497 789 655 336 238 
930 919 341 652 88 435 355 139 962 551 729 193 848 920 343 822 829 167 181 949 717 0 699 144 88 880 651 219 173 50 816 353 792 371 560 518 747 847 393 189 
817 117 649 962 75 531 209 574 251 233 190 859 133 256 532 642 600 724 89 162 204 699 0 990 228 538 515 759 275 800 190 819 399 916 619 76 744 593 252 177 
416 667 585 605 382 915 251 893 241 633 729 996 681 465 767 866 777 72 518 748 487 144 990 0 114 415 300 421 605 465 632 205 705 776 609 719 898 472 945 805 
846 146 496 288 219 883 355 132 433 337 224 313 555 234 588 19 330 603 803 240 743 88 228 114 0 239 646 125 767 685 202 311 46 221 415 698 26 404 116 975 
715 869 869 830 536 440 377 791 757 327 741 64 767 611 861 752 435 553 549 303 470 880 538 415 239 0 507 128 388 408 547 585 364 947 18 2 468 494 261 322 
49 117 243 26 401 78 922 575 846 507 762 977 414 964 778 458 326 605 690 761 713 651 515 300 646 507 0 549 645 315 768 242 884 226 871 798 213 605 385 524 
879 739 121 681 180 955 379 587 308 784 693 767 833 106 344 21 914 665 108 538 529 219 759 421 125 128 549 0 900 584 852 255 361 344 4 866 745 102 663 275 
185 239 799 969 618 972 655 780 816 752 95 177 142 118 409 681 842 412 657 205 747 173 275 605 767 388 645 900 0 342 212 134 237 395 202 42 170 805 496 114 
897 429 812 399 629 251 668 820 414 328 572 371 612 616 699 533 19 875 232 717 115 50 800 465 685 408 315 584 342 0 605 312 543 820 316 690 964 568 158 470 
264 191 230 837 205 127 265 24 827 61 775 49 647 519 468 525 814 740 165 214 744 816 190 632 202 547 768 852 212 605 0 430 108 806 309 976 103 403 967 627 
156 581 915 645 430 306 397 184 898 371 824 312 929 732 306 222 727 498 668 14 377 353 819 205 311 585 242 255 134 312 430 0 923 433 232 465 536 616 967 825 
761 219 70 613 846 999 42 575 782 944 596 663 823 937 222 685 372 60 271 690 560 792 399 705 46 364 884 361 237 543 108 923 0 488 918 574 357 375 428 123 
123 856 125 512 900 372 105 338 802 416 659 907 309 872 622 918 8 684 246 359 528 371 916 776 221 947 226 344 395 820 806 433 488 0 120 596 872 229 238 793 
51 178 143 21 652 558 523 458 813 676 137 994 582 816 368 777 752 388 1 44 88 560 619 609 415 18 871 4 202 316 309 232 918 120 0 157 476 185 554 608 
122 632 998 113 161 731 744 194 623 469 130 497 507 124 16 323 801 967 857 653 497 518 76 719 698 2 798 866 42 690 976 465 574 596 157 0 207 185 97 714 
493 405 602 669 673 800 640 307 334 754 91 525 952 382 399 680 687 917 794 226 789 747 744 898 26 468 213 745 170 964 103 536 357 872 476 207 0 597 620 913 
212 126 62 864 370 397 304 692 767 411 27 131 691 487 153 912 472 673 691 894 655 847 593 472 404 494 605 102 805 568 403 616 375 229 185 185 597 0 463 834 
868 706 521 15 252 677 495 187 761 920 369 490 181 376 131 376 970 244 311 281 336 393 252 945 116 261 385 663 496 158 967 967 428 238 554 97 620 463 0 819 
262 149 100 279 182 26 54 807 529 677 842 444 104 36 803 979 689 838 775 551 238 189 177 805 975 322 524 275 114 470 627 825 123 793 608 714 913 834 819 0 
0 112 479 742 219 311 382 156 382 927 836 176 828 934 125 67 776 813 167 866 851 518 583 451 656 454 136 819 334 983 323 322 968 222 31 141 370 93 818 263 
112 0 609 259 353 814 157 784 802 480 645 692 217 440 183 611 572 464 35 86 305 862 159 730 29 981 313 741 472 593 106 729 195 944 250 586 410 2 558 93 
479 609 0 937 286 742 216 608 32 422 298 594 790 382 660 669 83 54 761 889 267 284 462 558 454 757 319 272 856 723 66 857 389 170 156 841 612 26 350 12 
742 259 937 0 774 980 887 400 735 164 776 952 817 925 423 126 271 229 626 488 439 700 955 655 344 577 168 645 820 556 859 594 864 620 49 378 789 915 239 209 
219 353 286 774 0 956 515 517 719 941 442 41 217 432 792 513 732 349 424 749 437 129 322 591 2 480 336 381 305 685 174 465 982 712 466 77 587 556 373 44 
311 814 742 980 956 0 703 218 90 641 474 299 477 918 712 870 511 608 700 638 248 250 609 985 923 270 499 754 918 134 340 416 969 442 673 792 775 2 716 66 
382 157 216 887 515 703 0 265 615 955 133 687 531 318 769 944 190 234 862 223 361 498 171 354 458 195 956 341 539 889 214 317 53 60 432 961 727 118 574 122 
156 784 608 400 517 218 265 0 711 426 10 695 512 952 738 993 267 809 717 142 451 109 310 824 5 647 712 616 670 761 117 9 679 680 337 106 393 518 420 695 
382 802 32 735 719 90 615 711 0 543 871 799 146 745 90 470 97 990 344 795 823 824 414 48 528 742 802 1 703 423 678 761 460 599 950 514 133 661 727 430 
927 480 422 164 941 641 955 426 543 0 152 26 913 292 204 864 463 538 631 780 13 651 290 386 625 71 292 661 786 130 57 655 985 200 730 442 566 323 780 609 
836 645 298 776 442 474 133 10 871 152 0 57 85 940 557 297 945 787 470 671 211 890 119 883 432 677 733 421 185 475 868 557 559 746 206 360 213 88 612 926 
176 692 594 952 41 299 687 695 799 26 57 0 5 946 777 560 883 397 184 43 200 233 884 881 153 16 910 761 213 519 136 358 480 889 966 507 600 190 434 581 
828 217 790 817 217 477 531 512 146 913 85 5 0 141 573 903 548 682 997 565 348 840 108 696 604 826 504 490 294 568 516 947 646 83 525 647 719 759 238 1 
934 440 382 925 432 918 318 952 745 292 940 946 141 0 890 582 103 745 595 581 502 914 363 472 428 785 875 417 152 520 313 857 920 709 915 61 352 607 384 74 
125 183 660 423 792 712 769 738 90 204 557 777 573 890 0 624 887 613 812 759 779 221 453 405 463 856 678 462 438 825 259 310 42 460 472 2 480 217 155 818 
67 611 669 126 513 870 944 993 470 864 297 560 903 582 624 0 802 480 419 48 134 754 741 992 7 953 319 324 818 396 620 184 553 943 743 358 810 873 366 791 
776 572 83 271 732 511 190 267 97 463 945 883 548 103 887 802 0 514 839 299 672 986 618 899 512 514 191 917 889 317 893 920 351 39 757 631 279 524 975 810 
813 464 54 229 349 608 234 809 990 538 787 397 682 745 613 480 514 0 451 509 62 365 861 316 356 314 529 711 291 898 566 663 26 596 110 945 717 482 210 801 
167 35 761 626 424 700 862 717 344 631 470 184 997 595 812 419 839 451 0 774 805 127 153 727 704 356 463 111 676 442 50 804 66 410 190 962 627 709 255 947 
866 86 889 488 749 638 223 142 795 780 671 43 565 581 759 48 299 509 774 0 949 968 265 910 250 124 882 429 120 708 265 109 537 776 74 971 312 875 286 653 
851 305 267 439 437 248 361 451 823 13 211 200 348 502 779 134 672 62 805 949 0 669 386 623 849 531 567 480 559 25 712 3 677 574 111 696 927 625 310 52 
518 862 284 700 129 250 498 109 824 651 890 233 840 914 221 754 986 365 127 968 669 0 751 154 103 717 551 50 123 154 691 278 864 455 442 586 861 761 219 114 
583 159 462 955 322 609 171 310 414 290 119 884 108 363 453 741 618 861 153 265 386 751 0 962 128 573 656 653 327 877 328 894 308 803 699 81 846 712 185 276 
451 730 558 655 591 985 354 824 48 386 883 881 696 472 405 992 899 316 727 910 623 154 962 0 56 415 269 543 666 686 484 267 428 896 459 731 598 290 868 813 
656 29 454 344 2 923 458 5 528 625 432 153 604 428 463 7 512 356 704 250 849 103 128 56 0 610 405 75 920 468 34 441 80 130 279 959 83 500 230 864 
454 981 757 577 480 270 195 647 742 71 677 16 826 785 856 953 514 314 356 124 531 717 573 415 610 0 324 305 263 297 536 242 519 926 250 206 323 624 599 36 
136 313 319 168 336 499 956 712 802 292 733 910 504 875 678 319 191 529 463 882 567 551 656 269 405 324 0 494 669 343 584 608 823 459 815 947 445 566 253 578 
819 741 272 645 381 754 341 616 1 661 421 761 490 417 462 324 917 711 111 429 480 50 653 543 75 305 494 0 671 873 907 287 502 138 32 865 810 127 611 342 
334 472 856 820 305 918 539 670 703 786 185 213 294 152 438 818 889 291 676 120 559 123 327 666 920 263 669 671 0 473 264 91 348 415 276 156 187 602 496 132 
983 593 723 556 685 134 889 761 423 130 475 519 568 520 825 396 317 898 442 708 25 154 877 686 468 297 343 873 473 0 781 345 497 860 332 666 854 543 225 702 
323 106 66 859 174 340 214 117 678 57 868 136 516 313 259 620 893 566 50 265 712 691 328 484 34 536 584 907 264 781 0 378 62 1000 366 948 68 342 741 641 
322 729 857 594 465 416 317 9 761 655 557 358 947 857 310 184 920 663 804 109 3 278 894 267 441 242 608 287 91 345 378 0 953 406 65 556 517 620 989 838 
968 195 389 864 982 969 53 679 460 985 559 480 646 920 42 553 351 26 66 537 677 864 308 428 80 519 823 502 348 497 62 953 0 449 963 720 538 487 169 81 
222 944 170 620 712 442 60 680 599 200 746 889 83 709 460 943 39 596 410 776 574 455 803 896 130 926 459 138 415 860 1000 406 449 0 440 573 936 153 317 953 
31 250 156 49 466 673 432 337 950 730 206 966 525 915 472 743 757 110 190 74 111 442 699 459 279 250 815 32 276 332 366 65 963 440 0 352 517 254 615 690 
141 586 841 378 77 792 961 106 514 442 360 507 647 61 2 358 631 945 962 971 696 586 81 731 959 206 947 865 156 666 948 556 720 573 352 0 583 254 149 545 
370 410 612 789 587 775 727 393 133 566 213 600 719 352 480 810 279 717 627 312 927 861 846 598 83 323 445 810 187 854 68 517 538 936 517 583 0 391 611 848 
93 2 26 915 556 2 118 518 661 323 88 190 759 607 217 873 524 482 709 875 625 761 712 290 500 624 566 127 602 543 342 620 487 153 254 254 391 0 631 870 
818 558 350 239 373 716 574 420 727 780 612 434 238 384 155 366 975 210 255 286 310 219 185 868 230 599 253 611 496 225 741 989 169 317 615 149 611 631 0 786 
263 93 12 209 44 66 122 695 430 609 926 581 1 74 818 791 810 801 947 653 52 114 276 813 864 36 578 342 132 702 641 838 81 953 690 545 848 870 786 0 
