7 3
0 813 105 728 495 748 590 
813 0 377 463 378 892 566 
105 377 0 940 425 230 694 
728 463 940 0 205 867 517 
495 378 425 205 0 399 457 
748 892 230 867 399 0 171 
590 566 694 517 457 171 0 
0 900 60 492 229 864 278 
900 0 870 551 451 229 270 
60 870 0 179 278 15 824 
492 551 179 0 247 213 207 
229 451 278 247 0 79 662 
864 229 15 213 79 0 536 
278 270 824 207 662 536 0 
0 600 367 912 954 590 24 
600 0 303 10 899 835 862 
367 303 0 56 952 567 387 
912 10 56 0 668 554 189 
954 899 952 668 0 719 532 
590 835 567 554 719 0 620 
24 862 387 189 532 620 0 
0 533 344 333 502 989 213 
533 0 377 500 722 363 691 
344 377 0 810 32 122 295 
333 500 810 0 334 99 69 
502 722 32 334 0 654 884 
989 363 122 99 654 0 967 
213 691 295 69 884 967 0 
