50 3
0 368 602 445 38 752 174 254 906 858 924 298 882 907 936 79 609 601 100 965 945 418 863 935 476 362 939 298 716 498 706 946 645 221 339 613 722 817 96 954 676 368 515 165 899 598 906 592 960 213 
368 0 547 448 597 885 226 279 963 721 149 556 72 292 804 360 965 285 219 826 135 293 136 401 850 620 960 303 359 103 49 833 367 934 650 651 49 741 880 233 509 662 610 327 638 314 112 499 314 294 
602 547 0 941 685 383 993 898 698 657 580 891 168 811 714 938 182 648 230 412 88 121 114 211 52 765 910 962 473 379 784 81 817 971 820 840 855 381 116 72 58 80 467 163 839 286 825 534 727 663 
445 448 941 0 11 392 175 163 506 272 197 105 61 103 379 542 229 927 860 243 750 897 705 757 29 217 574 403 908 857 692 211 986 512 753 781 126 475 34 498 805 335 759 233 474 762 556 212 154 323 
38 597 685 11 0 3 334 177 875 252 575 882 482 474 778 274 334 299 113 109 815 607 499 776 791 691 898 280 786 464 764 883 427 299 148 113 204 729 970 486 635 875 69 567 489 558 69 613 610 387 
752 885 383 392 3 0 994 982 644 868 472 580 550 702 519 835 66 243 257 143 949 530 944 671 321 24 790 397 170 426 659 829 452 470 929 141 765 68 634 28 534 700 1000 967 631 904 539 232 367 947 
174 226 993 175 334 994 0 378 721 463 28 817 893 625 637 213 452 907 189 954 415 921 895 534 360 637 241 36 959 954 223 482 163 648 497 913 118 28 62 453 250 66 438 670 962 738 554 606 893 528 
254 279 898 163 177 982 378 0 710 281 881 49 637 811 618 881 210 148 659 869 488 691 930 200 894 591 916 51 140 824 288 572 716 741 224 336 340 473 521 884 947 829 15 307 615 620 473 744 453 333 
906 963 698 506 875 644 721 710 0 200 548 520 949 353 964 429 735 392 587 90 361 409 915 705 7 526 39 441 2 591 166 116 756 75 804 878 12 841 591 790 922 63 823 863 692 797 970 660 913 349 
858 721 657 272 252 868 463 281 200 0 823 879 553 301 957 396 700 376 252 27 178 368 276 715 257 484 337 807 127 517 568 639 409 195 752 925 685 60 509 335 31 776 53 683 872 240 636 605 171 337 
924 149 580 197 575 472 28 881 548 823 0 197 927 393 820 11 555 79 579 359 299 917 360 230 531 243 662 192 38 922 319 537 94 815 764 21 966 525 361 288 144 496 42 746 758 254 721 156 635 114 
298 556 891 105 882 580 817 49 520 879 197 0 86 153 500 507 507 154 642 819 166 676 788 468 465 55 915 214 833 427 458 315 575 573 225 946 927 632 493 101 369 593 490 963 629 978 82 19 852 964 
882 72 168 61 482 550 893 637 949 553 927 86 0 840 903 763 671 122 513 967 694 1 145 666 68 184 697 771 396 108 14 849 938 332 42 655 114 567 990 428 919 114 32 890 808 605 334 902 147 18 
907 292 811 103 474 702 625 811 353 301 393 153 840 0 943 530 463 133 713 146 160 937 274 505 536 175 686 377 919 99 529 616 366 451 545 902 372 782 845 740 304 802 809 551 284 398 68 67 523 37 
936 804 714 379 778 519 637 618 964 957 820 500 903 943 0 686 663 786 308 933 634 330 909 294 806 822 909 388 216 699 858 539 894 283 399 87 554 987 132 609 453 986 810 857 642 910 51 335 423 428 
79 360 938 542 274 835 213 881 429 396 11 507 763 530 686 0 817 177 632 289 404 353 196 662 833 513 747 186 431 629 855 553 431 344 442 32 501 329 404 800 937 841 252 909 279 619 559 846 851 990 
609 965 182 229 334 66 452 210 735 700 555 507 671 463 663 817 0 108 409 767 56 194 644 162 671 418 684 860 169 918 226 73 280 273 333 943 692 487 431 982 191 651 581 875 69 407 584 513 836 742 
601 285 648 927 299 243 907 148 392 376 79 154 122 133 786 177 108 0 838 108 516 170 656 423 436 209 910 310 761 97 647 992 975 253 503 437 312 287 353 338 864 226 610 580 19 464 95 225 467 388 
100 219 230 860 113 257 189 659 587 252 579 642 513 713 308 632 409 838 0 461 780 717 306 365 827 27 390 869 18 382 44 858 109 68 530 25 261 11 723 632 438 605 545 759 905 94 929 541 270 949 
965 826 412 243 109 143 954 869 90 27 359 819 967 146 933 289 767 108 461 0 72 247 532 362 416 795 795 962 537 624 819 913 262 543 668 677 800 994 905 42 31 400 39 630 974 576 206 572 27 935 
945 135 88 750 815 949 415 488 361 178 299 166 694 160 634 404 56 516 780 72 0 234 816 622 376 921 693 798 647 853 427 59 279 970 366 946 575 52 563 390 821 311 945 142 396 966 611 564 333 629 
418 293 121 897 607 530 921 691 409 368 917 676 1 937 330 353 194 170 717 247 234 0 799 344 885 699 959 978 37 134 180 350 363 398 712 648 164 492 681 233 603 853 958 458 724 764 668 988 497 813 
863 136 114 705 499 944 895 930 915 276 360 788 145 274 909 196 644 656 306 532 816 799 0 17 690 354 693 159 611 379 730 894 555 251 977 713 535 263 503 230 634 616 617 442 255 384 982 517 883 750 
935 401 211 757 776 671 534 200 705 715 230 468 666 505 294 662 162 423 365 362 622 344 17 0 18 32 110 928 984 653 495 189 349 557 290 348 718 963 176 381 521 142 571 532 53 567 137 683 435 444 
476 850 52 29 791 321 360 894 7 257 531 465 68 536 806 833 671 436 827 416 376 885 690 18 0 393 523 971 156 978 823 601 895 880 639 253 355 615 789 896 912 214 55 571 548 163 854 702 333 977 
362 620 765 217 691 24 637 591 526 484 243 55 184 175 822 513 418 209 27 795 921 699 354 32 393 0 752 199 248 297 799 366 634 697 788 671 428 152 422 476 129 13 440 72 26 197 386 271 77 316 
939 960 910 574 898 790 241 916 39 337 662 915 697 686 909 747 684 910 390 795 693 959 693 110 523 752 0 481 255 413 221 398 475 841 779 18 544 126 627 272 284 760 874 607 236 134 960 94 306 411 
298 303 962 403 280 397 36 51 441 807 192 214 771 377 388 186 860 310 869 962 798 978 159 928 971 199 481 0 156 271 656 498 381 237 328 212 852 712 593 586 777 499 441 556 264 749 81 49 684 962 
716 359 473 908 786 170 959 140 2 127 38 833 396 919 216 431 169 761 18 537 647 37 611 984 156 248 255 156 0 366 260 809 801 482 621 227 39 371 697 193 41 364 802 840 689 850 9 128 252 28 
498 103 379 857 464 426 954 824 591 517 922 427 108 99 699 629 918 97 382 624 853 134 379 653 978 297 413 271 366 0 763 818 484 376 267 666 94 312 851 957 904 313 521 901 990 890 779 253 347 401 
706 49 784 692 764 659 223 288 166 568 319 458 14 529 858 855 226 647 44 819 427 180 730 495 823 799 221 656 260 763 0 475 75 592 869 850 146 156 219 728 86 821 62 677 640 274 317 442 295 269 
946 833 81 211 883 829 482 572 116 639 537 315 849 616 539 553 73 992 858 913 59 350 894 189 601 366 398 498 809 818 475 0 181 235 294 458 233 633 589 431 410 387 970 377 170 421 937 228 840 220 
645 367 817 986 427 452 163 716 756 409 94 575 938 366 894 431 280 975 109 262 279 363 555 349 895 634 475 381 801 484 75 181 0 335 587 704 470 813 438 420 822 7 462 987 484 972 772 876 838 795 
221 934 971 512 299 470 648 741 75 195 815 573 332 451 283 344 273 253 68 543 970 398 251 557 880 697 841 237 482 376 592 235 335 0 82 563 921 422 722 580 470 14 446 146 134 582 700 428 3 45 
339 650 820 753 148 929 497 224 804 752 764 225 42 545 399 442 333 503 530 668 366 712 977 290 639 788 779 328 621 267 869 294 587 82 0 71 1 516 993 747 420 40 500 325 152 478 12 940 309 662 
613 651 840 781 113 141 913 336 878 925 21 946 655 902 87 32 943 437 25 677 946 648 713 348 253 671 18 212 227 666 850 458 704 563 71 0 592 178 162 189 278 959 110 793 196 952 380 320 307 422 
722 49 855 126 204 765 118 340 12 685 966 927 114 372 554 501 692 312 261 800 575 164 535 718 355 428 544 852 39 94 146 233 470 921 1 592 0 34 669 877 596 39 813 425 23 13 705 160 141 382 
817 741 381 475 729 68 28 473 841 60 525 632 567 782 987 329 487 287 11 994 52 492 263 963 615 152 126 712 371 312 156 633 813 422 516 178 34 0 707 862 511 922 401 386 459 164 480 513 922 590 
96 880 116 34 970 634 62 521 591 509 361 493 990 845 132 404 431 353 723 905 563 681 503 176 789 422 627 593 697 851 219 589 438 722 993 162 669 707 0 224 737 265 106 984 676 248 374 77 263 515 
954 233 72 498 486 28 453 884 790 335 288 101 428 740 609 800 982 338 632 42 390 233 230 381 896 476 272 586 193 957 728 431 420 580 747 189 877 862 224 0 237 209 921 902 409 286 898 983 889 639 
676 509 58 805 635 534 250 947 922 31 144 369 919 304 453 937 191 864 438 31 821 603 634 521 912 129 284 777 41 904 86 410 822 470 420 278 596 511 737 237 0 150 495 481 281 909 100 950 237 279 
368 662 80 335 875 700 66 829 63 776 496 593 114 802 986 841 651 226 605 400 311 853 616 142 214 13 760 499 364 313 821 387 7 14 40 959 39 922 265 209 150 0 267 344 913 383 486 667 122 37 
515 610 467 759 69 1000 438 15 823 53 42 490 32 809 810 252 581 610 545 39 945 958 617 571 55 440 874 441 802 521 62 970 462 446 500 110 813 401 106 921 495 267 0 924 293 457 988 609 524 226 
165 327 163 233 567 967 670 307 863 683 746 963 890 551 857 909 875 580 759 630 142 458 442 532 571 72 607 556 840 901 677 377 987 146 325 793 425 386 984 902 481 344 924 0 103 426 946 244 204 103 
899 638 839 474 489 631 962 615 692 872 758 629 808 284 642 279 69 19 905 974 396 724 255 53 548 26 236 264 689 990 640 170 484 134 152 196 23 459 676 409 281 913 293 103 0 239 403 874 194 812 
598 314 286 762 558 904 738 620 797 240 254 978 605 398 910 619 407 464 94 576 966 764 384 567 163 197 134 749 850 890 274 421 972 582 478 952 13 164 248 286 909 383 457 426 239 0 236 651 861 236 
906 112 825 556 69 539 554 473 970 636 721 82 334 68 51 559 584 95 929 206 611 668 982 137 854 386 960 81 9 779 317 937 772 700 12 380 705 480 374 898 100 486 988 946 403 236 0 389 84 87 
592 499 534 212 613 232 606 744 660 605 156 19 902 67 335 846 513 225 541 572 564 988 517 683 702 271 94 49 128 253 442 228 876 428 940 320 160 513 77 983 950 667 609 244 874 651 389 0 315 342 
960 314 727 154 610 367 893 453 913 171 635 852 147 523 423 851 836 467 270 27 333 497 883 435 333 77 306 684 252 347 295 840 838 3 309 307 141 922 263 889 237 122 524 204 194 861 84 315 0 809 
213 294 663 323 387 947 528 333 349 337 114 964 18 37 428 990 742 388 949 935 629 813 750 444 977 316 411 962 28 401 269 220 795 45 662 422 382 590 515 639 279 37 226 103 812 236 87 342 809 0 
0 173 595 237 820 18 833 536 825 32 787 703 782 546 929 241 317 464 483 774 498 27 349 620 877 951 220 38 572 373 591 392 604 149 926 654 578 171 163 768 881 172 320 566 400 284 988 735 295 425 
173 0 764 74 764 909 841 82 490 707 949 51 658 61 452 666 982 63 961 48 772 265 723 604 379 280 439 292 182 113 524 641 458 422 55 530 223 702 802 648 252 44 231 483 154 818 49 138 930 582 
595 764 0 665 826 622 92 211 278 179 226 654 824 267 880 545 674 661 260 507 149 800 885 7 647 984 966 610 860 623 857 271 61 733 917 85 818 329 580 724 832 504 133 332 944 773 550 67 649 118 
237 74 665 0 614 675 429 557 570 691 13 379 984 699 891 989 517 323 607 325 666 381 871 213 301 155 281 548 965 636 245 643 566 176 523 981 920 744 798 990 919 451 418 800 284 971 97 26 914 526 
820 764 826 614 0 850 793 120 93 554 970 668 543 789 165 787 926 103 780 753 179 351 473 456 475 327 302 613 459 599 658 338 353 227 175 952 730 702 823 479 765 87 629 729 710 710 480 559 604 931 
18 909 622 675 850 0 134 201 887 636 955 446 782 956 296 932 487 256 971 525 34 497 669 400 274 857 215 741 88 158 43 406 143 90 829 53 437 99 99 419 646 317 398 776 325 639 255 638 59 282 
833 841 92 429 793 134 0 428 921 746 889 823 505 125 162 283 44 864 277 146 582 809 479 808 75 333 355 364 354 14 760 951 767 653 448 90 224 126 242 579 731 459 645 588 810 403 692 599 573 368 
536 82 211 557 120 201 428 0 961 225 434 481 705 560 412 916 173 520 617 194 8 526 9 335 554 831 3 131 992 519 539 409 656 380 960 604 726 20 709 230 859 364 22 998 531 159 677 264 327 139 
825 490 278 570 93 887 921 961 0 83 207 297 233 683 241 492 848 889 773 881 675 154 892 19 121 620 198 766 710 309 838 980 5 767 740 255 262 86 385 826 45 679 835 860 723 835 561 352 758 543 
32 707 179 691 554 636 746 225 83 0 851 406 651 962 477 936 864 133 382 180 683 828 202 376 1 300 426 885 72 13 356 432 855 164 631 405 274 197 979 663 803 394 511 88 445 333 919 347 57 639 
787 949 226 13 970 955 889 434 207 851 0 732 565 243 833 358 906 155 498 467 257 514 144 358 400 231 440 504 568 353 841 947 592 44 753 835 657 632 493 83 796 724 220 862 389 202 835 4 271 569 
703 51 654 379 668 446 823 481 297 406 732 0 704 785 422 163 342 36 827 703 403 432 239 709 995 822 442 373 675 517 953 658 534 95 155 790 522 225 950 734 11 860 53 974 457 253 194 435 4 121 
782 658 824 984 543 782 505 705 233 651 565 704 0 531 613 556 992 659 905 651 816 437 992 121 934 866 197 815 261 952 29 423 365 573 947 389 615 957 426 743 935 626 531 428 877 789 63 595 119 356 
546 61 267 699 789 956 125 560 683 962 243 785 531 0 288 811 306 508 229 538 638 963 436 423 749 392 327 750 97 433 636 274 23 797 659 169 207 438 410 493 665 683 754 952 408 959 96 697 963 948 
929 452 880 891 165 296 162 412 241 477 833 422 613 288 0 689 320 903 51 775 5 811 802 889 501 405 757 712 236 82 423 885 978 858 831 433 948 907 832 587 496 930 623 120 276 867 385 460 203 143 
241 666 545 989 787 932 283 916 492 936 358 163 556 811 689 0 491 615 914 940 822 403 331 365 230 166 618 500 11 629 157 976 897 656 657 140 101 149 87 7 533 614 71 27 807 435 393 695 594 23 
317 982 674 517 926 487 44 173 848 864 906 342 992 306 320 491 0 953 95 722 955 561 931 320 49 351 727 998 396 902 215 882 590 314 462 204 780 882 551 284 159 611 921 558 689 364 952 577 78 573 
464 63 661 323 103 256 864 520 889 133 155 36 659 508 903 615 953 0 767 160 862 944 799 100 684 886 48 940 695 235 484 234 780 906 265 110 106 866 759 451 55 83 31 832 658 299 893 806 187 263 
483 961 260 607 780 971 277 617 773 382 498 827 905 229 51 914 95 767 0 15 376 838 49 756 232 751 828 557 362 194 126 704 75 118 225 195 243 263 543 102 675 760 484 393 778 727 500 151 634 243 
774 48 507 325 753 525 146 194 881 180 467 703 651 538 775 940 722 160 15 0 478 144 250 245 92 769 906 450 912 253 90 479 140 116 519 260 859 391 140 42 34 291 800 616 82 604 138 719 884 924 
498 772 149 666 179 34 582 8 675 683 257 403 816 638 5 822 955 862 376 478 0 87 87 767 171 108 972 630 677 936 190 607 152 516 679 66 705 499 741 728 852 999 442 710 2 64 742 797 107 711 
27 265 800 381 351 497 809 526 154 828 514 432 437 963 811 403 561 944 838 144 87 0 353 895 567 400 286 345 284 328 775 700 481 165 321 422 242 238 324 908 235 574 690 653 363 665 414 950 279 849 
349 723 885 871 473 669 479 9 892 202 144 239 992 436 802 331 931 799 49 250 87 353 0 717 157 553 371 905 873 921 895 600 974 68 789 642 945 542 945 929 732 392 180 122 433 290 485 834 181 285 
620 604 7 213 456 400 808 335 19 376 358 709 121 423 889 365 320 100 756 245 767 895 717 0 648 782 662 989 381 547 523 54 787 7 661 682 784 731 905 444 86 122 642 401 161 871 197 911 638 174 
877 379 647 301 475 274 75 554 121 1 400 995 934 749 501 230 49 684 232 92 171 567 157 648 0 327 81 379 382 326 927 615 592 925 237 194 490 927 734 814 192 146 609 448 442 22 43 489 154 28 
951 280 984 155 327 857 333 831 620 300 231 822 866 392 405 166 351 886 751 769 108 400 553 782 327 0 516 121 212 74 335 540 241 508 88 186 653 650 476 64 110 694 558 626 497 928 77 78 782 313 
220 439 966 281 302 215 355 3 198 426 440 442 197 327 757 618 727 48 828 906 972 286 371 662 81 516 0 810 552 350 113 656 118 232 389 813 436 109 12 765 920 52 474 607 314 178 467 349 912 680 
38 292 610 548 613 741 364 131 766 885 504 373 815 750 712 500 998 940 557 450 630 345 905 989 379 121 810 0 676 27 533 336 36 748 935 674 288 247 261 832 564 4 851 298 225 174 16 984 54 963 
572 182 860 965 459 88 354 992 710 72 568 675 261 97 236 11 396 695 362 912 677 284 873 381 382 212 552 676 0 847 56 198 646 185 274 834 589 14 417 659 730 423 450 708 899 373 594 238 889 67 
373 113 623 636 599 158 14 519 309 13 353 517 952 433 82 629 902 235 194 253 936 328 921 547 326 74 350 27 847 0 290 233 667 689 53 248 312 226 893 766 52 874 684 969 519 922 179 161 31 117 
591 524 857 245 658 43 760 539 838 356 841 953 29 636 423 157 215 484 126 90 190 775 895 523 927 335 113 533 56 290 0 170 310 158 226 812 466 595 357 687 120 624 528 964 17 626 440 363 876 497 
392 641 271 643 338 406 951 409 980 432 947 658 423 274 885 976 882 234 704 479 607 700 600 54 615 540 656 336 198 233 170 0 635 77 228 308 692 878 75 927 578 781 952 988 323 685 497 327 956 748 
604 458 61 566 353 143 767 656 5 855 592 534 365 23 978 897 590 780 75 140 152 481 974 787 592 241 118 36 646 667 310 635 0 170 225 450 13 9 543 512 909 50 10 863 932 648 387 238 621 34 
149 422 733 176 227 90 653 380 767 164 44 95 573 797 858 656 314 906 118 116 516 165 68 7 925 508 232 748 185 689 158 77 170 0 59 475 972 217 393 603 831 611 793 585 143 133 819 63 492 374 
926 55 917 523 175 829 448 960 740 631 753 155 947 659 831 657 462 265 225 519 679 321 789 661 237 88 389 935 274 53 226 228 225 59 0 652 512 429 248 660 381 29 703 349 678 834 242 210 769 461 
654 530 85 981 952 53 90 604 255 405 835 790 389 169 433 140 204 110 195 260 66 422 642 682 194 186 813 674 834 248 812 308 450 475 652 0 804 196 413 819 436 98 166 151 2 167 163 527 69 155 
578 223 818 920 730 437 224 726 262 274 657 522 615 207 948 101 780 106 243 859 705 242 945 784 490 653 436 288 589 312 466 692 13 972 512 804 0 505 479 203 349 443 412 258 834 900 234 633 267 859 
171 702 329 744 702 99 126 20 86 197 632 225 957 438 907 149 882 866 263 391 499 238 542 731 927 650 109 247 14 226 595 878 9 217 429 196 505 0 674 714 639 482 273 968 652 348 816 207 479 781 
163 802 580 798 823 99 242 709 385 979 493 950 426 410 832 87 551 759 543 140 741 324 945 905 734 476 12 261 417 893 357 75 543 393 248 413 479 674 0 635 102 209 192 235 987 717 702 176 268 149 
768 648 724 990 479 419 579 230 826 663 83 734 743 493 587 7 284 451 102 42 728 908 929 444 814 64 765 832 659 766 687 927 512 603 660 819 203 714 635 0 13 79 307 241 921 761 157 533 838 267 
881 252 832 919 765 646 731 859 45 803 796 11 935 665 496 533 159 55 675 34 852 235 732 86 192 110 920 564 730 52 120 578 909 831 381 436 349 639 102 13 0 234 772 781 746 779 826 804 789 372 
172 44 504 451 87 317 459 364 679 394 724 860 626 683 930 614 611 83 760 291 999 574 392 122 146 694 52 4 423 874 624 781 50 611 29 98 443 482 209 79 234 0 551 691 200 617 398 453 845 178 
320 231 133 418 629 398 645 22 835 511 220 53 531 754 623 71 921 31 484 800 442 690 180 642 609 558 474 851 450 684 528 952 10 793 703 166 412 273 192 307 772 551 0 203 359 634 645 93 222 978 
566 483 332 800 729 776 588 998 860 88 862 974 428 952 120 27 558 832 393 616 710 653 122 401 448 626 607 298 708 969 964 988 863 585 349 151 258 968 235 241 781 691 203 0 24 687 919 875 323 606 
400 154 944 284 710 325 810 531 723 445 389 457 877 408 276 807 689 658 778 82 2 363 433 161 442 497 314 225 899 519 17 323 932 143 678 2 834 652 987 921 746 200 359 24 0 418 260 419 132 795 
284 818 773 971 710 639 403 159 835 333 202 253 789 959 867 435 364 299 727 604 64 665 290 871 22 928 178 174 373 922 626 685 648 133 834 167 900 348 717 761 779 617 634 687 418 0 158 131 265 692 
988 49 550 97 480 255 692 677 561 919 835 194 63 96 385 393 952 893 500 138 742 414 485 197 43 77 467 16 594 179 440 497 387 819 242 163 234 816 702 157 826 398 645 919 260 158 0 591 124 372 
735 138 67 26 559 638 599 264 352 347 4 435 595 697 460 695 577 806 151 719 797 950 834 911 489 78 349 984 238 161 363 327 238 63 210 527 633 207 176 533 804 453 93 875 419 131 591 0 188 98 
295 930 649 914 604 59 573 327 758 57 271 4 119 963 203 594 78 187 634 884 107 279 181 638 154 782 912 54 889 31 876 956 621 492 769 69 267 479 268 838 789 845 222 323 132 265 124 188 0 818 
425 582 118 526 931 282 368 139 543 639 569 121 356 948 143 23 573 263 243 924 711 849 285 174 28 313 680 963 67 117 497 748 34 374 461 155 859 781 149 267 372 178 978 606 795 692 372 98 818 0 
0 27 276 717 697 950 719 336 534 99 438 540 2 514 81 538 83 318 564 398 834 442 694 221 652 806 376 853 502 246 380 919 134 446 250 439 785 761 84 356 594 653 758 777 491 666 865 995 585 498 
27 0 76 26 978 892 591 94 998 227 956 461 327 368 215 784 412 949 444 458 840 382 57 462 628 265 115 399 266 383 636 553 191 514 238 848 915 214 809 679 885 83 477 508 421 621 407 967 953 19 
276 76 0 548 880 453 526 345 124 343 113 522 602 176 581 174 164 83 574 681 992 601 895 821 137 727 64 127 211 397 124 814 640 271 832 968 61 410 445 911 488 834 78 651 559 339 534 972 957 292 
717 26 548 0 584 829 654 830 299 332 645 812 442 767 178 529 13 130 595 541 975 527 182 372 64 393 819 358 752 535 874 155 422 348 144 233 173 835 699 315 85 122 256 325 376 510 644 77 254 526 
697 978 880 584 0 205 620 575 19 663 496 894 399 672 849 77 235 408 206 427 427 815 125 823 16 131 417 997 590 760 790 79 819 868 470 521 247 178 425 872 594 623 371 309 688 608 409 378 257 652 
950 892 453 829 205 0 319 678 537 462 319 97 299 173 697 176 798 559 419 708 960 173 645 473 683 627 444 737 290 440 85 875 741 975 678 468 196 817 597 157 806 611 70 411 673 471 220 890 149 616 
719 591 526 654 620 319 0 46 387 612 855 929 954 551 176 419 264 463 427 917 509 587 171 242 464 936 11 856 423 434 485 371 955 342 380 302 225 626 764 509 775 166 477 156 360 427 544 982 598 736 
336 94 345 830 575 678 46 0 719 574 428 107 512 290 485 506 317 772 742 133 734 392 307 556 123 225 64 111 95 93 993 866 602 785 792 156 226 337 934 984 209 258 510 815 173 151 729 178 445 691 
534 998 124 299 19 537 387 719 0 580 563 662 61 140 427 582 167 831 204 529 744 859 871 51 886 169 523 40 302 370 750 221 128 156 731 859 138 95 92 663 736 176 847 235 31 643 442 368 700 435 
99 227 343 332 663 462 612 574 580 0 716 706 385 169 296 49 217 276 381 573 308 305 886 547 135 997 861 745 521 748 449 988 203 884 978 980 468 633 737 321 389 12 989 613 45 509 468 362 399 613 
438 956 113 645 496 319 855 428 563 716 0 948 585 129 131 949 82 591 377 621 295 109 552 401 932 478 359 206 286 985 275 197 141 647 474 178 317 336 104 871 404 597 67 432 53 458 435 68 141 984 
540 461 522 812 894 97 929 107 662 706 948 0 756 143 743 257 782 794 117 936 140 390 378 855 21 891 933 804 281 11 390 675 345 213 889 385 530 338 570 864 16 534 146 537 160 259 21 336 440 349 
2 327 602 442 399 299 954 512 61 385 585 756 0 159 139 898 34 835 85 96 460 162 921 89 508 427 426 231 223 465 104 221 48 563 228 724 326 706 328 878 174 591 298 470 870 393 974 348 47 874 
514 368 176 767 672 173 551 290 140 169 129 143 159 0 310 845 374 721 999 294 604 256 632 427 390 711 108 408 217 866 523 901 551 284 107 231 750 853 651 328 131 175 447 939 143 295 48 72 855 984 
81 215 581 178 849 697 176 485 427 296 131 743 139 310 0 300 713 72 132 304 535 908 918 547 343 360 101 74 826 118 983 490 501 254 345 565 640 693 979 725 315 293 408 148 765 644 936 217 137 533 
538 784 174 529 77 176 419 506 582 49 949 257 898 845 300 0 912 82 103 126 710 465 53 477 305 846 266 297 568 383 684 797 330 958 745 627 381 402 34 828 575 831 436 884 648 575 672 653 722 626 
83 412 164 13 235 798 264 317 167 217 82 782 34 374 713 912 0 769 141 822 775 218 351 884 445 340 89 960 117 800 407 204 257 987 579 317 919 944 293 339 955 86 361 596 183 243 11 950 20 173 
318 949 83 130 408 559 463 772 831 276 591 794 835 721 72 82 769 0 495 356 456 347 351 352 163 769 208 787 680 198 606 559 2 462 551 197 272 441 249 424 407 349 460 199 758 178 386 976 879 648 
564 444 574 595 206 419 427 742 204 381 377 117 85 999 132 103 141 495 0 562 701 255 806 794 152 496 579 255 517 4 994 503 673 449 233 68 469 902 655 249 369 525 217 933 674 723 199 97 558 393 
398 458 681 541 427 708 917 133 529 573 621 936 96 294 304 126 822 356 562 0 669 215 100 742 142 411 778 79 206 218 443 401 203 652 629 7 644 623 622 539 251 671 789 115 991 863 942 452 154 127 
834 840 992 975 427 960 509 734 744 308 295 140 460 604 535 710 775 456 701 669 0 310 778 568 384 415 452 518 338 717 540 388 264 420 662 206 206 574 139 53 871 495 371 113 742 874 209 55 311 992 
442 382 601 527 815 173 587 392 859 305 109 390 162 256 908 465 218 347 255 215 310 0 673 575 274 544 90 644 283 471 248 381 269 364 879 956 361 927 50 389 880 209 6 462 508 253 564 754 541 845 
694 57 895 182 125 645 171 307 871 886 552 378 921 632 918 53 351 351 806 100 778 673 0 312 286 755 850 54 155 729 934 257 134 589 481 53 811 68 423 580 90 337 745 186 388 766 41 699 219 596 
221 462 821 372 823 473 242 556 51 547 401 855 89 427 547 477 884 352 794 742 568 575 312 0 614 590 655 761 321 265 906 243 130 461 779 118 195 844 582 750 544 9 252 111 370 367 441 969 908 791 
652 628 137 64 16 683 464 123 886 135 932 21 508 390 343 305 445 163 152 142 384 274 286 614 0 64 29 108 123 689 895 510 510 847 165 81 937 35 760 912 418 33 542 351 791 829 670 387 608 97 
806 265 727 393 131 627 936 225 169 997 478 891 427 711 360 846 340 769 496 411 415 544 755 590 64 0 851 130 587 34 57 448 10 189 497 20 8 480 397 973 178 561 80 141 779 298 840 567 621 252 
376 115 64 819 417 444 11 64 523 861 359 933 426 108 101 266 89 208 579 778 452 90 850 655 29 851 0 32 946 395 231 434 679 510 690 917 175 413 415 570 446 305 152 817 751 92 87 710 20 674 
853 399 127 358 997 737 856 111 40 745 206 804 231 408 74 297 960 787 255 79 518 644 54 761 108 130 32 0 873 927 254 708 949 321 124 328 750 427 553 457 285 320 2 952 656 679 461 618 443 456 
502 266 211 752 590 290 423 95 302 521 286 281 223 217 826 568 117 680 517 206 338 283 155 321 123 587 946 873 0 615 626 363 124 591 961 457 66 124 71 666 274 920 102 911 811 562 647 376 199 940 
246 383 397 535 760 440 434 93 370 748 985 11 465 866 118 383 800 198 4 218 717 471 729 265 689 34 395 927 615 0 24 789 75 815 54 221 408 644 23 58 907 46 525 648 907 935 734 160 826 342 
380 636 124 874 790 85 485 993 750 449 275 390 104 523 983 684 407 606 994 443 540 248 934 906 895 57 231 254 626 24 0 542 775 933 882 431 132 129 519 736 457 854 99 998 143 335 299 131 675 130 
919 553 814 155 79 875 371 866 221 988 197 675 221 901 490 797 204 559 503 401 388 381 257 243 510 448 434 708 363 789 542 0 674 104 26 646 358 909 536 968 549 415 761 403 643 919 287 849 862 440 
134 191 640 422 819 741 955 602 128 203 141 345 48 551 501 330 257 2 673 203 264 269 134 130 510 10 679 949 124 75 775 674 0 740 221 870 706 542 720 852 667 24 845 602 782 464 323 623 93 861 
446 514 271 348 868 975 342 785 156 884 647 213 563 284 254 958 987 462 449 652 420 364 589 461 847 189 510 321 591 815 933 104 740 0 635 47 252 177 764 320 482 789 605 812 736 317 871 468 678 551 
250 238 832 144 470 678 380 792 731 978 474 889 228 107 345 745 579 551 233 629 662 879 481 779 165 497 690 124 961 54 882 26 221 635 0 756 933 629 799 765 334 746 850 469 3 997 156 890 110 680 
439 848 968 233 521 468 302 156 859 980 178 385 724 231 565 627 317 197 68 7 206 956 53 118 81 20 917 328 457 221 431 646 870 47 756 0 64 358 672 319 941 121 534 807 567 243 534 201 326 381 
785 915 61 173 247 196 225 226 138 468 317 530 326 750 640 381 919 272 469 644 206 361 811 195 937 8 175 750 66 408 132 358 706 252 933 64 0 935 737 548 522 138 265 272 134 543 89 131 628 537 
761 214 410 835 178 817 626 337 95 633 336 338 706 853 693 402 944 441 902 623 574 927 68 844 35 480 413 427 124 644 129 909 542 177 629 358 935 0 468 41 449 365 563 170 849 204 100 561 27 54 
84 809 445 699 425 597 764 934 92 737 104 570 328 651 979 34 293 249 655 622 139 50 423 582 760 397 415 553 71 23 519 536 720 764 799 672 737 468 0 118 69 198 870 122 654 568 666 443 721 467 
356 679 911 315 872 157 509 984 663 321 871 864 878 328 725 828 339 424 249 539 53 389 580 750 912 973 570 457 666 58 736 968 852 320 765 319 548 41 118 0 28 966 768 118 183 978 674 697 908 144 
594 885 488 85 594 806 775 209 736 389 404 16 174 131 315 575 955 407 369 251 871 880 90 544 418 178 446 285 274 907 457 549 667 482 334 941 522 449 69 28 0 219 445 992 364 993 695 745 356 3 
653 83 834 122 623 611 166 258 176 12 597 534 591 175 293 831 86 349 525 671 495 209 337 9 33 561 305 320 920 46 854 415 24 789 746 121 138 365 198 966 219 0 811 983 551 943 785 365 790 111 
758 477 78 256 371 70 477 510 847 989 67 146 298 447 408 436 361 460 217 789 371 6 745 252 542 80 152 2 102 525 99 761 845 605 850 534 265 563 870 768 445 811 0 139 69 763 745 452 81 302 
777 508 651 325 309 411 156 815 235 613 432 537 470 939 148 884 596 199 933 115 113 462 186 111 351 141 817 952 911 648 998 403 602 812 469 807 272 170 122 118 992 983 139 0 241 419 108 987 814 971 
491 421 559 376 688 673 360 173 31 45 53 160 870 143 765 648 183 758 674 991 742 508 388 370 791 779 751 656 811 907 143 643 782 736 3 567 134 849 654 183 364 551 69 241 0 928 171 123 506 230 
666 621 339 510 608 471 427 151 643 509 458 259 393 295 644 575 243 178 723 863 874 253 766 367 829 298 92 679 562 935 335 919 464 317 997 243 543 204 568 978 993 943 763 419 928 0 896 882 977 173 
865 407 534 644 409 220 544 729 442 468 435 21 974 48 936 672 11 386 199 942 209 564 41 441 670 840 87 461 647 734 299 287 323 871 156 534 89 100 666 674 695 785 745 108 171 896 0 118 74 441 
995 967 972 77 378 890 982 178 368 362 68 336 348 72 217 653 950 976 97 452 55 754 699 969 387 567 710 618 376 160 131 849 623 468 890 201 131 561 443 697 745 365 452 987 123 882 118 0 913 156 
585 953 957 254 257 149 598 445 700 399 141 440 47 855 137 722 20 879 558 154 311 541 219 908 608 621 20 443 199 826 675 862 93 678 110 326 628 27 721 908 356 790 81 814 506 977 74 913 0 386 
498 19 292 526 652 616 736 691 435 613 984 349 874 984 533 626 173 648 393 127 992 845 596 791 97 252 674 456 940 342 130 440 861 551 680 381 537 54 467 144 3 111 302 971 230 173 441 156 386 0 
0 408 430 15 539 53 900 61 680 234 109 956 718 243 569 221 967 224 658 490 649 752 194 463 42 275 503 146 215 568 714 404 188 918 862 590 968 858 945 890 882 39 301 435 128 480 833 651 19 553 
408 0 887 81 950 419 21 488 172 972 489 761 147 74 616 169 120 550 179 95 192 536 997 760 438 310 669 172 413 625 429 717 566 154 698 388 162 209 780 569 56 577 55 346 855 382 167 49 249 34 
430 887 0 278 618 617 293 357 491 121 203 729 315 290 884 586 379 784 640 921 672 906 685 210 234 111 599 344 487 460 793 632 548 184 149 200 871 23 641 595 991 925 545 905 667 910 237 349 632 809 
15 81 278 0 291 609 129 432 289 147 357 587 186 283 507 361 930 825 269 858 75 170 894 955 774 261 555 281 896 998 169 593 861 144 863 85 625 408 969 308 228 385 975 377 795 351 704 611 283 105 
539 950 618 291 0 692 884 564 898 467 308 672 410 923 805 530 237 123 89 758 677 213 96 88 630 269 676 854 784 270 840 432 22 613 268 296 678 990 637 764 179 574 286 930 645 591 843 813 916 140 
53 419 617 609 692 0 622 394 230 715 752 46 286 928 967 353 890 735 251 762 468 943 707 308 591 143 759 511 285 400 572 804 106 708 945 422 241 995 135 240 777 542 493 926 8 858 705 977 668 15 
900 21 293 129 884 622 0 725 637 376 7 137 296 662 54 233 227 991 948 30 748 672 394 109 101 372 64 857 536 404 956 436 389 330 700 275 94 987 954 445 845 112 858 137 35 416 446 281 41 969 
61 488 357 432 564 394 725 0 121 820 352 61 17 160 972 466 141 401 415 318 951 13 586 947 552 765 272 955 212 922 637 417 676 402 155 758 857 849 374 169 36 172 146 839 618 617 496 116 407 350 
680 172 491 289 898 230 637 121 0 152 594 547 783 816 384 779 892 249 72 463 875 964 28 668 722 336 38 163 955 739 295 721 491 862 813 96 940 781 857 912 344 609 385 363 3 308 848 207 995 771 
234 972 121 147 467 715 376 820 152 0 911 456 301 141 784 913 966 174 131 817 518 681 70 512 595 815 153 492 779 165 572 412 128 248 666 884 216 924 489 723 232 233 630 26 846 887 723 822 332 925 
109 489 203 357 308 752 7 352 594 911 0 309 835 120 343 549 668 567 885 599 121 759 670 75 640 397 688 616 197 602 174 849 190 885 340 261 480 359 572 226 152 159 197 864 612 266 639 823 356 318 
956 761 729 587 672 46 137 61 547 456 309 0 791 407 271 960 665 63 572 143 434 386 794 166 806 15 162 581 529 345 628 420 688 536 235 707 984 72 397 694 424 499 861 397 17 370 131 18 887 742 
718 147 315 186 410 286 296 17 783 301 835 791 0 841 608 713 560 189 60 925 107 908 535 62 656 161 387 32 8 447 976 22 366 808 753 34 952 703 70 87 978 281 903 10 436 955 110 765 438 927 
243 74 290 283 923 928 662 160 816 141 120 407 841 0 26 110 960 540 802 676 542 809 283 414 245 639 999 719 439 999 774 219 519 871 682 220 839 854 225 360 98 238 84 949 718 181 630 682 679 43 
569 616 884 507 805 967 54 972 384 784 343 271 608 26 0 468 223 974 816 105 956 706 403 888 647 760 481 37 266 757 747 552 380 289 91 622 52 423 838 613 348 101 274 150 26 442 277 210 48 267 
221 169 586 361 530 353 233 466 779 913 549 960 713 110 468 0 613 810 329 514 136 714 417 529 292 894 260 235 91 129 996 785 542 980 323 416 211 20 978 85 741 519 233 401 782 858 802 775 829 863 
967 120 379 930 237 890 227 141 892 966 668 665 560 960 223 613 0 999 570 466 583 654 960 320 643 738 520 428 896 810 159 737 617 550 245 135 216 555 747 253 312 67 352 597 117 713 167 314 202 470 
224 550 784 825 123 735 991 401 249 174 567 63 189 540 974 810 999 0 689 984 746 908 500 117 204 690 113 277 348 855 346 373 818 6 11 747 508 59 51 819 473 973 479 595 982 200 383 212 627 3 
658 179 640 269 89 251 948 415 72 131 885 572 60 802 816 329 570 689 0 444 633 5 506 381 382 283 55 582 211 672 250 664 979 496 697 92 773 307 274 855 501 757 573 360 881 576 396 103 648 173 
490 95 921 858 758 762 30 318 463 817 599 143 925 676 105 514 466 984 444 0 536 543 646 818 357 196 935 121 866 170 527 800 877 831 994 185 264 386 156 366 756 752 895 841 597 545 76 828 391 886 
649 192 672 75 677 468 748 951 875 518 121 434 107 542 956 136 583 746 633 536 0 813 709 891 310 159 796 508 97 821 201 1000 455 95 435 215 585 76 361 932 218 675 301 895 8 663 413 610 493 374 
752 536 906 170 213 943 672 13 964 681 759 386 908 809 706 714 654 908 5 543 813 0 706 933 59 299 559 914 784 97 790 827 581 861 449 43 672 541 326 587 158 991 436 881 378 991 403 565 308 975 
194 997 685 894 96 707 394 586 28 70 670 794 535 283 403 417 960 500 506 646 709 706 0 976 282 6 657 478 726 632 869 267 786 252 999 309 257 28 692 115 537 243 916 942 152 666 269 795 859 100 
463 760 210 955 88 308 109 947 668 512 75 166 62 414 888 529 320 117 381 818 891 933 976 0 921 988 223 769 241 803 419 607 521 779 165 487 642 944 857 482 262 169 755 623 982 841 524 262 705 716 
42 438 234 774 630 591 101 552 722 595 640 806 656 245 647 292 643 204 382 357 310 59 282 921 0 248 152 128 87 15 5 837 709 891 100 372 199 553 550 532 693 986 388 326 216 170 918 24 775 931 
275 310 111 261 269 143 372 765 336 815 397 15 161 639 760 894 738 690 283 196 159 299 6 988 248 0 145 811 557 749 543 987 737 281 118 865 219 514 700 992 581 596 976 739 995 351 562 756 150 996 
503 669 599 555 676 759 64 272 38 153 688 162 387 999 481 260 520 113 55 935 796 559 657 223 152 145 0 227 419 415 461 772 693 503 424 825 391 170 987 240 152 567 807 663 511 322 774 190 338 735 
146 172 344 281 854 511 857 955 163 492 616 581 32 719 37 235 428 277 582 121 508 914 478 769 128 811 227 0 755 590 424 887 816 872 818 610 812 729 34 993 380 672 508 309 529 262 639 133 349 16 
215 413 487 896 784 285 536 212 955 779 197 529 8 439 266 91 896 348 211 866 97 784 726 241 87 557 419 755 0 703 89 990 158 477 717 670 606 315 354 801 754 954 133 853 515 488 707 709 460 337 
568 625 460 998 270 400 404 922 739 165 602 345 447 999 757 129 810 855 672 170 821 97 632 803 15 749 415 590 703 0 48 398 660 32 182 198 517 770 504 724 762 504 293 456 913 823 799 279 28 50 
714 429 793 169 840 572 956 637 295 572 174 628 976 774 747 996 159 346 250 527 201 790 869 419 5 543 461 424 89 48 0 825 120 271 931 416 867 578 860 933 911 734 76 449 468 884 755 778 368 1000 
404 717 632 593 432 804 436 417 721 412 849 420 22 219 552 785 737 373 664 800 1000 827 267 607 837 987 772 887 990 398 825 0 663 735 312 740 282 918 730 877 302 270 481 49 640 365 726 523 872 528 
188 566 548 861 22 106 389 676 491 128 190 688 366 519 380 542 617 818 979 877 455 581 786 521 709 737 693 816 158 660 120 663 0 504 964 638 740 453 801 373 86 956 268 13 370 567 213 973 862 612 
918 154 184 144 613 708 330 402 862 248 885 536 808 871 289 980 550 6 496 831 95 861 252 779 891 281 503 872 477 32 271 735 504 0 97 944 560 420 79 718 384 569 486 896 801 422 786 475 195 489 
862 698 149 863 268 945 700 155 813 666 340 235 753 682 91 323 245 11 697 994 435 449 999 165 100 118 424 818 717 182 931 312 964 97 0 833 816 226 188 647 120 940 570 824 465 195 839 52 150 870 
590 388 200 85 296 422 275 758 96 884 261 707 34 220 622 416 135 747 92 185 215 43 309 487 372 865 825 610 670 198 416 740 638 944 833 0 831 839 900 460 936 582 857 372 432 322 255 68 888 195 
968 162 871 625 678 241 94 857 940 216 480 984 952 839 52 211 216 508 773 264 585 672 257 642 199 219 391 812 606 517 867 282 740 560 816 831 0 942 411 823 266 857 871 326 136 757 304 877 795 695 
858 209 23 408 990 995 987 849 781 924 359 72 703 854 423 20 555 59 307 386 76 541 28 944 553 514 170 729 315 770 578 918 453 420 226 839 942 0 45 842 357 82 375 575 303 639 345 158 211 207 
945 780 641 969 637 135 954 374 857 489 572 397 70 225 838 978 747 51 274 156 361 326 692 857 550 700 987 34 354 504 860 730 801 79 188 900 411 45 0 853 917 748 955 439 110 450 293 661 271 271 
890 569 595 308 764 240 445 169 912 723 226 694 87 360 613 85 253 819 855 366 932 587 115 482 532 992 240 993 801 724 933 877 373 718 647 460 823 842 853 0 651 213 106 815 49 268 926 897 91 966 
882 56 991 228 179 777 845 36 344 232 152 424 978 98 348 741 312 473 501 756 218 158 537 262 693 581 152 380 754 762 911 302 86 384 120 936 266 357 917 651 0 860 638 676 689 318 971 883 373 678 
39 577 925 385 574 542 112 172 609 233 159 499 281 238 101 519 67 973 757 752 675 991 243 169 986 596 567 672 954 504 734 270 956 569 940 582 857 82 748 213 860 0 136 332 769 623 778 929 875 190 
301 55 545 975 286 493 858 146 385 630 197 861 903 84 274 233 352 479 573 895 301 436 916 755 388 976 807 508 133 293 76 481 268 486 570 857 871 375 955 106 638 136 0 430 549 880 213 814 681 377 
435 346 905 377 930 926 137 839 363 26 864 397 10 949 150 401 597 595 360 841 895 881 942 623 326 739 663 309 853 456 449 49 13 896 824 372 326 575 439 815 676 332 430 0 347 505 902 540 658 886 
128 855 667 795 645 8 35 618 3 846 612 17 436 718 26 782 117 982 881 597 8 378 152 982 216 995 511 529 515 913 468 640 370 801 465 432 136 303 110 49 689 769 549 347 0 455 799 890 189 77 
480 382 910 351 591 858 416 617 308 887 266 370 955 181 442 858 713 200 576 545 663 991 666 841 170 351 322 262 488 823 884 365 567 422 195 322 757 639 450 268 318 623 880 505 455 0 766 216 861 939 
833 167 237 704 843 705 446 496 848 723 639 131 110 630 277 802 167 383 396 76 413 403 269 524 918 562 774 639 707 799 755 726 213 786 839 255 304 345 293 926 971 778 213 902 799 766 0 605 953 512 
651 49 349 611 813 977 281 116 207 822 823 18 765 682 210 775 314 212 103 828 610 565 795 262 24 756 190 133 709 279 778 523 973 475 52 68 877 158 661 897 883 929 814 540 890 216 605 0 234 953 
19 249 632 283 916 668 41 407 995 332 356 887 438 679 48 829 202 627 648 391 493 308 859 705 775 150 338 349 460 28 368 872 862 195 150 888 795 211 271 91 373 875 681 658 189 861 953 234 0 327 
553 34 809 105 140 15 969 350 771 925 318 742 927 43 267 863 470 3 173 886 374 975 100 716 931 996 735 16 337 50 1000 528 612 489 870 195 695 207 271 966 678 190 377 886 77 939 512 953 327 0 
