8 4
0 569 691 94 813 407 340 370 
569 0 1 298 822 753 549 377 
691 1 0 664 905 412 434 47 
94 298 664 0 51 210 90 137 
813 822 905 51 0 245 449 385 
407 753 412 210 245 0 981 943 
340 549 434 90 449 981 0 566 
370 377 47 137 385 943 566 0 
0 758 836 169 14 101 967 900 
758 0 940 607 437 957 548 957 
836 940 0 84 604 894 180 136 
169 607 84 0 199 961 184 410 
14 437 604 199 0 7 993 831 
101 957 894 961 7 0 340 785 
967 548 180 184 993 340 0 833 
900 957 136 410 831 785 833 0 
0 724 683 152 291 245 618 410 
724 0 705 501 964 860 446 707 
683 705 0 193 496 294 54 405 
152 501 193 0 60 856 480 528 
291 964 496 60 0 97 261 393 
245 860 294 856 97 0 731 613 
618 446 54 480 261 731 0 376 
410 707 405 528 393 613 376 0 
0 473 706 395 143 47 527 591 
473 0 707 702 500 611 200 998 
706 707 0 8 630 900 126 75 
395 702 8 0 499 770 395 74 
143 500 630 499 0 136 606 841 
47 611 900 770 136 0 328 771 
527 200 126 395 606 328 0 909 
591 998 75 74 841 771 909 0 
0 486 433 265 272 799 840 558 
486 0 858 934 403 392 262 580 
433 858 0 92 497 507 170 8 
265 934 92 0 26 755 324 147 
272 403 497 26 0 245 757 474 
799 392 507 755 245 0 239 735 
840 262 170 324 757 239 0 146 
558 580 8 147 474 735 146 0 
