70 2
0 164 601 698 602 898 164 8 950 697 778 500 190 632 267 921 307 635 209 699 2 366 59 262 871 21 146 880 233 838 32 987 762 137 244 428 436 871 999 841 574 216 644 66 661 158 935 88 899 358 532 694 175 724 362 492 985 173 516 433 965 345 381 367 697 644 797 799 574 379 
164 0 164 449 239 163 949 852 77 309 519 950 448 409 760 691 966 621 27 138 127 37 946 279 164 946 233 116 230 867 809 146 558 854 874 990 23 958 32 382 812 379 697 30 311 983 555 322 501 191 178 324 976 711 189 378 909 293 741 883 95 187 525 958 998 632 697 911 859 368 
601 164 0 140 515 177 555 160 198 644 637 390 161 838 342 409 934 655 795 576 38 884 833 363 530 655 470 34 381 125 810 325 904 386 651 742 35 819 230 695 481 429 957 621 115 552 156 836 517 106 394 211 277 539 959 992 1 429 453 289 323 13 46 725 18 921 76 36 820 406 
698 449 140 0 763 982 932 863 621 432 618 567 899 132 656 368 316 476 921 303 833 872 81 555 179 902 921 970 896 421 252 793 738 960 389 388 855 265 899 433 958 702 679 307 457 249 488 124 189 802 44 413 755 954 42 824 329 729 774 944 602 246 411 43 172 395 694 184 83 984 
602 239 515 763 0 378 207 345 288 540 964 133 376 306 422 917 699 850 699 727 396 856 211 349 194 87 1 634 476 259 581 425 620 81 665 949 469 935 710 173 769 624 598 531 930 955 523 825 984 675 787 91 717 874 12 676 551 654 44 859 692 738 476 128 278 437 364 885 725 721 
898 163 177 982 378 0 733 461 414 24 957 116 601 149 914 676 432 52 354 621 919 453 883 895 577 32 592 62 272 992 610 386 797 9 636 935 9 17 985 475 563 598 240 182 377 395 909 503 9 246 269 555 43 227 568 960 100 777 923 804 644 210 910 279 293 653 692 15 580 798 
164 949 555 932 207 733 0 258 763 323 820 56 285 516 925 1 849 29 32 151 216 628 829 634 149 943 178 521 586 882 545 984 240 779 960 629 724 388 551 27 220 868 465 736 699 413 577 140 728 834 878 191 708 754 56 126 38 129 984 527 405 173 652 949 124 90 838 650 294 153 
8 852 160 863 345 461 258 0 556 982 500 319 648 541 118 937 795 791 393 206 431 2 482 475 380 437 848 591 193 101 39 902 254 317 314 813 341 488 149 30 831 112 962 934 327 726 537 701 313 577 475 619 324 609 778 475 456 793 616 656 68 439 720 163 860 746 765 743 152 956 
950 77 198 621 288 414 763 556 0 372 903 329 927 242 622 330 891 321 220 817 169 551 572 381 711 25 811 509 957 368 945 481 978 937 727 750 824 547 232 408 100 707 913 583 166 5 973 999 335 495 279 654 380 714 20 421 658 166 765 459 36 193 376 796 491 181 134 154 584 671 
697 309 644 432 540 24 323 982 372 0 943 854 299 176 149 353 704 360 969 836 761 413 116 801 234 677 830 361 728 662 958 344 605 772 154 444 272 614 38 822 184 620 160 963 547 780 220 656 320 945 101 923 520 217 547 457 828 620 720 744 111 511 295 591 570 541 907 939 451 317 
778 519 637 618 964 957 820 500 903 943 0 81 243 118 219 194 544 894 439 659 18 71 639 484 339 946 179 493 431 80 617 924 398 700 610 977 320 100 663 933 809 981 929 786 332 306 818 21 812 459 843 924 807 343 752 901 446 187 815 225 266 287 836 551 538 119 617 892 871 320 
500 950 390 567 133 116 56 319 329 854 81 0 907 881 673 170 377 7 853 428 537 863 537 75 650 648 353 990 420 335 571 891 910 12 367 316 274 77 415 796 993 736 317 647 862 153 237 373 213 825 742 459 645 534 411 271 147 884 695 905 634 323 12 107 299 566 824 377 377 968 
190 448 161 899 376 601 285 648 927 299 243 907 0 633 566 717 368 257 847 298 647 924 315 181 820 713 296 845 580 875 55 888 619 380 893 411 250 827 517 997 902 566 82 929 383 727 986 778 600 641 48 253 969 448 385 92 150 134 354 417 346 562 326 685 767 693 824 451 722 514 
632 409 838 132 306 149 516 541 242 176 118 881 633 0 606 247 708 531 185 303 37 268 849 858 753 348 868 132 747 700 440 604 407 705 453 962 467 586 960 738 927 555 509 753 733 386 717 456 861 65 971 878 258 547 473 889 76 711 471 572 719 967 741 12 289 894 110 127 466 432 
267 760 342 656 422 914 925 118 622 149 219 673 566 606 0 234 397 465 695 962 611 233 616 58 148 253 835 404 189 66 874 442 464 480 913 28 89 489 498 146 33 659 289 843 739 198 168 184 444 636 768 282 327 193 809 688 306 319 140 212 627 530 281 360 93 544 658 541 241 943 
921 691 409 368 917 676 1 937 330 353 194 170 717 247 234 0 859 68 110 403 984 243 539 410 929 671 518 431 877 829 441 937 94 374 171 401 149 330 287 918 852 555 506 307 264 950 15 316 871 907 336 188 671 250 549 733 799 812 553 265 641 377 453 384 883 364 406 69 822 130 
307 966 934 316 699 432 849 795 891 704 544 377 368 708 397 859 0 536 828 280 156 426 553 398 497 18 624 353 862 63 802 234 576 898 635 269 837 976 607 930 594 964 893 361 18 630 74 60 721 28 891 190 906 393 906 18 849 622 219 152 200 452 147 947 19 448 139 473 753 750 
635 621 655 476 850 52 29 791 321 360 894 7 257 531 465 68 536 0 800 397 248 403 73 398 224 212 663 723 224 776 521 899 966 100 852 220 523 239 34 259 325 573 924 23 470 183 219 77 72 588 771 54 443 171 493 447 374 150 981 404 549 863 372 581 814 636 138 659 866 656 
209 27 795 921 699 354 32 393 220 969 439 853 847 185 695 110 828 800 0 36 255 774 992 914 804 227 909 905 17 496 62 638 764 486 147 795 445 786 900 425 221 9 982 772 755 665 26 108 559 871 6 460 633 18 798 394 875 609 776 476 996 152 560 486 898 62 493 225 15 305 
699 138 576 303 727 621 151 206 817 836 659 428 298 303 962 403 280 397 36 0 156 34 858 808 752 666 817 563 154 593 970 839 384 988 523 45 220 936 138 1000 169 531 343 824 804 260 773 241 243 524 715 562 395 378 820 522 514 79 114 420 448 281 427 801 887 393 82 856 254 101 
2 127 38 833 396 919 216 431 169 761 18 537 647 37 611 984 156 248 255 156 0 95 913 855 764 850 741 681 112 114 462 474 567 946 423 662 521 412 886 499 8 201 864 441 480 111 81 83 854 480 127 342 299 950 262 588 305 228 136 150 733 859 920 399 205 678 462 20 355 311 
366 37 884 872 856 453 628 2 551 413 71 863 924 268 233 243 426 403 774 34 95 0 59 714 225 458 381 503 630 802 446 489 163 403 851 422 75 569 458 939 158 207 286 904 968 867 665 996 46 336 318 171 363 360 84 333 18 940 163 777 89 879 173 718 537 971 560 723 32 187 
59 946 833 81 211 883 829 482 572 116 639 537 315 849 616 539 553 73 992 858 913 59 0 329 42 704 475 176 518 986 500 631 197 236 836 382 795 37 789 206 391 466 862 186 437 15 614 947 644 79 848 168 687 53 693 823 768 563 214 731 950 19 468 363 313 859 180 325 881 728 
262 279 363 555 349 895 634 475 381 801 484 75 181 858 58 410 398 398 914 808 855 714 329 0 545 563 729 789 994 841 110 962 134 424 467 590 457 210 211 310 70 298 177 839 777 507 548 711 521 337 455 549 884 909 641 12 658 639 46 906 449 553 782 904 230 537 626 660 986 292 
871 164 530 179 194 577 149 380 711 234 339 650 820 753 148 929 497 224 804 752 764 225 42 545 0 71 68 422 112 651 813 615 749 366 270 515 399 866 625 361 823 145 579 817 828 208 124 107 582 718 754 203 638 693 336 751 636 515 236 600 240 867 294 59 921 684 676 542 774 541 
21 946 655 902 87 32 943 437 25 677 946 648 713 348 253 671 18 212 227 666 850 458 704 563 71 0 28 627 150 226 401 692 850 850 27 639 8 638 309 138 417 358 851 800 710 802 278 639 900 502 760 477 472 892 990 186 65 227 17 669 536 355 257 736 65 794 958 624 854 892 
146 233 470 921 1 592 178 848 811 830 179 353 296 868 835 518 624 663 909 817 741 381 475 729 68 28 0 593 502 605 106 872 890 592 333 279 27 354 102 849 636 634 613 471 103 187 308 802 888 778 862 864 337 416 686 981 973 174 527 225 517 979 457 94 387 317 68 6 832 74 
880 116 34 970 634 62 521 591 509 361 493 990 845 132 404 431 353 723 905 563 681 503 176 789 422 627 593 0 312 400 921 758 274 499 497 37 507 386 468 558 220 851 120 745 92 511 180 858 611 273 108 256 166 419 803 263 292 819 300 542 336 139 647 395 788 126 582 208 365 584 
233 230 381 896 476 272 586 193 957 728 431 420 580 747 189 877 862 224 17 154 112 630 518 994 112 150 502 312 0 311 495 629 421 534 883 226 398 712 301 383 629 343 408 562 615 116 399 585 932 644 42 280 110 622 800 869 435 186 670 125 216 726 843 712 637 815 237 916 356 188 
838 867 125 421 259 992 882 101 368 662 80 335 875 700 66 829 63 776 496 593 114 802 986 841 651 226 605 400 311 0 267 808 972 212 435 103 834 715 132 891 761 233 459 586 850 156 687 44 154 125 340 337 439 601 110 317 159 711 756 780 61 840 34 499 961 340 933 155 520 624 
32 809 810 252 581 610 545 39 945 958 617 571 55 440 874 441 802 521 62 970 462 446 500 110 813 401 106 921 495 267 0 284 582 613 333 812 290 763 213 919 113 172 367 590 622 699 779 286 579 39 109 545 985 453 843 380 509 405 419 963 82 445 572 927 26 667 846 917 482 463 
987 146 325 793 425 386 984 902 481 344 924 891 888 604 442 937 234 899 638 839 474 489 631 962 615 692 872 758 629 808 284 0 478 232 77 236 147 356 523 405 38 994 752 454 512 262 218 648 566 662 582 634 182 81 703 952 768 433 63 681 799 882 383 637 719 731 877 445 253 495 
762 558 904 738 620 797 240 254 978 605 398 910 619 407 464 94 576 966 764 384 567 163 197 134 749 850 890 274 421 972 582 478 0 606 306 87 158 130 515 679 890 250 462 683 997 358 294 430 216 764 699 577 762 617 18 731 929 274 299 773 94 499 792 442 516 899 223 32 464 952 
137 854 386 960 81 9 779 317 937 772 700 12 380 705 480 374 898 100 486 988 946 403 236 424 366 850 592 499 534 212 613 232 606 0 684 342 95 653 650 955 444 239 677 370 30 586 855 144 594 801 1 543 812 675 364 25 311 690 252 563 318 558 126 549 121 853 346 134 157 933 
244 874 651 389 665 636 960 314 727 154 610 367 893 453 913 171 635 852 147 523 423 851 836 467 270 27 333 497 883 435 333 77 306 684 0 809 207 522 573 168 713 893 405 945 81 933 299 68 888 921 799 88 489 838 191 104 516 594 524 381 488 78 470 689 802 412 151 99 280 321 
428 990 742 388 949 935 629 813 750 444 977 316 411 962 28 401 269 220 795 45 662 422 382 590 515 639 279 37 226 103 812 236 87 342 809 0 299 522 449 935 538 723 568 635 135 624 467 254 215 569 99 314 931 829 724 339 479 20 637 601 211 199 415 401 684 917 577 72 105 584 
436 23 35 855 469 9 724 341 824 272 320 274 250 467 89 149 837 523 445 220 521 75 795 457 399 8 27 507 398 834 290 147 158 95 207 299 0 880 402 612 881 73 848 701 132 754 29 159 800 402 111 872 945 879 280 594 967 454 42 868 641 731 758 799 590 751 604 234 455 238 
871 958 819 265 935 17 388 488 547 614 100 77 827 586 489 330 976 239 786 936 412 569 37 210 866 638 354 386 712 715 763 356 130 653 522 522 880 0 972 99 817 135 99 63 555 738 874 438 753 949 146 606 889 609 584 382 1000 250 632 265 345 562 698 720 508 657 235 707 970 91 
999 32 230 899 710 985 551 149 232 38 663 415 517 960 498 287 607 34 900 138 886 458 789 211 625 309 102 468 301 132 213 523 515 650 573 449 402 972 0 142 991 325 310 60 459 794 392 371 773 143 23 646 436 850 811 844 37 408 592 160 415 135 63 764 971 608 986 448 525 333 
841 382 695 433 173 475 27 30 408 822 933 796 997 738 146 918 930 259 425 1000 499 939 206 310 361 138 849 558 383 891 919 405 679 955 168 935 612 99 142 0 12 704 453 143 315 986 811 251 145 143 536 46 275 764 414 693 751 426 658 703 357 473 462 542 733 952 968 227 477 884 
574 812 481 958 769 563 220 831 100 184 809 993 902 927 33 852 594 325 221 169 8 158 391 70 823 417 636 220 629 761 113 38 890 444 713 538 881 817 991 12 0 91 544 279 363 31 443 502 241 17 930 609 247 205 885 182 675 641 282 458 557 927 666 990 519 627 791 79 73 183 
216 379 429 702 624 598 868 112 707 620 981 736 566 555 659 555 964 573 9 531 201 207 466 298 145 358 634 851 343 233 172 994 250 239 893 723 73 135 325 704 91 0 574 943 875 494 429 846 440 260 496 306 887 448 482 479 29 73 56 780 63 421 723 588 706 270 915 972 868 515 
644 697 957 679 598 240 465 962 913 160 929 317 82 509 289 506 893 924 982 343 864 286 862 177 579 851 613 120 408 459 367 752 462 677 405 568 848 99 310 453 544 574 0 23 436 344 387 478 404 861 990 352 594 692 656 558 810 990 969 248 830 4 360 469 103 144 658 179 190 259 
66 30 621 307 531 182 736 934 583 963 786 647 929 753 843 307 361 23 772 824 441 904 186 839 817 800 471 745 562 586 590 454 683 370 945 635 701 63 60 143 279 943 23 0 356 731 182 419 866 325 633 363 4 82 138 751 465 712 20 986 973 908 251 732 311 964 488 595 410 665 
661 311 115 457 930 377 699 327 166 547 332 862 383 733 739 264 18 470 755 804 480 968 437 777 828 710 103 92 615 850 622 512 997 30 81 135 132 555 459 315 363 875 436 356 0 462 910 860 480 436 476 982 355 502 587 767 596 551 479 1 432 9 572 850 474 447 277 343 479 888 
158 983 552 249 955 395 413 726 5 780 306 153 727 386 198 950 630 183 665 260 111 867 15 507 208 802 187 511 116 156 699 262 358 586 933 624 754 738 794 986 31 494 344 731 462 0 485 782 102 953 153 684 711 940 420 682 654 560 364 194 120 393 783 697 278 799 335 196 516 351 
935 555 156 488 523 909 577 537 973 220 818 237 986 717 168 15 74 219 26 773 81 665 614 548 124 278 308 180 399 687 779 218 294 855 299 467 29 874 392 811 443 429 387 182 910 485 0 292 293 886 176 967 640 530 100 712 449 860 986 279 711 233 289 742 296 585 171 121 290 607 
88 322 836 124 825 503 140 701 999 656 21 373 778 456 184 316 60 77 108 241 83 996 947 711 107 639 802 858 585 44 286 648 430 144 68 254 159 438 371 251 502 846 478 419 860 782 292 0 788 527 804 61 405 945 5 967 715 145 981 18 575 476 223 669 706 156 378 691 923 788 
899 501 517 189 984 9 728 313 335 320 812 213 600 861 444 871 721 72 559 243 854 46 644 521 582 900 888 611 932 154 579 566 216 594 888 215 800 753 773 145 241 440 404 866 480 102 293 788 0 336 320 330 115 332 554 261 633 235 638 430 740 337 479 92 760 505 621 196 123 952 
358 191 106 802 675 246 834 577 495 945 459 825 641 65 636 907 28 588 871 524 480 336 79 337 718 502 778 273 644 125 39 662 764 801 921 569 402 949 143 143 17 260 861 325 436 953 886 527 336 0 949 612 803 450 378 348 970 519 951 714 564 218 273 381 527 278 776 332 892 932 
532 178 394 44 787 269 878 475 279 101 843 742 48 971 768 336 891 771 6 715 127 318 848 455 754 760 862 108 42 340 109 582 699 1 799 99 111 146 23 536 930 496 990 633 476 153 176 804 320 949 0 60 639 598 594 770 883 360 508 983 201 402 317 131 625 347 204 528 413 106 
694 324 211 413 91 555 191 619 654 923 924 459 253 878 282 188 190 54 460 562 342 171 168 549 203 477 864 256 280 337 545 634 577 543 88 314 872 606 646 46 609 306 352 363 982 684 967 61 330 612 60 0 672 137 473 651 616 387 728 406 61 135 681 483 189 768 746 147 230 729 
175 976 277 755 717 43 708 324 380 520 807 645 969 258 327 671 906 443 633 395 299 363 687 884 638 472 337 166 110 439 985 182 762 812 489 931 945 889 436 275 247 887 594 4 355 711 640 405 115 803 639 672 0 349 469 857 569 460 121 321 678 254 404 710 595 673 979 554 346 257 
724 711 539 954 874 227 754 609 714 217 343 534 448 547 193 250 393 171 18 378 950 360 53 909 693 892 416 419 622 601 453 81 617 675 838 829 879 609 850 764 205 448 692 82 502 940 530 945 332 450 598 137 349 0 470 55 925 988 997 331 393 493 713 555 105 252 966 338 561 998 
362 189 959 42 12 568 56 778 20 547 752 411 385 473 809 549 906 493 798 820 262 84 693 641 336 990 686 803 800 110 843 703 18 364 191 724 280 584 811 414 885 482 656 138 587 420 100 5 554 378 594 473 469 470 0 730 89 39 587 309 394 704 520 160 470 613 966 663 436 110 
492 378 992 824 676 960 126 475 421 457 901 271 92 889 688 733 18 447 394 522 588 333 823 12 751 186 981 263 869 317 380 952 731 25 104 339 594 382 844 693 182 479 558 751 767 682 712 967 261 348 770 651 857 55 730 0 158 254 367 152 428 318 905 639 964 619 507 130 995 151 
985 909 1 329 551 100 38 456 658 828 446 147 150 76 306 799 849 374 875 514 305 18 768 658 636 65 973 292 435 159 509 768 929 311 516 479 967 1000 37 751 675 29 810 465 596 654 449 715 633 970 883 616 569 925 89 158 0 577 475 240 263 933 576 445 974 879 546 467 661 68 
173 293 429 729 654 777 129 793 166 620 187 884 134 711 319 812 622 150 609 79 228 940 563 639 515 227 174 819 186 711 405 433 274 690 594 20 454 250 408 426 641 73 990 712 551 560 860 145 235 519 360 387 460 988 39 254 577 0 217 713 46 646 926 351 907 512 462 636 640 50 
516 741 453 774 44 923 984 616 765 720 815 695 354 471 140 553 219 981 776 114 136 163 214 46 236 17 527 300 670 756 419 63 299 252 524 637 42 632 592 658 282 56 969 20 479 364 986 981 638 951 508 728 121 997 587 367 475 217 0 151 987 307 585 575 570 275 220 717 910 322 
433 883 289 944 859 804 527 656 459 744 225 905 417 572 212 265 152 404 476 420 150 777 731 906 600 669 225 542 125 780 963 681 773 563 381 601 868 265 160 703 458 780 248 986 1 194 279 18 430 714 983 406 321 331 309 152 240 713 151 0 725 578 895 910 890 989 118 462 214 330 
965 95 323 602 692 644 405 68 36 111 266 634 346 719 627 641 200 549 996 448 733 89 950 449 240 536 517 336 216 61 82 799 94 318 488 211 641 345 415 357 557 63 830 973 432 120 711 575 740 564 201 61 678 393 394 428 263 46 987 725 0 339 239 732 707 434 919 144 182 597 
345 187 13 246 738 210 173 439 193 511 287 323 562 967 530 377 452 863 152 281 859 879 19 553 867 355 979 139 726 840 445 882 499 558 78 199 731 562 135 473 927 421 4 908 9 393 233 476 337 218 402 135 254 493 704 318 933 646 307 578 339 0 951 537 899 980 19 715 986 666 
381 525 46 411 476 910 652 720 376 295 836 12 326 741 281 453 147 372 560 427 920 173 468 782 294 257 457 647 843 34 572 383 792 126 470 415 758 698 63 462 666 723 360 251 572 783 289 223 479 273 317 681 404 713 520 905 576 926 585 895 239 951 0 747 650 970 386 746 232 146 
367 958 725 43 128 279 949 163 796 591 551 107 685 12 360 384 947 581 486 801 399 718 363 904 59 736 94 395 712 499 927 637 442 549 689 401 799 720 764 542 990 588 469 732 850 697 742 669 92 381 131 483 710 555 160 639 445 351 575 910 732 537 747 0 913 296 164 358 355 711 
697 998 18 172 278 293 124 860 491 570 538 299 767 289 93 883 19 814 898 887 205 537 313 230 921 65 387 788 637 961 26 719 516 121 802 684 590 508 971 733 519 706 103 311 474 278 296 706 760 527 625 189 595 105 470 964 974 907 570 890 707 899 650 913 0 79 597 612 845 869 
644 632 921 395 437 653 90 746 181 541 119 566 693 894 544 364 448 636 62 393 678 971 859 537 684 794 317 126 815 340 667 731 899 853 412 917 751 657 608 952 627 270 144 964 447 799 585 156 505 278 347 768 673 252 613 619 879 512 275 989 434 980 970 296 79 0 700 201 253 42 
797 697 76 694 364 692 838 765 134 907 617 824 824 110 658 406 139 138 493 82 462 560 180 626 676 958 68 582 237 933 846 877 223 346 151 577 604 235 986 968 791 915 658 488 277 335 171 378 621 776 204 746 979 966 966 507 546 462 220 118 919 19 386 164 597 700 0 376 303 265 
799 911 36 184 885 15 650 743 154 939 892 377 451 127 541 69 473 659 225 856 20 723 325 660 542 624 6 208 916 155 917 445 32 134 99 72 234 707 448 227 79 972 179 595 343 196 121 691 196 332 528 147 554 338 663 130 467 636 717 462 144 715 746 358 612 201 376 0 540 487 
574 859 820 83 725 580 294 152 584 451 871 377 722 466 241 822 753 866 15 254 355 32 881 986 774 854 832 365 356 520 482 253 464 157 280 105 455 970 525 477 73 868 190 410 479 516 290 923 123 892 413 230 346 561 436 995 661 640 910 214 182 986 232 355 845 253 303 540 0 776 
379 368 406 984 721 798 153 956 671 317 320 968 514 432 943 130 750 656 305 101 311 187 728 292 541 892 74 584 188 624 463 495 952 933 321 584 238 91 333 884 183 515 259 665 888 351 607 788 952 932 106 729 257 998 110 151 68 50 322 330 597 666 146 711 869 42 265 487 776 0 
0 134 666 2 636 133 504 582 239 15 310 487 1000 910 975 86 983 999 245 402 780 348 88 575 782 561 279 582 532 864 529 474 763 800 99 669 515 636 612 720 936 691 983 103 394 799 338 424 242 861 466 804 529 782 234 657 451 815 214 324 413 415 968 971 641 373 298 803 332 998 
134 0 521 168 392 174 974 748 642 490 535 951 750 141 275 660 514 237 68 866 395 315 415 411 118 561 160 576 673 905 884 318 333 159 791 530 966 996 760 635 847 136 637 910 484 103 441 801 496 49 668 297 860 148 853 859 207 788 30 795 513 82 589 651 377 325 857 822 452 438 
666 521 0 814 780 36 523 744 898 213 286 384 719 652 31 425 637 100 978 881 759 955 371 210 465 848 849 526 471 11 267 26 473 405 352 293 869 100 263 889 32 51 271 226 300 495 560 696 220 825 342 666 23 494 570 960 994 726 219 346 503 795 763 905 845 268 641 381 865 991 
2 168 814 0 808 63 972 846 148 955 150 966 917 1 104 924 348 131 567 238 724 242 789 815 168 594 816 105 599 862 742 50 189 597 145 335 721 908 785 838 127 343 857 281 133 772 644 913 837 568 407 11 671 238 823 660 897 373 79 363 821 169 28 886 530 598 503 708 955 161 
636 392 780 808 0 508 625 816 982 400 339 695 297 728 983 957 457 690 177 541 945 675 725 599 134 435 475 474 677 25 898 521 972 33 69 496 204 460 998 780 894 865 786 228 867 969 756 300 812 147 252 170 632 899 126 523 823 165 258 723 33 715 853 478 87 584 404 639 384 927 
133 174 36 63 508 0 841 859 702 308 104 302 940 784 786 386 254 838 449 129 661 501 471 88 567 440 692 616 223 410 529 806 814 16 102 754 440 381 72 907 799 355 963 378 622 644 103 124 750 908 522 275 996 716 180 950 273 548 542 31 279 749 539 487 921 729 133 381 485 834 
504 974 523 972 625 841 0 218 670 464 743 676 277 396 407 849 380 961 164 844 503 735 482 26 987 63 201 871 585 611 365 185 509 661 876 914 882 7 255 622 106 799 866 385 270 193 396 637 877 425 348 656 985 849 980 256 677 530 607 368 342 237 988 929 583 865 974 676 108 701 
582 748 744 846 816 859 218 0 487 556 797 507 400 740 761 244 402 626 578 959 783 871 82 830 746 804 233 350 322 85 584 225 440 607 876 541 481 905 656 11 42 577 238 887 736 519 94 76 76 308 542 305 373 26 302 298 823 920 247 603 218 355 167 905 112 194 873 406 200 463 
239 642 898 148 982 702 670 487 0 306 897 11 79 942 126 215 520 226 968 480 754 732 196 952 689 936 561 25 495 887 861 57 519 335 204 371 353 312 277 947 93 837 732 570 39 343 962 341 79 184 940 264 34 529 623 464 175 128 908 342 659 628 623 428 265 312 1000 231 962 269 
15 490 213 955 400 308 464 556 306 0 861 548 67 201 863 45 884 313 818 886 638 578 966 949 283 144 3 925 806 992 592 454 645 349 565 56 640 466 942 26 615 951 182 270 836 718 124 394 642 261 352 464 738 365 466 937 752 408 35 997 308 676 387 910 70 495 134 632 426 640 
310 535 286 150 339 104 743 797 897 861 0 198 644 683 190 374 478 221 871 247 373 192 286 269 69 167 533 121 289 810 682 2 912 218 802 288 840 971 23 639 608 373 187 711 219 27 49 628 873 798 808 290 310 842 134 403 532 261 797 99 160 68 90 445 986 270 313 914 37 247 
487 951 384 966 695 302 676 507 11 548 198 0 270 608 201 256 95 398 247 729 648 477 114 546 353 362 897 948 868 677 409 568 668 55 735 758 912 90 379 340 201 626 459 725 679 23 888 636 494 882 14 302 226 887 145 202 609 327 553 518 75 362 547 609 4 753 263 48 446 483 
1000 750 719 917 297 940 277 400 79 67 644 270 0 113 917 296 536 140 920 996 569 920 635 832 712 199 817 43 140 874 77 144 218 569 365 243 425 268 432 164 326 913 233 193 503 759 176 628 585 686 642 596 413 77 639 530 228 604 670 18 689 137 871 999 943 656 271 170 943 14 
910 141 652 1 728 784 396 740 942 201 683 608 113 0 934 199 91 536 785 770 990 152 876 989 748 539 365 28 186 543 730 415 610 494 357 424 892 540 276 739 387 709 64 510 295 102 492 151 179 117 475 291 240 705 343 437 900 377 784 417 231 769 727 670 900 925 74 995 291 429 
975 275 31 104 983 786 407 761 126 863 190 201 917 934 0 113 284 550 138 117 169 436 775 543 951 742 295 626 339 435 157 540 163 718 440 243 480 173 742 742 930 937 398 289 686 83 229 145 601 751 994 666 824 931 505 229 13 807 555 758 710 675 493 820 258 819 202 429 509 272 
86 660 425 924 957 386 849 244 215 45 374 256 296 199 113 0 382 468 47 994 469 274 755 462 814 926 987 394 374 463 155 87 811 341 354 133 304 945 946 881 170 939 166 415 908 599 836 343 779 635 657 336 488 683 70 112 989 662 514 306 711 658 299 631 618 30 627 238 67 496 
983 514 637 348 457 254 380 402 520 884 478 95 536 91 284 382 0 842 317 217 734 971 567 562 666 485 312 263 762 748 357 424 847 113 816 189 216 564 339 662 321 956 768 103 968 871 525 306 167 275 289 311 471 402 951 677 678 27 352 500 334 372 42 632 585 721 58 76 863 893 
999 237 100 131 690 838 961 626 226 313 221 398 140 536 550 468 842 0 87 420 694 911 758 778 818 269 216 3 471 166 602 381 671 650 213 162 671 381 289 660 439 976 193 653 154 932 139 320 338 263 317 843 333 991 710 447 436 509 589 496 556 447 575 613 172 931 211 928 848 153 
245 68 978 567 177 449 164 578 968 818 871 247 920 785 138 47 317 87 0 820 493 565 267 626 283 670 159 208 296 52 129 767 209 842 123 45 979 252 416 533 984 804 167 212 316 372 593 217 460 423 164 959 328 95 466 994 660 836 18 520 680 82 265 605 789 983 638 806 681 383 
402 866 881 238 541 129 844 959 480 886 247 729 996 770 117 994 217 420 820 0 360 86 133 739 510 285 940 886 394 931 850 623 784 329 483 777 732 9 67 457 592 967 452 957 17 307 613 548 628 104 209 837 861 441 81 518 998 85 965 616 630 668 887 881 297 387 254 430 435 576 
780 395 759 724 945 661 503 783 754 638 373 648 569 990 169 469 734 694 493 360 0 344 545 298 460 467 606 849 441 556 312 904 914 876 652 473 667 761 550 993 448 284 918 735 989 15 39 194 756 810 399 900 269 818 373 237 518 802 516 738 147 298 396 127 698 64 374 383 681 49 
348 315 955 242 675 501 735 871 732 578 192 477 920 152 436 274 971 911 565 86 344 0 590 889 639 132 295 975 952 675 326 751 457 467 712 758 147 950 409 914 335 269 465 516 571 62 757 256 92 997 165 567 483 664 831 330 342 745 647 715 820 644 652 391 542 775 985 919 969 681 
88 415 371 789 725 471 482 82 196 966 286 114 635 876 775 755 567 758 267 133 545 590 0 969 858 647 957 716 866 644 895 452 856 601 677 975 277 297 633 535 554 663 368 779 301 452 683 12 382 475 511 619 385 127 372 61 568 578 928 926 769 258 482 640 889 363 764 758 555 92 
575 411 210 815 599 88 26 830 952 949 269 546 832 989 543 462 562 778 626 739 298 889 969 0 151 437 88 1 187 334 218 641 325 617 100 943 405 538 710 850 609 712 932 474 228 797 961 737 442 933 812 347 69 639 742 610 200 156 186 700 103 612 497 232 222 264 839 510 857 46 
782 118 465 168 134 567 987 746 689 283 69 353 712 748 951 814 666 818 283 510 460 639 858 151 0 440 257 252 178 521 703 288 500 706 622 750 969 58 379 148 695 573 485 397 657 459 480 225 272 859 408 339 343 898 387 758 867 440 117 94 427 615 455 595 326 439 576 778 435 910 
561 561 848 594 435 440 63 804 936 144 167 362 199 539 742 926 485 269 670 285 467 132 647 437 440 0 410 819 432 939 130 175 156 947 870 223 565 253 385 830 42 696 491 675 587 453 749 700 518 161 460 109 228 255 368 889 135 585 763 623 390 67 533 324 964 508 92 584 828 974 
279 160 849 816 475 692 201 233 561 3 533 897 817 365 295 987 312 216 159 940 606 295 957 88 257 410 0 456 233 441 685 71 611 355 571 981 629 490 369 663 133 1 999 467 946 628 86 856 510 595 614 594 628 955 524 119 637 76 300 620 840 790 971 306 673 366 997 321 927 404 
582 576 526 105 474 616 871 350 25 925 121 948 43 28 626 394 263 3 208 886 849 975 716 1 252 819 456 0 955 436 780 116 687 429 499 224 573 499 590 132 455 357 711 71 164 784 138 35 369 722 555 396 735 995 513 453 964 61 363 619 597 371 534 882 627 193 806 284 650 331 
532 673 471 599 677 223 585 322 495 806 289 868 140 186 339 374 762 471 296 394 441 952 866 187 178 432 233 955 0 239 404 172 634 44 711 863 259 345 112 216 212 547 966 580 873 218 575 255 781 492 80 547 51 152 297 722 832 949 571 698 140 320 74 754 316 618 575 160 409 711 
864 905 11 862 25 410 611 85 887 992 810 677 874 543 435 463 748 166 52 931 556 675 644 334 521 939 441 436 239 0 17 699 764 172 542 567 353 954 580 376 1000 638 836 616 394 541 719 841 497 812 798 402 570 718 329 876 811 932 263 490 286 349 401 290 691 141 939 746 635 234 
529 884 267 742 898 529 365 584 861 592 682 409 77 730 157 155 357 602 129 850 312 326 895 218 703 130 685 780 404 17 0 609 240 485 984 17 572 16 489 81 500 526 617 979 235 777 664 253 141 137 351 810 454 503 437 378 401 979 412 710 398 260 652 530 700 741 824 499 525 913 
474 318 26 50 521 806 185 225 57 454 2 568 144 415 540 87 424 381 767 623 904 751 452 641 288 175 71 116 172 699 609 0 772 183 11 286 770 567 553 864 801 571 327 1 86 559 727 947 922 555 230 863 574 568 478 429 348 668 643 981 754 918 617 784 532 140 732 518 383 59 
763 333 473 189 972 814 509 440 519 645 912 668 218 610 163 811 847 671 209 784 914 457 856 325 500 156 611 687 634 764 240 772 0 284 819 787 606 101 443 200 523 566 168 47 933 571 384 963 863 148 510 70 223 599 707 680 867 265 904 664 111 326 333 455 313 869 914 615 373 9 
800 159 405 597 33 16 661 607 335 349 218 55 569 494 718 341 113 650 842 329 876 467 601 617 706 947 355 429 44 172 485 183 284 0 709 750 240 621 441 891 451 749 571 953 988 749 376 501 95 207 598 221 461 161 107 368 935 595 253 696 259 128 307 661 900 990 507 754 487 322 
99 791 352 145 69 102 876 876 204 565 802 735 365 357 440 354 816 213 123 483 652 712 677 100 622 870 571 499 711 542 984 11 819 709 0 681 314 920 489 389 416 342 788 185 396 206 624 730 761 419 16 266 48 214 179 18 716 211 361 461 995 47 29 119 880 685 354 354 440 776 
669 530 293 335 496 754 914 541 371 56 288 758 243 424 243 133 189 162 45 777 473 758 975 943 750 223 981 224 863 567 17 286 787 750 681 0 334 25 384 297 443 68 953 695 968 22 701 710 561 38 206 754 679 783 577 523 454 457 378 882 708 159 400 493 474 177 788 276 485 792 
515 966 869 721 204 440 882 481 353 640 840 912 425 892 480 304 216 671 979 732 667 147 277 405 969 565 629 573 259 353 572 770 606 240 314 334 0 868 405 387 859 90 586 820 516 649 671 229 436 897 203 438 658 915 135 667 534 689 518 250 968 207 846 884 939 591 710 424 813 177 
636 996 100 908 460 381 7 905 312 466 971 90 268 540 173 945 564 381 252 9 761 950 297 538 58 253 490 499 345 954 16 567 101 621 920 25 868 0 903 64 211 372 547 373 196 445 944 313 522 165 507 447 968 297 922 754 315 160 767 595 215 843 545 94 707 541 267 451 728 339 
612 760 263 785 998 72 255 656 277 942 23 379 432 276 742 946 339 289 416 67 550 409 633 710 379 385 369 590 112 580 489 553 443 441 489 384 405 903 0 636 201 65 3 280 409 93 941 534 486 337 1000 816 916 178 234 312 967 995 402 158 567 12 583 717 884 665 698 783 943 404 
720 635 889 838 780 907 622 11 947 26 639 340 164 739 742 881 662 660 533 457 993 914 535 850 148 830 663 132 216 376 81 864 200 891 389 297 387 64 636 0 326 574 871 909 848 136 469 804 387 442 47 462 692 7 404 11 740 277 933 693 274 332 722 509 67 992 980 397 861 253 
936 847 32 127 894 799 106 42 93 615 608 201 326 387 930 170 321 439 984 592 448 335 554 609 695 42 133 455 212 1000 500 801 523 451 416 443 859 211 201 326 0 839 891 212 870 387 709 152 508 638 62 568 97 200 276 537 490 599 480 438 373 725 656 309 59 466 353 992 814 415 
691 136 51 343 865 355 799 577 837 951 373 626 913 709 937 939 956 976 804 967 284 269 663 712 573 696 1 357 547 638 526 571 566 749 342 68 90 372 65 574 839 0 681 784 155 735 789 255 498 999 783 694 819 774 414 648 615 155 261 272 588 868 892 390 561 624 974 402 365 234 
983 637 271 857 786 963 866 238 732 182 187 459 233 64 398 166 768 193 167 452 918 465 368 932 485 491 999 711 966 836 617 327 168 571 788 953 586 547 3 871 891 681 0 597 940 146 268 700 886 839 523 149 662 708 268 851 100 892 772 600 124 840 862 13 26 86 768 608 96 631 
103 910 226 281 228 378 385 887 570 270 711 725 193 510 289 415 103 653 212 957 735 516 779 474 397 675 467 71 580 616 979 1 47 953 185 695 820 373 280 909 212 784 597 0 22 364 822 807 904 389 54 23 175 146 26 746 66 874 920 67 461 504 656 192 104 390 985 970 939 637 
394 484 300 133 867 622 270 736 39 836 219 679 503 295 686 908 968 154 316 17 989 571 301 228 657 587 946 164 873 394 235 86 933 988 396 968 516 196 409 848 870 155 940 22 0 231 293 169 284 700 972 91 296 984 249 320 414 474 297 936 648 281 257 58 239 727 658 960 294 22 
799 103 495 772 969 644 193 519 343 718 27 23 759 102 83 599 871 932 372 307 15 62 452 797 459 453 628 784 218 541 777 559 571 749 206 22 649 445 93 136 387 735 146 364 231 0 540 846 700 802 682 90 195 205 75 911 491 1 258 134 196 727 159 53 396 801 337 400 49 625 
338 441 560 644 756 103 396 94 962 124 49 888 176 492 229 836 525 139 593 613 39 757 683 961 480 749 86 138 575 719 664 727 384 376 624 701 671 944 941 469 709 789 268 822 293 540 0 903 682 852 948 660 209 530 161 985 928 415 786 734 586 890 467 964 115 550 995 899 292 793 
424 801 696 913 300 124 637 76 341 394 628 636 628 151 145 343 306 320 217 548 194 256 12 737 225 700 856 35 255 841 253 947 963 501 730 710 229 313 534 804 152 255 700 807 169 846 903 0 391 689 580 432 682 402 97 305 356 502 368 109 543 124 897 911 761 105 546 324 565 274 
242 496 220 837 812 750 877 76 79 642 873 494 585 179 601 779 167 338 460 628 756 92 382 442 272 518 510 369 781 497 141 922 863 95 761 561 436 522 486 387 508 498 886 904 284 700 682 391 0 832 73 503 348 246 20 639 90 521 520 81 609 213 226 763 361 61 502 316 98 868 
861 49 825 568 147 908 425 308 184 261 798 882 686 117 751 635 275 263 423 104 810 997 475 933 859 161 595 722 492 812 137 555 148 207 419 38 897 165 337 442 638 999 839 389 700 802 852 689 832 0 962 553 820 116 855 1000 863 530 785 161 522 408 757 507 422 303 783 319 329 280 
466 668 342 407 252 522 348 542 940 352 808 14 642 475 994 657 289 317 164 209 399 165 511 812 408 460 614 555 80 798 351 230 510 598 16 206 203 507 1000 47 62 783 523 54 972 682 948 580 73 962 0 317 324 478 385 169 584 622 653 274 624 240 205 453 811 162 785 674 208 907 
804 297 666 11 170 275 656 305 264 464 290 302 596 291 666 336 311 843 959 837 900 567 619 347 339 109 594 396 547 402 810 863 70 221 266 754 438 447 816 462 568 694 149 23 91 90 660 432 503 553 317 0 261 14 172 561 292 881 638 827 700 497 408 684 626 733 40 422 349 881 
529 860 23 671 632 996 985 373 34 738 310 226 413 240 824 488 471 333 328 861 269 483 385 69 343 228 628 735 51 570 454 574 223 461 48 679 658 968 916 692 97 819 662 175 296 195 209 682 348 820 324 261 0 212 141 533 668 259 983 987 430 388 970 73 808 470 735 703 675 307 
782 148 494 238 899 716 849 26 529 365 842 887 77 705 931 683 402 991 95 441 818 664 127 639 898 255 955 995 152 718 503 568 599 161 214 783 915 297 178 7 200 774 708 146 984 205 530 402 246 116 478 14 212 0 709 213 884 97 272 254 603 615 140 980 70 607 254 884 238 577 
234 853 570 823 126 180 980 302 623 466 134 145 639 343 505 70 951 710 466 81 373 831 372 742 387 368 524 513 297 329 437 478 707 107 179 577 135 922 234 404 276 414 268 26 249 75 161 97 20 855 385 172 141 709 0 649 608 625 735 870 127 704 303 67 281 668 31 103 410 759 
657 859 960 660 523 950 256 298 464 937 403 202 530 437 229 112 677 447 994 518 237 330 61 610 758 889 119 453 722 876 378 429 680 368 18 523 667 754 312 11 537 648 851 746 320 911 985 305 639 1000 169 561 533 213 649 0 770 287 489 412 459 355 462 240 456 478 844 152 228 463 
451 207 994 897 823 273 677 823 175 752 532 609 228 900 13 989 678 436 660 998 518 342 568 200 867 135 637 964 832 811 401 348 867 935 716 454 534 315 967 740 490 615 100 66 414 491 928 356 90 863 584 292 668 884 608 770 0 734 850 259 193 709 658 447 21 810 361 303 127 46 
815 788 726 373 165 548 530 920 128 408 261 327 604 377 807 662 27 509 836 85 802 745 578 156 440 585 76 61 949 932 979 668 265 595 211 457 689 160 995 277 599 155 892 874 474 1 415 502 521 530 622 881 259 97 625 287 734 0 168 884 561 816 28 929 89 851 883 509 10 923 
214 30 219 79 258 542 607 247 908 35 797 553 670 784 555 514 352 589 18 965 516 647 928 186 117 763 300 363 571 263 412 643 904 253 361 378 518 767 402 933 480 261 772 920 297 258 786 368 520 785 653 638 983 272 735 489 850 168 0 987 392 559 912 638 771 134 555 187 439 685 
324 795 346 363 723 31 368 603 342 997 99 518 18 417 758 306 500 496 520 616 738 715 926 700 94 623 620 619 698 490 710 981 664 696 461 882 250 595 158 693 438 272 600 67 936 134 734 109 81 161 274 827 987 254 870 412 259 884 987 0 969 43 116 100 294 558 492 943 571 217 
413 513 503 821 33 279 342 218 659 308 160 75 689 231 710 711 334 556 680 630 147 820 769 103 427 390 840 597 140 286 398 754 111 259 995 708 968 215 567 274 373 588 124 461 648 196 586 543 609 522 624 700 430 603 127 459 193 561 392 969 0 572 229 227 762 966 528 271 911 997 
415 82 795 169 715 749 237 355 628 676 68 362 137 769 675 658 372 447 82 668 298 644 258 612 615 67 790 371 320 349 260 918 326 128 47 159 207 843 12 332 725 868 840 504 281 727 890 124 213 408 240 497 388 615 704 355 709 816 559 43 572 0 185 618 511 8 113 824 724 585 
968 589 763 28 853 539 988 167 623 387 90 547 871 727 493 299 42 575 265 887 396 652 482 497 455 533 971 534 74 401 652 617 333 307 29 400 846 545 583 722 656 892 862 656 257 159 467 897 226 757 205 408 970 140 303 462 658 28 912 116 229 185 0 3 832 901 481 531 303 434 
971 651 905 886 478 487 929 905 428 910 445 609 999 670 820 631 632 613 605 881 127 391 640 232 595 324 306 882 754 290 530 784 455 661 119 493 884 94 717 509 309 390 13 192 58 53 964 911 763 507 453 684 73 980 67 240 447 929 638 100 227 618 3 0 983 84 675 716 615 405 
641 377 845 530 87 921 583 112 265 70 986 4 943 900 258 618 585 172 789 297 698 542 889 222 326 964 673 627 316 691 700 532 313 900 880 474 939 707 884 67 59 561 26 104 239 396 115 761 361 422 811 626 808 70 281 456 21 89 771 294 762 511 832 983 0 296 421 230 321 915 
373 325 268 598 584 729 865 194 312 495 270 753 656 925 819 30 721 931 983 387 64 775 363 264 439 508 366 193 618 141 741 140 869 990 685 177 591 541 665 992 466 624 86 390 727 801 550 105 61 303 162 733 470 607 668 478 810 851 134 558 966 8 901 84 296 0 742 816 266 250 
298 857 641 503 404 133 974 873 1000 134 313 263 271 74 202 627 58 211 638 254 374 985 764 839 576 92 997 806 575 939 824 732 914 507 354 788 710 267 698 980 353 974 768 985 658 337 995 546 502 783 785 40 735 254 31 844 361 883 555 492 528 113 481 675 421 742 0 461 505 153 
803 822 381 708 639 381 676 406 231 632 914 48 170 995 429 238 76 928 806 430 383 919 758 510 778 584 321 284 160 746 499 518 615 754 354 276 424 451 783 397 992 402 608 970 960 400 899 324 316 319 674 422 703 884 103 152 303 509 187 943 271 824 531 716 230 816 461 0 722 728 
332 452 865 955 384 485 108 200 962 426 37 446 943 291 509 67 863 848 681 435 681 969 555 857 435 828 927 650 409 635 525 383 373 487 440 485 813 728 943 861 814 365 96 939 294 49 292 565 98 329 208 349 675 238 410 228 127 10 439 571 911 724 303 615 321 266 505 722 0 328 
998 438 991 161 927 834 701 463 269 640 247 483 14 429 272 496 893 153 383 576 49 681 92 46 910 974 404 331 711 234 913 59 9 322 776 792 177 339 404 253 415 234 631 637 22 625 793 274 868 280 907 881 307 577 759 463 46 923 685 217 997 585 434 405 915 250 153 728 328 0 
0 187 853 312 907 276 842 509 588 760 766 537 952 976 841 230 422 770 447 539 833 402 781 776 370 757 588 34 852 616 368 200 961 900 42 142 510 794 440 389 571 736 538 228 525 375 191 948 669 289 992 306 955 654 112 537 607 62 109 508 128 289 778 633 370 417 353 650 714 940 
187 0 292 323 889 64 640 675 685 28 157 503 408 156 174 232 814 165 629 901 531 159 270 708 3 442 327 647 165 441 911 557 223 61 707 274 800 801 743 513 720 68 841 211 377 318 472 399 503 114 133 537 574 103 692 987 431 539 153 288 916 95 942 621 542 581 986 813 154 487 
853 292 0 667 799 794 318 875 336 372 282 547 98 212 29 234 176 183 254 127 752 312 611 998 201 812 523 526 295 285 397 936 626 19 295 537 758 421 634 538 164 398 873 434 194 758 397 650 296 694 448 840 437 190 313 908 970 755 555 929 842 655 921 272 802 400 659 627 963 413 
312 323 667 0 649 591 960 731 215 252 387 599 500 568 423 949 144 389 831 927 321 180 569 839 834 835 468 158 137 347 280 267 391 194 87 566 179 965 536 698 722 146 754 122 99 949 350 783 640 779 653 171 658 67 941 538 986 758 467 608 969 222 243 955 245 960 465 488 256 327 
907 889 799 649 0 721 274 954 831 473 385 578 254 521 747 586 708 92 319 511 854 369 582 456 136 639 410 282 963 5 220 781 831 42 324 410 613 186 877 870 631 888 626 56 604 552 909 136 990 374 258 66 493 581 315 471 712 332 801 618 506 13 220 322 495 388 598 696 158 848 
276 64 794 591 721 0 241 956 749 480 450 417 787 543 215 620 657 274 426 731 585 160 407 613 890 350 527 804 143 795 29 949 347 94 152 493 118 379 17 420 653 761 781 339 513 168 366 472 697 687 657 245 842 718 507 749 918 300 391 247 30 106 430 95 782 774 200 976 213 782 
842 640 318 960 274 241 0 532 58 335 885 567 133 846 159 664 785 717 198 944 746 852 365 397 732 110 68 691 420 169 58 695 212 87 110 844 503 680 66 404 64 619 267 567 305 45 247 771 893 225 179 440 778 759 967 647 623 805 447 720 18 14 763 871 158 534 940 458 495 587 
509 675 875 731 954 956 532 0 432 947 871 355 450 461 536 177 954 105 785 650 907 669 35 690 364 385 207 516 97 46 274 325 427 855 799 335 129 660 934 184 367 396 289 839 254 62 693 158 222 33 562 245 781 401 508 223 859 35 222 807 235 407 283 796 102 61 591 301 387 583 
588 685 336 215 831 749 58 432 0 376 765 64 121 805 250 250 164 600 934 514 821 537 79 939 647 702 158 613 340 860 761 502 451 86 376 386 571 434 359 955 777 933 484 705 112 211 950 603 40 1 454 233 572 427 644 851 283 186 354 778 802 438 652 904 348 913 993 472 507 729 
760 28 372 252 473 480 335 947 376 0 746 269 345 437 721 180 248 225 61 499 762 49 581 769 359 11 315 953 985 846 533 992 934 843 710 373 688 264 629 70 456 672 106 278 960 158 150 339 168 96 175 227 837 395 177 817 473 34 170 929 22 947 469 530 651 142 201 476 462 650 
766 157 282 387 385 450 885 871 765 746 0 38 415 714 540 538 483 964 730 427 216 693 319 401 549 55 697 209 784 844 168 675 660 377 650 216 908 888 281 409 595 406 213 876 445 329 60 138 600 543 898 333 242 548 179 572 459 555 982 221 743 696 248 803 204 527 568 553 668 399 
537 503 547 599 578 417 567 355 64 269 38 0 761 612 140 377 213 224 678 138 679 458 90 551 242 500 643 984 348 695 862 111 176 354 407 728 863 139 202 116 873 537 446 785 700 105 773 635 153 776 232 298 373 785 353 606 763 392 447 877 261 772 145 14 299 648 739 199 609 656 
952 408 98 500 254 787 133 450 121 345 415 761 0 383 895 361 552 427 543 644 530 446 862 595 651 396 453 388 222 857 470 95 112 933 792 10 891 344 805 60 605 904 367 484 201 597 416 193 414 439 509 630 521 393 577 829 73 367 414 635 980 364 610 411 838 535 646 405 582 124 
976 156 212 568 521 543 846 461 805 437 714 612 383 0 869 120 797 534 262 422 984 251 904 841 123 371 929 23 192 866 590 339 959 251 809 274 790 677 458 554 575 173 43 888 744 209 379 250 250 312 483 64 193 367 986 746 677 434 859 513 231 715 641 870 359 794 297 800 345 286 
841 174 29 423 747 215 159 536 250 721 540 140 895 869 0 161 160 159 334 918 723 730 68 653 703 413 875 863 543 552 50 166 55 729 776 434 862 146 459 944 303 804 511 223 56 343 389 750 270 549 839 927 263 457 196 937 265 409 636 862 631 777 776 661 264 837 255 878 489 29 
230 232 234 949 586 620 664 177 250 180 538 377 361 120 161 0 656 925 657 738 780 754 777 881 783 835 540 771 217 314 579 442 991 194 403 711 892 878 464 656 315 787 388 854 283 467 745 234 817 613 487 540 716 989 977 201 883 309 186 52 450 601 266 553 705 509 717 62 29 420 
422 814 176 144 708 657 785 954 164 248 483 213 552 797 160 656 0 490 480 177 864 457 320 623 258 41 882 648 791 717 242 821 601 334 276 122 557 880 926 161 835 835 859 64 537 934 109 174 50 348 241 191 600 199 874 880 812 306 527 607 630 55 312 205 496 889 259 822 810 454 
770 165 183 389 92 274 717 105 600 225 964 224 427 534 159 925 490 0 326 616 734 800 301 683 553 43 711 239 893 239 604 287 959 856 30 125 807 593 766 313 822 812 190 277 674 761 368 96 455 380 502 348 348 872 893 54 175 411 783 37 127 705 674 693 108 850 254 654 305 731 
447 629 254 831 319 426 198 785 934 61 730 678 543 262 334 657 480 326 0 839 328 667 775 141 971 918 33 127 273 104 295 834 413 372 46 529 976 640 631 426 726 997 238 123 263 584 849 29 295 392 266 894 373 453 307 997 777 386 673 284 396 292 476 800 506 782 516 715 440 244 
539 901 127 927 511 731 944 650 514 499 427 138 644 422 918 738 177 616 839 0 7 350 78 538 351 679 809 448 412 950 957 452 715 445 443 899 498 278 60 208 192 575 779 366 11 477 620 981 233 493 720 378 679 57 829 947 921 606 609 456 417 658 431 240 172 631 216 693 407 344 
833 531 752 321 854 585 746 907 821 762 216 679 530 984 723 780 864 734 328 7 0 381 836 309 434 774 817 845 482 844 60 910 514 718 888 515 302 600 513 517 401 540 595 726 977 464 330 335 830 677 63 523 366 894 482 464 211 589 129 310 76 128 115 310 870 79 295 140 911 254 
402 159 312 180 369 160 852 669 537 49 693 458 446 251 730 754 457 800 667 350 381 0 629 950 471 594 649 791 790 514 534 435 129 543 455 817 16 761 427 429 363 191 379 334 382 10 747 899 200 504 665 180 465 848 792 447 273 404 826 229 720 929 914 437 549 848 814 648 716 625 
781 270 611 569 582 407 365 35 79 581 319 90 862 904 68 777 320 301 775 78 836 629 0 648 159 707 824 487 488 991 463 714 925 766 250 838 28 220 895 470 832 581 620 796 208 701 425 301 599 216 245 769 730 416 425 145 838 607 737 450 906 232 353 956 387 570 811 751 661 130 
776 708 998 839 456 613 397 690 939 769 401 551 595 841 653 881 623 683 141 538 309 950 648 0 308 479 604 313 497 330 360 822 158 640 623 439 411 551 789 785 897 654 917 775 48 691 893 356 211 350 883 369 130 613 572 945 247 404 247 351 494 527 457 371 496 190 538 544 614 2 
370 3 201 834 136 890 732 364 647 359 549 242 651 123 703 783 258 553 971 351 434 471 159 308 0 299 916 432 510 739 323 435 816 935 933 713 777 240 380 451 605 373 350 322 759 365 744 264 688 499 172 311 638 506 600 841 729 484 15 96 310 749 397 133 751 496 529 716 376 374 
757 442 812 835 639 350 110 385 702 11 55 500 396 371 413 835 41 43 918 679 774 594 707 479 299 0 573 963 845 716 96 700 423 799 968 73 406 924 371 679 318 630 470 728 312 542 419 368 506 90 352 92 152 336 395 392 335 263 534 358 302 75 363 414 872 600 753 657 547 429 
588 327 523 468 410 527 68 207 158 315 697 643 453 929 875 540 882 711 33 809 817 649 824 604 916 573 0 16 259 119 288 308 740 132 822 729 430 603 627 870 584 69 557 55 842 790 514 338 413 690 370 6 887 986 374 151 560 572 98 533 822 537 971 493 603 668 604 163 770 923 
34 647 526 158 282 804 691 516 613 953 209 984 388 23 863 771 648 239 127 448 845 791 487 313 432 963 16 0 193 742 525 321 619 27 855 371 719 141 474 214 545 405 366 587 333 729 318 155 35 651 190 380 895 573 575 856 661 116 559 631 430 358 925 975 333 985 725 472 439 267 
852 165 295 137 963 143 420 97 340 985 784 348 222 192 543 217 791 893 273 412 482 790 488 497 510 845 259 193 0 197 629 704 432 406 457 813 329 520 839 614 206 83 965 539 579 120 973 514 542 415 438 514 573 223 273 668 768 327 445 811 817 952 115 500 573 928 744 255 152 249 
616 441 285 347 5 795 169 46 860 846 844 695 857 866 552 314 717 239 104 950 844 514 991 330 739 716 119 742 197 0 150 954 637 399 617 496 762 706 867 337 404 679 788 228 555 440 429 218 583 386 786 316 675 299 264 295 735 334 380 561 605 443 191 127 181 132 216 660 826 792 
368 911 397 280 220 29 58 274 761 533 168 862 470 590 50 579 242 604 295 957 60 534 463 360 323 96 288 525 629 150 0 558 274 452 577 381 296 692 658 258 628 821 735 840 335 480 999 351 392 10 486 859 672 268 455 308 75 494 310 709 212 274 302 234 450 539 502 276 523 729 
200 557 936 267 781 949 695 325 502 992 675 111 95 339 166 442 821 287 834 452 910 435 714 822 435 700 308 321 704 954 558 0 918 418 444 3 653 382 732 548 863 775 267 7 267 960 98 658 475 412 61 875 759 529 636 440 546 314 206 736 925 675 517 877 543 531 823 337 291 458 
961 223 626 391 831 347 212 427 451 934 660 176 112 959 55 991 601 959 413 715 514 129 925 158 816 423 740 619 432 637 274 918 0 803 972 678 232 350 290 563 282 844 149 136 939 372 564 733 384 17 560 194 57 824 991 822 770 886 833 820 280 16 584 498 209 323 952 478 29 317 
900 61 19 194 42 94 87 855 86 843 377 354 933 251 729 194 334 856 372 445 718 543 766 640 935 799 132 27 406 399 452 418 803 0 994 423 890 882 749 1000 803 857 542 493 968 847 299 374 127 736 358 813 489 176 90 175 958 457 91 903 213 318 238 767 631 787 414 589 154 424 
42 707 295 87 324 152 110 799 376 710 650 407 792 809 776 403 276 30 46 443 888 455 250 623 933 968 822 855 457 617 577 444 972 994 0 745 380 776 401 942 113 159 859 228 743 193 427 324 710 848 69 279 44 11 383 505 712 348 447 448 603 78 413 283 748 901 518 392 430 709 
142 274 537 566 410 493 844 335 386 373 216 728 10 274 434 711 122 125 529 899 515 817 838 439 713 73 729 371 813 496 381 3 678 423 745 0 276 560 641 12 389 241 602 233 979 349 701 214 876 112 222 294 840 509 719 826 273 331 891 753 290 126 730 339 93 301 749 104 94 954 
510 800 758 179 613 118 503 129 571 688 908 863 891 790 862 892 557 807 976 498 302 16 28 411 777 406 430 719 329 762 296 653 232 890 380 276 0 124 594 136 606 239 701 457 613 514 336 26 254 752 500 585 318 283 593 208 711 776 845 312 986 59 834 137 442 565 880 150 426 57 
794 801 421 965 186 379 680 660 434 264 888 139 344 677 146 878 880 593 640 278 600 761 220 551 240 924 603 141 520 706 692 382 350 882 776 560 124 0 902 225 261 195 458 861 476 819 655 940 626 24 792 799 972 270 997 820 502 207 447 690 405 626 298 248 844 458 270 846 654 5 
440 743 634 536 877 17 66 934 359 629 281 202 805 458 459 464 926 766 631 60 513 427 895 789 380 371 627 474 839 867 658 732 290 749 401 641 594 902 0 755 228 821 463 203 748 373 858 981 200 265 242 869 851 544 146 742 658 868 290 244 337 156 79 396 959 763 931 306 751 47 
389 513 538 698 870 420 404 184 955 70 409 116 60 554 944 656 161 313 426 208 517 429 470 785 451 679 870 214 614 337 258 548 563 1000 942 12 136 225 755 0 431 419 969 860 991 551 428 939 17 82 2 875 596 53 274 215 828 176 770 250 912 290 553 108 259 731 610 292 952 208 
571 720 164 722 631 653 64 367 777 456 595 873 605 575 303 315 835 822 726 192 401 363 832 897 605 318 584 545 206 404 628 863 282 803 113 389 606 261 228 431 0 108 981 232 853 646 751 615 198 628 403 542 795 593 344 270 137 18 334 697 603 410 900 529 79 533 769 792 968 375 
736 68 398 146 888 761 619 396 933 672 406 537 904 173 804 787 835 812 997 575 540 191 581 654 373 630 69 405 83 679 821 775 844 857 159 241 239 195 821 419 108 0 511 576 838 608 839 279 424 352 678 817 948 673 622 426 298 349 219 146 365 881 849 417 495 731 946 658 281 528 
538 841 873 754 626 781 267 289 484 106 213 446 367 43 511 388 859 190 238 779 595 379 620 917 350 470 557 366 965 788 735 267 149 542 859 602 701 458 463 969 981 511 0 694 296 376 641 673 974 481 831 84 749 404 734 482 327 657 915 498 395 650 491 29 12 492 493 637 450 474 
228 211 434 122 56 339 567 839 705 278 876 785 484 888 223 854 64 277 123 366 726 334 796 775 322 728 55 587 539 228 840 7 136 493 228 233 457 861 203 860 232 576 694 0 182 339 214 547 986 423 335 279 130 273 254 754 178 870 801 15 331 449 594 56 320 424 573 917 670 99 
525 377 194 99 604 513 305 254 112 960 445 700 201 744 56 283 537 674 263 11 977 382 208 48 759 312 842 333 579 555 335 267 939 968 743 979 613 476 748 991 853 838 296 182 0 626 487 338 310 814 713 85 598 732 194 443 401 589 549 455 174 179 911 83 635 490 410 737 719 18 
375 318 758 949 552 168 45 62 211 158 329 105 597 209 343 467 934 761 584 477 464 10 701 691 365 542 790 729 120 440 480 960 372 847 193 349 514 819 373 551 646 608 376 339 626 0 962 936 939 396 982 198 164 357 489 132 752 458 376 538 426 723 171 571 777 385 426 442 10 316 
191 472 397 350 909 366 247 693 950 150 60 773 416 379 389 745 109 368 849 620 330 747 425 893 744 419 514 318 973 429 999 98 564 299 427 701 336 655 858 428 751 839 641 214 487 962 0 697 675 840 951 585 651 983 682 888 961 854 620 407 370 999 29 516 248 424 937 907 912 844 
948 399 650 783 136 472 771 158 603 339 138 635 193 250 750 234 174 96 29 981 335 899 301 356 264 368 338 155 514 218 351 658 733 374 324 214 26 940 981 939 615 279 673 547 338 936 697 0 330 682 128 175 219 711 750 767 779 675 668 6 89 265 799 894 806 393 266 45 546 187 
669 503 296 640 990 697 893 222 40 168 600 153 414 250 270 817 50 455 295 233 830 200 599 211 688 506 413 35 542 583 392 475 384 127 710 876 254 626 200 17 198 424 974 986 310 939 675 330 0 978 172 456 804 257 50 451 250 276 634 62 266 91 379 458 224 49 173 683 737 385 
289 114 694 779 374 687 225 33 1 96 543 776 439 312 549 613 348 380 392 493 677 504 216 350 499 90 690 651 415 386 10 412 17 736 848 112 752 24 265 82 628 352 481 423 814 396 840 682 978 0 475 629 890 228 581 934 567 723 962 604 464 866 711 835 310 99 676 471 436 756 
992 133 448 653 258 657 179 562 454 175 898 232 509 483 839 487 241 502 266 720 63 665 245 883 172 352 370 190 438 786 486 61 560 358 69 222 500 792 242 2 403 678 831 335 713 982 951 128 172 475 0 12 518 507 274 439 453 242 818 34 745 402 232 687 662 451 780 651 491 557 
306 537 840 171 66 245 440 245 233 227 333 298 630 64 927 540 191 348 894 378 523 180 769 369 311 92 6 380 514 316 859 875 194 813 279 294 585 799 869 875 542 817 84 279 85 198 585 175 456 629 12 0 338 75 107 241 134 776 768 796 752 374 763 178 812 748 386 260 838 432 
955 574 437 658 493 842 778 781 572 837 242 373 521 193 263 716 600 348 373 679 366 465 730 130 638 152 887 895 573 675 672 759 57 489 44 840 318 972 851 596 795 948 749 130 598 164 651 219 804 890 518 338 0 268 95 596 297 277 479 716 810 454 993 331 999 234 542 727 836 523 
654 103 190 67 581 718 759 401 427 395 548 785 393 367 457 989 199 872 453 57 894 848 416 613 506 336 986 573 223 299 268 529 824 176 11 509 283 270 544 53 593 673 404 273 732 357 983 711 257 228 507 75 268 0 803 111 501 503 787 192 421 468 133 662 99 699 384 793 178 893 
112 692 313 941 315 507 967 508 644 177 179 353 577 986 196 977 874 893 307 829 482 792 425 572 600 395 374 575 273 264 455 636 991 90 383 719 593 997 146 274 344 622 734 254 194 489 682 750 50 581 274 107 95 803 0 519 816 987 130 383 128 767 188 448 585 730 160 552 520 855 
537 987 908 538 471 749 647 223 851 817 572 606 829 746 937 201 880 54 997 947 464 447 145 945 841 392 151 856 668 295 308 440 822 175 505 826 208 820 742 215 270 426 482 754 443 132 888 767 451 934 439 241 596 111 519 0 905 339 938 890 276 714 485 898 363 353 555 298 334 811 
607 431 970 986 712 918 623 859 283 473 459 763 73 677 265 883 812 175 777 921 211 273 838 247 729 335 560 661 768 735 75 546 770 958 712 273 711 502 658 828 137 298 327 178 401 752 961 779 250 567 453 134 297 501 816 905 0 502 306 651 261 971 857 574 561 621 78 944 292 113 
62 539 755 758 332 300 805 35 186 34 555 392 367 434 409 309 306 411 386 606 589 404 607 404 484 263 572 116 327 334 494 314 886 457 348 331 776 207 868 176 18 349 657 870 589 458 854 675 276 723 242 776 277 503 987 339 502 0 184 467 347 515 298 741 399 653 949 211 159 701 
109 153 555 467 801 391 447 222 354 170 982 447 414 859 636 186 527 783 673 609 129 826 737 247 15 534 98 559 445 380 310 206 833 91 447 891 845 447 290 770 334 219 915 801 549 376 620 668 634 962 818 768 479 787 130 938 306 184 0 990 134 624 309 627 942 325 75 343 650 814 
508 288 929 608 618 247 720 807 778 929 221 877 635 513 862 52 607 37 284 456 310 229 450 351 96 358 533 631 811 561 709 736 820 903 448 753 312 690 244 250 697 146 498 15 455 538 407 6 62 604 34 796 716 192 383 890 651 467 990 0 784 485 426 337 340 643 175 809 634 815 
128 916 842 969 506 30 18 235 802 22 743 261 980 231 631 450 630 127 396 417 76 720 906 494 310 302 822 430 817 605 212 925 280 213 603 290 986 405 337 912 603 365 395 331 174 426 370 89 266 464 745 752 810 421 128 276 261 347 134 784 0 244 303 118 657 976 347 755 684 872 
289 95 655 222 13 106 14 407 438 947 696 772 364 715 777 601 55 705 292 658 128 929 232 527 749 75 537 358 952 443 274 675 16 318 78 126 59 626 156 290 410 881 650 449 179 723 999 265 91 866 402 374 454 468 767 714 971 515 624 485 244 0 7 886 907 429 338 910 746 375 
778 942 921 243 220 430 763 283 652 469 248 145 610 641 776 266 312 674 476 431 115 914 353 457 397 363 971 925 115 191 302 517 584 238 413 730 834 298 79 553 900 849 491 594 911 171 29 799 379 711 232 763 993 133 188 485 857 298 309 426 303 7 0 320 798 874 12 280 434 714 
633 621 272 955 322 95 871 796 904 530 803 14 411 870 661 553 205 693 800 240 310 437 956 371 133 414 493 975 500 127 234 877 498 767 283 339 137 248 396 108 529 417 29 56 83 571 516 894 458 835 687 178 331 662 448 898 574 741 627 337 118 886 320 0 533 292 885 975 418 158 
370 542 802 245 495 782 158 102 348 651 204 299 838 359 264 705 496 108 506 172 870 549 387 496 751 872 603 333 573 181 450 543 209 631 748 93 442 844 959 259 79 495 12 320 635 777 248 806 224 310 662 812 999 99 585 363 561 399 942 340 657 907 798 533 0 276 667 35 683 915 
417 581 400 960 388 774 534 61 913 142 527 648 535 794 837 509 889 850 782 631 79 848 570 190 496 600 668 985 928 132 539 531 323 787 901 301 565 458 763 731 533 731 492 424 490 385 424 393 49 99 451 748 234 699 730 353 621 653 325 643 976 429 874 292 276 0 763 904 759 186 
353 986 659 465 598 200 940 591 993 201 568 739 646 297 255 717 259 254 516 216 295 814 811 538 529 753 604 725 744 216 502 823 952 414 518 749 880 270 931 610 769 946 493 573 410 426 937 266 173 676 780 386 542 384 160 555 78 949 75 175 347 338 12 885 667 763 0 277 652 498 
650 813 627 488 696 976 458 301 472 476 553 199 405 800 878 62 822 654 715 693 140 648 751 544 716 657 163 472 255 660 276 337 478 589 392 104 150 846 306 292 792 658 637 917 737 442 907 45 683 471 651 260 727 793 552 298 944 211 343 809 755 910 280 975 35 904 277 0 670 882 
714 154 963 256 158 213 495 387 507 462 668 609 582 345 489 29 810 305 440 407 911 716 661 614 376 547 770 439 152 826 523 291 29 154 430 94 426 654 751 952 968 281 450 670 719 10 912 546 737 436 491 838 836 178 520 334 292 159 650 634 684 746 434 418 683 759 652 670 0 862 
940 487 413 327 848 782 587 583 729 650 399 656 124 286 29 420 454 731 244 344 254 625 130 2 374 429 923 267 249 792 729 458 317 424 709 954 57 5 47 208 375 528 474 99 18 316 844 187 385 756 557 432 523 893 855 811 113 701 814 815 872 375 714 158 915 186 498 882 862 0 
