8 2
0 123 17 72 89 90 77 84 
123 0 116 51 121 48 96 115 
17 116 0 64 101 90 86 66 
72 51 64 0 97 39 71 77 
89 121 101 97 0 73 26 158 
90 48 90 39 73 0 47 116 
77 96 86 71 26 47 0 136 
84 115 66 77 158 116 136 0 
0 0 46564 0 7307 0 0 1 
0 0 0 68 0 30025 0 0 
46564 0 0 2 0 0 0 0 
0 68 2 0 12 0 0 0 
7307 0 0 12 0 85 210 0 
0 30025 0 0 85 0 2650 44390 
0 0 0 0 210 2650 0 17910 
1 0 0 0 0 44390 17910 0 
0 12821 0 50 0 1798 0 26 
12821 0 4 0 171 0 17169 22 
0 4 0 0 5368 32 14320 74 
50 0 0 0 0 337 198 47935 
0 171 5368 0 0 0 0 3036 
1798 0 32 337 0 0 0 0 
0 17169 14320 198 0 0 0 0 
26 22 74 47935 3036 0 0 0 
