30 3
0 123 17 72 89 90 77 84 122 70 141 118 117 117 58 85 94 145 69 99 137 99 30 139 114 56 50 94 70 158 
123 0 116 51 121 48 96 115 59 63 25 47 40 16 64 39 31 87 58 23 83 33 103 24 65 67 92 40 53 45 
17 116 0 64 101 90 86 66 108 71 133 119 117 113 52 81 90 150 68 93 122 97 14 135 118 53 57 84 66 154 
72 51 64 0 97 39 71 77 62 33 69 64 60 49 13 21 29 104 24 28 84 38 52 71 72 21 53 26 13 91 
89 121 101 97 0 73 26 158 158 64 146 84 88 106 88 88 93 82 73 107 181 88 104 121 67 78 49 121 84 131 
90 48 90 39 73 0 47 116 91 20 73 28 27 34 42 20 20 64 22 35 115 15 82 53 32 38 48 55 28 69 
77 96 86 71 26 47 0 136 132 38 121 63 66 81 63 62 67 73 47 81 155 62 85 98 49 54 29 95 58 110 
84 115 66 77 158 116 136 0 73 105 118 141 136 120 76 98 104 181 98 96 73 114 56 139 149 84 109 75 89 160 
122 59 108 62 158 91 132 73 0 94 51 103 96 73 74 71 70 145 85 56 25 79 93 83 118 83 115 37 74 101 
70 63 71 33 64 20 38 105 94 0 87 48 47 52 29 25 32 79 8 44 117 32 64 72 47 21 28 56 20 89 
141 25 133 69 146 73 121 118 51 87 0 70 64 41 83 62 55 108 81 43 71 58 119 37 89 88 115 49 74 52 
118 47 119 64 84 28 63 141 103 48 70 0 6 30 70 43 37 42 50 48 128 26 110 38 19 66 73 72 55 47 
117 40 117 60 88 27 66 136 96 47 64 6 0 24 67 39 32 48 48 42 121 22 108 32 25 64 74 66 52 44 
117 16 113 49 106 34 81 120 73 52 41 30 24 0 60 31 22 72 48 24 98 19 101 21 48 61 81 46 46 42 
58 64 52 13 88 42 63 76 74 29 83 70 67 60 0 29 38 107 21 41 95 45 41 82 74 9 41 39 15 102 
85 39 81 21 88 20 62 98 71 25 62 43 39 31 29 0 9 83 18 19 96 17 70 53 51 29 52 34 14 73 
94 31 90 29 93 20 67 104 70 32 55 37 32 22 38 9 0 79 27 14 95 10 79 44 48 38 60 36 24 64 
145 87 150 104 82 64 73 181 145 79 108 42 48 72 107 83 79 0 85 91 170 68 144 71 32 101 95 114 92 67 
69 58 68 24 73 22 47 98 85 8 81 50 48 48 21 18 27 85 0 37 108 30 60 70 52 16 34 48 11 88 
99 23 93 28 107 35 81 96 56 44 43 48 42 24 41 19 14 91 37 0 81 23 80 43 62 45 71 23 30 64 
137 83 122 84 181 115 155 73 25 117 71 128 121 98 95 96 95 170 108 81 0 104 107 106 143 104 136 61 97 123 
99 33 97 38 88 15 62 114 79 32 58 26 22 19 45 17 10 68 30 23 104 0 87 40 38 44 61 46 30 58 
30 103 14 52 104 82 85 56 93 64 119 110 108 101 41 70 79 144 60 80 107 87 0 123 111 44 56 70 56 143 
139 24 135 71 121 53 98 139 83 72 37 38 32 21 82 53 44 71 70 43 106 40 123 0 57 83 101 64 68 21 
114 65 118 72 67 32 49 149 118 47 89 19 25 48 74 51 48 32 52 62 143 38 111 57 0 68 66 84 60 63 
56 67 53 21 78 38 54 84 83 21 88 66 64 61 9 29 38 101 16 45 104 44 44 83 68 0 32 47 14 102 
50 92 57 53 49 48 29 109 115 28 115 73 74 81 41 52 60 95 34 71 136 61 56 101 66 32 0 79 42 117 
94 40 84 26 121 55 95 75 37 56 49 72 66 46 39 34 36 114 48 23 61 46 70 64 84 47 79 0 37 85 
70 53 66 13 84 28 58 89 74 20 74 55 52 46 15 14 24 92 11 30 97 30 56 68 60 14 42 37 0 88 
158 45 154 91 131 69 110 160 101 89 52 47 44 42 102 73 64 67 88 64 123 58 143 21 63 102 117 85 88 0 
0 0 0 0 0 1100 0 39 11 36724 101 307 1 0 24 105 0 10 5 0 0 0 49 0 58 0 32 6589 0 0 
0 0 0 41938 0 2 0 86584 1613 0 1 0 0 0 0 116 0 0 47 12266 1 85076 0 0 3706 90274 508 0 28745 0 
0 0 0 0 0 3 10 0 54661 0 0 3 124 429 0 0 7 0 3 0 0 0 1268 0 0 23339 382 102 0 37 
0 41938 0 0 14 671 4 0 1 357 98197 493 0 6 1 0 0 7133 0 0 10 0 3614 5 6 0 0 88 38 0 
0 0 0 14 0 43683 0 24 0 0 1 0 0 10911 981 676 0 401 0 5 2 3174 148 1371 0 0 0 17 20315 0 
1100 2 3 671 43683 0 571 0 0 0 73 6487 705 82568 0 17825 1 406 0 2011 0 0 0 10725 0 0 0 14 4 0 
0 0 10 4 0 571 0 11 10232 20 374 3 22 0 0 6915 0 0 194 2716 0 1253 0 0 0 0 0 0 0 0 
39 86584 0 0 24 0 11 0 0 0 0 4315 34966 19 694 36225 0 0 3690 0 1 0 0 7149 0 0 74 0 0 442 
11 1613 54661 1 0 0 10232 0 0 0 0 0 2823 0 0 2 0 0 0 1627 17375 6 0 206 496 0 0 0 0 0 
36724 0 0 357 0 0 20 0 0 0 90 0 136 15172 0 0 0 621 0 6111 33035 2 61710 1776 29233 0 437 57 0 223 
101 1 0 98197 1 73 374 0 0 90 0 0 0 0 0 3 0 21 0 0 5 2 23445 0 0 27 0 0 0 93826 
307 0 3 493 0 6487 3 4315 0 0 0 0 29 29339 2 0 0 9 0 0 0 0 0 1 74935 0 7581 5501 8295 156 
1 0 124 0 0 705 22 34966 2823 136 0 29 0 14 0 1 2088 0 0 2290 0 0 1009 21924 9876 8 25 562 0 0 
0 0 429 6 10911 82568 0 19 0 15172 0 29339 14 0 57 270 0 0 0 0 0 46356 31 235 1623 0 4 0 47 715 
24 0 0 1 981 0 0 694 0 0 0 2 0 57 0 0 0 0 366 0 62765 39281 0 0 81459 0 0 0 8538 15838 
105 116 0 0 676 17825 6915 36225 2 0 3 0 1 270 0 0 0 0 0 4 398 45 28 1446 0 0 2270 0 3588 0 
0 0 7 0 0 1 0 0 0 0 0 0 2088 0 0 0 0 28434 0 0 0 102 35 0 0 0 0 0 0 1 
10 0 0 7133 401 406 0 0 0 621 21 9 0 0 0 0 28434 0 47616 0 0 74896 345 3 7 12 0 0 88 5746 
5 47 3 0 0 0 194 3690 0 0 0 0 0 0 366 0 0 47616 0 0 0 0 2042 6466 0 0 1164 23 25320 0 
0 12266 0 0 5 2011 2716 0 1627 6111 0 0 2290 0 0 4 0 0 0 0 156 0 0 0 6 32 0 0 0 0 
0 1 0 10 2 0 0 1 17375 33035 5 0 0 0 62765 398 0 0 0 156 0 1680 283 0 0 0 0 0 0 1 
0 85076 0 0 3174 0 1253 0 6 2 2 0 0 46356 39281 45 102 74896 0 0 1680 0 0 0 0 0 43382 0 0 0 
49 0 1268 3614 148 0 0 0 0 61710 23445 0 1009 31 0 28 35 345 2042 0 283 0 0 0 11209 0 5661 65 0 0 
0 0 0 5 1371 10725 0 7149 206 1776 0 1 21924 235 0 1446 0 3 6466 0 0 0 0 0 11547 26735 0 0 0 4204 
58 3706 0 6 0 0 0 0 496 29233 0 74935 9876 1623 81459 0 0 7 0 6 0 0 11209 11547 0 0 352 0 0 0 
0 90274 23339 0 0 0 0 0 0 0 27 0 8 0 0 0 0 12 0 32 0 0 0 26735 0 0 0 0 114 0 
32 508 382 0 0 0 0 74 0 437 0 7581 25 4 0 2270 0 0 1164 0 0 43382 5661 0 352 0 0 0 0 590 
6589 0 102 88 17 14 0 0 0 57 0 5501 562 0 0 0 0 0 23 0 0 0 65 0 0 0 0 0 0 0 
0 28745 0 38 20315 4 0 0 0 0 0 8295 0 47 8538 3588 0 88 25320 0 0 0 0 0 0 114 0 0 0 7250 
0 0 37 0 0 0 0 442 0 223 93826 156 0 715 15838 0 1 5746 0 0 1 0 0 4204 0 0 590 0 7250 0 
0 0 0 0 0 167 0 244 323 34052 4357 2427 1 0 0 484 0 28 41 0 0 0 46 0 3 0 51 52777 0 0 
0 0 0 9747 0 0 0 111 4463 0 34 0 0 0 0 6 44 0 329 8842 0 6072 0 0 68327 36066 19 4 3375 0 
0 0 0 0 0 21 7 0 83572 0 0 4 4692 3714 0 0 2 0 8 0 0 0 436 0 0 3539 26010 63 0 86 
0 9747 0 0 25 1625 1 0 0 763 15289 42 0 32 0 0 0 21051 0 0 4 0 36 0 1 0 0 132 47 0 
0 0 0 25 0 1799 0 1 0 0 0 4 0 8252 679 274 0 1344 0 14 0 117 23 145 0 0 0 0 480 0 
167 0 21 1625 1799 0 194 0 0 0 367 410 1306 486 0 1023 0 210 0 652 0 0 0 660 0 0 0 1 1 2 
0 0 7 1 0 194 0 59 15418 3529 93 7 22 0 0 193 0 0 152 624 0 80231 0 0 0 0 0 0 0 0 
244 111 0 0 1 0 59 0 0 0 0 643 6648 89 265 4066 0 0 35 0 2 0 0 5284 0 0 738 0 0 7603 
323 4463 83572 0 0 0 15418 0 0 0 0 0 313 0 0 8 0 0 0 470 5195 45 0 2 68336 0 0 0 0 1 
34052 0 0 763 0 0 3529 0 0 0 23 0 83 457 0 0 3 4594 0 27635 40657 10 6 118 1174 0 1639 460 0 2369 
4357 34 0 15289 0 367 93 0 0 23 0 0 0 0 0 14 0 210 0 0 32 0 30445 0 1 134 0 0 0 28262 
2427 0 4 42 4 410 7 643 0 0 0 0 3 9286 1 0 0 14 0 0 0 5 0 4 19340 0 29880 16618 1520 594 
1 0 4692 0 0 1306 22 6648 313 83 0 3 0 16 0 0 601 0 0 230 0 0 88534 529 179 1 171 700 0 0 
0 0 3714 32 8252 486 0 89 0 457 0 9286 16 0 231 24 0 0 0 0 0 2498 4448 401 48383 0 634 0 25 1244 
0 0 0 0 679 0 0 265 0 0 0 1 0 231 0 0 0 0 197 0 51133 13594 0 0 5844 0 0 0 52313 279 
484 6 0 0 274 1023 193 4066 8 0 14 0 0 24 0 0 0 0 0 0 49 36 98 429 0 0 3070 0 1394 0 
0 44 2 0 0 0 0 0 0 3 0 0 601 0 0 0 0 25661 0 0 0 10 31 0 0 0 0 0 0 1 
28 0 0 21051 1344 210 0 0 0 4594 210 14 0 0 0 0 25661 0 4786 0 0 22436 136 1 2 6 0 32 14 2359 
41 329 8 0 0 0 152 35 0 0 0 0 0 0 197 0 0 4786 0 0 0 0 22 1031 0 0 284 2 973 0 
0 8842 0 0 14 652 624 0 470 27635 0 0 230 0 0 0 0 0 0 0 9 0 0 0 6 15 0 0 0 0 
0 0 0 4 0 0 0 2 5195 40657 32 0 0 0 51133 49 0 0 0 9 0 12954 36 0 0 0 0 0 0 0 
0 6072 0 0 117 0 80231 0 45 10 0 5 0 2498 13594 36 10 22436 0 0 12954 0 0 6 0 0 79725 0 28 1 
46 0 436 36 23 0 0 0 0 6 30445 0 88534 4448 0 98 31 136 22 0 36 0 0 0 5363 0 23099 18 0 0 
0 0 0 0 145 660 0 5284 2 118 0 4 529 401 0 429 0 1 1031 0 0 6 0 0 25052 2816 0 0 0 676 
3 68327 0 1 0 0 0 0 68336 1174 1 19340 179 48383 5844 0 0 2 0 6 0 0 5363 25052 0 0 123 0 0 0 
0 36066 3539 0 0 0 0 0 0 0 134 0 1 0 0 0 0 6 0 15 0 0 0 2816 0 0 0 0 1186 0 
51 19 26010 0 0 0 0 738 0 1639 0 29880 171 634 0 3070 0 0 284 0 0 79725 23099 0 123 0 0 0 0 643 
52777 4 63 132 0 1 0 0 0 460 0 16618 700 0 0 0 0 32 2 0 0 0 18 0 0 0 0 0 0 0 
0 3375 0 47 480 1 0 0 0 0 0 1520 0 25 52313 1394 0 14 973 0 0 28 0 0 0 1186 0 0 0 36555 
0 0 86 0 0 2 0 7603 1 2369 28262 594 0 1244 279 0 1 2359 0 0 0 1 0 676 0 0 643 0 36555 0 
0 0 0 0 0 47276 0 349 0 968 0 71 0 0 8 1 1 146 4 0 0 0 1417 0 69 0 127 1874 0 0 
0 0 0 15049 0 1 0 1764 699 0 0 0 0 0 0 549 8 8 169 38434 0 3060 0 0 28067 15285 2987 0 2966 0 
0 0 0 0 0 4 1 0 77414 0 0 71 279 3 0 0 1905 0 6 0 0 0 5394 0 0 1284 145 2 0 30 
0 15049 0 0 0 5 3 354 0 418 65620 71 0 619 0 0 0 2380 22 0 3 0 4877 79 8 0 0 226 71 0 
0 0 0 0 0 2155 0 19 0 0 1 8 0 27732 45308 667 0 4092 0 84 11 577 25 1633 0 199 0 4 38645 0 
47276 1 4 5 2155 0 85 0 0 0 1 8378 19 39362 0 6651 0 279 0 122 0 0 0 2593 0 0 0 7 4 0 
0 0 1 3 0 85 0 381 79029 17 759 1 1 0 0 8117 0 0 988 53 0 69 0 0 3 0 0 0 0 0 
349 1764 0 354 19 0 381 0 0 0 0 20 2665 9 154 4406 0 0 19382 0 31 0 0 98 0 0 173 0 0 71 
0 699 77414 0 0 0 79029 0 0 1 0 0 955 0 1 90 0 2 0 20414 3851 0 0 0 32 0 0 0 2 11 
968 0 0 418 0 0 17 0 1 0 7508 0 7478 1348 1 0 1 13570 0 29473 98658 5 14178 426 466 0 243 2 0 1099 
0 0 0 65620 1 1 759 0 0 7508 0 0 0 0 0 0 0 44 0 0 0 67 306 0 0 14 0 0 0 82975 
71 0 71 71 8 8378 1 20 0 0 0 0 13 3966 2 0 0 83 0 0 0 0 0 6 2801 0 6299 1576 77 1057 
0 0 279 0 0 19 1 2665 955 7478 0 13 0 31 0 105 6121 0 0 4100 0 0 29518 2309 97889 521 37 214 0 0 
0 0 3 619 27732 39362 0 9 0 1348 0 3966 31 0 4 3040 0 0 0 0 0 580 2 42 9638 0 18 0 6775 2389 
8 0 0 0 45308 0 0 154 1 1 0 2 0 4 0 0 0 0 231 15 56344 3121 0 0 5510 0 1 0 9395 11612 
1 549 0 0 667 6651 8117 4406 90 0 0 0 105 3040 0 0 0 0 0 0 96769 136 166 1593 0 0 2187 0 828 0 
1 8 1905 0 0 0 0 0 0 1 0 0 6121 0 0 0 0 7804 0 0 0 115 5 0 0 0 0 0 0 0 
146 8 0 2380 4092 279 0 0 2 13570 44 83 0 0 0 0 7804 0 94486 0 0 3663 7962 0 13 7 0 0 1183 82830 
4 169 6 22 0 0 988 19382 0 0 0 0 0 0 231 0 0 94486 0 0 0 0 47 33531 1 0 5354 0 30226 0 
0 38434 0 0 84 122 53 0 20414 29473 0 0 4100 0 15 0 0 0 0 0 3 0 0 0 2 308 0 0 0 0 
0 0 0 3 11 0 0 31 3851 98658 0 0 0 0 56344 96769 0 0 0 3 0 6391 9 4 0 0 0 2 0 2 
0 3060 0 0 577 0 69 0 0 5 67 0 0 580 3121 136 115 3663 0 0 6391 0 0 0 0 0 42217 0 0 0 
1417 0 5394 4877 25 0 0 0 0 14178 306 0 29518 2 0 166 5 7962 47 0 9 0 0 0 55540 0 53114 1 0 0 
0 0 0 79 1633 2593 0 98 0 426 0 6 2309 42 0 1593 0 0 33531 0 4 0 0 0 19907 43380 0 0 0 351 
69 28067 0 8 0 0 3 0 32 466 0 2801 97889 9638 5510 0 0 13 1 2 0 0 55540 19907 0 0 835 0 0 0 
0 15285 1284 0 199 0 0 0 0 0 14 0 521 0 0 0 0 7 0 308 0 0 0 43380 0 0 8 0 42 0 
127 2987 145 0 0 0 0 173 0 243 0 6299 37 18 1 2187 0 0 5354 0 0 42217 53114 0 835 8 0 0 0 45 
1874 0 2 226 4 7 0 0 0 2 0 1576 214 0 0 0 0 0 0 0 2 0 1 0 0 0 0 0 0 0 
0 2966 0 71 38645 4 0 0 2 0 0 77 0 6775 9395 828 0 1183 30226 0 0 0 0 0 0 42 0 0 0 8687 
0 0 30 0 0 0 0 71 11 1099 82975 1057 0 2389 11612 0 0 82830 0 0 2 0 0 351 0 0 45 0 8687 0 
