10 2
0 46 118 40 96 98 46 64 2 33 
46 0 88 10 53 127 3 66 48 60 
118 88 0 85 53 137 85 71 120 144 
40 10 85 0 56 117 8 56 42 59 
96 53 53 56 0 154 51 82 98 112 
98 127 137 117 154 0 125 72 99 127 
46 3 85 8 51 125 0 63 48 61 
64 66 71 56 82 72 63 0 66 97 
2 48 120 42 98 99 48 66 0 32 
33 60 144 59 112 127 61 97 32 0 
0 67 0 0 0 0 224 0 331 12 
67 0 0 173 1 39 256 4 137 1 
0 0 0 0 19 0 0 0 0 0 
0 173 0 0 1 1 0 5 79708 4540 
0 1 19 1 0 14 1 0 0 11 
0 39 0 1 14 0 95682 0 5 215 
224 256 0 0 1 95682 0 1 118 15616 
0 4 0 5 0 0 1 0 1 13962 
331 137 0 79708 0 5 118 1 0 0 
12 1 0 4540 11 215 15616 13962 0 0 
0 0 4429 3 12 16959 0 4456 0 0 
0 0 48674 0 0 0 0 1 0 0 
4429 48674 0 1654 0 546 2654 49 385 40 
3 0 1654 0 34 0 5 0 0 0 
12 0 0 34 0 0 0 982 1 0 
16959 0 546 0 0 0 0 2033 0 0 
0 0 2654 5 0 0 0 4 0 0 
4456 1 49 0 982 2033 4 0 0 0 
0 0 385 0 1 0 0 0 0 29 
0 0 40 0 0 0 0 0 29 0 
