30 4
0 123 17 72 89 90 77 84 122 70 141 118 117 117 58 85 94 145 69 99 137 99 30 139 114 56 50 94 70 158 
123 0 116 51 121 48 96 115 59 63 25 47 40 16 64 39 31 87 58 23 83 33 103 24 65 67 92 40 53 45 
17 116 0 64 101 90 86 66 108 71 133 119 117 113 52 81 90 150 68 93 122 97 14 135 118 53 57 84 66 154 
72 51 64 0 97 39 71 77 62 33 69 64 60 49 13 21 29 104 24 28 84 38 52 71 72 21 53 26 13 91 
89 121 101 97 0 73 26 158 158 64 146 84 88 106 88 88 93 82 73 107 181 88 104 121 67 78 49 121 84 131 
90 48 90 39 73 0 47 116 91 20 73 28 27 34 42 20 20 64 22 35 115 15 82 53 32 38 48 55 28 69 
77 96 86 71 26 47 0 136 132 38 121 63 66 81 63 62 67 73 47 81 155 62 85 98 49 54 29 95 58 110 
84 115 66 77 158 116 136 0 73 105 118 141 136 120 76 98 104 181 98 96 73 114 56 139 149 84 109 75 89 160 
122 59 108 62 158 91 132 73 0 94 51 103 96 73 74 71 70 145 85 56 25 79 93 83 118 83 115 37 74 101 
70 63 71 33 64 20 38 105 94 0 87 48 47 52 29 25 32 79 8 44 117 32 64 72 47 21 28 56 20 89 
141 25 133 69 146 73 121 118 51 87 0 70 64 41 83 62 55 108 81 43 71 58 119 37 89 88 115 49 74 52 
118 47 119 64 84 28 63 141 103 48 70 0 6 30 70 43 37 42 50 48 128 26 110 38 19 66 73 72 55 47 
117 40 117 60 88 27 66 136 96 47 64 6 0 24 67 39 32 48 48 42 121 22 108 32 25 64 74 66 52 44 
117 16 113 49 106 34 81 120 73 52 41 30 24 0 60 31 22 72 48 24 98 19 101 21 48 61 81 46 46 42 
58 64 52 13 88 42 63 76 74 29 83 70 67 60 0 29 38 107 21 41 95 45 41 82 74 9 41 39 15 102 
85 39 81 21 88 20 62 98 71 25 62 43 39 31 29 0 9 83 18 19 96 17 70 53 51 29 52 34 14 73 
94 31 90 29 93 20 67 104 70 32 55 37 32 22 38 9 0 79 27 14 95 10 79 44 48 38 60 36 24 64 
145 87 150 104 82 64 73 181 145 79 108 42 48 72 107 83 79 0 85 91 170 68 144 71 32 101 95 114 92 67 
69 58 68 24 73 22 47 98 85 8 81 50 48 48 21 18 27 85 0 37 108 30 60 70 52 16 34 48 11 88 
99 23 93 28 107 35 81 96 56 44 43 48 42 24 41 19 14 91 37 0 81 23 80 43 62 45 71 23 30 64 
137 83 122 84 181 115 155 73 25 117 71 128 121 98 95 96 95 170 108 81 0 104 107 106 143 104 136 61 97 123 
99 33 97 38 88 15 62 114 79 32 58 26 22 19 45 17 10 68 30 23 104 0 87 40 38 44 61 46 30 58 
30 103 14 52 104 82 85 56 93 64 119 110 108 101 41 70 79 144 60 80 107 87 0 123 111 44 56 70 56 143 
139 24 135 71 121 53 98 139 83 72 37 38 32 21 82 53 44 71 70 43 106 40 123 0 57 83 101 64 68 21 
114 65 118 72 67 32 49 149 118 47 89 19 25 48 74 51 48 32 52 62 143 38 111 57 0 68 66 84 60 63 
56 67 53 21 78 38 54 84 83 21 88 66 64 61 9 29 38 101 16 45 104 44 44 83 68 0 32 47 14 102 
50 92 57 53 49 48 29 109 115 28 115 73 74 81 41 52 60 95 34 71 136 61 56 101 66 32 0 79 42 117 
94 40 84 26 121 55 95 75 37 56 49 72 66 46 39 34 36 114 48 23 61 46 70 64 84 47 79 0 37 85 
70 53 66 13 84 28 58 89 74 20 74 55 52 46 15 14 24 92 11 30 97 30 56 68 60 14 42 37 0 88 
158 45 154 91 131 69 110 160 101 89 52 47 44 42 102 73 64 67 88 64 123 58 143 21 63 102 117 85 88 0 
0 44574 65232 0 10 2 21 363 1351 0 0 185 7751 0 6 0 98 4814 0 1447 3 0 19842 97237 31216 207 0 0 68 12227 
44574 0 490 2120 0 0 180 23110 9787 2 1023 0 0 1562 51 0 1875 0 226 0 3648 0 0 557 2896 1 0 40518 0 497 
65232 490 0 0 1390 0 244 0 0 2137 36225 43 19382 0 45858 0 0 1242 0 87 28525 6620 0 1389 89 0 11 23200 0 30 
0 2120 0 0 387 0 3 28 1 4 0 0 0 1154 0 0 552 0 520 0 0 0 69 0 2 596 0 57671 0 341 
10 0 1390 387 0 4 1 0 0 0 0 689 3 7961 0 5284 0 353 13 1173 5 0 37 5 0 7910 11 17939 0 0 
2 0 0 0 4 0 0 7 14408 0 0 3 2561 26 38130 2448 3 2792 0 0 0 0 202 0 430 0 0 0 2 0 
21 180 244 3 1 0 0 469 37881 6376 33990 210 75 3851 2185 960 0 0 0 0 21116 296 0 0 0 0 1 3 1262 0 
363 23110 0 28 0 7 469 0 41490 1090 18142 0 0 5 20308 6059 1974 22410 53895 1 161 157 0 365 27 0 0 9086 142 0 
1351 9787 0 1 0 14408 37881 41490 0 0 0 0 0 0 2081 162 40 0 0 5 3155 523 14 592 1061 3017 1 5 0 2728 
0 2 2137 4 0 0 6376 1090 0 0 18035 0 0 0 0 0 0 0 0 785 0 0 457 0 34859 0 346 0 0 0 
0 1023 36225 0 0 0 33990 18142 0 18035 0 0 0 0 494 1593 0 1 0 0 0 0 657 0 0 1895 0 0 385 3122 
185 0 43 0 689 3 210 0 0 0 0 0 61 0 4781 23561 0 0 0 0 76757 32 6168 0 0 0 12286 130 0 0 
7751 0 19382 0 3 2561 75 0 0 0 0 61 0 75500 100 0 1 0 0 62 6683 614 23548 0 1813 4897 0 6 11 3106 
0 1562 0 1154 7961 26 3851 5 0 0 0 0 75500 0 41453 0 503 0 0 28349 0 8789 17 0 58 6 0 0 797 9718 
6 51 45858 0 0 38130 2185 20308 2081 0 494 4781 100 41453 0 2971 570 1533 131 0 0 0 0 1 0 0 0 40123 347 0 
0 0 0 0 5284 2448 960 6059 162 0 1593 23561 0 0 2971 0 21 1 1922 0 4393 51 0 0 2 12 285 8709 433 19214 
98 1875 0 552 0 3 0 1974 40 0 0 0 1 503 570 21 0 2270 48 0 0 0 0 1278 1 1053 0 0 443 0 
4814 0 1242 0 353 2792 0 22410 0 0 1 0 0 0 1533 1 2270 0 0 303 1290 34510 0 0 3152 0 0 0 0 1 
0 226 0 520 13 0 0 53895 0 0 0 0 0 0 131 1922 48 0 0 2 0 0 77 0 307 0 0 0 0 82867 
1447 0 87 0 1173 0 0 1 5 785 0 0 62 28349 0 0 0 303 2 0 0 0 0 0 0 448 0 645 1819 0 
3 3648 28525 0 5 0 21116 161 3155 0 0 76757 6683 0 0 4393 0 1290 0 0 0 0 0 0 0 18 0 0 34817 0 
0 0 6620 0 0 0 296 157 523 0 0 32 614 8789 0 51 0 34510 0 0 0 0 2437 864 0 10171 2 2 0 0 
19842 0 0 69 37 202 0 0 14 457 657 6168 23548 17 0 0 0 0 77 0 0 2437 0 9 0 35 0 11 792 0 
97237 557 1389 0 5 0 0 365 592 0 0 0 0 0 1 0 1278 0 0 0 0 864 9 0 0 479 0 0 0 0 
31216 2896 89 2 0 430 0 27 1061 34859 0 0 1813 58 0 2 1 3152 307 0 0 0 0 0 0 0 0 2103 0 62 
207 1 0 596 7910 0 0 0 3017 0 1895 0 4897 6 0 12 1053 0 0 448 18 10171 35 479 0 0 0 4 0 0 
0 0 11 0 11 0 1 0 1 346 0 12286 0 0 0 285 0 0 0 0 0 2 0 0 0 0 0 616 33572 0 
0 40518 23200 57671 17939 0 3 9086 5 0 0 130 6 0 40123 8709 0 0 0 645 0 2 11 0 2103 4 616 0 2 73 
68 0 0 0 0 2 1262 142 0 0 385 0 11 797 347 433 443 0 0 1819 34817 0 792 0 0 0 33572 2 0 790 
12227 497 30 341 0 0 0 0 2728 0 3122 0 3106 9718 0 19214 0 1 82867 0 0 0 0 0 62 0 0 73 790 0 
0 4015 3667 0 10 3 1 2 422 0 0 759 11634 0 1998 0 7 82707 0 1183 3 0 2594 5837 25531 5456 1 0 279 64045 
4015 0 1726 471 0 0 52 5595 490 170 12 0 0 1026 53 0 855 0 0 0 39079 0 0 173 2788 13 0 44752 0 504 
3667 1726 0 0 5918 0 115 0 0 9 4066 602 1548 0 1680 0 0 11391 0 43 11597 13137 0 1598 2071 0 14 19275 0 1 
0 471 0 0 20 0 0 0 0 2564 0 4 1 140 0 0 115 0 206 0 0 0 40 0 0 3342 0 2182 0 1094 
10 0 5918 20 0 3 0 0 3 0 0 73 2 13795 42 1776 1 1 45 121 6 0 26 0 0 12798 36 1953 0 0 
3 0 0 0 3 0 0 55 4568 0 0 97 94280 5 2593 118 1 508 0 0 0 1 252 0 856 0 0 0 201 0 
1 52 115 0 0 0 0 677 4265 635 3207 107 136 40657 98238 6193 0 0 0 0 277 18 0 0 0 5 47 94 51616 0 
2 5595 0 0 0 55 677 0 2665 835 17623 0 1 32 588 401 367 15381 82732 0 2639 26 0 728 47 0 0 331 400 0 
422 490 0 0 3 4568 4265 2665 0 0 0 0 0 0 26 673 37 0 0 12 8918 35 24 132 4233 3375 0 0 0 36950 
0 170 9 2564 0 0 635 835 0 0 10492 0 0 0 0 0 0 0 0 15952 0 0 1739 0 19310 0 203 0 0 0 
0 12 4066 0 0 0 3207 17623 0 10492 0 0 0 0 1698 1046 0 0 0 1 0 0 1462 0 0 4017 0 0 51 566 
759 0 602 4 73 97 107 0 0 0 0 0 0 0 174 6466 0 0 0 0 48127 894 33911 0 0 0 26228 48 0 0 
11634 0 1548 1 2 94280 136 1 0 0 0 0 0 6924 144 0 1 0 0 0 434 87 350 0 27750 3469 0 0 1428 3973 
0 1026 0 140 13795 5 40657 32 0 0 0 0 6924 0 14178 0 932 0 0 690 0 6981 0 0 2543 13 0 0 258 7948 
1998 53 1680 0 42 2593 98238 588 26 0 1698 174 144 14178 0 1963 15285 2742 5 0 7 0 0 0 0 0 0 6641 14 0 
0 0 0 0 1776 118 6193 401 673 0 1046 6466 0 0 1963 0 27 171 6168 0 10505 16 0 0 0 157 398 482 16599 1605 
7 855 0 115 1 1 0 367 37 0 0 0 1 932 15285 27 0 3070 20 0 0 0 0 260 0 75 0 0 5 0 
82707 0 11391 0 1 508 0 15381 0 0 0 0 0 0 2742 171 3070 0 0 10260 633 2270 0 0 8023 0 0 0 0 0 
0 0 0 206 45 0 0 82732 0 0 0 0 0 0 5 6168 20 0 0 28 0 0 879 0 2281 0 0 0 0 10278 
1183 0 43 0 121 0 0 0 12 15952 1 0 0 690 0 0 0 10260 28 0 0 0 10 0 0 949 0 8278 11726 0 
3 39079 11597 0 6 0 277 2639 8918 0 0 48127 434 0 7 10505 0 633 0 0 0 0 0 0 0 2 0 0 1982 0 
0 0 13137 0 0 1 18 26 35 0 0 894 87 6981 0 16 0 2270 0 0 0 0 921 123 0 3214 0 20 0 28 
2594 0 0 40 26 252 0 0 24 1739 1462 33911 350 0 0 0 0 0 879 10 0 921 0 32 0 421 0 243 35 0 
5837 173 1598 0 0 0 0 728 132 0 0 0 0 0 0 0 260 0 0 0 0 123 32 0 0 16 0 0 0 0 
25531 2788 2071 0 0 856 0 47 4233 19310 0 0 27750 2543 0 0 0 8023 2281 0 0 0 0 0 0 0 0 342 0 6 
5456 13 0 3342 12798 0 5 0 3375 0 4017 0 3469 13 0 157 75 0 0 949 2 3214 421 16 0 0 0 14 0 0 
1 0 14 0 36 0 47 0 0 203 0 26228 0 0 0 398 0 0 0 0 0 0 0 0 0 0 0 265 27932 0 
0 44752 19275 2182 1953 0 94 331 0 0 0 48 0 0 6641 482 0 0 0 8278 0 20 243 0 342 14 265 0 2 249 
279 0 0 0 0 201 51616 400 0 0 51 0 1428 258 14 16599 5 0 0 11726 1982 0 35 0 0 0 27932 2 0 2775 
64045 504 1 1094 0 0 0 0 36950 0 566 0 3973 7948 0 1605 0 0 10278 0 0 28 0 0 6 0 0 249 2775 0 
0 66784 31414 0 1161 0 27 832 66 0 0 128 24403 0 7 0 50 26735 0 439 0 0 230 70611 34212 26 1 0 351 4156 
66784 0 181 2765 0 0 133 7589 3620 0 193 0 0 383 36 0 5 0 4 0 5727 0 0 125 818 6 0 2975 0 89 
31414 181 0 0 94 0 2831 0 7 1350 4406 0 19835 4 77387 0 0 1200 0 226 16330 9146 0 3 14 0 0 800 0 38 
0 2765 0 0 21 1 2 743 7 11 0 0 13 4145 0 0 482 0 7119 0 3 0 140 0 0 335 0 75785 0 162 
1161 0 94 21 0 17 0 0 0 6 0 790 0 4538 0 14615 0 407 150 1661 33 0 21 0 0 7887 1 1632 0 0 
0 0 0 1 17 0 0 12 604 0 0 401 2673 34 77295 2436 4 72 0 0 0 1 309 0 982 0 0 0 0 0 
27 133 2831 2 0 0 0 860 50525 120 1089 22 55 574 1417 3 0 0 0 0 4425 224 0 0 7 0 0 0 1254 0 
832 7589 0 743 0 12 860 0 13832 152 19186 0 0 0 18166 5380 465 3623 5774 17 304 16 0 746 10 0 0 64067 8 0 
66 3620 7 7 0 604 50525 13832 0 0 0 0 0 0 28876 118 62 0 0 11 61426 106 4 95 1900 98 4 3 0 2012 
0 0 1350 11 6 0 120 152 0 0 7401 0 0 0 0 12 0 0 0 114 0 0 314 0 88412 0 39 0 0 0 
0 193 4406 0 0 0 1089 19186 0 7401 0 0 0 0 18470 1653 0 1 0 1 0 0 19084 0 0 2638 0 0 158 11538 
128 0 0 0 790 401 22 0 0 0 0 0 2 0 311 54302 0 0 0 1 80283 387 12665 0 0 0 3326 2071 0 0 
24403 0 19835 13 0 2673 55 0 0 0 0 2 0 36658 1124 0 0 0 0 14 3792 54434 46470 0 20166 42250 0 14 517 56 
0 383 4 4145 4538 34 574 0 0 0 0 0 36658 0 42390 0 14024 0 0 95849 0 84265 13 0 130 52 0 0 46 1823 
7 36 77387 0 0 77295 1417 18166 28876 0 18470 311 1124 42390 0 27296 19973 6879 88 0 0 11 0 4 0 0 0 7443 17 0 
0 0 0 0 14615 2436 3 5380 118 12 1653 54302 0 0 27296 0 5 4 1659 0 27298 12 0 1 0 61 669 38572 481 1004 
50 5 0 482 0 4 0 465 62 0 0 0 0 14024 19973 5 0 2187 3 0 0 0 0 150 8 1419 6 0 206 0 
26735 0 1200 0 407 72 0 3623 0 0 1 0 0 0 6879 4 2187 0 0 5516 473 96847 1 0 112 0 0 0 0 0 
0 4 0 7119 150 0 0 5774 0 0 0 0 0 0 88 1659 3 0 0 0 0 0 221 0 80 0 0 0 0 559 
439 0 226 0 1661 0 0 17 11 114 1 1 14 95849 0 0 0 5516 0 0 0 0 0 0 0 41 0 721 99 0 
0 5727 16330 3 33 0 4425 304 61426 0 0 80283 3792 0 0 27298 0 473 0 0 0 0 0 0 0 0 0 0 7703 0 
0 0 9146 0 0 1 224 16 106 0 0 387 54434 84265 11 12 0 96847 0 0 0 0 38390 32 0 44874 71 55 0 0 
230 0 0 140 21 309 0 0 4 314 19084 12665 46470 13 0 0 0 1 221 0 0 38390 0 1 0 2 0 0 2 0 
70611 125 3 0 0 0 0 746 95 0 0 0 0 0 4 1 150 0 0 0 0 32 1 0 0 589 0 0 0 0 
34212 818 14 0 0 982 7 10 1900 88412 0 0 20166 130 0 0 8 112 80 0 0 0 0 0 0 0 0 234 0 5 
26 6 0 335 7887 0 0 0 98 0 2638 0 42250 52 0 61 1419 0 0 41 0 44874 2 589 0 0 0 1 0 0 
1 0 0 0 1 0 0 0 4 39 0 3326 0 0 0 669 6 0 0 0 0 71 0 0 0 0 0 50206 13179 0 
0 2975 800 75785 1632 0 0 64067 3 0 0 2071 14 0 7443 38572 0 0 0 721 0 55 0 0 234 1 50206 0 3 21 
351 0 0 0 0 0 1254 8 0 0 158 0 517 46 17 481 206 0 0 99 7703 0 2 0 0 0 13179 3 0 130 
4156 89 38 162 0 0 0 0 2012 0 11538 0 56 1823 0 1004 0 0 559 0 0 0 0 0 5 0 0 21 130 0 
0 31205 9766 0 0 10 0 2065 457 0 0 1603 20515 0 175 0 275 454 0 7925 2 0 4032 2643 1773 4 0 0 978 14530 
31205 0 6388 3766 0 0 8 17610 4049 9 8117 0 0 304 69 0 5482 0 9999 0 583 0 0 4162 1302 0 90 84264 0 96 
9766 6388 0 0 191 0 47 0 0 13027 3455 54 12215 0 17573 0 0 17494 0 1 12816 845 0 418 141 0 1 49 0 734 
0 3766 0 0 150 2 3 22 6 2 0 0 0 86 1 0 1280 0 502 0 0 0 1162 0 19 10798 0 58700 0 9 
0 0 191 150 0 2 0 0 0 0 0 8518 6 1330 0 1923 0 2504 77 28 146 0 10 5 0 365 10 4512 0 0 
10 0 0 2 2 0 0 54 2111 0 0 10 3058 426 63497 533 0 21840 0 0 0 0 246 0 74 0 0 0 0 0 
0 8 47 3 0 0 0 646 34966 25812 91527 8086 144 98658 188 529 0 0 0 0 4424 16663 0 0 0 0 108 0 123 0 
2065 17610 0 22 0 54 646 0 2140 23 1148 0 0 1 6856 302 7379 6770 60868 1 680 22098 0 3 140 0 0 7320 37 0 
457 4049 0 6 0 2111 34966 2140 0 0 0 0 0 0 65 33745 10 0 0 0 313 410 2 5363 486 2233 9 49 0 1335 
0 9 13027 2 0 0 25812 23 0 0 712 0 0 0 0 0 0 0 0 256 0 0 53 0 53549 0 114 0 0 0 
0 8117 3455 0 0 0 91527 1148 0 712 0 0 0 0 801 47 0 0 0 0 0 0 9 0 0 12765 0 0 1412 14 
1603 0 54 0 8518 10 8086 0 0 0 0 0 5576 0 3378 20712 2 0 0 0 23907 5 3001 0 0 0 91 465 0 0 
20515 0 12215 0 6 3058 144 0 0 0 0 5576 0 41763 6 0 0 2 0 17 11239 248 16699 0 92 1453 4 24 4 2398 
0 304 0 86 1330 426 98658 1 0 0 0 0 41763 0 17206 0 1308 0 0 5673 0 6061 0 0 5 66 0 0 46 6682 
175 69 17573 1 0 63497 188 6856 65 0 801 3378 6 17206 0 212 662 379 184 0 0 0 0 4 0 0 0 1586 506 0 
0 0 0 0 1923 533 529 302 33745 0 47 20712 0 0 212 0 2 1 338 0 530 0 0 0 16 26 3429 1389 6994 1684 
275 5482 0 1280 0 0 0 7379 10 0 0 2 0 1308 662 2 0 12673 666 0 0 0 0 768 54 531 0 0 2184 0 
454 0 17494 0 2504 21840 0 6770 0 0 0 0 2 0 379 1 12673 0 0 1244 16 69115 0 1 911 0 0 0 0 11 
0 9999 0 502 77 0 0 60868 0 0 0 0 0 0 184 338 666 0 0 6 0 0 19 0 320 0 0 0 4 96415 
7925 0 1 0 28 0 0 1 0 256 0 0 17 5673 0 0 0 1244 6 0 0 0 0 0 0 104 0 942 398 0 
2 583 12816 0 146 0 4424 680 313 0 0 23907 11239 0 0 530 0 16 0 0 0 20 0 0 0 3 0 0 14771 0 
0 0 845 0 0 0 16663 22098 410 0 0 5 248 6061 0 0 0 69115 0 0 20 0 189 1246 0 3195 12 1 0 0 
4032 0 0 1162 10 246 0 0 2 53 9 3001 16699 0 0 0 0 0 19 0 0 189 0 13 0 79 0 0 190 0 
2643 4162 418 0 5 0 0 3 5363 0 0 0 0 0 4 0 768 1 0 0 0 1246 13 0 0 972 0 0 0 0 
1773 1302 141 19 0 74 0 140 486 53549 0 0 92 5 0 16 54 911 320 0 0 0 0 0 0 0 0 4302 0 0 
4 0 0 10798 365 0 0 0 2233 0 12765 0 1453 66 0 26 531 0 0 104 3 3195 79 972 0 0 0 184 0 0 
0 90 1 0 10 0 108 0 9 114 0 91 4 0 0 3429 0 0 0 0 0 12 0 0 0 0 0 172 13362 0 
0 84264 49 58700 4512 0 0 7320 49 0 0 465 24 0 1586 1389 0 0 0 942 0 1 0 0 4302 184 172 0 3 11 
978 0 0 0 0 0 123 37 0 0 1412 0 4 46 506 6994 2184 0 4 398 14771 0 190 0 0 0 13362 3 0 79 
14530 96 734 9 0 0 0 0 1335 0 14 0 2398 6682 0 1684 0 11 96415 0 0 0 0 0 0 0 0 11 79 0 
