50 4
0 123 17 72 89 90 77 84 122 70 141 118 117 117 58 85 94 145 69 99 137 99 30 139 114 56 50 94 70 158 148 87 53 161 64 94 106 62 87 81 66 9 49 48 135 73 47 81 16 69 
123 0 116 51 121 48 96 115 59 63 25 47 40 16 64 39 31 87 58 23 83 33 103 24 65 67 92 40 53 45 35 36 95 46 119 29 43 89 107 43 57 113 75 95 85 58 91 43 139 54 
17 116 0 64 101 90 86 66 108 71 133 119 117 113 52 81 90 150 68 93 122 97 14 135 118 53 57 84 66 154 139 82 62 151 46 88 94 69 69 78 59 15 41 32 119 72 32 78 31 65 
72 51 64 0 97 39 71 77 62 33 69 64 60 49 13 21 29 104 24 28 84 38 52 71 72 21 53 26 13 91 77 19 58 89 74 23 41 56 72 18 5 62 23 46 83 30 41 18 88 13 
89 121 101 97 0 73 26 158 158 64 146 84 88 106 88 88 93 82 73 107 181 88 104 121 67 78 49 121 84 131 156 94 43 167 143 101 136 41 157 86 94 86 92 116 180 69 112 86 92 83 
90 48 90 39 73 0 47 116 91 20 73 28 27 34 42 20 20 64 22 35 115 15 82 53 32 38 48 55 28 69 83 26 49 95 111 30 68 42 111 21 41 81 54 82 115 17 77 21 104 28 
77 96 86 71 26 47 0 136 132 38 121 63 66 81 63 62 67 73 47 81 155 62 85 98 49 54 29 95 58 110 130 68 24 142 124 75 110 17 134 60 69 71 69 95 154 42 90 60 85 57 
84 115 66 77 158 116 136 0 73 105 118 141 136 120 76 98 104 181 98 96 73 114 56 139 149 84 109 75 89 160 120 94 114 129 22 95 74 118 9 96 75 79 67 42 70 103 46 96 96 88 
122 59 108 62 158 91 132 73 0 94 51 103 96 73 74 71 70 145 85 56 25 79 93 83 118 83 115 37 74 101 50 65 120 57 87 60 22 118 63 72 66 113 76 77 25 89 76 72 138 75 
70 63 71 33 64 20 38 105 94 0 87 48 47 52 29 25 32 79 8 44 117 32 64 72 47 21 28 56 20 89 96 31 31 108 97 38 71 26 102 23 32 61 39 67 116 5 62 23 84 19 
141 25 133 69 146 73 121 118 51 87 0 70 64 41 83 62 55 108 81 43 71 58 119 37 89 88 115 49 74 52 10 57 118 21 127 50 44 113 110 65 75 131 92 107 73 82 104 65 158 75 
118 47 119 64 84 28 63 141 103 48 70 0 6 30 70 43 37 42 50 48 128 26 110 38 19 66 73 72 55 47 80 46 73 90 138 47 82 64 135 45 67 109 82 109 128 46 104 45 132 56 
117 40 117 60 88 27 66 136 96 47 64 6 0 24 67 39 32 48 48 42 121 22 108 32 25 64 74 66 52 44 73 42 75 83 134 41 76 66 130 42 64 108 79 106 122 44 101 42 131 53 
117 16 113 49 106 34 81 120 73 52 41 30 24 0 60 31 22 72 48 24 98 19 101 21 48 61 81 46 46 42 51 31 83 62 122 26 54 76 113 35 54 107 72 95 99 47 91 35 132 48 
58 64 52 13 88 42 63 76 74 29 83 70 67 60 0 29 38 107 21 41 95 45 41 82 74 9 41 39 15 102 90 29 47 103 69 35 53 47 72 25 8 48 12 39 93 27 34 25 75 14 
85 39 81 21 88 20 62 98 71 25 62 43 39 31 29 0 9 83 18 19 96 17 70 53 51 29 52 34 14 73 71 6 56 83 95 13 49 51 92 3 25 75 41 67 95 20 62 3 101 16 
94 31 90 29 93 20 67 104 70 32 55 37 32 22 38 9 0 79 27 14 95 10 79 44 48 38 60 36 24 64 64 10 64 76 103 10 48 58 98 13 33 85 50 75 95 27 70 13 110 25 
145 87 150 104 82 64 73 181 145 79 108 42 48 72 107 83 79 0 85 91 170 68 144 71 32 101 95 114 92 67 117 88 93 125 176 89 125 84 176 85 106 138 118 146 171 79 141 85 156 93 
69 58 68 24 73 22 47 98 85 8 81 50 48 48 21 18 27 85 0 37 108 30 60 70 52 16 34 48 11 88 90 23 38 102 91 31 63 34 94 15 24 60 32 61 107 5 56 15 84 10 
99 23 93 28 107 35 81 96 56 44 43 48 42 24 41 19 14 91 37 0 81 23 80 43 62 45 71 23 30 64 52 13 75 65 98 6 34 70 89 21 33 89 51 72 81 39 68 21 115 31 
137 83 122 84 181 115 155 73 25 117 71 128 121 98 95 96 95 170 108 81 0 104 107 106 143 104 136 61 97 123 67 89 142 71 92 85 47 141 64 96 87 129 96 90 3 113 90 96 153 98 
99 33 97 38 88 15 62 114 79 32 58 26 22 19 45 17 10 68 30 23 104 0 87 40 38 44 61 46 30 58 68 19 63 79 112 20 58 56 108 20 42 90 57 84 105 28 79 20 114 32 
30 103 14 52 104 82 85 56 93 64 119 110 108 101 41 70 79 144 60 80 107 87 0 123 111 44 56 70 56 143 125 70 61 137 39 76 80 68 58 67 47 23 29 18 105 65 18 67 45 55 
139 24 135 71 121 53 98 139 83 72 37 38 32 21 82 53 44 71 70 43 106 40 123 0 57 83 101 64 68 21 46 52 103 54 142 47 68 95 131 57 76 129 94 116 107 68 112 57 154 69 
114 65 118 72 67 32 49 149 118 47 89 19 25 48 74 51 48 32 52 62 143 38 111 57 0 68 66 84 60 63 99 57 65 109 143 59 97 55 144 53 73 106 85 113 143 46 108 53 126 60 
56 67 53 21 78 38 54 84 83 21 88 66 64 61 9 29 38 101 16 45 104 44 44 83 68 0 32 47 14 102 96 31 37 109 75 39 62 37 81 25 17 46 17 45 103 21 40 25 71 13 
50 92 57 53 49 48 29 109 115 28 115 73 74 81 41 52 60 95 34 71 136 61 56 101 66 32 0 79 42 117 124 57 5 136 95 65 94 12 107 49 49 43 43 67 135 33 63 49 60 41 
94 40 84 26 121 55 95 75 37 56 49 72 66 46 39 34 36 114 48 23 61 46 70 64 84 47 79 0 37 85 55 28 84 67 79 25 15 81 67 35 30 84 45 57 60 52 54 35 111 38 
70 53 66 13 84 28 58 89 74 20 74 55 52 46 15 14 24 92 11 30 97 30 56 68 60 14 42 37 0 88 82 17 47 95 83 24 52 44 84 11 13 61 27 54 96 16 49 11 86 1 
158 45 154 91 131 69 110 160 101 89 52 47 44 42 102 73 64 67 88 64 123 58 143 21 63 102 117 85 88 0 58 73 118 62 163 68 88 110 152 76 96 148 114 137 125 86 132 76 173 89 
148 35 139 77 156 83 130 120 50 96 10 80 73 51 90 71 64 117 90 52 67 68 125 46 99 96 124 55 82 58 0 66 128 12 130 58 47 122 111 74 82 139 99 112 69 91 109 74 165 84 
87 36 82 19 94 26 68 94 65 31 57 46 42 31 29 6 10 88 23 13 89 19 70 52 57 31 57 28 17 73 66 0 61 78 93 7 42 57 88 8 23 77 41 65 89 26 60 8 103 18 
53 95 62 58 43 49 24 114 120 31 118 73 75 83 47 56 64 93 38 75 142 63 61 103 65 37 5 84 47 118 128 61 0 140 100 69 99 9 113 53 54 47 49 72 141 36 68 53 62 46 
161 46 151 89 167 95 142 129 57 108 21 90 83 62 103 83 76 125 102 65 71 79 137 54 109 109 136 67 95 62 12 78 140 0 141 71 58 134 120 86 95 151 112 124 74 103 121 86 177 96 
64 119 46 74 143 111 124 22 87 97 127 138 134 122 69 95 103 176 91 98 92 112 39 142 143 75 95 79 83 163 130 93 100 141 0 96 82 106 28 92 70 61 58 30 88 96 35 92 74 82 
94 29 88 23 101 30 75 95 60 38 50 47 41 26 35 13 10 89 31 6 85 20 76 47 59 39 65 25 24 68 58 7 69 71 96 0 38 64 89 15 29 84 47 69 85 33 64 15 110 25 
106 43 94 41 136 68 110 74 22 71 44 82 76 54 53 49 48 125 63 34 47 58 80 68 97 62 94 15 52 88 47 42 99 58 82 38 0 96 65 49 45 97 58 65 46 67 63 49 123 53 
62 89 69 56 41 42 17 118 118 26 113 64 66 76 47 51 58 84 34 70 141 56 68 95 55 37 12 81 44 110 122 57 9 134 106 64 96 0 116 49 53 55 52 77 140 31 72 49 72 43 
87 107 69 72 157 111 134 9 63 102 110 135 130 113 72 92 98 176 94 89 64 108 58 131 144 81 107 67 84 152 111 88 113 120 28 89 65 116 0 90 70 82 65 42 61 99 45 90 100 84 
81 43 78 18 86 21 60 96 72 23 65 45 42 35 25 3 13 85 15 21 96 20 67 57 53 25 49 35 11 76 74 8 53 86 92 15 49 49 90 0 22 72 37 64 96 18 59 0 97 12 
66 57 59 5 94 41 69 75 66 32 75 67 64 54 8 25 33 106 24 33 87 42 47 76 73 17 49 30 13 96 82 23 54 95 70 29 45 53 70 22 0 56 18 42 86 29 37 22 82 13 
9 113 15 62 86 81 71 79 113 61 131 109 108 107 48 75 85 138 60 89 129 90 23 129 106 46 43 84 61 148 139 77 47 151 61 84 97 55 82 72 56 0 39 41 127 63 40 72 26 59 
49 75 41 23 92 54 69 67 76 39 92 82 79 72 12 41 50 118 32 51 96 57 29 94 85 17 43 45 27 114 99 41 49 112 58 47 58 52 65 37 18 39 0 28 94 38 23 37 65 26 
48 95 32 46 116 82 95 42 77 67 107 109 106 95 39 67 75 146 61 72 90 84 18 116 113 45 67 57 54 137 112 65 72 124 30 69 65 77 42 64 42 41 28 0 87 66 5 64 63 53 
135 85 119 83 180 115 154 70 25 116 73 128 122 99 93 95 95 171 107 81 3 105 105 107 143 103 135 60 96 125 69 89 141 74 88 85 46 140 61 96 86 127 94 87 0 112 87 96 150 97 
73 58 72 30 69 17 42 103 89 5 82 46 44 47 27 20 27 79 5 39 113 28 65 68 46 21 33 52 16 86 91 26 36 103 96 33 67 31 99 18 29 63 38 66 112 0 61 18 87 16 
47 91 32 41 112 77 90 46 76 62 104 104 101 91 34 62 70 141 56 68 90 79 18 112 108 40 63 54 49 132 109 60 68 121 35 64 63 72 45 59 37 40 23 5 87 61 0 59 63 48 
81 43 78 18 86 21 60 96 72 23 65 45 42 35 25 3 13 85 15 21 96 20 67 57 53 25 49 35 11 76 74 8 53 86 92 15 49 49 90 0 22 72 37 64 96 18 59 0 97 12 
16 139 31 88 92 104 85 96 138 84 158 132 131 132 75 101 110 156 84 115 153 114 45 154 126 71 60 111 86 173 165 103 62 177 74 110 123 72 100 97 82 26 65 63 150 87 63 97 0 85 
69 54 65 13 83 28 57 88 75 19 75 56 53 48 14 16 25 93 10 31 98 32 55 69 60 13 41 38 1 89 84 18 46 96 82 25 53 43 84 12 13 59 26 53 97 16 48 12 85 0 
0 0 132 39006 23110 10911 0 0 2229 2971 2792 8295 0 0 0 0 0 12227 11511 36 44917 0 0 3281 47050 0 5523 40 277 0 451 0 0 1422 0 0 0 13 26592 5775 1 21 1 411 0 29 0 0 0 0 
0 0 0 387 0 0 198 3 25525 0 0 89078 1290 14 0 448 0 497 0 39176 1 254 1 3 36635 0 0 0 54870 1 0 1 0 0 0 1 0 52 0 0 300 0 0 0 0 0 26227 206 0 165 
132 0 0 0 28 0 0 2561 10 0 22410 8896 0 457 31216 18 130 30 7 0 253 462 0 45730 2799 0 0 20109 0 0 0 6018 0 17 0 0 0 2082 0 1360 1218 0 0 0 0 3 16 28 10173 39973 
39006 387 0 0 0 0 0 75 0 0 0 0 0 657 2896 10171 6 341 0 0 30 28 0 90 0 7 0 12 0 11 2986 2653 0 5 0 0 55 755 1 32220 0 0 114 1511 4448 2710 6 3502 55 0 
23110 0 28 0 0 0 470 0 1201 0 0 1447 23578 6168 89 35 0 0 0 7713 3 2125 0 835 0 0 502 1 437 0 0 1 0 0 0 225 108 33 2575 29 3358 0 0 0 0 0 0 61 8 80 
10911 0 0 0 0 0 0 0 0 0 1 0 1 23548 2 479 40123 0 0 12438 0 2267 1 31 173 174 94434 0 0 0 43 0 0 4 217 0 11 6276 733 0 232 0 0 0 262 0 1 0 0 665 
0 198 0 0 470 0 0 0 6 211 0 87 0 17 0 0 8709 0 0 0 0 24287 0 33 2 0 1063 14 0 4216 2 0 1779 0 29600 0 28217 1 160 488 0 20 0 0 107 9 5418 9938 0 94670 
0 3 2561 75 0 0 0 0 51 99 0 0 0 0 430 0 0 0 6 0 20 30 1901 30489 0 42 0 124 960 19709 41585 0 4 0 0 0 0 9901 0 0 747 1 365 0 5 25450 1061 0 0 0 
2229 25525 10 0 1201 0 6 51 0 7900 0 1173 7706 0 0 238 0 2728 0 0 0 0 0 326 0 4 25677 2 0 42 0 0 69 62641 0 6437 0 0 0 0 13035 55792 0 6674 0 943 92 0 1403 0 
2971 0 0 0 0 0 211 99 7900 0 1533 0 196 0 27 0 0 0 0 2 0 2 0 0 897 0 0 12375 0 0 5711 187 1 78929 0 0 17284 0 0 5689 0 311 19121 0 37653 0 0 0 0 10 
2792 0 22410 0 0 1 0 0 0 1533 0 0 0 0 1061 2526 645 3122 27 30835 0 0 0 262 100 34 9505 0 0 2091 0 0 0 0 0 0 2516 0 0 0 0 1 5 3 0 0 0 5 9908 0 
8295 89078 8896 0 1447 0 87 0 1173 0 0 0 0 77 34859 0 0 0 81 24 30554 993 2457 0 0 0 53845 27619 0 21268 47 0 2057 152 22 2598 84 411 8 0 469 13 61 9531 20 1 0 6462 283 8670 
0 1290 0 0 23578 1 0 0 7706 196 0 0 0 0 0 0 2 3106 0 0 2366 7210 0 0 4 21 0 0 0 5 0 0 0 0 6207 0 9145 6 0 0 0 0 0 0 0 65471 95983 0 0 49281 
0 14 457 657 6168 23548 17 0 0 0 0 77 0 0 0 11 11 9718 0 1 2081 0 0 40766 137 0 11230 1 8 0 20209 267 0 1406 3 0 200 9376 0 0 2496 0 0 33 2 0 7118 0 0 39323 
0 0 31216 2896 89 2 0 430 0 27 1061 34859 0 0 0 0 0 0 0 0 0 5036 1 0 8161 22 1 1 4331 515 0 11 28856 0 4 0 0 254 0 1 0 22 59 0 140 41 8 8055 22 1 
0 448 18 10171 35 479 0 0 238 0 2526 0 0 11 0 0 2103 19214 1 141 10427 76 0 0 0 64 0 43 19822 0 718 2183 0 0 4691 14 0 0 0 654 0 0 0 28 0 0 0 4 0 54 
0 0 130 6 0 40123 8709 0 0 0 645 0 2 11 0 2103 0 0 2 5 38677 447 0 40 17 0 43592 0 0 0 61046 0 76 0 0 8136 499 16484 2385 0 40 0 0 0 0 0 17781 0 16864 0 
12227 497 30 341 0 0 0 0 2728 0 3122 0 3106 9718 0 19214 0 0 0 1179 89550 249 7 33 1124 0 118 28581 0 65999 8473 545 0 44 0 4 77178 9497 2 200 0 0 0 11046 64 2 0 0 0 10256 
11511 0 7 0 0 0 0 6 0 0 27 81 0 0 0 1 2 0 0 222 0 23311 0 0 0 5518 18488 0 27608 3 0 108 0 2875 0 0 0 407 95 0 0 0 8 0 4 2108 9874 7779 39 0 
36 39176 0 0 7713 12438 0 0 0 2 30835 24 0 1 0 141 5 1179 222 0 0 0 12 19 1 0 1030 0 1 523 0 0 0 3 11 0 5631 41 1225 885 0 15 0 0 2132 0 4 0 0 0 
44917 1 253 30 3 0 0 20 0 0 0 30554 2366 2081 0 10427 38677 89550 0 0 0 55190 93 0 0 0 7 5298 0 12 0 0 0 26 1134 0 0 0 0 34 0 0 42 0 0 0 0 0 0 0 
0 254 462 28 2125 2267 24287 30 0 2 0 993 7210 0 5036 76 447 249 23311 0 55190 0 1074 6 0 0 318 0 4042 9 0 3052 0 15 37 0 77 289 32 0 0 0 15 0 0 30924 129 4402 57195 0 
0 1 0 0 0 1 0 1901 0 0 0 2457 0 0 1 0 0 7 0 12 93 1074 0 36 2674 7412 1031 12938 62 1 40972 0 15 0 1585 0 50 0 0 0 0 0 13 768 0 3 20965 0 697 0 
3281 3 45730 90 835 31 33 30489 326 0 262 0 0 40766 0 0 40 33 0 19 0 6 36 0 0 1 0 0 7 8859 0 0 22 2 1 0 0 0 0 1107 31165 85085 11 10324 455 0 271 0 0 7 
47050 36635 2799 0 0 173 2 0 0 897 100 0 4 137 8161 0 17 1124 0 1 0 0 2674 0 0 0 0 4 5699 0 0 32739 1 0 0 13 0 563 0 0 401 0 0 12744 99837 532 0 208 1 409 
0 0 0 7 0 174 0 42 4 0 34 0 21 0 22 64 0 0 5518 0 0 0 7412 1 0 0 0 44244 0 42369 0 554 0 0 0 0 0 0 5 181 0 0 2 7 0 0 1 1144 0 24 
5523 0 0 0 502 94434 1063 0 25677 0 9505 53845 0 11230 1 0 43592 118 18488 1030 7 318 1031 0 0 0 0 72 364 0 0 3 10796 0 0 5843 7 0 12207 14862 3 15 4 0 366 0 1589 1 0 0 
40 0 20109 12 1 0 14 124 2 12375 0 27619 0 1 1 43 0 28581 0 0 5298 0 12938 0 4 44244 72 0 554 48 11 0 7658 0 0 39628 0 2 4 0 26 0 0 0 77466 7 32882 16684 0 0 
277 54870 0 0 437 0 0 960 0 0 0 0 0 8 4331 19822 0 0 27608 1 0 4042 62 7 5699 0 364 554 0 164 0 0 0 6 0 0 483 0 10078 0 2598 0 0 551 5 0 27 1171 0 2 
0 1 0 11 0 0 4216 19709 42 0 2091 21268 5 0 515 0 0 65999 3 523 12 9 1 8859 0 42369 0 48 164 0 0 0 1252 958 0 17284 0 342 1062 915 78744 0 0 2836 0 2 2 0 0 0 
451 0 0 2986 0 43 2 41585 0 5711 0 47 0 20209 0 718 61046 8473 0 0 0 0 40972 0 0 0 0 11 0 0 0 1 0 57 23337 397 10075 48440 493 0 0 0 0 23914 59256 139 0 0 7 0 
0 1 6018 2653 1 0 0 0 0 187 0 0 0 267 11 2183 0 545 108 0 0 3052 0 0 32739 554 3 0 0 0 1 0 3269 0 0 0 797 61 0 666 0 0 10 33846 5 461 4593 0 25 0 
0 0 0 0 0 0 1779 4 69 1 0 2057 0 0 28856 0 76 0 0 0 0 0 15 22 1 0 10796 7658 0 1252 0 3269 0 0 240 0 0 17 0 0 0 0 216 0 212 0 5 0 0 1389 
1422 0 17 5 0 4 0 0 62641 78929 0 152 0 1406 0 0 0 44 2875 3 26 15 0 2 0 0 0 0 6 958 57 0 0 0 264 0 0 0 1082 3 75 217 4650 0 3075 0 15224 2953 5 449 
0 0 0 0 0 217 29600 0 0 0 0 22 6207 3 4 4691 0 0 0 11 1134 37 1585 1 0 0 0 0 0 0 23337 0 240 264 0 8 0 361 1 0 47078 10904 14 380 0 6859 674 36 4 110 
0 1 0 0 225 0 0 0 6437 0 0 2598 0 0 0 14 8136 4 0 0 0 0 0 0 13 0 5843 39628 0 17284 397 0 0 0 8 0 0 0 0 0 0 28971 0 0 0 1 0 0 166 0 
0 0 0 55 108 11 28217 0 0 17284 2516 84 9145 200 0 0 499 77178 0 5631 0 77 50 0 0 0 7 0 483 0 10075 797 0 0 0 0 0 354 0 12132 26414 12 2529 0 0 17 37206 0 902 0 
13 52 2082 755 33 6276 1 9901 0 0 0 411 6 9376 254 0 16484 9497 407 41 0 289 0 0 563 0 0 2 0 342 48440 61 17 0 361 0 354 0 0 3 71 29 0 0 0 0 0 0 0 19 
26592 0 0 1 2575 733 160 0 0 0 0 8 0 0 0 0 2385 2 95 1225 0 32 0 0 0 5 12207 4 10078 1062 493 0 0 1082 1 0 0 0 0 0 0 0 10285 0 1 0 35 5339 2571 0 
5775 0 1360 32220 29 0 488 0 0 5689 0 0 0 0 1 654 0 200 0 885 34 0 0 1107 0 181 14862 0 0 915 0 666 0 3 0 0 12132 3 0 0 98405 0 0 0 3 0 0 0 14393 7036 
1 300 1218 0 3358 232 0 747 13035 0 0 469 0 2496 0 0 40 0 0 0 0 0 0 31165 401 0 3 26 2598 78744 0 0 0 75 47078 0 26414 71 0 98405 0 2332 0 24 16232 0 0 142 0 0 
21 0 0 0 0 0 20 1 55792 311 1 13 0 0 22 0 0 0 0 15 0 0 0 85085 0 0 15 0 0 0 0 0 0 217 10904 28971 12 29 0 0 2332 0 0 92538 35089 17 5 0 1009 0 
1 0 0 114 0 0 0 365 0 19121 5 61 0 0 59 0 0 0 8 0 42 15 13 11 0 2 4 0 0 0 0 10 216 4650 14 0 2529 0 10285 0 0 0 0 0 17476 350 0 0 165 0 
411 0 0 1511 0 0 0 0 6674 0 3 9531 0 33 0 28 0 11046 0 0 0 0 768 10324 12744 7 0 0 551 2836 23914 33846 0 0 380 0 0 0 0 0 24 92538 0 0 1064 0 0 216 9375 0 
0 0 0 4448 0 262 107 5 0 37653 0 20 0 2 140 0 0 64 4 2132 0 0 0 455 99837 0 366 77466 5 0 59256 5 212 3075 0 0 0 0 1 3 16232 35089 17476 1064 0 32 0 1 579 0 
29 0 3 2710 0 0 9 25450 943 0 0 1 65471 0 41 0 0 2 2108 0 0 30924 3 0 532 0 0 7 0 2 139 461 0 0 6859 1 17 0 0 0 0 17 350 0 32 0 0 3914 0 0 
0 26227 16 6 0 1 5418 1061 92 0 0 0 95983 7118 8 0 17781 0 9874 4 0 129 20965 271 0 1 1589 32882 27 2 0 4593 5 15224 674 0 37206 0 35 0 0 5 0 0 0 0 0 1 0 0 
0 206 28 3502 61 0 9938 0 0 0 5 6462 0 0 8055 4 0 0 7779 0 0 4402 0 0 208 1144 1 16684 1171 0 0 0 0 2953 36 0 0 0 5339 0 142 0 0 216 1 3914 1 0 4986 0 
0 0 10173 55 8 0 0 0 1403 0 9908 283 0 0 22 0 16864 0 39 0 0 57195 697 0 1 0 0 0 0 0 7 25 0 5 4 166 902 0 2571 14393 0 1009 165 9375 579 0 0 4986 0 274 
0 165 39973 0 80 665 94670 0 0 10 0 8670 49281 39323 1 54 0 10256 0 0 0 0 0 7 409 24 0 0 2 0 0 0 1389 449 110 0 0 19 0 7036 0 0 0 0 0 0 0 0 274 0 
0 0 2301 11546 5595 8252 0 1 4163 1963 508 1520 0 0 0 0 0 64045 892 33 27158 0 0 1564 18525 0 3934 59 18 0 969 0 0 191 0 0 0 16 18222 506 2 59 0 5 0 410 0 0 0 0 
0 0 0 105 0 0 173 2 36987 0 0 19023 633 24 0 949 0 504 0 262 1 559 4 10 56065 0 0 0 2398 4 0 0 0 2 0 0 0 29 0 8 218 0 0 0 0 0 27394 1029 0 82 
2301 0 0 0 0 0 0 94280 1 0 15381 6775 0 1739 25531 2 48 1 14 0 1546 265 0 11698 542 0 0 55018 1 0 0 32437 0 126 0 2 0 389 0 5173 750 0 0 0 0 1 0 29 5749 63262 
11546 105 0 0 0 0 0 136 0 0 0 0 0 1462 2788 3214 0 1094 0 0 181 188 1 141 0 2 0 3145 0 0 6669 25495 0 10 0 1 409 667 0 3769 1 0 187 22158 522 50 84 40277 1384 0 
5595 0 0 0 0 0 1880 1 136 0 0 1183 1942 33911 2071 421 0 0 0 32219 19 885 0 1578 0 0 1324 4 23503 0 0 98 0 0 0 4173 3 18 1192 193 3946 0 6 0 0 0 0 1 1 9 
8252 0 0 0 0 0 0 0 0 0 0 0 1 350 0 16 6641 0 0 888 0 905 1 1 1678 532 21416 0 0 0 116 0 0 0 3261 0 128 439 36 0 334 0 0 0 121 0 26 0 0 630 
0 173 0 0 1880 0 0 0 1998 40 0 43 0 0 0 0 482 0 0 0 0 1940 0 354 0 0 330 0 0 48314 38 0 1298 0 84648 0 6416 1 318 1846 0 1 0 0 252 16 77007 606 0 54602 
1 2 94280 136 1 0 0 0 53 6 0 0 0 0 856 0 0 0 206 0 1369 859 60923 23564 0 5631 0 429 25381 4115 9424 11 0 0 0 0 0 50460 0 0 1259 6 7645 0 7374 43021 16085 0 0 0 
4163 36987 1 0 136 0 1998 53 0 59583 0 121 2874 0 0 150 0 36950 0 0 0 0 0 767 0 0 1627 0 0 9 0 0 102 37842 0 14034 0 1 3 0 33585 57524 0 27403 0 4506 235 0 436 0 
1963 0 0 0 0 0 40 6 59583 0 2742 0 2 0 47 0 0 0 0 8 0 0 0 0 6 0 0 5434 0 0 10341 12 0 153 9 0 6896 0 0 25871 0 51 1499 0 8672 0 0 0 0 212 
508 0 15381 0 0 0 0 0 0 2742 0 0 2 0 4233 3585 8278 566 4 3107 0 0 0 8684 20 37 4012 0 0 1509 1 0 0 0 0 0 400 0 0 0 0 11 0 14 0 0 0 3 725 0 
1520 19023 6775 0 1183 0 43 0 121 0 0 0 0 879 19310 1 0 0 11 271 11694 900 98 2 0 0 14327 6149 0 7118 9119 0 4701 1721 0 593 5 9864 1 0 25 22 25 1662 135 0 0 24298 79 78050 
0 633 0 0 1942 1 0 0 2874 2 2 0 0 10 0 0 20 3973 0 1 6818 8838 0 0 2 2 0 0 0 5 0 3 0 0 12786 0 496 8 5 0 0 0 8 0 0 30256 28075 0 19 2164 
0 24 1739 1462 33911 350 0 0 0 0 0 879 10 0 0 14 243 7948 0 0 8919 0 0 699 6205 0 5163 52 112 3 25158 305 0 39192 1 0 57 200 0 0 3233 0 0 168 1 0 696 0 0 17139 
0 0 25531 2788 2071 0 0 856 0 47 4233 19310 0 0 0 0 0 0 0 0 0 26711 0 0 2356 138 8 4 6665 48 0 139 7739 0 4 5 0 30 4 1 0 106 2245 16 58 22 12 86 28 4 
0 949 2 3214 421 16 0 0 150 0 3585 1 0 14 0 0 342 1605 0 155 75776 148 0 0 0 88 0 642 40499 0 307 10612 0 0 52 165 0 0 0 3168 0 0 0 0 0 0 0 11 0 4 
0 0 48 0 0 6641 482 0 0 0 8278 0 20 243 0 342 0 0 1 428 20272 215 0 6 10 0 4366 0 0 0 5375 0 10 49 0 4920 6459 17382 5675 0 31 47 0 0 0 0 33243 0 1993 0 
64045 504 1 1094 0 0 0 0 36950 0 566 0 3973 7948 0 1605 0 0 0 447 5159 2 0 40 1556 0 117 88940 0 3895 4893 882 0 4171 0 11542 25457 8459 0 44 0 0 0 91810 52 3 0 0 0 3379 
892 0 14 0 0 0 0 206 0 0 4 11 0 0 0 0 1 0 0 3539 7 2647 0 1 0 30554 4201 0 656 0 0 56019 0 8257 0 0 0 3 17 0 0 0 0 0 0 1838 12798 896 6 0 
33 262 0 0 32219 888 0 0 0 8 3107 271 1 0 0 155 428 447 3539 0 0 0 1 50 0 0 28 0 0 2195 0 0 0 58 35 0 12401 891 965 402 0 3 0 0 47 0 484 0 0 0 
27158 1 1546 181 19 0 0 1369 0 0 0 11694 6818 8919 0 75776 20272 5159 7 0 0 17104 475 0 0 0 2 2231 0 201 0 0 0 2085 519 0 25 0 4 6 0 0 155 0 0 0 0 0 0 0 
0 559 265 188 885 905 1940 859 0 0 0 900 8838 0 26711 148 215 2 2647 0 17104 0 134 2 0 0 1540 0 24476 19 0 1572 0 27 8 0 9 389 905 0 0 0 59 0 0 59 863 558 8590 1 
0 4 0 1 0 1 0 60923 0 0 0 98 0 0 0 0 0 0 0 1 475 134 0 622 417 13614 656 1911 14195 0 99938 2 1 0 158 0 36 0 0 0 0 0 104 55 0 70 41349 0 2010 0 
1564 10 11698 141 1578 1 354 23564 767 0 8684 2 0 699 0 0 6 40 1 50 0 2 622 0 0 3 0 0 0 39237 0 0 219 1 0 0 0 0 0 50 1168 7420 171 4965 648 0 294 0 0 4 
18525 56065 542 0 0 1678 0 0 0 6 20 0 2 6205 2356 0 10 1556 0 0 0 0 417 0 0 0 0 1 37 0 0 3708 62 0 0 2 0 1731 0 0 106 0 0 23617 8381 299 0 10 118 2158 
0 0 0 2 0 532 0 5631 0 0 37 0 2 0 138 88 0 0 30554 0 0 0 13614 3 0 0 122 18124 1 52827 0 9520 0 0 0 0 0 0 7 306 0 0 240 0 0 0 7 1164 0 22 
3934 0 0 0 1324 21416 330 0 1627 0 4012 14327 0 5163 8 0 4366 117 4201 28 2 1540 656 0 0 122 0 70 63 0 0 22 4566 0 0 47415 8 3 48363 1906 0 2 57 0 49052 0 12976 0 0 0 
59 0 55018 3145 4 0 0 429 0 5434 0 6149 0 52 4 642 0 88940 0 0 2231 0 1911 0 1 18124 70 0 67 711 0 0 101 0 0 32109 0 21 0 0 28 0 0 0 43720 269 12077 53708 0 0 
18 2398 1 0 23503 0 0 25381 0 0 0 0 0 112 6665 40499 0 0 656 0 0 24476 14195 0 37 1 63 67 0 343 0 0 0 206 0 0 11 1 55500 0 29355 0 0 106 3 0 2 444 0 0 
0 4 0 0 0 0 48314 4115 9 0 1509 7118 5 3 48 0 0 3895 0 2195 201 19 0 39237 0 52827 0 711 343 0 0 0 1002 20 0 1309 0 29 16879 8482 35417 0 0 23802 0 2 0 0 0 0 
969 0 0 6669 0 116 38 9424 0 10341 1 9119 0 25158 0 307 5375 4893 0 0 0 0 99938 0 0 0 0 0 0 0 0 0 0 42 448 464 31958 3554 1339 0 0 1 0 2579 15633 31 0 0 0 0 
0 0 32437 25495 98 0 0 11 0 12 0 0 3 305 139 10612 0 882 56019 0 0 1572 2 0 3708 9520 22 0 0 0 0 0 119 0 0 0 22 22 0 110 0 0 681 13860 533 1822 7655 0 16 27 
0 0 0 0 0 0 1298 0 102 0 0 4701 0 0 7739 0 10 0 0 0 0 0 1 219 62 0 4566 101 0 1002 0 119 0 0 1166 0 0 1 0 0 4 0 728 0 14 0 0 0 0 29912 
191 2 126 10 0 0 0 0 37842 153 0 1721 0 39192 0 0 49 4171 8257 58 2085 27 0 1 0 0 0 0 206 20 42 0 0 0 15 0 0 0 2144 0 613 2716 37 0 17970 65 37793 37670 134 388 
0 0 0 0 0 3261 84648 0 0 9 0 0 12786 1 4 52 0 0 0 35 519 8 158 0 0 0 0 0 0 0 448 0 1166 15 0 0 0 6351 0 0 59820 40 0 2238 0 2339 920 78 12 76 
0 0 2 1 4173 0 0 0 14034 0 0 593 0 0 5 165 4920 11542 0 0 0 0 0 0 2 0 47415 32109 0 1309 464 0 0 0 0 0 0 0 3 1 0 34144 0 0 0 24 0 0 4406 2 
0 0 0 409 3 128 6416 0 0 6896 400 5 496 57 0 0 6459 25457 0 12401 25 9 36 0 0 0 8 0 11 0 31958 22 0 0 0 0 0 39 0 1972 640 17 805 0 0 423 37842 0 9921 0 
16 29 389 667 18 439 1 50460 1 0 0 9864 8 200 30 0 17382 8459 3 891 0 389 0 0 1731 0 3 21 1 29 3554 22 1 0 6351 0 39 0 0 1 18315 8 0 0 0 0 0 4 0 57 
18222 0 0 0 1192 36 318 0 3 0 0 1 5 0 4 0 5675 0 17 965 4 905 0 0 0 7 48363 0 55500 16879 1339 0 0 2144 0 3 0 0 0 0 0 0 1392 0 3 0 2917 38017 7652 0 
506 8 5173 3769 193 0 1846 0 0 25871 0 0 0 0 1 3168 0 44 0 402 6 0 0 50 0 306 1906 0 0 8482 0 110 0 0 0 1 1972 1 0 0 129 0 0 0 0 0 0 0 854 220 
2 218 750 1 3946 334 0 1259 33585 0 0 25 0 3233 0 0 31 0 0 0 0 0 0 1168 106 0 0 28 29355 35417 0 0 4 613 59820 0 640 18315 0 129 0 37 0 5 3590 1 8 242 0 0 
59 0 0 0 0 0 1 6 57524 51 11 22 0 0 106 0 47 0 0 3 0 0 0 7420 0 0 2 0 0 0 1 0 0 2716 40 34144 17 8 0 0 37 0 0 14799 4259 1133 3 0 155 0 
0 0 0 187 6 0 0 7645 0 1499 0 25 8 0 2245 0 0 0 0 0 155 59 104 171 0 240 57 0 0 0 0 681 728 37 0 0 805 0 1392 0 0 0 0 0 7704 858 0 0 80 0 
5 0 0 22158 0 0 0 0 27403 0 14 1662 0 168 16 0 0 91810 0 0 0 0 55 4965 23617 0 0 0 106 23802 2579 13860 0 0 2238 0 0 0 0 0 5 14799 0 0 74 20 0 12 607 0 
0 0 0 522 0 121 252 7374 0 8672 0 135 0 1 58 0 0 52 0 47 0 0 0 648 8381 0 49052 43720 3 0 15633 533 14 17970 0 0 0 0 3 0 3590 4259 7704 74 0 40 0 0 83 0 
410 0 1 50 0 0 16 43021 4506 0 0 0 30256 0 22 0 0 3 1838 0 0 59 70 0 299 0 0 269 0 2 31 1822 0 65 2339 24 423 0 0 0 1 1133 858 20 40 0 0 305 0 0 
0 27394 0 84 0 26 77007 16085 235 0 0 0 28075 696 12 0 33243 0 12798 484 0 863 41349 294 0 7 12976 12077 2 0 0 7655 0 37793 920 0 37842 0 2917 0 8 3 0 0 0 0 0 49 0 0 
0 1029 29 40277 1 0 606 0 0 0 3 24298 0 0 86 11 0 0 896 0 0 558 0 0 10 1164 0 53708 444 0 0 0 0 37670 78 0 0 4 38017 0 242 0 0 12 0 305 49 0 13720 0 
0 0 5749 1384 1 0 0 0 436 0 725 79 19 0 28 0 1993 0 6 0 0 8590 2010 0 118 0 0 0 0 0 0 16 0 134 12 4406 9921 0 7652 854 0 155 80 607 83 0 0 13720 0 73 
0 82 63262 0 9 630 54602 0 0 212 0 78050 2164 17139 4 4 0 3379 0 0 0 1 0 4 2158 22 0 0 0 0 0 27 29912 388 76 2 0 57 0 220 0 0 0 0 0 0 0 0 73 0 
0 0 9 93174 7589 27732 0 13 2533 27296 72 77 0 0 0 0 0 4156 3316 368 39934 0 0 3113 94971 0 30127 593 11 0 16 0 0 201 0 0 0 0 1877 757 0 3 0 3160 0 136 0 0 0 0 
0 0 0 2100 0 0 64 0 2237 0 0 28140 473 4 0 41 0 89 0 30927 37 325 31 2 23045 0 2 0 5686 4 0 0 0 5 0 0 0 49 3 2 194 0 0 0 0 0 65446 145 25 157 
9 0 0 0 743 0 0 2673 56 0 3623 7073 0 314 34212 0 2071 38 0 0 375 63 0 88109 1429 0 0 28515 0 0 0 45438 0 243 0 0 0 13590 0 11600 74 0 0 0 0 4 1 45 424 22899 
93174 2100 0 0 0 9 0 55 0 0 0 0 0 19084 818 44874 14 162 0 0 5 0 1 546 0 1 0 42 0 37 1440 294 0 0 0 10 11 37 3 460 0 0 28 4692 15801 6455 31 5912 653 0 
7589 0 743 0 0 0 74 0 45 1 0 439 1054 12665 14 2 0 0 0 1380 1 29558 0 741 0 0 5224 1 76 0 0 12 0 0 0 74 40 31 23247 187 3939 0 8 0 0 0 0 26 0 171 
27732 0 0 9 0 0 0 0 0 1 1 0 31 46470 0 589 7443 0 0 47310 0 77001 0 18 1203 394 9131 0 0 0 2 0 0 30 154 0 49 20342 65321 0 51 0 0 0 1252 0 0 0 0 272 
0 64 0 0 74 0 0 0 7 179 0 226 0 13 0 0 38572 0 0 0 1 23237 0 1 0 0 2170 11323 0 471 0 0 2307 0 1610 0 74354 22 86 18 0 35 0 0 4830 10 2389 65 0 77230 
13 0 2673 55 0 0 0 0 36 23 0 0 0 0 982 0 0 0 5 5 557 7274 879 29582 0 143 0 105 37 54712 67323 0 12 0 0 0 0 20 0 0 1563 0 1066 0 231 10059 25586 0 0 0 
2533 2237 56 0 45 0 7 36 0 529 0 1661 48 0 7 14 0 2012 0 0 1 0 0 87 0 0 512 2 0 608 0 0 500 32934 0 470 6 1 0 0 5176 72585 0 309 0 15 8 0 5495 0 
27296 0 0 0 1 1 179 23 529 0 6879 0 58 0 10 0 0 0 0 9 0 55 0 0 41 0 0 4304 0 0 1645 1577 0 47892 0 0 91327 0 0 543 0 51 4863 0 14803 0 0 1 0 0 
72 0 3623 0 0 1 0 0 0 6879 0 0 0 1 1900 64189 721 11538 35 19472 0 0 0 20921 33 17 327 0 0 833 0 0 0 0 0 0 2540 0 0 0 0 0 19 1 0 1 0 12 2702 2 
77 28140 7073 0 439 0 226 0 1661 0 0 0 0 221 88412 1 0 0 407 44 9957 55797 5181 0 0 0 16857 60084 4 220 32 0 10552 321 12 762 5 12060 40 0 18 2 101 44537 9 7 0 5066 1114 32588 
0 473 0 0 1054 31 0 0 48 58 0 0 0 0 0 0 55 56 0 1 18814 20760 0 0 152 54 7 0 58 1 0 0 0 0 206 0 401 1 4 0 0 2 0 0 0 61352 29073 0 0 18963 
0 4 314 19084 12665 46470 13 0 0 0 1 221 0 0 0 0 0 1823 4 0 29 0 0 19300 13 0 793 112 4 0 3100 1300 0 34 0 0 57 59467 0 0 586 0 0 17 1 0 28775 0 0 5028 
0 0 34212 818 14 0 0 982 7 10 1900 88412 0 0 0 0 0 0 0 0 0 15269 46 0 153 276 0 1003 92647 137 0 94 44814 0 2 555 0 96 0 5 0 249 25 15 4437 195 26 31080 127 0 
0 41 0 44874 2 589 0 0 14 0 64189 1 0 0 0 0 234 1004 43 1 3927 57 0 0 1 12 0 72 26520 0 887 59 0 0 117 2 0 0 0 26960 0 0 0 14 38 0 0 0 1 179 
0 0 2071 14 0 7443 38572 0 0 0 721 0 55 0 0 234 0 0 0 2 25405 114 0 8 0 0 8598 0 0 0 66237 0 60 0 0 17316 10 1915 79 0 240 0 0 0 0 0 6 0 10011 0 
4156 89 38 162 0 0 0 0 2012 0 11538 0 56 1823 0 1004 0 0 2 1650 1235 240 4 142 972 0 12 99353 0 830 60999 206 1 21 0 42 472 4042 16 2270 0 0 0 9484 112 0 0 0 0 16508 
3316 0 0 0 0 0 0 5 0 0 35 407 0 4 0 43 0 2 0 78 44 73 0 0 0 3938 16626 0 52676 447 0 4553 0 785 0 0 0 2475 13 0 0 0 7 0 2 3579 1677 14372 520 0 
368 30927 0 0 1380 47310 0 5 0 9 19472 44 1 0 0 1 2 1650 78 0 0 0 194 321 0 0 1087 0 0 224 0 0 0 0 31 0 14462 14 10902 8 0 298 0 0 291 0 150 0 0 0 
39934 37 375 5 1 0 1 557 1 0 0 9957 18814 29 0 3927 25405 1235 44 0 0 4033 55 0 0 0 202 18231 0 2 0 0 0 34 3709 0 0 0 0 249 0 0 3 0 0 0 0 0 0 0 
0 325 63 0 29558 77001 23237 7274 0 55 0 55797 20760 0 15269 57 114 240 73 0 4033 0 4804 8 0 0 491 0 7371 1 0 1702 0 1 381 0 0 238 16 0 0 0 9 0 0 43257 81 13352 4635 0 
0 31 0 1 0 0 0 879 0 0 0 5181 0 0 46 0 0 4 0 194 55 4804 0 2582 1548 310 986 20357 48 3 84221 452 262 0 79117 0 1197 0 0 0 0 2 0 61 0 63 17669 0 5625 0 
3113 2 88109 546 741 18 1 29582 87 0 20921 0 0 19300 0 0 8 142 0 321 0 8 2582 0 0 0 0 0 96 255 0 0 371 0 0 0 0 4 0 3582 30074 75152 4 54531 31 0 383 0 0 0 
94971 23045 1429 0 0 1203 0 0 0 41 33 0 152 13 153 1 0 972 0 0 0 0 1548 0 0 0 0 1271 26563 0 0 47175 2 0 0 70 0 30707 0 0 11436 0 0 9341 41103 944 0 106 5 144 
0 0 0 1 0 394 0 143 0 0 17 0 54 0 276 12 0 0 3938 0 0 0 310 0 0 0 0 7909 0 85404 0 38966 0 0 0 0 0 0 3 50 0 0 0 0 0 0 1 28214 0 391 
30127 2 0 0 5224 9131 2170 0 512 0 327 16857 7 793 0 0 8598 12 16626 1087 202 491 986 0 0 0 0 96 602 0 0 1 3931 0 0 2374 5 0 441 7139 0 0 0 0 228 0 15146 0 0 0 
593 0 28515 42 1 0 11323 105 2 4304 0 60084 0 112 1003 72 0 99353 0 0 18231 0 20357 0 1271 7909 96 0 14 3 12 0 69 0 0 13351 0 118 25 0 0 0 2 0 95418 261 12390 6189 0 0 
11 5686 0 0 76 0 0 37 0 0 0 4 58 4 92647 26520 0 0 52676 0 0 7371 48 96 26563 0 602 14 0 381 0 0 0 1 0 0 203 0 7299 0 140 0 0 645 164 0 17 416 0 1 
0 4 0 37 0 0 471 54712 608 0 833 220 1 0 137 0 0 830 447 224 2 1 3 255 0 85404 0 3 381 0 0 0 1371 66 0 17473 0 212 702 16 6858 0 0 944 0 30 0 0 0 0 
16 0 0 1440 0 2 0 67323 0 1645 0 32 0 3100 0 887 66237 60999 0 0 0 0 84221 0 0 0 0 12 0 0 0 0 0 635 4458 51 19462 13592 3 0 0 0 0 1505 30086 98 0 0 0 0 
0 0 45438 294 12 0 0 0 0 1577 0 0 0 1300 94 59 0 206 4553 0 0 1702 452 0 47175 38966 1 0 0 0 0 0 40162 0 0 0 6759 7 0 1 0 0 11 3243 1 1911 2129 0 32 0 
0 0 0 0 0 0 2307 12 500 0 0 10552 0 0 44814 0 60 1 0 0 0 0 262 371 2 0 3931 69 0 1371 0 40162 0 0 35 0 0 4 0 0 0 0 366 0 464 0 6 0 0 1283 
201 5 243 0 0 30 0 0 32934 47892 0 321 0 34 0 0 0 21 785 0 34 1 0 0 0 0 0 0 1 66 635 0 0 0 78 0 0 0 23377 0 4252 17 77737 0 1807 12 15078 89 21 16 
0 0 0 0 0 154 1610 0 0 0 0 12 206 0 2 117 0 0 0 31 3709 381 79117 0 0 0 0 0 0 0 4458 0 35 78 0 674 0 266 2 0 2569 10114 186 182 0 1021 506 131 1 104 
0 0 0 10 74 0 0 0 470 0 0 762 0 0 555 2 17316 42 0 0 0 0 0 0 70 0 2374 13351 0 17473 51 0 0 0 674 0 0 0 0 0 0 7225 0 0 0 1 0 0 26 0 
0 0 0 11 40 49 74354 0 6 91327 2540 5 401 57 0 0 10 472 0 14462 0 0 1197 0 0 0 5 0 203 0 19462 6759 0 0 0 0 0 197 0 52273 11602 1 1019 0 0 0 11553 0 121 0 
0 49 13590 37 31 20342 22 20 1 0 0 12060 1 59467 96 0 1915 4042 2475 14 0 238 0 4 30707 0 0 118 0 212 13592 7 4 0 266 0 197 0 0 20 460 189 0 0 0 0 0 1 0 271 
1877 3 0 3 23247 65321 86 0 0 0 0 40 4 0 0 0 79 16 13 10902 0 16 0 0 0 3 441 25 7299 702 3 0 0 23377 2 0 0 0 0 0 0 1 1080 0 3 0 2550 4696 47 0 
757 2 11600 460 187 0 18 0 0 543 0 0 0 0 5 26960 0 2270 0 8 249 0 0 3582 0 50 7139 0 0 16 0 1 0 0 0 0 52273 20 0 0 438 0 0 2 5 0 0 0 10504 82213 
0 194 74 0 3939 51 0 1563 5176 0 0 18 0 586 0 0 240 0 0 0 0 0 0 30074 11436 0 0 0 140 6858 0 0 0 4252 2569 0 11602 460 0 438 0 960 0 38 897 0 0 6 0 0 
3 0 0 0 0 0 35 0 72585 51 0 2 2 0 249 0 0 0 0 298 0 0 2 75152 0 0 0 0 0 0 0 0 0 17 10114 7225 1 189 1 0 960 0 0 13832 99712 567 9 0 347 0 
0 0 0 28 8 0 0 1066 0 4863 19 101 0 0 25 0 0 0 7 0 3 9 0 4 0 0 0 2 0 0 0 11 366 77737 186 0 1019 0 1080 0 0 0 0 0 44552 19 0 0 161 0 
3160 0 0 4692 0 0 0 0 309 0 1 44537 0 17 15 14 0 9484 0 0 0 0 61 54531 9341 0 0 0 645 944 1505 3243 0 0 182 0 0 0 0 2 38 13832 0 0 1525 0 0 1235 5088 0 
0 0 0 15801 0 1252 4830 231 0 14803 0 9 0 1 4437 38 0 112 2 291 0 0 0 31 41103 0 228 95418 164 0 30086 1 464 1807 0 0 0 0 3 5 897 99712 44552 1525 0 38 0 6 588 0 
136 0 4 6455 0 0 10 10059 15 0 1 7 61352 0 195 0 0 0 3579 0 0 43257 63 0 944 0 0 261 0 30 98 1911 0 12 1021 1 0 0 0 0 0 567 19 0 38 0 0 70 2 0 
0 65446 1 31 0 0 2389 25586 8 0 0 0 29073 28775 26 0 6 0 1677 150 0 81 17669 383 0 1 15146 12390 17 0 0 2129 6 15078 506 0 11553 0 2550 0 0 9 0 0 0 0 0 1 0 0 
0 145 45 5912 26 0 65 0 0 1 12 5066 0 0 31080 0 0 0 14372 0 0 13352 0 0 106 28214 0 6189 416 0 0 0 0 89 131 0 0 1 4696 0 6 0 0 1235 6 70 1 0 32178 1 
0 25 424 653 0 0 0 0 5495 0 2702 1114 0 0 127 1 10011 0 520 0 0 4635 5625 0 5 0 0 0 0 0 0 32 0 21 1 26 121 0 47 10504 0 347 161 5088 588 2 0 32178 0 1273 
0 157 22899 0 171 272 77230 0 0 0 2 32588 18963 5028 0 179 0 16508 0 0 0 0 0 0 144 391 0 0 1 0 0 0 1283 16 104 0 0 271 0 82213 0 0 0 0 0 0 0 1 1273 0 
0 0 159 58557 17610 11728 0 0 212 212 21840 25053 0 0 0 0 0 14530 2123 5 25319 0 0 678 1990 0 14323 40 182 0 211 0 0 2289 0 0 0 373 21133 387 9 18 0 41 0 167 0 0 0 0 
0 0 0 148 0 0 33931 6 84036 0 0 50251 16 2 0 104 0 96 0 177 0 4074 4 1 1846 0 4 0 71523 0 0 3 5 1 0 5 0 945 18 2 2071 0 0 0 0 0 49009 702 0 184 
159 0 0 0 22 0 0 3058 2498 0 6770 192 0 53 1773 3 465 734 40 0 16127 69185 0 55012 54225 0 0 25806 5 0 0 1315 0 249 0 0 0 1053 0 49672 275 0 0 0 0 78 669 52 4993 16501 
58557 148 0 0 0 0 0 144 0 0 0 0 0 9 1302 3195 24 9 0 0 2 1 0 1 0 2073 0 462 0 73 24127 2034 0 0 0 1 82 476 0 4056 0 0 28 721 6439 25773 9 45673 1 0 
17610 0 22 0 0 0 4 0 139 1 0 7925 10413 3001 141 79 0 0 0 70735 0 8388 0 328 0 0 5239 0 47 0 1 0 0 0 0 70 66 21 6211 6 1583 0 0 0 0 0 0 205 1 8 
11728 0 0 0 0 0 0 0 0 0 0 0 2 16699 19 972 1586 0 0 18758 1 62689 10 1 794 78 11985 0 0 0 52 0 0 6 2037 0 68 13973 3498 0 4487 0 0 0 292 0 32 0 0 23641 
0 33931 0 0 4 0 0 0 175 378 0 1 0 0 0 0 1389 0 0 0 5 10696 0 30 12 0 8805 61 0 1154 2 0 15650 0 22563 0 1192 2 3933 11574 0 25 0 0 661 3 142 4635 0 55746 
0 6 3058 144 0 0 0 0 69 929 2 0 0 0 74 0 0 0 1 0 0 30 119 1411 0 0 0 3693 26408 3291 11468 0 1 0 0 0 0 4505 0 0 999 1 190 0 0 24667 5999 0 0 0 
212 84036 2498 0 139 0 175 69 0 59525 0 28 4242 0 0 541 0 1335 0 0 14 0 0 30327 0 3 11188 6 0 3 0 0 50 3207 0 3931 0 0 0 0 5153 6748 0 251 0 63284 0 0 101 26 
212 0 0 0 1 0 378 929 59525 0 379 0 837 0 140 0 0 0 0 16 0 17 0 0 2160 0 0 65424 0 0 2706 316 1 7542 0 0 17112 0 1 2251 0 815 1024 0 37624 0 0 0 0 4 
21840 0 6770 0 0 0 0 2 0 379 0 0 0 0 486 496 942 14 2 48699 0 0 0 1700 618 19 1930 0 0 522 1 0 0 0 12 0 15089 0 0 0 0 0 0 0 0 0 0 1 49 1 
25053 50251 192 0 7925 0 1 0 28 0 0 0 0 19 53549 0 0 0 139 117 1270 4192 17460 0 0 0 9629 7428 0 21036 470 0 5964 136 0 1792 60 297 544 0 411 2143 427 5227 18 0 0 118 265 50236 
0 16 0 0 10413 2 0 0 4242 837 0 0 0 0 0 90 1 2398 0 0 6999 20522 0 0 2 3 0 0 0 12 0 2 0 0 3752 0 5350 0 0 0 0 0 2 0 0 9835 6441 0 1 30973 
0 2 53 9 3001 16699 0 0 0 0 0 19 0 0 0 1 0 6682 0 0 12714 0 0 28828 3007 0 1393 0 66 0 50763 8 0 8484 0 0 3 6269 0 0 769 0 0 0 4 0 31992 0 0 96967 
0 0 1773 1302 141 19 0 74 0 140 486 53549 0 0 0 0 0 0 0 0 0 17038 0 0 25930 59 414 0 43 253 0 0 95357 0 0 0 0 394 4 2 0 0 20 0 17 193 1 970 2 28 
0 104 3 3195 79 972 0 0 541 0 496 0 90 1 0 0 4302 1684 0 95 174 0 0 0 0 21 0 144 9494 0 27595 241 0 0 394 4 0 0 0 678 0 0 0 250 29 0 0 10 0 8 
0 0 465 24 0 1586 1389 0 0 0 942 0 1 0 0 4302 0 0 161 104 39461 1 0 110 20 0 76866 2 0 0 19395 0 1 0 0 7831 305 312 83370 0 2212 0 0 0 0 0 741 0 17202 0 
14530 96 734 9 0 0 0 0 1335 0 14 0 2398 6682 0 1684 0 0 0 327 83255 805 0 2345 533 0 39 11207 0 3827 4984 353 0 4 0 6 1061 35975 7 7569 0 0 0 49611 188 1 0 0 0 6387 
2123 0 40 0 0 0 0 1 0 0 2 139 0 0 0 0 161 0 0 1342 0 20345 0 0 0 887 62064 0 712 6 0 305 0 338 0 0 0 893 18 0 2 0 4 0 78 1377 36000 7751 0 0 
5 177 0 0 70735 18758 0 0 0 16 48699 117 0 0 0 95 104 327 1342 0 0 0 31 11 7 0 7705 0 0 72 0 0 0 0 11 0 1209 21886 339 38 0 3 0 0 19 0 0 0 0 0 
25319 0 16127 2 0 1 5 0 14 0 0 1270 6999 12714 0 174 39461 83255 0 0 0 4585 1362 0 0 0 261 8320 0 3 0 0 0 56 2500 0 0 0 0 14 0 0 207 0 0 0 0 0 0 0 
0 4074 69185 1 8388 62689 10696 30 0 17 0 4192 20522 0 17038 0 1 805 20345 0 4585 0 40321 3 0 0 771 0 1508 14 0 17729 0 61 324 0 39 189 6 0 0 0 5692 0 0 45826 741 79599 7814 0 
0 4 0 0 0 10 0 119 0 0 0 17460 0 0 0 0 0 0 0 31 1362 40321 0 28 792 179 1346 44658 8 129 4299 0 152 0 26197 0 102 0 0 0 0 0 66 263 0 2 544 0 1432 0 
678 1 55012 1 328 1 30 1411 30327 0 1700 0 0 28828 0 0 110 2345 0 11 0 3 28 0 0 0 0 0 4 4711 0 0 4 163 13 0 0 0 0 84 50331 5117 1 189 19060 0 16 0 0 4 
1990 1846 54225 0 0 794 12 0 0 2160 618 0 2 3007 25930 0 20 533 0 7 0 0 792 0 0 0 0 34 22907 0 0 24839 0 0 0 2 0 346 1 6 4686 0 0 2299 8163 6321 0 368 14 3955 
0 0 0 2073 0 78 0 0 3 0 19 0 3 0 59 21 0 0 887 0 0 0 179 0 0 0 0 36037 0 35638 0 1010 0 0 0 0 0 0 1 138 0 0 0 13 0 0 66 1363 0 12 
14323 4 0 0 5239 11985 8805 0 11188 0 1930 9629 0 1393 414 0 76866 39 62064 7705 261 771 1346 0 0 0 0 3847 143 0 0 186 5652 0 0 18706 1 0 49881 17070 2 86 12 0 66 0 12848 0 0 0 
40 0 25806 462 0 0 61 3693 6 65424 0 7428 0 0 0 144 2 11207 0 0 8320 0 44658 0 34 36037 3847 0 1241 11 103 0 15348 0 0 35706 0 0 186 0 3 0 9 0 43840 19 24423 1098 0 0 
182 71523 5 0 47 0 0 26408 0 0 0 0 0 66 43 9494 0 0 712 0 0 1508 8 4 22907 0 143 1241 0 56 0 0 0 1 0 0 47 0 285 2 8170 0 0 927 9 0 30 3184 0 1 
0 0 0 73 0 0 1154 3291 3 0 522 21036 12 0 253 0 0 3827 6 72 3 14 129 4711 0 35638 0 11 56 0 0 0 722 101 2 182 0 1667 310 19172 9259 0 0 12127 0 0 0 0 0 0 
211 0 0 24127 1 52 2 11468 0 2706 1 470 0 50763 0 27595 19395 4984 0 0 0 0 4299 0 0 0 0 103 0 0 0 0 0 2076 61 13 5762 6901 22073 0 0 0 0 27782 10186 327 0 1 63 0 
0 3 1315 2034 0 0 0 0 0 316 0 0 2 8 0 241 0 353 305 0 0 17729 0 0 24839 1010 186 0 0 0 0 0 1851 0 0 0 439 121 0 31 0 0 19 57502 26 2218 19091 0 1 0 
0 5 0 0 0 0 15650 1 50 1 0 5964 0 0 95357 0 1 0 0 0 0 0 152 4 0 0 5652 15348 0 722 0 1851 0 0 77 0 0 17 0 0 0 0 98 0 59 0 0 0 0 526 
2289 1 249 0 0 6 0 0 3207 7542 0 136 0 8484 0 0 0 4 338 0 56 61 0 163 0 0 0 0 1 101 2076 0 0 0 107 0 0 0 242 11 8 62 1048 0 1070 2 7021 6774 9 324 
0 0 0 0 0 2037 22563 0 0 0 12 0 3752 0 0 394 0 0 0 11 2500 324 26197 13 0 0 0 0 0 2 61 0 77 107 0 19 1 92997 4 0 19578 400 0 43 0 1601 334 1 3 69 
0 5 0 1 70 0 0 0 3931 0 0 1792 0 0 0 4 7831 6 0 0 0 0 0 0 2 0 18706 35706 0 182 13 0 0 0 19 0 0 0 9 0 0 84475 0 3 5 0 0 0 22 0 
0 0 0 82 66 68 1192 0 0 17112 15089 60 5350 3 0 0 305 1061 0 1209 0 39 102 0 0 0 1 0 47 0 5762 439 0 0 1 0 0 163 0 57923 24383 0 131 0 0 29 20528 0 0 0 
373 945 1053 476 21 13973 2 4505 0 0 0 297 0 6269 394 0 312 35975 893 21886 0 189 0 0 346 0 0 0 0 1667 6901 121 17 0 92997 0 163 0 0 0 47 62 1 0 0 0 0 2 0 0 
21133 18 0 0 6211 3498 3933 0 0 1 0 544 0 0 4 0 83370 7 18 339 0 6 0 0 1 1 49881 186 285 310 22073 0 0 242 4 9 0 0 0 0 0 0 8921 14 56 0 4 14355 4368 0 
387 2 49672 4056 6 0 11574 0 0 2251 0 0 0 0 2 678 0 7569 0 38 14 0 0 84 6 138 17070 0 2 19172 0 31 0 11 0 0 57923 0 0 0 26930 0 0 0 0 0 0 0 2949 7407 
9 2071 275 0 1583 4487 0 999 5153 0 0 411 0 769 0 0 2212 0 2 0 0 0 0 50331 4686 0 2 3 8170 9259 0 0 0 8 19578 0 24383 47 0 26930 0 1031 0 32 1317 0 2 43 0 0 
18 0 0 0 0 0 25 1 6748 815 0 2143 0 0 0 0 0 0 0 3 0 0 0 5117 0 0 86 0 0 0 0 0 0 62 400 84475 0 62 0 0 1031 0 0 39098 6620 0 98 1 7291 5 
0 0 0 28 0 0 0 190 0 1024 0 427 2 0 20 0 0 0 4 0 207 5692 66 1 0 0 12 9 0 0 0 19 98 1048 0 0 131 1 8921 0 0 0 0 0 10744 106 6 0 4194 0 
41 0 0 721 0 0 0 0 251 0 0 5227 0 0 0 250 0 49611 0 0 0 0 263 189 2299 13 0 0 927 12127 27782 57502 0 0 43 3 0 0 14 0 32 39098 0 0 83115 3 0 505 445 0 
0 0 0 6439 0 292 661 0 0 37624 0 18 0 4 17 29 0 188 78 19 0 0 0 19060 8163 0 66 43840 9 0 10186 26 59 1070 0 5 0 0 56 0 1317 6620 10744 83115 0 28 0 56 10872 0 
167 0 78 25773 0 0 3 24667 63284 0 0 0 9835 0 193 0 0 1 1377 0 0 45826 2 0 6321 0 0 19 0 0 327 2218 0 2 1601 0 29 0 0 0 0 0 106 3 28 0 0 4164 0 0 
0 49009 669 9 0 32 142 5999 0 0 0 0 6441 31992 1 0 741 0 36000 0 0 741 544 16 0 66 12848 24423 30 0 0 19091 0 7021 334 0 20528 0 4 0 2 98 6 0 0 0 0 0 0 0 
0 702 52 45673 205 0 4635 0 0 0 1 118 0 0 970 10 0 0 7751 0 0 79599 0 0 368 1363 0 1098 3184 0 1 0 0 6774 1 0 0 2 14355 0 43 1 0 505 56 4164 0 0 374 0 
0 0 4993 1 1 0 0 0 101 0 49 265 1 0 2 0 17202 0 0 0 0 7814 1432 0 14 0 0 0 0 0 63 1 0 9 3 22 0 0 4368 2949 0 7291 4194 445 10872 0 0 374 0 820 
0 184 16501 0 8 23641 55746 0 26 4 1 50236 30973 96967 28 8 0 6387 0 0 0 0 0 4 3955 12 0 0 1 0 0 0 526 324 69 0 0 0 0 7407 0 5 0 0 0 0 0 0 820 0 
