15 3
0 123 17 72 89 90 77 84 122 70 141 118 117 117 58 
123 0 116 51 121 48 96 115 59 63 25 47 40 16 64 
17 116 0 64 101 90 86 66 108 71 133 119 117 113 52 
72 51 64 0 97 39 71 77 62 33 69 64 60 49 13 
89 121 101 97 0 73 26 158 158 64 146 84 88 106 88 
90 48 90 39 73 0 47 116 91 20 73 28 27 34 42 
77 96 86 71 26 47 0 136 132 38 121 63 66 81 63 
84 115 66 77 158 116 136 0 73 105 118 141 136 120 76 
122 59 108 62 158 91 132 73 0 94 51 103 96 73 74 
70 63 71 33 64 20 38 105 94 0 87 48 47 52 29 
141 25 133 69 146 73 121 118 51 87 0 70 64 41 83 
118 47 119 64 84 28 63 141 103 48 70 0 6 30 70 
117 40 117 60 88 27 66 136 96 47 64 6 0 24 67 
117 16 113 49 106 34 81 120 73 52 41 30 24 0 60 
58 64 52 13 88 42 63 76 74 29 83 70 67 60 0 
0 6 1789 0 29 0 0 2507 27236 0 0 507 0 571 160 
6 0 861 208 29 0 0 0 0 57 73781 0 3 0 0 
1789 861 0 1664 0 1679 79 0 0 4 1 38 0 0 0 
0 208 1664 0 0 1303 0 0 21 0 94 57 846 0 60 
29 29 0 0 0 0 0 1752 19 1 284 0 0 0 0 
0 0 1679 1303 0 0 0 7 32044 714 76 0 122 0 0 
0 0 79 0 0 0 0 5264 0 3517 52 0 11 0 0 
2507 0 0 0 1752 7 5264 0 0 12 0 2 75611 9 4 
27236 0 0 21 19 32044 0 0 0 0 1100 0 49 2563 48 
0 57 4 0 1 714 3517 12 0 0 2 0 0 0 4473 
0 73781 1 94 284 76 52 0 1100 2 0 228 0 10588 39 
507 0 38 57 0 0 0 2 0 0 228 0 10 94603 86584 
0 3 0 846 0 122 11 75611 49 0 0 10 0 0 0 
571 0 0 0 0 0 0 9 2563 0 10588 94603 0 0 0 
160 0 0 60 0 0 0 4 48 4473 39 86584 0 0 0 
0 0 0 5054 0 6024 103 0 0 68648 2851 0 1368 0 0 
0 0 0 0 1 26225 52174 71 1500 0 0 0 0 0 1 
0 0 0 0 53597 0 0 609 359 0 0 0 3134 200 17259 
5054 0 0 0 48 0 63 1324 0 7 0 0 0 16754 0 
0 1 53597 48 0 1 466 0 0 0 0 56 3 30306 319 
6024 26225 0 0 1 0 83 0 0 0 0 102 0 1 0 
103 52174 0 63 466 83 0 0 982 0 1 46 0 280 317 
0 71 609 1324 0 0 0 0 415 0 20 0 0 0 0 
0 1500 359 0 0 0 982 415 0 350 0 74948 5 0 0 
68648 0 0 7 0 0 0 0 350 0 2 3766 1546 104 0 
2851 0 0 0 0 0 1 20 0 2 0 0 51 0 0 
0 0 0 0 56 102 46 0 74948 3766 0 0 0 0 0 
1368 0 3134 0 3 0 0 0 5 1546 51 0 0 55 20782 
0 0 200 16754 30306 1 280 0 0 104 0 0 55 0 25 
0 1 17259 0 319 0 317 0 0 0 0 0 20782 25 0 
0 0 0 4128 0 479 13 0 0 43508 9115 0 66 0 0 
0 0 0 0 2 2947 12167 28 54236 0 0 4 3 7 12 
0 0 0 0 455 0 0 72 16 0 254 0 668 177 4174 
4128 0 0 0 45 0 136 15 0 0 0 0 0 38460 0 
0 2 455 45 0 0 5606 0 0 14 0 21 24 2112 368 
479 2947 0 0 0 0 0 0 0 0 2 26 0 24 300 
13 12167 0 136 5606 0 0 0 66 0 0 0 0 1176 22204 
0 28 72 15 0 0 0 0 379 38 95 0 0 0 0 
0 54236 16 0 0 0 66 379 0 6045 0 6001 0 0 0 
43508 0 0 0 14 0 0 38 6045 0 0 6 4413 9 0 
9115 0 254 0 0 2 0 95 0 0 0 0 110 0 0 
0 4 0 0 21 26 0 0 6001 6 0 0 0 0 0 
66 3 668 0 24 0 0 0 0 4413 110 0 0 0 44072 
0 7 177 38460 2112 24 1176 0 0 9 0 0 0 0 0 
0 12 4174 0 368 300 22204 0 0 0 0 0 44072 0 0 
