8 4
0 123 17 72 89 90 77 84 
123 0 116 51 121 48 96 115 
17 116 0 64 101 90 86 66 
72 51 64 0 97 39 71 77 
89 121 101 97 0 73 26 158 
90 48 90 39 73 0 47 116 
77 96 86 71 26 47 0 136 
84 115 66 77 158 116 136 0 
0 326 0 0 0 0 921 3 
326 0 92 77 17910 92 9 283 
0 92 0 0 0 67094 4 818 
0 77 0 0 0 0 34 0 
0 17910 0 0 0 0 0 0 
0 92 67094 0 0 0 184 1 
921 9 4 34 0 184 0 0 
3 283 818 0 0 1 0 0 
0 0 0 0 0 0 0 1 
0 0 0 85 0 80 6 311 
0 0 0 0 8 0 0 208 
0 85 0 0 0 1 135 0 
0 0 8 0 0 78623 1513 0 
0 80 0 1 78623 0 336 0 
0 6 0 135 1513 336 0 0 
1 311 208 0 0 0 0 0 
0 0 0 16386 0 2 378 0 
0 0 9 0 1765 21 0 0 
0 9 0 124 0 5704 0 1264 
16386 0 124 0 0 583 73 0 
0 1765 0 0 0 413 5 15 
2 21 5704 583 413 0 332 63 
378 0 0 73 5 332 0 0 
0 0 1264 0 15 63 0 0 
0 0 1 485 2 21 10620 100 
0 0 82 0 0 0 0 0 
1 82 0 4 17 39258 0 464 
485 0 4 0 0 20 20 3831 
2 0 17 0 0 185 0 0 
21 0 39258 20 185 0 0 0 
10620 0 0 20 0 0 0 78734 
100 0 464 3831 0 0 78734 0 
