40 3
0 46 118 40 96 98 46 64 2 33 36 47 55 9 108 78 35 54 61 95 45 105 61 79 70 72 108 28 39 45 38 87 44 18 35 31 32 15 62 109 
46 0 88 10 53 127 3 66 48 60 37 19 78 48 107 43 36 50 104 90 43 84 63 35 92 25 124 21 29 63 42 51 30 53 36 49 49 33 99 116 
118 88 0 85 53 137 85 71 120 144 83 106 102 125 70 117 84 138 148 59 75 25 72 92 105 80 111 92 78 92 82 118 118 110 84 135 94 113 133 90 
40 10 85 0 56 117 8 56 42 59 26 26 68 43 98 54 26 55 95 82 33 79 53 44 82 34 114 12 19 52 32 61 35 44 26 50 39 29 89 107 
96 53 53 56 0 154 51 82 98 112 71 66 108 100 106 67 71 96 146 90 69 65 81 42 118 33 138 68 62 93 74 66 78 97 71 102 86 85 136 122 
98 127 137 117 154 0 125 72 99 127 90 138 49 106 75 170 91 153 52 79 87 112 73 161 36 148 37 107 99 64 85 178 140 81 91 129 77 111 38 58 
46 3 85 8 51 125 0 63 48 61 34 22 76 49 104 46 34 53 103 87 40 81 60 36 90 26 122 20 27 60 40 53 33 52 34 51 48 34 98 113 
64 66 71 56 82 72 63 0 66 97 32 83 30 73 44 110 33 107 76 31 23 50 3 95 36 81 59 52 37 22 27 116 89 48 33 92 32 67 61 50 
2 48 120 42 98 99 48 66 0 32 38 48 56 7 110 78 37 54 61 97 47 107 63 81 71 74 110 30 42 47 41 88 44 19 37 30 34 16 62 110 
33 60 144 59 112 127 61 97 32 0 67 48 88 24 142 71 66 34 83 128 77 134 94 83 103 82 141 52 68 79 71 81 38 51 66 10 65 31 89 143 
36 37 83 26 71 90 34 32 38 67 0 51 41 44 77 80 1 75 74 61 10 68 29 70 55 58 88 20 9 26 5 88 57 27 1 61 15 36 66 82 
47 19 106 26 66 138 22 83 48 48 51 0 90 45 125 31 50 31 108 109 59 103 80 35 105 34 140 31 46 76 57 41 12 59 50 37 61 32 107 133 
55 78 102 68 108 49 76 30 56 88 41 90 0 63 62 121 41 107 46 54 39 80 29 112 15 99 53 58 50 15 36 129 93 36 41 86 28 65 31 57 
9 48 125 43 100 106 49 73 7 24 44 45 63 0 117 75 43 47 66 104 53 112 70 79 79 73 117 33 47 54 47 85 40 27 43 23 41 14 69 118 
108 107 70 98 106 75 104 44 110 142 77 125 62 117 0 149 78 152 105 17 67 45 48 131 55 116 42 96 80 64 72 155 133 92 78 137 76 112 87 20 
78 43 117 54 67 170 46 110 78 71 80 31 121 75 149 0 80 40 140 132 87 120 107 25 135 36 168 62 73 106 86 10 35 91 80 61 92 63 138 160 
35 36 84 26 71 91 34 33 37 66 1 50 41 43 78 80 0 74 74 62 11 69 30 70 55 58 89 19 9 26 6 87 56 27 0 60 15 35 66 83 
54 50 138 55 96 153 53 107 54 34 75 31 107 47 152 40 74 0 113 136 84 134 104 59 123 63 160 55 72 95 80 50 20 72 74 26 80 42 117 157 
61 104 148 95 146 52 103 76 61 83 74 108 46 66 105 140 74 113 0 100 77 126 75 139 50 129 81 83 83 56 71 149 106 51 74 87 59 76 18 94 
95 90 59 82 90 79 87 31 97 128 61 109 54 104 17 132 62 136 100 0 52 34 34 114 51 99 52 81 64 52 57 138 117 79 62 123 63 98 83 32 
45 43 75 33 69 87 40 23 47 77 10 59 39 53 67 87 11 84 77 52 0 59 20 74 51 61 81 29 13 24 7 94 66 35 11 71 19 46 67 74 
105 84 25 79 65 112 81 50 107 134 68 103 80 112 45 120 69 134 126 34 59 0 51 98 81 84 86 82 66 72 66 123 114 93 69 127 77 102 111 65 
61 63 72 53 81 73 60 3 63 94 29 80 29 70 48 107 30 104 75 34 20 51 0 93 37 79 61 49 34 20 24 114 86 45 30 89 29 64 61 53 
79 35 92 44 42 161 36 95 81 83 70 35 112 79 131 25 70 59 139 114 74 98 93 0 125 14 155 56 62 96 75 25 45 88 70 72 84 65 134 143 
70 92 105 82 118 36 90 36 71 103 55 105 15 79 55 135 55 123 50 51 51 81 37 125 0 112 38 73 63 29 50 143 108 52 55 102 44 80 32 45 
72 25 80 34 33 148 26 81 74 82 58 34 99 73 116 36 58 63 129 99 61 84 79 14 112 0 140 46 49 83 63 39 45 78 58 71 72 59 123 129 
108 124 111 114 138 37 122 59 110 141 88 140 53 117 42 168 89 160 81 52 81 86 61 155 38 140 0 108 95 65 82 175 144 90 89 140 80 118 64 22 
28 21 92 12 68 107 20 52 30 52 20 31 58 33 96 62 19 55 83 81 29 82 49 56 73 46 108 0 17 44 25 70 37 32 19 44 30 20 78 102 
39 29 78 19 62 99 27 37 42 68 9 46 50 47 80 73 9 72 83 64 13 66 34 62 63 49 95 17 0 34 13 81 53 34 9 61 24 36 75 87 
45 63 92 52 93 64 60 22 47 79 26 76 15 54 64 106 26 95 56 52 24 72 20 96 29 83 65 44 34 0 20 114 79 28 26 76 15 53 43 63 
38 42 82 32 74 85 40 27 41 71 5 57 36 47 72 86 6 80 71 57 7 66 24 75 50 63 82 25 13 20 0 94 62 27 6 65 12 40 62 77 
87 51 118 61 66 178 53 116 88 81 88 41 129 85 155 10 87 50 149 138 94 123 114 25 143 39 175 70 81 114 94 0 45 100 87 71 100 72 148 166 
44 30 118 35 78 140 33 89 44 38 57 12 93 40 133 35 56 20 106 117 66 114 86 45 108 45 144 37 53 79 62 45 0 59 56 27 65 29 106 139 
18 53 110 44 97 81 52 48 19 51 27 59 36 27 92 91 27 72 51 79 35 93 45 88 52 78 90 32 34 28 27 100 59 0 27 50 17 30 47 91 
35 36 84 26 71 91 34 33 37 66 1 50 41 43 78 80 0 74 74 62 11 69 30 70 55 58 89 19 9 26 6 87 56 27 0 60 15 35 66 83 
31 49 135 50 102 129 51 92 30 10 61 37 86 23 137 61 60 26 87 123 71 127 89 72 102 71 140 44 61 76 65 71 27 50 60 0 62 25 92 140 
32 49 94 39 86 77 48 32 34 65 15 61 28 41 76 92 15 80 59 63 19 77 29 84 44 72 80 30 24 15 12 100 65 17 15 62 0 38 51 77 
15 33 113 29 85 111 34 67 16 31 36 32 65 14 112 63 35 42 76 98 46 102 64 65 80 59 118 20 36 53 40 72 29 30 35 25 38 0 76 116 
62 99 133 89 136 38 98 61 62 89 66 107 31 69 87 138 66 117 18 83 67 111 61 134 32 123 64 78 75 43 62 148 106 47 66 92 51 76 0 76 
109 116 90 107 122 58 113 50 110 143 82 133 57 118 20 160 83 157 94 32 74 65 53 143 45 129 22 102 87 63 77 166 139 91 83 140 77 116 76 0 
0 71817 0 1 686 21893 6524 4 0 0 26 1377 14936 0 0 0 7261 5 56436 0 0 96263 0 0 0 0 0 14 0 5 0 21444 181 1686 9 2 0 0 0 0 
71817 0 95589 0 0 35 29481 1 3 579 4744 0 1929 0 2 2 0 0 0 0 1 1866 0 230 0 19 0 0 2 70913 303 2 0 144 62 0 1 0 7082 0 
0 95589 0 0 0 0 867 228 0 18 11 10 23405 0 8 48717 281 224 0 0 0 0 193 1 152 46 266 1740 336 2675 0 1 0 0 0 0 38954 0 0 0 
1 0 0 0 7 45861 0 1377 1 0 0 15357 0 40 9899 7199 2 0 0 0 0 0 1 59 0 2667 0 19062 0 0 0 0 1260 12906 0 9859 0 1043 10 0 
686 0 0 7 0 0 0 0 0 21 5 102 0 0 0 5 567 0 3167 0 0 0 0 30 0 0 0 0 5 0 31 2365 0 4792 0 30743 54 168 0 0 
21893 35 0 45861 0 0 1269 0 22 641 205 0 3197 0 0 317 0 320 1 19 6 3 0 1 0 0 109 0 511 0 0 66727 0 0 22058 0 0 14330 14 4818 
6524 29481 867 0 0 1269 0 448 0 0 22 0 70317 2 0 875 0 0 0 5983 0 0 0 15375 295 29 49232 0 147 0 59550 0 21320 945 99455 0 0 0 3 49114 
4 1 228 1377 0 0 448 0 692 6 0 17311 0 64756 0 539 0 0 0 53 3231 0 0 9 0 12335 6 0 0 51 2027 7692 0 0 5226 0 207 1 6 0 
0 3 0 1 0 22 0 692 0 124 0 6127 650 376 0 9076 10 0 1 0 2173 3 0 27542 0 0 0 5 79114 42 172 5376 36359 1 13847 0 1 0 74305 41 
0 579 18 0 21 641 0 6 124 0 10 0 5 0 98 1 21 0 0 98 0 0 0 14708 16 0 0 0 14518 7 482 60222 0 391 4441 9426 0 4 0 0 
26 4744 11 0 5 205 22 0 0 10 0 2410 1 0 0 458 0 0 6931 1 0 7241 0 1 12645 0 30 14 0 0 0 0 2 793 0 512 86 10 13718 2043 
1377 0 10 15357 102 0 0 17311 6127 0 2410 0 0 0 0 0 0 0 8 16 5834 0 4449 4841 0 0 0 1 1011 389 157 0 1 0 221 4 0 15482 4 1119 
14936 1929 23405 0 0 3197 70317 0 650 5 1 0 0 0 0 59 0 6 82902 0 0 88 641 2341 0 94 0 7 0 0 0 0 0 0 0 0 0 5 2077 173 
0 0 0 40 0 0 2 64756 376 0 0 0 0 0 0 0 0 0 0 11745 0 42920 0 10 0 3 12 2493 60259 0 0 5197 0 0 0 0 141 0 7480 0 
0 2 8 9899 0 0 0 0 0 98 0 0 0 0 0 16488 0 0 0 0 0 6069 468 1 24438 6627 1173 0 6 0 1 32 0 5 0 0 94298 0 32 43 
0 2 48717 7199 5 317 875 539 9076 1 458 0 59 0 16488 0 0 168 85191 3 0 603 0 0 0 0 9 0 2207 0 0 19 0 0 1390 155 0 0 0 17 
7261 0 281 2 567 0 0 0 10 21 0 0 0 0 0 0 0 5041 722 30 0 0 0 0 0 1897 0 5 0 6 0 37 25837 0 32 0 0 0 0 2 
5 0 224 0 0 320 0 0 0 0 0 0 6 0 0 168 5041 0 0 0 0 0 0 0 3281 0 2 0 0 3 10 1 0 184 6475 0 1 0 0 0 
56436 0 0 0 3167 1 0 0 1 0 6931 8 82902 0 0 85191 722 0 0 0 16729 0 0 6910 0 7 50 2278 0 0 0 0 0 0 0 2413 0 50052 1 47 
0 0 0 0 0 19 5983 53 0 98 1 16 0 11745 0 3 30 0 0 0 21013 0 0 6 0 33178 0 14739 3843 0 93164 0 0 0 4 26 2 246 35591 13 
0 1 0 0 0 6 0 3231 2173 0 0 5834 0 0 0 0 0 0 16729 21013 0 176 0 59 11338 0 3 0 0 0 4681 0 10 0 0 0 0 0 0 2321 
96263 1866 0 0 0 3 0 0 3 0 7241 0 88 42920 6069 603 0 0 0 0 176 0 9 2649 0 1 0 0 151 0 6 0 0 0 177 29566 0 3277 0 0 
0 0 193 1 0 0 0 0 0 0 0 4449 641 0 468 0 0 0 0 0 0 9 0 956 44442 0 0 14695 0 0 0 0 0 402 0 26139 0 0 0 0 
0 230 1 59 30 1 15375 9 27542 14708 1 4841 2341 10 1 0 0 0 6910 6 59 2649 956 0 2 161 1 0 0 4 2 0 237 0 0 59 0 0 0 0 
0 0 152 0 0 0 295 0 0 16 12645 0 0 0 24438 0 0 3281 0 0 11338 0 44442 2 0 1542 0 1 0 0 210 14520 0 0 0 0 567 150 6 0 
0 19 46 2667 0 0 29 12335 0 0 0 0 94 3 6627 0 1897 0 7 33178 0 1 0 161 1542 0 0 41 0 2302 0 3 0 135 0 131 0 87595 0 12 
0 0 266 0 0 109 49232 6 0 0 30 0 0 12 1173 9 0 2 50 0 3 0 0 1 0 0 0 259 5544 0 134 0 1 88727 0 0 0 1034 11 22093 
14 0 1740 19062 0 0 0 0 5 0 14 1 7 2493 0 0 5 0 2278 14739 0 0 14695 0 1 41 259 0 0 1 0 4 0 1 0 0 0 0 0 836 
0 2 336 0 5 511 147 0 79114 14518 0 1011 0 60259 6 2207 0 0 0 3843 0 151 0 0 0 0 5544 0 0 0 3761 110 9730 93337 6 0 0 0 0 1 
5 70913 2675 0 0 0 0 51 42 7 0 389 0 0 0 0 6 3 0 0 0 0 0 4 0 2302 0 1 0 0 18 0 0 1250 0 2207 0 0 270 0 
0 303 0 0 31 0 59550 2027 172 482 0 157 0 0 1 0 0 10 0 93164 4681 6 0 2 210 0 134 0 3761 18 0 0 0 0 261 0 3 0 0 0 
21444 2 1 0 2365 66727 0 7692 5376 60222 0 0 0 5197 32 19 37 1 0 0 0 0 0 0 14520 3 0 4 110 0 0 0 7513 194 11 0 1 4 0 1 
181 0 0 1260 0 0 21320 0 36359 0 2 1 0 0 0 0 25837 0 0 0 10 0 0 237 0 0 1 0 9730 0 0 7513 0 86 0 6 0 0 50502 3377 
1686 144 0 12906 4792 0 945 0 1 391 793 0 0 0 5 0 0 184 0 0 0 0 402 0 0 135 88727 1 93337 1250 0 194 86 0 53986 0 7275 0 674 0 
9 62 0 0 0 22058 99455 5226 13847 4441 0 221 0 0 0 1390 32 6475 0 4 0 177 0 0 0 0 0 0 6 0 261 11 0 53986 0 51 12 13944 5 0 
2 0 0 9859 30743 0 0 0 0 9426 512 4 0 0 0 155 0 0 2413 26 0 29566 26139 59 0 131 0 0 0 2207 0 0 6 0 51 0 0 0 0 0 
0 1 38954 0 54 0 0 207 1 0 86 0 0 141 94298 0 0 1 0 2 0 0 0 0 567 0 0 0 0 0 3 1 0 7275 12 0 0 0 1554 0 
0 0 0 1043 168 14330 0 1 0 4 10 15482 5 0 0 0 0 0 50052 246 0 3277 0 0 150 87595 1034 0 0 0 0 4 0 0 13944 0 0 0 37244 0 
0 7082 0 10 0 14 3 6 74305 0 13718 4 2077 7480 32 0 0 0 1 35591 0 0 0 0 6 0 11 0 0 270 0 0 50502 674 5 0 1554 37244 0 3049 
0 0 0 0 0 4818 49114 0 41 0 2043 1119 173 0 43 17 2 0 47 13 2321 0 0 0 0 12 22093 836 1 0 0 1 3377 0 0 0 0 0 3049 0 
0 22404 4 0 707 151 0 0 495 0 5 167 1227 383 18 0 0 0 18660 0 0 1823 3447 20 1813 14602 0 16 0 0 0 24544 88 865 0 0 654 0 0 27939 
22404 0 486 0 0 0 23649 0 0 0 15825 546 9531 0 0 0 108 2 0 0 0 0 38 0 0 0 0 1 0 52498 9082 0 1 15 37 0 0 0 6 5 
4 486 0 1 21 24148 0 299 0 45 159 2 8587 0 0 2408 3384 0 41233 18 0 5271 0 20 0 3 135 837 6415 0 0 7 648 0 23073 0 0 0 10 2 
0 0 1 0 0 0 26 25 0 0 54089 1903 0 2 0 633 4 0 0 3 100 0 24 0 0 0 0 11237 3 0 47270 14487 325 0 0 0 0 0 0 0 
707 0 21 0 0 0 7 0 104 12 1 153 214 0 0 3 30 0 3285 28706 0 37 93909 0 3217 2 0 0 0 231 264 9475 3 1018 208 12336 418 134 0 0 
151 0 24148 0 0 0 0 0 11 2135 2189 0 1260 0 0 10433 0 7643 0 0 0 4 2460 17 0 52 0 18 0 0 0 0 77128 332 0 117 1 0 0 167 
0 23649 0 26 7 0 0 0 67 121 0 0 0 0 0 0 1765 5 0 9772 9561 0 0 21067 0 0 0 0 0 0 0 316 0 446 8604 0 236 0 1 42175 
0 0 299 25 0 0 0 0 553 4 855 0 1 0 11 3509 0 0 0 0 0 0 0 0 101 0 0 0 0 0 23059 0 0 11556 0 0 256 0 9 0 
495 0 0 0 104 11 67 553 0 0 2137 0 0 462 1477 0 0 0 0 21539 3 0 12 0 0 110 0 0 19224 0 0 2327 0 0 0 2010 0 0 22689 0 
0 0 45 0 12 2135 121 4 0 0 0 15 2 0 0 0 4 45 0 0 13 42 0 0 0 25 0 14059 49891 10 0 0 15 0 0 35550 0 0 55 22 
5 15825 159 54089 1 2189 0 855 2137 0 0 0 0 0 73406 2935 7 1708 0 0 12 0 0 0 0 0 0 0 0 0 54 1038 0 0 0 68425 0 0 7132 72 
167 546 2 1903 153 0 0 0 0 15 0 0 0 0 0 0 973 1235 14 2 0 0 2639 0 0 0 46071 0 0 0 0 2 2 0 0 0 0 12629 0 0 
1227 9531 8587 0 214 1260 0 1 0 2 0 0 0 0 0 339 2 0 94605 0 200 0 13 2561 81541 118 0 0 65 0 0 0 927 0 55 18017 369 0 2303 271 
383 0 0 2 0 0 0 0 462 0 0 0 0 0 7 5 0 0 4608 0 13 0 0 0 0 0 0 1794 77271 3 0 0 0 13227 31068 66207 0 0 61 1 
18 0 0 0 0 0 0 11 1477 0 73406 0 0 7 0 215 28 1 0 0 0 0 61997 5 0 3497 0 0 17 0 7 98 0 439 0 2 28788 0 0 185 
0 0 2408 633 3 10433 0 3509 0 0 2935 0 339 5 215 0 14995 0 67324 1 4687 0 0 3 0 3 0 0 0 1095 0 8983 0 0 2365 53 1103 0 0 322 
0 108 3384 4 30 0 1765 0 0 4 7 973 2 0 28 14995 0 21567 1014 972 0 0 0 11 62 44 12764 0 8 2 4 0 7713 0 0 105 0 0 422 0 
0 2 0 0 0 7643 5 0 0 45 1708 1235 0 0 1 0 21567 0 81 0 1 98153 27409 50 1623 3 15 38 0 0 0 0 33084 217 154 0 0 122 17098 1753 
18660 0 41233 0 3285 0 0 0 0 0 0 14 94605 4608 0 67324 1014 81 0 136 0 474 0 0 0 25 2 0 0 0 221 18623 5 0 42462 0 0 0 1 66 
0 0 18 3 28706 0 9772 0 21539 0 0 2 0 0 0 1 972 0 136 0 11169 25 5 6 20784 0 17354 365 3758 779 6879 53569 1 1 0 10 1 0 0 0 
0 0 0 100 0 0 9561 0 3 13 12 0 200 13 0 4687 0 1 0 11169 0 0 1 2 0 0 0 0 0 0 6834 0 18 0 149 44335 0 2419 16 312 
1823 0 5271 0 37 4 0 0 0 42 0 0 0 0 0 0 0 98153 474 25 0 0 1 0 0 0 0 7 18193 570 0 1 2 1 3 0 19106 113 621 0 
3447 38 0 24 93909 2460 0 0 12 0 0 2639 13 0 61997 0 0 27409 0 5 1 1 0 0 1343 0 0 2955 473 36004 0 1 0 386 0 0 1450 0 0 21902 
20 0 20 0 0 17 21067 0 0 0 0 0 2561 0 5 3 11 50 0 6 2 0 0 0 10 0 72 0 2831 1 4 18 807 18778 0 0 0 0 0 14 
1813 0 0 0 3217 0 0 101 0 0 0 0 81541 0 0 0 62 1623 0 20784 0 0 1343 10 0 605 0 0 0 0 3120 0 0 0 0 0 0 0 0 5247 
14602 0 3 0 2 52 0 0 110 25 0 0 118 0 3497 3 44 3 25 0 0 0 0 0 605 0 138 0 0 89288 0 6 0 689 818 0 24528 84490 6 10 
0 0 135 0 0 0 0 0 0 0 0 46071 0 0 0 0 12764 15 2 17354 0 0 0 72 0 138 0 381 0 3 164 80950 0 0 0 0 8 394 257 0 
16 1 837 11237 0 18 0 0 0 14059 0 0 0 1794 0 0 0 38 0 365 0 7 2955 0 0 0 381 0 0 2 4 14 0 10 0 52622 134 7 1 0 
0 0 6415 3 0 0 0 0 19224 49891 0 0 65 77271 17 0 8 0 0 3758 0 18193 473 2831 0 0 0 0 0 148 0 0 11548 0 0 0 92 34 0 0 
0 52498 0 0 231 0 0 0 0 10 0 0 0 3 0 1095 2 0 0 779 0 570 36004 1 0 89288 3 2 148 0 0 82 0 786 8499 0 0 44094 22 21779 
0 9082 0 47270 264 0 0 23059 0 0 54 0 0 0 7 0 4 0 221 6879 6834 0 0 4 3120 0 164 4 0 0 0 469 7 0 11 0 1 18 0 0 
24544 0 7 14487 9475 0 316 0 2327 0 1038 2 0 0 98 8983 0 0 18623 53569 0 1 1 18 0 6 80950 14 0 82 469 0 0 368 0 3 0 0 1 21 
88 1 648 325 3 77128 0 0 0 15 0 2 927 0 0 0 7713 33084 5 1 18 2 0 807 0 0 0 0 11548 0 7 0 0 0 37 16 269 60 228 0 
865 15 0 0 1018 332 446 11556 0 0 0 0 0 13227 439 0 0 217 0 1 0 1 386 18778 0 689 0 10 0 786 0 368 0 0 16724 81 13294 63732 1022 196 
0 37 23073 0 208 0 8604 0 0 0 0 0 55 31068 0 2365 0 154 42462 0 149 3 0 0 0 818 0 0 0 8499 11 0 37 16724 0 17 0 0 2 115 
0 0 0 0 12336 117 0 0 2010 35550 68425 0 18017 66207 2 53 105 0 0 10 44335 0 0 0 0 0 0 52622 0 0 0 3 16 81 17 0 32648 14 22545 14681 
654 0 0 0 418 1 236 256 0 0 0 0 369 0 28788 1103 0 0 0 1 0 19106 1450 0 0 24528 8 134 92 0 1 0 269 13294 0 32648 0 605 0 11139 
0 0 0 0 134 0 0 0 0 0 0 12629 0 0 0 0 0 122 0 0 2419 113 0 0 0 84490 394 7 34 44094 18 0 60 63732 0 14 605 0 30003 0 
0 6 10 0 0 0 1 9 22689 55 7132 0 2303 61 0 0 422 17098 1 0 16 621 0 0 0 6 257 1 0 22 0 1 228 1022 2 22545 0 30003 0 11968 
27939 5 2 0 0 167 42175 0 0 22 72 0 271 1 185 322 0 1753 66 0 312 0 21902 14 5247 10 0 0 0 21779 0 21 0 196 115 14681 11139 0 11968 0 
0 17837 85 12 1695 0 4137 0 2013 0 632 9627 10174 3452 0 0 0 0 32561 22 0 63718 0 2 0 0 0 0 0 0 0 0 0 0 3 0 20373 0 11 52577 
17837 0 45162 0 0 0 24876 0 0 3270 33497 85 0 0 2 0 5522 11266 6 13 2 0 79208 0 0 0 0 28564 0 64446 0 0 113 25 0 15 5 9653 149 1 
85 45162 0 3925 0 4 5371 6859 0 322 3 0 22371 12841 0 16424 0 9 1720 47 1402 7 25 0 84 1 408 0 16 0 0 0 476 23 0 26384 0 4057 0 0 
12 0 3925 0 0 73 0 0 0 1 153 0 2 0 0 0 22 4 0 58 15 11162 0 29 223 0 81 0 75 9 0 16166 3780 0 6075 69039 32089 11 0 0 
1695 0 0 0 0 3 0 500 0 1041 0 204 9487 0 0 17 0 0 0 0 12893 0 0 2 0 68 0 3546 0 0 0 0 13338 0 0 37130 0 0 271 314 
0 0 4 73 3 0 0 5 0 0 0 52136 51 3095 0 130 0 0 0 33 0 4 0 0 1471 0 36 2 428 3033 3753 0 16 76231 1102 0 164 0 8 0 
4137 24876 5371 0 0 0 0 592 20072 1 0 0 0 11 0 379 0 13 4 53 0 61122 1223 0 164 708 0 0 155 148 0 0 0 402 0 0 4082 29 0 6224 
0 0 6859 0 500 5 592 0 22773 0 1408 0 714 0 0 0 0 0 780 9983 0 0 1359 0 0 0 0 0 96 410 0 9632 0 145 0 36 8 0 21 0 
2013 0 0 0 0 0 20072 22773 0 0 0 0 80 0 9717 10286 0 2833 5 31936 39888 0 115 0 5138 11 711 10 5182 18 0 13713 0 18 0 0 0 0 0 34 
0 3270 322 1 1041 0 1 0 0 0 0 0 0 10 0 0 0 0 18 0 0 178 32 0 25 2738 0 15 0 0 145 0 0 0 0 0 0 12 0 127 
632 33497 3 153 0 0 0 1408 0 0 0 7117 0 582 830 39398 45 0 18037 0 0 0 922 0 215 16824 18 0 201 6 0 0 0 0 0 0 0 556 0 0 
9627 85 0 0 204 52136 0 0 0 0 7117 0 0 33 6 0 7416 762 48 0 0 0 0 0 23 0 40101 0 0 1197 3812 0 0 7 17 0 20493 0 0 58 
10174 0 22371 2 9487 51 0 714 80 0 0 0 0 0 42369 1163 0 0 0 12 0 0 103 12847 1 476 0 0 0 0 0 1 26 0 0 1 1 0 0 10 
3452 0 12841 0 0 3095 11 0 0 10 582 33 0 0 3 0 0 10 4 0 0 0 0 0 65483 0 0 0 30821 9 0 0 2248 4765 0 2 201 87 27385 42 
0 2 0 0 0 0 0 0 9717 0 830 6 42369 3 0 22613 1079 0 2125 0 17 0 1030 0 0 1367 0 0 0 0 0 49 0 5 9691 0 0 5685 192 0 
0 0 16424 0 17 130 379 0 10286 0 39398 0 1163 0 22613 0 0 15246 0 0 27 0 1 1377 0 974 0 11 21 520 0 0 945 0 0 1539 65 2461 0 0 
0 5522 0 22 0 0 0 0 0 0 45 7416 0 0 1079 0 0 1020 14356 0 301 4358 3165 0 255 442 1 0 0 1 2025 0 1294 1 21 0 51898 0 125 0 
0 11266 9 4 0 0 13 0 2833 0 0 762 0 10 0 15246 1020 0 0 3 0 1 62 0 1034 6 0 1 5870 0 2 0 0 23599 0 0 14 1 4407 97 
32561 6 1720 0 0 0 4 780 5 18 18037 48 0 4 2125 0 14356 0 0 25 0 0 7711 2556 0 4 0 2284 0 0 544 0 0 43398 32 0 84870 0 2 0 
22 13 47 58 0 33 53 9983 31936 0 0 0 12 0 0 0 0 3 25 0 1799 0 0 0 4289 27531 0 11661 9704 1 0 9 141 1 0 0 2 315 81185 0 
0 2 1402 15 12893 0 0 0 39888 0 0 0 0 0 17 27 301 0 0 1799 0 471 0 0 54223 0 0 9189 0 0 52040 7910 0 0 0 57768 11 0 0 0 
63718 0 7 11162 0 4 61122 0 0 178 0 0 0 0 0 0 4358 1 0 0 471 0 5 0 0 0 5980 0 428 0 0 55714 110 0 640 0 1183 178 0 1179 
0 79208 25 0 0 0 1223 1359 115 32 922 0 103 0 1030 1 3165 62 7711 0 0 5 0 5812 28444 6 1216 4909 8106 8636 25611 1041 0 0 0 26735 10 5116 0 0 
2 0 0 29 2 0 0 0 0 0 0 0 12847 0 0 1377 0 0 2556 0 0 0 5812 0 0 0 0 7697 9 0 0 0 0 0 28 79 0 25025 0 0 
0 0 84 223 0 1471 164 0 5138 25 215 23 1 65483 0 0 255 1034 0 4289 54223 0 28444 0 0 1545 0 6 37219 918 818 0 0 204 0 0 0 0 0 0 
0 0 1 0 68 0 708 0 11 2738 16824 0 476 0 1367 974 442 6 4 27531 0 0 6 0 1545 0 383 0 0 5077 233 0 0 0 3 66 0 78285 0 0 
0 0 408 81 0 36 0 0 711 0 18 40101 0 0 0 0 1 0 0 0 0 5980 1216 0 0 383 0 41 0 296 3411 0 1 0 71 0 95987 0 312 53696 
0 28564 0 0 3546 2 0 0 10 15 0 0 0 0 0 11 0 1 2284 11661 9189 0 4909 7697 6 0 41 0 54 0 0 0 0 0 0 1 0 277 22 1925 
0 0 16 75 0 428 155 96 5182 0 201 0 0 30821 0 21 0 5870 0 9704 0 428 8106 9 37219 0 0 54 0 0 0 477 4530 0 52 81 10122 13872 0 0 
0 64446 0 9 0 3033 148 410 18 0 6 1197 0 9 0 520 1 0 0 1 0 0 8636 0 918 5077 296 0 0 0 0 30494 0 0 0 0 0 21491 4263 13 
0 0 0 0 0 3753 0 0 0 145 0 3812 0 0 0 0 2025 2 544 0 52040 0 25611 0 818 233 3411 0 0 0 0 0 22 21495 10 97529 0 66 0 8630 
0 0 0 16166 0 0 0 9632 13713 0 0 0 1 0 49 0 0 0 0 9 7910 55714 1041 0 0 0 0 0 477 30494 0 0 12108 395 0 972 0 0 1038 0 
0 113 476 3780 13338 16 0 0 0 0 0 0 26 2248 0 945 1294 0 0 141 0 110 0 0 0 0 1 0 4530 0 22 12108 0 0 2234 0 1 0 25288 163 
0 25 23 0 0 76231 402 145 18 0 0 7 0 4765 5 0 1 23599 43398 1 0 0 0 0 204 0 0 0 0 0 21495 395 0 0 6055 2188 0 0 0 1643 
3 0 0 6075 0 1102 0 0 0 0 0 17 0 0 9691 0 21 0 32 0 0 640 0 28 0 3 71 0 52 0 10 0 2234 6055 0 2 0 0 0 6209 
0 15 26384 69039 37130 0 0 36 0 0 0 0 1 2 0 1539 0 0 0 0 57768 0 26735 79 0 66 0 1 81 0 97529 972 0 2188 2 0 10885 16 0 0 
20373 5 0 32089 0 164 4082 8 0 0 0 20493 1 201 0 65 51898 14 84870 2 11 1183 10 0 0 0 95987 0 10122 0 0 0 1 0 0 10885 0 0 12 0 
0 9653 4057 11 0 0 29 0 0 12 556 0 0 87 5685 2461 0 1 0 315 0 178 5116 25025 0 78285 0 277 13872 21491 66 0 0 0 0 16 0 0 0 0 
11 149 0 0 271 8 0 21 0 0 0 0 0 27385 192 0 125 4407 2 81185 0 0 0 0 0 0 312 22 0 4263 0 1038 25288 0 0 0 12 0 0 869 
52577 1 0 0 314 0 6224 0 34 127 0 58 10 42 0 0 0 97 0 0 0 1179 0 0 0 0 53696 1925 0 13 8630 0 163 1643 6209 0 0 0 869 0 
