9 3
0 123 17 72 89 90 77 84 122 
123 0 116 51 121 48 96 115 59 
17 116 0 64 101 90 86 66 108 
72 51 64 0 97 39 71 77 62 
89 121 101 97 0 73 26 158 158 
90 48 90 39 73 0 47 116 91 
77 96 86 71 26 47 0 136 132 
84 115 66 77 158 116 136 0 73 
122 59 108 62 158 91 132 73 0 
0 0 0 0 0 7195 0 93 89 
0 0 0 227 1787 0 0 0 330 
0 0 0 693 0 0 0 1789 0 
0 227 693 0 0 0 4135 861 0 
0 1787 0 0 0 4699 0 44859 78 
7195 0 0 0 4699 0 0 0 0 
0 0 0 4135 0 0 0 49516 67 
93 0 1789 861 44859 0 49516 0 0 
89 330 0 0 78 0 67 0 0 
0 7049 0 0 0 149 60993 12 3 
7049 0 0 82 0 434 7 14113 0 
0 0 0 236 0 0 230 80 0 
0 82 236 0 528 0 0 23 0 
0 0 0 528 0 44390 2861 0 15 
149 434 0 0 44390 0 402 0 3133 
60993 7 230 0 2861 402 0 0 0 
12 14113 80 23 0 0 0 0 112 
3 0 0 0 15 3133 0 112 0 
0 0 29 0 0 24207 0 0 807 
0 0 0 1739 0 61 0 15 0 
29 0 0 55106 24421 0 2 123 122 
0 1739 55106 0 0 10521 1678 0 4413 
0 0 24421 0 0 28 0 0 1 
24207 61 0 10521 28 0 0 1 0 
0 0 2 1678 0 0 0 0 5576 
0 15 123 0 0 1 0 0 0 
807 0 122 4413 1 0 5576 0 0 
