40 4
0 46 118 40 96 98 46 64 2 33 36 47 55 9 108 78 35 54 61 95 45 105 61 79 70 72 108 28 39 45 38 87 44 18 35 31 32 15 62 109 
46 0 88 10 53 127 3 66 48 60 37 19 78 48 107 43 36 50 104 90 43 84 63 35 92 25 124 21 29 63 42 51 30 53 36 49 49 33 99 116 
118 88 0 85 53 137 85 71 120 144 83 106 102 125 70 117 84 138 148 59 75 25 72 92 105 80 111 92 78 92 82 118 118 110 84 135 94 113 133 90 
40 10 85 0 56 117 8 56 42 59 26 26 68 43 98 54 26 55 95 82 33 79 53 44 82 34 114 12 19 52 32 61 35 44 26 50 39 29 89 107 
96 53 53 56 0 154 51 82 98 112 71 66 108 100 106 67 71 96 146 90 69 65 81 42 118 33 138 68 62 93 74 66 78 97 71 102 86 85 136 122 
98 127 137 117 154 0 125 72 99 127 90 138 49 106 75 170 91 153 52 79 87 112 73 161 36 148 37 107 99 64 85 178 140 81 91 129 77 111 38 58 
46 3 85 8 51 125 0 63 48 61 34 22 76 49 104 46 34 53 103 87 40 81 60 36 90 26 122 20 27 60 40 53 33 52 34 51 48 34 98 113 
64 66 71 56 82 72 63 0 66 97 32 83 30 73 44 110 33 107 76 31 23 50 3 95 36 81 59 52 37 22 27 116 89 48 33 92 32 67 61 50 
2 48 120 42 98 99 48 66 0 32 38 48 56 7 110 78 37 54 61 97 47 107 63 81 71 74 110 30 42 47 41 88 44 19 37 30 34 16 62 110 
33 60 144 59 112 127 61 97 32 0 67 48 88 24 142 71 66 34 83 128 77 134 94 83 103 82 141 52 68 79 71 81 38 51 66 10 65 31 89 143 
36 37 83 26 71 90 34 32 38 67 0 51 41 44 77 80 1 75 74 61 10 68 29 70 55 58 88 20 9 26 5 88 57 27 1 61 15 36 66 82 
47 19 106 26 66 138 22 83 48 48 51 0 90 45 125 31 50 31 108 109 59 103 80 35 105 34 140 31 46 76 57 41 12 59 50 37 61 32 107 133 
55 78 102 68 108 49 76 30 56 88 41 90 0 63 62 121 41 107 46 54 39 80 29 112 15 99 53 58 50 15 36 129 93 36 41 86 28 65 31 57 
9 48 125 43 100 106 49 73 7 24 44 45 63 0 117 75 43 47 66 104 53 112 70 79 79 73 117 33 47 54 47 85 40 27 43 23 41 14 69 118 
108 107 70 98 106 75 104 44 110 142 77 125 62 117 0 149 78 152 105 17 67 45 48 131 55 116 42 96 80 64 72 155 133 92 78 137 76 112 87 20 
78 43 117 54 67 170 46 110 78 71 80 31 121 75 149 0 80 40 140 132 87 120 107 25 135 36 168 62 73 106 86 10 35 91 80 61 92 63 138 160 
35 36 84 26 71 91 34 33 37 66 1 50 41 43 78 80 0 74 74 62 11 69 30 70 55 58 89 19 9 26 6 87 56 27 0 60 15 35 66 83 
54 50 138 55 96 153 53 107 54 34 75 31 107 47 152 40 74 0 113 136 84 134 104 59 123 63 160 55 72 95 80 50 20 72 74 26 80 42 117 157 
61 104 148 95 146 52 103 76 61 83 74 108 46 66 105 140 74 113 0 100 77 126 75 139 50 129 81 83 83 56 71 149 106 51 74 87 59 76 18 94 
95 90 59 82 90 79 87 31 97 128 61 109 54 104 17 132 62 136 100 0 52 34 34 114 51 99 52 81 64 52 57 138 117 79 62 123 63 98 83 32 
45 43 75 33 69 87 40 23 47 77 10 59 39 53 67 87 11 84 77 52 0 59 20 74 51 61 81 29 13 24 7 94 66 35 11 71 19 46 67 74 
105 84 25 79 65 112 81 50 107 134 68 103 80 112 45 120 69 134 126 34 59 0 51 98 81 84 86 82 66 72 66 123 114 93 69 127 77 102 111 65 
61 63 72 53 81 73 60 3 63 94 29 80 29 70 48 107 30 104 75 34 20 51 0 93 37 79 61 49 34 20 24 114 86 45 30 89 29 64 61 53 
79 35 92 44 42 161 36 95 81 83 70 35 112 79 131 25 70 59 139 114 74 98 93 0 125 14 155 56 62 96 75 25 45 88 70 72 84 65 134 143 
70 92 105 82 118 36 90 36 71 103 55 105 15 79 55 135 55 123 50 51 51 81 37 125 0 112 38 73 63 29 50 143 108 52 55 102 44 80 32 45 
72 25 80 34 33 148 26 81 74 82 58 34 99 73 116 36 58 63 129 99 61 84 79 14 112 0 140 46 49 83 63 39 45 78 58 71 72 59 123 129 
108 124 111 114 138 37 122 59 110 141 88 140 53 117 42 168 89 160 81 52 81 86 61 155 38 140 0 108 95 65 82 175 144 90 89 140 80 118 64 22 
28 21 92 12 68 107 20 52 30 52 20 31 58 33 96 62 19 55 83 81 29 82 49 56 73 46 108 0 17 44 25 70 37 32 19 44 30 20 78 102 
39 29 78 19 62 99 27 37 42 68 9 46 50 47 80 73 9 72 83 64 13 66 34 62 63 49 95 17 0 34 13 81 53 34 9 61 24 36 75 87 
45 63 92 52 93 64 60 22 47 79 26 76 15 54 64 106 26 95 56 52 24 72 20 96 29 83 65 44 34 0 20 114 79 28 26 76 15 53 43 63 
38 42 82 32 74 85 40 27 41 71 5 57 36 47 72 86 6 80 71 57 7 66 24 75 50 63 82 25 13 20 0 94 62 27 6 65 12 40 62 77 
87 51 118 61 66 178 53 116 88 81 88 41 129 85 155 10 87 50 149 138 94 123 114 25 143 39 175 70 81 114 94 0 45 100 87 71 100 72 148 166 
44 30 118 35 78 140 33 89 44 38 57 12 93 40 133 35 56 20 106 117 66 114 86 45 108 45 144 37 53 79 62 45 0 59 56 27 65 29 106 139 
18 53 110 44 97 81 52 48 19 51 27 59 36 27 92 91 27 72 51 79 35 93 45 88 52 78 90 32 34 28 27 100 59 0 27 50 17 30 47 91 
35 36 84 26 71 91 34 33 37 66 1 50 41 43 78 80 0 74 74 62 11 69 30 70 55 58 89 19 9 26 6 87 56 27 0 60 15 35 66 83 
31 49 135 50 102 129 51 92 30 10 61 37 86 23 137 61 60 26 87 123 71 127 89 72 102 71 140 44 61 76 65 71 27 50 60 0 62 25 92 140 
32 49 94 39 86 77 48 32 34 65 15 61 28 41 76 92 15 80 59 63 19 77 29 84 44 72 80 30 24 15 12 100 65 17 15 62 0 38 51 77 
15 33 113 29 85 111 34 67 16 31 36 32 65 14 112 63 35 42 76 98 46 102 64 65 80 59 118 20 36 53 40 72 29 30 35 25 38 0 76 116 
62 99 133 89 136 38 98 61 62 89 66 107 31 69 87 138 66 117 18 83 67 111 61 134 32 123 64 78 75 43 62 148 106 47 66 92 51 76 0 76 
109 116 90 107 122 58 113 50 110 143 82 133 57 118 20 160 83 157 94 32 74 65 53 143 45 129 22 102 87 63 77 166 139 91 83 140 77 116 76 0 
0 0 0 0 0 0 0 0 63 0 0 5 0 3710 0 1999 13 4212 259 1211 33054 25305 1 0 1 10383 0 62253 67283 3197 7 7 123 1503 0 0 0 183 4 0 
0 0 0 0 0 616 0 0 0 104 0 0 0 112 0 0 0 0 0 0 574 12 856 0 0 0 3 0 10 3102 0 0 68 0 89 6015 24 0 0 0 
0 0 0 0 11060 0 0 0 0 11339 0 28213 218 259 0 0 243 0 0 0 3943 323 0 0 11 0 0 7442 2475 481 9374 30 36413 1655 1928 14 0 28571 436 0 
0 0 0 0 0 12863 1637 20 0 3151 0 0 812 0 0 23649 525 44 0 3 0 54 0 0 0 0 0 5780 0 0 0 5 1302 0 8 0 17213 49539 0 251 
0 0 11060 0 0 11361 244 11274 3 0 0 0 27153 0 0 24876 53735 0 25 0 9 34 29489 68242 0 0 0 0 61790 0 0 283 15887 2764 0 3 0 0 1415 28 
0 616 0 12863 11361 0 439 0 0 294 5173 2588 20439 12111 0 0 0 299 0 204 1372 0 0 0 7218 0 0 0 0 4851 0 0 3807 0 77 0 0 0 0 0 
0 0 0 1637 244 439 0 0 85418 1 0 2411 0 0 438 0 0 0 0 8 47844 0 0 0 0 0 0 4 0 0 0 6 0 0 0 0 9778 1010 0 29 
0 0 0 20 11274 0 0 0 0 0 21935 0 0 1 0 8 9 0 0 0 9 2126 0 0 0 0 27182 0 0 0 0 0 14247 0 0 129 1 1 0 0 
63 0 0 0 3 0 85418 0 0 2662 0 5373 0 0 0 3 1851 0 56035 0 147 93 0 70 37906 8 329 6607 0 0 8918 0 0 66 21 0 49504 0 0 0 
0 104 11339 3151 0 294 1 0 2662 0 0 0 0 89858 29 2 0 0 2486 0 110 0 0 62 3981 5 7283 3979 35 0 0 0 7 35665 22 0 10433 6427 0 0 
0 0 0 0 0 5173 0 21935 0 0 0 0 166 14587 0 0 107 0 0 0 52 0 70711 408 14 0 5 0 0 301 0 0 0 0 53885 21881 0 0 0 0 
5 0 28213 0 0 2588 2411 0 5373 0 0 0 7 316 19743 7 0 0 2 8 0 307 142 0 285 784 0 2 0 0 862 0 0 0 0 18683 0 0 0 7569 
0 0 218 812 27153 20439 0 0 0 0 166 7 0 0 1 0 2 592 0 0 61 0 0 36 37994 0 307 479 0 70317 0 0 86276 50370 1352 42 46 0 8789 9986 
3710 112 259 0 0 12111 0 1 0 89858 14587 316 0 0 236 1493 11321 1 8 5202 0 205 0 200 45 0 0 0 287 1 0 0 0 3730 0 1380 0 0 1466 9 
0 0 0 0 0 0 438 0 0 29 0 19743 1 236 0 0 0 0 5 438 99119 83010 6632 1 46101 12669 3775 0 0 650 96 0 0 8 0 2 0 159 6700 0 
1999 0 0 23649 24876 0 0 8 3 2 0 7 0 1493 0 0 65 0 34778 3935 0 0 23 0 22 0 0 0 0 0 0 0 115 16 0 0 16 14340 468 8 
13 0 243 525 53735 0 0 9 1851 0 107 0 2 11321 0 65 0 22 80 0 0 43956 0 0 31 0 6912 52 42501 1 30809 71 31086 5 3 0 343 0 0 0 
4212 0 0 44 0 299 0 0 0 0 0 0 592 1 0 0 22 0 0 54 0 0 0 0 1729 1103 726 0 48 20474 20 33545 0 0 0 0 0 117 215 0 
259 0 0 0 25 0 0 0 56035 2486 0 2 0 8 5 34778 80 0 0 0 21231 1507 9189 0 29 0 0 57 0 24037 0 0 27712 0 0 0 1 35122 3 16 
1211 0 0 3 0 204 8 0 0 0 0 8 0 5202 438 3935 0 54 0 0 421 322 0 0 0 18 0 0 0 92683 9 0 0 0 12 0 1010 0 627 0 
33054 574 3943 0 9 1372 47844 9 147 110 52 0 61 0 99119 0 0 0 21231 421 0 0 0 0 0 0 1 0 232 0 0 376 0 0 2990 0 0 1821 1 0 
25305 12 323 54 34 0 0 2126 93 0 0 307 0 205 83010 0 43956 0 1507 322 0 0 11 42 932 0 0 0 0 1 0 0 0 4 0 550 458 4 0 0 
1 856 0 0 29489 0 0 0 0 0 70711 142 0 0 6632 23 0 0 9189 0 0 11 0 0 25 0 0 145 0 3762 8749 17922 18 99751 0 59 8631 683 0 0 
0 0 0 0 68242 0 0 0 70 62 408 0 36 200 1 0 0 0 0 0 0 42 0 0 5 0 26 0 74 18281 0 0 2067 0 0 0 4481 63 0 0 
1 0 11 0 0 7218 0 0 37906 3981 14 285 37994 45 46101 22 31 1729 29 0 0 932 25 5 0 5669 1176 0 58 44 21784 0 0 2 7 13 1779 0 0 0 
10383 0 0 0 0 0 0 0 8 5 0 784 0 0 12669 0 0 1103 0 18 0 0 0 0 5669 0 3 0 2 2065 1 0 509 0 0 0 2 41384 0 305 
0 3 0 0 0 0 0 27182 329 7283 5 0 307 0 3775 0 6912 726 0 0 1 0 0 26 1176 3 0 0 0 2963 0 2639 472 1063 110 0 6 0 0 0 
62253 0 7442 5780 0 0 4 0 6607 3979 0 2 479 0 0 0 52 0 57 0 0 0 145 0 0 0 0 0 0 0 11 0 0 54 16390 0 16604 0 0 0 
67283 10 2475 0 61790 0 0 0 0 35 0 0 0 287 0 0 42501 48 0 0 232 0 0 74 58 2 0 0 0 0 0 4557 0 46 605 9072 11322 5007 0 0 
3197 3102 481 0 0 4851 0 0 0 0 301 0 70317 1 650 0 1 20474 24037 92683 0 1 3762 18281 44 2065 2963 0 0 0 0 7 84511 14 7 73549 0 0 2 0 
7 0 9374 0 0 0 0 0 8918 0 0 862 0 0 96 0 30809 20 0 9 0 0 8749 0 21784 1 0 11 0 0 0 1 0 21838 6 0 0 6420 0 7 
7 0 30 5 283 0 6 0 0 0 0 0 0 0 0 0 71 33545 0 0 376 0 17922 0 0 0 2639 0 4557 7 1 0 0 4 1 0 863 0 10 1703 
123 68 36413 1302 15887 3807 0 14247 0 7 0 0 86276 0 0 115 31086 0 27712 0 0 0 18 2067 0 509 472 0 0 84511 0 0 0 20062 0 187 0 0 63237 34633 
1503 0 1655 0 2764 0 0 0 66 35665 0 0 50370 3730 8 16 5 0 0 0 0 4 99751 0 2 0 1063 54 46 14 21838 4 20062 0 139 43 339 120 0 78 
0 89 1928 8 0 77 0 0 21 22 53885 0 1352 0 0 0 3 0 0 12 2990 0 0 0 7 0 110 16390 605 7 6 1 0 139 0 0 20675 0 4 10 
0 6015 14 0 3 0 0 129 0 0 21881 18683 42 1380 2 0 0 0 0 0 0 550 59 0 13 0 0 0 9072 73549 0 0 187 43 0 0 0 0 0 0 
0 24 0 17213 0 0 9778 1 49504 10433 0 0 46 0 0 16 343 0 1 1010 0 458 8631 4481 1779 2 6 16604 11322 0 0 863 0 339 20675 0 0 68405 0 3739 
183 0 28571 49539 0 0 1010 1 0 6427 0 0 0 0 159 14340 0 117 35122 0 1821 4 683 63 0 41384 0 0 5007 0 6420 0 0 120 0 0 68405 0 9260 0 
4 0 436 0 1415 0 0 0 0 0 0 0 8789 1466 6700 468 0 215 3 627 1 0 0 0 0 0 0 0 0 2 0 10 63237 0 4 0 0 9260 0 0 
0 0 0 251 28 0 29 0 0 0 0 7569 9986 9 0 8 0 0 16 0 0 0 0 0 0 305 0 0 0 0 7 1703 34633 78 10 0 3739 0 0 0 
0 1653 6 12 49201 4 1 52 0 686 5 0 3408 0 11 0 0 0 0 0 0 0 0 173 0 0 44 0 0 0 0 0 0 0 77 37 6 0 0 5477 
1653 0 66 8475 3 0 5072 1 23 0 5 9 1 0 6018 4346 112 7150 12 15 0 0 0 115 82113 19 0 9559 0 0 120 113 0 3614 0 0 0 47553 21799 9255 
6 66 0 11027 0 23 6527 6356 32108 0 116 0 0 0 8641 20340 0 51117 1 1 0 0 32045 278 0 4282 14405 0 0 0 0 0 0 0 0 0 2576 0 0 210 
12 8475 11027 0 16 0 0 0 18 0 2048 76761 0 821 64021 0 0 0 5119 0 15 0 1785 1567 2 774 133 0 10921 542 32 0 0 4 0 19 0 0 3 0 
49201 3 0 16 0 0 0 0 0 5093 4372 55 0 1 4 0 0 30 0 1 0 0 0 0 588 192 150 538 0 59249 9531 0 0 0 1871 0 718 22088 0 0 
4 0 23 0 0 0 0 2412 759 0 0 0 0 0 37 23175 351 0 199 0 0 69 33 1 0 75 4 6 214 0 57 708 0 61 0 55 1337 8 88772 10 
1 5072 6527 0 0 0 0 4 0 0 4 0 3 33 0 68232 24 156 28300 0 0 102 63910 17671 13 23 34 0 640 11412 203 0 35051 10 16100 6 0 0 347 0 
52 1 6356 0 0 2412 4 0 564 4646 0 7011 397 0 8847 0 0 46 6 104 0 0 3867 59783 1084 30670 0 5 12859 2422 1726 6848 0 8826 79497 0 0 0 1728 9 
0 23 32108 18 0 759 0 564 0 0 28 0 3 1419 68766 0 0 16 0 12 0 0 172 0 0 0 0 0 981 229 0 383 1 0 0 3 0 27 332 53 
686 0 0 0 5093 0 0 4646 0 0 777 14840 253 0 0 0 32 4410 0 1062 0 10096 1825 0 0 0 0 0 0 109 204 16635 0 0 0 2 0 0 2 1009 
5 5 116 2048 4372 0 4 0 28 777 0 98 0 0 4072 264 0 35590 1 20072 0 134 0 0 0 1 0 41053 7138 0 32 12 48 51138 0 0 3605 6508 1 83633 
0 9 0 76761 55 0 0 7011 0 14840 98 0 0 0 0 0 3946 24794 0 0 1 0 0 13 0 0 287 0 3 3569 0 5 26833 52 4 0 1860 60 9 0 
3408 1 0 0 0 0 3 397 3 253 0 0 0 27 0 21 0 0 2590 46408 0 7615 69240 0 0 1 0 0 46 0 9663 478 0 0 0 0 0 4863 0 0 
0 0 0 821 1 0 33 0 1419 0 0 0 27 0 0 0 0 0 0 0 4 0 484 0 0 48296 6112 8 0 0 320 78 9 0 146 0 30126 1 0 0 
11 6018 8641 64021 4 37 0 8847 68766 0 4072 0 0 0 0 11267 5422 351 0 0 0 0 0 0 0 0 0 15 1 0 0 23 55090 0 13297 0 63 0 0 15 
0 4346 20340 0 0 23175 68232 0 0 0 264 0 21 0 11267 0 0 2477 0 0 58261 4 0 270 0 39 31 4 14480 9 354 109 0 0 1 5173 0 0 0 0 
0 112 0 0 0 351 24 0 0 32 0 3946 0 0 5422 0 0 0 0 1634 30265 0 33 33769 0 6 0 0 0 0 0 0 0 0 0 3 0 92 2 8 
0 7150 51117 0 30 0 156 46 16 4410 35590 24794 0 0 351 2477 0 0 12 0 37 66 148 973 0 0 0 19483 0 0 0 0 26135 2 102 1 32073 0 0 64847 
0 12 1 5119 0 199 28300 6 0 0 1 0 2590 0 0 0 0 12 0 1524 0 0 0 6471 0 1 55 0 30084 0 2400 1677 0 8924 137 2377 0 0 0 0 
0 15 1 0 1 0 0 104 12 1062 20072 0 46408 0 0 0 1634 0 1524 0 0 0 35077 15 10 0 6 6643 30331 0 0 1072 14 6554 0 1958 0 120 0 1 
0 0 0 15 0 0 0 0 0 0 0 1 0 4 0 58261 30265 37 0 0 0 3 53 4223 2237 1 0 18 0 27968 3346 0 2682 36 0 778 1 0 0 1792 
0 0 0 0 0 69 102 0 0 10096 134 0 7615 0 0 4 0 66 0 0 3 0 0 0 0 185 2640 1 70061 0 4344 28 209 0 1869 0 0 0 1528 1079 
0 0 32045 1785 0 33 63910 3867 172 1825 0 0 69240 484 0 0 33 148 0 35077 53 0 0 94 0 610 13862 0 44 0 0 0 0 0 25051 0 0 0 38 4028 
173 115 278 1567 0 1 17671 59783 0 0 0 13 0 0 0 270 33769 973 6471 15 4223 0 94 0 0 1 0 7851 0 0 15445 1 0 1292 35 1 0 0 26946 1849 
0 82113 0 2 588 0 13 1084 0 0 0 0 0 0 0 0 0 0 0 10 2237 0 0 0 0 0 0 62515 0 0 0 731 850 0 0 0 0 4 5522 6 
0 19 4282 774 192 75 23 30670 0 0 1 0 1 48296 0 39 6 0 1 0 1 185 610 1 0 0 0 318 0 0 0 306 0 1229 7 87922 0 0 127 0 
44 0 14405 133 150 4 34 0 0 0 0 287 0 6112 0 31 0 0 55 6 0 2640 13862 0 0 0 0 28 149 0 76 0 0 0 0 5 0 12535 1745 2425 
0 9559 0 0 538 6 0 5 0 0 41053 0 0 8 15 4 0 19483 0 6643 18 1 0 7851 62515 318 28 0 198 82795 0 181 129 0 0 8 0 8 23016 94105 
0 0 0 10921 0 214 640 12859 981 0 7138 3 46 0 1 14480 0 0 30084 30331 0 70061 44 0 0 0 149 198 0 16 24 0 1 0 0 0 0 0 4120 14 
0 0 0 542 59249 0 11412 2422 229 109 0 3569 0 0 0 9 0 0 0 0 27968 0 0 0 0 0 0 82795 16 0 1 0 0 0 0 0 19171 983 0 9 
0 120 0 32 9531 57 203 1726 0 204 32 0 9663 320 0 354 0 0 2400 0 3346 4344 0 15445 0 0 76 0 24 1 0 0 68 0 0 635 4 0 1 0 
0 113 0 0 0 708 0 6848 383 16635 12 5 478 78 23 109 0 0 1677 1072 0 28 0 1 731 306 0 181 0 0 0 0 393 0 0 2384 0 83 0 0 
0 0 0 0 0 0 35051 0 1 0 48 26833 0 9 55090 0 0 26135 0 14 2682 209 0 0 850 0 0 129 1 0 68 393 0 0 1783 0 18 1 0 0 
0 3614 0 4 0 61 10 8826 0 0 51138 52 0 0 0 0 0 2 8924 6554 36 0 0 1292 0 1229 0 0 0 0 0 0 0 0 0 0 0 0 1 0 
77 0 0 0 1871 0 16100 79497 0 0 0 4 0 146 13297 1 0 102 137 0 0 1869 25051 35 0 7 0 0 0 0 0 0 1783 0 0 1 0 273 0 0 
37 0 0 19 0 55 6 0 3 2 0 0 0 0 0 5173 3 1 2377 1958 778 0 0 1 0 87922 5 8 0 0 635 2384 0 0 1 0 5 2 2736 73 
6 0 2576 0 718 1337 0 0 0 0 3605 1860 0 30126 63 0 0 32073 0 0 1 0 0 0 0 0 0 0 0 19171 4 0 18 0 0 5 0 0 261 0 
0 47553 0 0 22088 8 0 0 27 0 6508 60 4863 1 0 0 92 0 0 120 0 0 0 0 4 0 12535 8 0 983 0 83 1 0 273 2 0 0 0 22500 
0 21799 0 3 0 88772 347 1728 332 2 1 9 0 0 0 0 2 0 0 0 0 1528 38 26946 5522 127 1745 23016 4120 0 1 0 0 1 0 2736 261 0 0 29454 
5477 9255 210 0 0 10 0 9 53 1009 83633 0 0 0 15 0 8 64847 0 1 1792 1079 4028 1849 6 0 2425 94105 14 9 0 0 0 0 0 73 0 22500 29454 0 
0 34 32623 14 10 85 24 178 0 21 1320 0 61585 0 2922 0 0 0 0 0 0 0 0 5 0 0 2100 0 0 0 0 0 0 0 51 439 15520 0 0 64401 
34 0 65197 17180 474 0 699 56562 3436 0 33282 13 94235 0 11 1 18 238 21614 7 0 0 0 403 3 1897 0 260 0 0 6339 897 0 10 0 0 0 1694 40 30 
32623 65197 0 1686 0 67719 1744 5847 691 0 46679 0 0 0 10147 54296 0 289 10343 495 0 0 7437 175 0 36 61 0 0 0 0 0 0 0 0 0 302 0 0 1 
14 17180 1686 0 71122 0 0 0 913 0 109 1 0 3 12018 0 0 0 18521 0 1554 0 38 5 1948 2 1 0 17 70936 29397 0 0 17036 0 36 0 0 93 0 
10 474 0 71122 0 0 0 0 0 1975 20432 20339 0 16191 9845 0 0 37 0 2 0 0 0 0 54 3 156 38637 0 331 93 0 0 0 1827 0 68352 65969 0 0 
85 0 67719 0 0 0 0 1 40 0 0 0 0 0 1088 10 1786 0 61 0 0 122 5421 9 0 40 747 88 8 0 212 335 0 64 0 189 5631 132 3 7 
24 699 1744 0 0 0 0 3597 0 0 4 0 98050 10 0 1316 193 12693 67 0 0 6736 30 41 4528 4 289 0 10 54244 570 0 9103 164 19451 521 0 0 4539 0 
178 56562 5847 0 0 1 3597 0 2204 8905 0 3 59251 0 166 0 0 1596 22963 1 0 0 13388 8031 147 465 0 639 2 3 11 871 0 652 768 0 0 0 6826 268 
0 3436 691 913 0 40 0 2204 0 0 419 0 101 56 7 0 0 2148 0 1488 0 0 3 0 0 0 0 0 1393 3 0 3452 323 0 0 39017 0 67 176 615 
21 0 0 0 1975 0 0 8905 0 0 948 11 49 0 0 0 2 121 0 362 0 1009 51997 0 0 0 0 0 0 76 12 32 0 0 0 301 0 0 1763 14456 
1320 33282 46679 109 20432 0 4 0 419 948 0 200 0 0 2 50540 0 110 16666 5 0 74290 0 0 0 201 0 3 19 0 58718 1 10 2747 0 0 9357 3 32 11916 
0 13 0 1 20339 0 0 3 0 11 200 0 0 0 0 0 21465 3505 0 0 1029 0 0 43440 0 0 1442 0 51716 24599 0 5958 2 3 21365 0 9764 1306 15 0 
61585 94235 0 0 0 0 98050 59251 101 49 0 0 0 83 0 7 0 0 27 116 0 3 46907 0 0 1292 0 0 882 0 18 70728 0 0 0 0 0 42855 0 0 
0 0 0 3 16191 0 10 0 56 0 0 0 83 0 0 0 0 0 0 0 163 0 14499 0 0 101 1 8447 0 0 3779 1174 7851 0 4618 0 4 9007 0 0 
2922 11 10147 12018 9845 1088 0 166 7 0 2 0 0 0 0 54321 2 15826 0 0 0 0 0 0 0 0 0 13629 408 0 0 46 34 0 282 0 12736 0 0 57226 
0 1 54296 0 0 10 1316 0 0 0 50540 0 7 0 54321 0 0 6 0 0 9552 1 0 1 0 7 2 527 425 217 10807 2551 0 0 23 3333 0 0 0 0 
0 18 0 0 0 1786 193 0 0 2 0 21465 0 0 2 0 0 0 0 324 24 0 26701 526 0 361 0 0 0 0 0 0 0 0 0 4437 0 3843 5898 9 
0 238 289 0 37 0 12693 1596 2148 121 110 3505 0 0 15826 6 0 0 12148 0 32268 22949 2 17 0 0 0 77186 0 0 0 0 2137 2 26 1 386 0 0 70038 
0 21614 10343 18521 0 61 67 22963 0 0 16666 0 27 0 0 0 0 12148 0 746 0 0 0 15737 0 33 1037 0 29 0 1 2888 0 15702 764 704 0 0 0 0 
0 7 495 0 2 0 0 1 1488 362 5 0 116 0 0 0 324 0 746 0 0 0 66089 3 6 0 1 49015 52 0 0 80471 3386 98447 0 863 0 32 0 4 
0 0 0 1554 0 0 0 0 0 0 0 1029 0 163 0 9552 24 32268 0 0 0 1351 121 15615 17 3769 0 110 0 546 1 0 52 1249 0 4 16 0 0 52491 
0 0 0 0 0 122 6736 0 0 1009 74290 0 3 0 0 1 0 22949 0 0 1351 0 0 0 0 4 34335 1 2 0 1 23895 1 0 227 0 0 0 22053 31526 
0 0 7437 38 0 5421 30 13388 3 51997 0 0 46907 14499 0 0 26701 2 0 66089 121 0 0 11 0 1 2691 0 267 0 0 0 0 0 223 0 0 0 2 248 
5 403 175 5 0 9 41 8031 0 0 0 43440 0 0 0 1 526 17 15737 3 15615 0 11 0 0 30 0 1765 0 0 589 582 0 634 364 8 0 0 532 1 
0 3 0 1948 54 0 4528 147 0 0 0 0 0 0 0 0 0 0 0 6 17 0 0 0 0 0 0 31958 0 0 0 91 18 0 0 0 0 125 28 50 
0 1897 36 2 3 40 4 465 0 0 201 0 1292 101 0 7 361 0 33 0 3769 4 1 30 0 0 0 9535 0 0 0 77 0 837 14251 89026 0 0 452 0 
2100 0 61 1 156 747 289 0 0 0 0 1442 0 1 0 2 0 0 1037 1 0 34335 2691 0 0 0 0 5889 4241 0 7933 0 0 0 0 157 0 13 5 35182 
0 260 0 0 38637 88 0 639 0 0 3 0 0 8447 13629 527 0 77186 0 49015 110 1 0 1765 31958 9535 5889 0 10020 36309 0 217 36 0 0 15385 0 3647 101 11603 
0 0 0 17 0 8 10 2 1393 0 19 51716 882 0 408 425 0 0 29 52 0 2 267 0 0 0 4241 10020 0 59 10 0 277 0 0 0 0 0 2 282 
0 0 0 70936 331 0 54244 3 3 76 0 24599 0 0 0 217 0 0 0 0 546 0 0 0 0 0 0 36309 59 0 162 0 0 0 0 0 244 54277 0 2 
0 6339 0 29397 93 212 570 11 0 12 58718 0 18 3779 0 10807 0 0 1 0 1 1 0 589 0 0 7933 0 10 162 0 0 7065 0 0 13 23 0 1383 0 
0 897 0 0 0 335 0 871 3452 32 1 5958 70728 1174 46 2551 0 0 2888 80471 0 23895 0 582 91 77 0 217 0 0 0 0 67 0 0 1 0 3 0 0 
0 0 0 0 0 0 9103 0 323 0 10 2 0 7851 34 0 0 2137 0 3386 52 1 0 0 18 0 0 36 277 0 7065 67 0 0 213 0 2443 16790 0 0 
0 10 0 17036 0 64 164 652 0 0 2747 3 0 0 0 0 0 2 15702 98447 1249 0 0 634 0 837 0 0 0 0 0 0 0 0 0 0 0 0 2447 0 
51 0 0 0 1827 0 19451 768 0 0 0 21365 0 4618 282 23 0 26 764 0 0 227 223 364 0 14251 0 0 0 0 0 0 213 0 0 1 0 34191 0 0 
439 0 0 36 0 189 521 0 39017 301 0 0 0 0 0 3333 4437 1 704 863 4 0 0 8 0 89026 157 15385 0 0 13 1 0 0 1 0 967 212 352 1 
15520 0 302 0 68352 5631 0 0 0 0 9357 9764 0 4 12736 0 0 386 0 0 16 0 0 0 0 0 0 0 0 244 23 0 2443 0 0 967 0 0 3142 0 
0 1694 0 0 65969 132 0 0 67 0 3 1306 42855 9007 0 0 3843 0 0 32 0 0 0 0 125 0 13 3647 0 54277 0 3 16790 0 34191 212 0 0 0 1766 
0 40 0 93 0 3 4539 6826 176 1763 32 15 0 0 0 0 5898 0 0 0 0 22053 2 532 28 452 5 101 2 0 1383 0 0 2447 0 352 3142 0 0 74 
64401 30 1 0 0 7 0 268 615 14456 11916 0 0 0 57226 0 9 70038 0 4 52491 31526 248 1 50 0 35182 11603 282 2 0 0 0 0 0 1 0 1766 74 0 
0 191 41670 266 3 2 2497 416 0 6086 24406 0 7 0 1 0 0 0 0 0 0 0 0 2925 0 0 41 0 0 0 0 0 0 0 7863 10843 40 0 0 22422 
191 0 17742 8062 2 0 84 1 355 0 4 1569 27 0 149 15 130 366 40525 10794 0 0 0 22632 2680 158 0 2 0 0 79 98 0 2995 0 0 0 42415 61 27310 
41670 17742 0 175 0 8757 4599 7247 6 0 860 0 0 0 345 3 0 414 53 2013 0 0 3 989 0 1263 96071 0 0 0 0 0 0 0 0 0 277 0 0 271 
266 8062 175 0 22272 0 0 0 1 0 1285 45 0 4598 7819 0 0 0 276 0 22 0 475 71780 28 10631 492 0 23517 188 1160 0 0 1857 0 2485 0 0 2 0 
3 2 0 22272 0 0 0 0 0 13144 429 2113 0 205 1084 0 0 56624 0 59 0 0 0 0 54089 17 84 54958 0 23 12 0 0 0 3 0 38 24 0 0 
2 0 8757 0 0 0 0 8 334 0 0 0 0 0 3988 26 949 0 1 0 0 15 1741 141 0 1169 4520 3 1 0 161 9 0 88972 0 19859 9137 108 54102 253 
2497 84 4599 0 0 0 0 315 0 0 99 0 1020 3086 0 121 27 26191 113 0 0 63 103 10088 3 42626 766 0 30617 89688 354 0 2 66 95788 23097 0 0 15 0 
416 1 7247 0 0 8 315 0 26 7 0 95049 28648 0 4491 0 0 20025 8 14 0 0 9 10 3 1729 0 1149 4332 19 155 96 0 280 1361 0 0 0 48549 5826 
0 355 6 1 0 334 0 26 0 0 223 0 2 240 149 0 0 2104 0 470 0 0 13341 0 0 0 0 0 358 15668 0 5 2 0 0 4452 0 269 7097 3577 
6086 0 0 0 13144 0 0 7 0 0 1 17820 23 0 0 0 2405 551 0 4343 0 269 16 0 0 0 0 0 0 5817 1453 34685 0 0 0 13 0 0 21920 6 
24406 4 860 1285 429 0 99 0 223 1 0 3 0 0 78248 791 0 3396 654 7438 0 202 0 0 0 4 0 39 46150 0 1905 23 2 8395 0 0 17 566 6 340 
0 1569 0 45 2113 0 0 95049 0 17820 3 0 0 0 0 0 45 3 0 0 76 0 0 3 0 0 1071 0 29 7 0 2022 1353 116 148 0 148 1064 651 0 
7 27 0 0 0 0 1020 28648 2 23 0 0 0 31 0 110 0 0 14 661 0 938 570 0 0 1 0 0 30068 0 4619 1 0 0 0 0 0 343 0 0 
0 0 0 4598 205 0 3086 0 240 0 0 0 31 0 0 0 0 0 0 0 721 0 62073 0 0 3203 1499 2927 0 0 14 12253 159 0 75 0 5 37156 0 0 
1 149 345 7819 1084 3988 0 4491 149 0 78248 0 0 0 0 4072 432 32 0 0 0 0 0 0 0 0 0 3 3300 0 0 155 4 0 1 0 119 0 0 16681 
0 15 3 0 0 26 121 0 0 0 791 0 110 0 4072 0 0 259 0 0 148 7 0 62 0 4735 41607 1312 3304 2833 23792 471 0 0 1 29 0 0 0 0 
0 130 0 0 0 949 27 0 0 2405 0 45 0 0 432 0 0 0 0 5142 7314 0 9 633 0 12 0 0 0 0 0 0 0 0 0 170 0 969 3646 2281 
0 366 414 0 56624 0 26191 20025 2104 551 3396 3 0 0 32 259 0 0 6 0 38 26 9250 174 0 0 0 52945 0 0 0 0 343 1 18752 16 7 0 0 3 
0 40525 53 276 0 1 113 8 0 0 654 0 14 0 0 0 0 6 0 492 0 0 0 110 0 43345 61 0 6349 0 26 57 0 2079 34 6859 0 0 0 0 
0 10794 2013 0 59 0 0 14 470 4343 7438 0 661 0 0 0 5142 0 492 0 0 0 74600 1 262 0 1 18982 1717 0 0 1778 199 250 0 1 0 5 0 60 
0 0 0 22 0 0 0 0 0 0 0 76 0 721 0 148 7314 38 0 0 0 1 10716 55697 1240 208 0 3 0 833 1936 0 215 772 0 321 1 0 0 886 
0 0 0 0 0 15 63 0 0 269 202 0 938 0 0 7 0 26 0 0 1 0 0 0 0 27 1 5288 597 0 6082 1 794 0 113 0 0 0 8794 3 
0 0 3 475 0 1741 103 9 13341 16 0 0 570 62073 0 0 9 9250 0 74600 10716 0 0 389 0 68 693 0 11197 0 0 0 0 0 1 0 0 0 4145 4 
2925 22632 989 71780 0 141 10088 10 0 0 0 3 0 0 0 62 633 174 110 1 55697 0 389 0 0 673 0 1231 0 0 2 1 0 3 236 36026 0 0 23156 3 
0 2680 0 28 54089 0 3 3 0 0 0 0 0 0 0 0 0 0 0 262 1240 0 0 0 0 0 0 68 0 0 0 33 7 0 0 0 0 67395 211 56 
0 158 1263 10631 17 1169 42626 1729 0 0 4 0 1 3203 0 4735 12 0 43345 0 208 27 68 673 0 0 0 7 0 0 0 3076 0 13584 4874 4914 0 0 117 0 
41 0 96071 492 84 4520 766 0 0 0 0 1071 0 1499 0 41607 0 0 61 1 0 1 693 0 0 0 0 7769 38647 0 1 0 0 0 0 69798 0 2202 20606 1497 
0 2 0 0 54958 3 0 1149 0 0 39 0 0 2927 3 1312 0 52945 0 18982 3 5288 0 1231 68 7 7769 0 14 12406 0 2 80 0 0 263 0 16 5 87451 
0 0 0 23517 0 1 30617 4332 358 0 46150 29 30068 0 3300 3304 0 0 6349 1717 0 597 11197 0 0 0 38647 14 0 8 125 0 1596 0 0 0 0 0 17559 5 
0 0 0 188 23 0 89688 19 15668 5817 0 7 0 0 0 2833 0 0 0 0 833 0 0 0 0 0 0 12406 8 0 58 0 0 0 0 0 997 2 0 27636 
0 79 0 1160 12 161 354 155 0 1453 1905 0 4619 14 0 23792 0 0 26 0 1936 6082 0 2 0 0 1 0 125 58 0 0 31581 0 0 31557 20 0 52 0 
0 98 0 0 0 9 0 96 5 34685 23 2022 1 12253 155 471 0 0 57 1778 0 1 0 1 33 3076 0 2 0 0 0 0 2 0 0 6833 0 3 0 0 
0 0 0 0 0 0 2 0 2 0 2 1353 0 159 4 0 0 343 0 199 215 794 0 0 7 0 0 80 1596 0 31581 2 0 0 753 0 107 18 0 0 
0 2995 0 1857 0 88972 66 280 0 0 8395 116 0 0 0 0 0 1 2079 250 772 0 0 3 0 13584 0 0 0 0 0 0 0 0 0 0 0 0 6224 0 
7863 0 0 0 3 0 95788 1361 0 0 0 148 0 75 1 1 0 18752 34 0 0 113 1 236 0 4874 0 0 0 0 0 0 753 0 0 423 0 2040 0 0 
10843 0 0 2485 0 19859 23097 0 4452 13 0 0 0 0 0 29 170 16 6859 1 321 0 0 36026 0 4914 69798 263 0 0 31557 6833 0 0 423 0 54959 283 6645 22958 
40 0 277 0 38 9137 0 0 0 0 17 148 0 5 119 0 0 7 0 0 1 0 0 0 0 0 0 0 0 997 20 0 107 0 0 54959 0 0 1162 0 
0 42415 0 0 24 108 0 0 269 0 566 1064 343 37156 0 0 969 0 0 5 0 0 0 0 67395 0 2202 16 0 2 0 3 18 0 2040 283 0 0 0 371 
0 61 0 2 0 54102 15 48549 7097 21920 6 651 0 0 0 0 3646 0 0 0 0 8794 4145 23156 211 117 20606 5 17559 0 52 0 0 6224 0 6645 1162 0 0 41 
22422 27310 271 0 0 253 0 5826 3577 6 340 0 0 0 16681 0 2281 3 0 60 886 3 4 3 56 0 1497 87451 5 27636 0 0 0 0 0 22958 0 371 41 0 
