50 2
0 46 118 40 96 98 46 64 2 33 36 47 55 9 108 78 35 54 61 95 45 105 61 79 70 72 108 28 39 45 38 87 44 18 35 31 32 15 62 109 41 45 37 61 89 27 39 29 62 61 
46 0 88 10 53 127 3 66 48 60 37 19 78 48 107 43 36 50 104 90 43 84 63 35 92 25 124 21 29 63 42 51 30 53 36 49 49 33 99 116 43 28 60 98 101 30 35 74 67 104 
118 88 0 85 53 137 85 71 120 144 83 106 102 125 70 117 84 138 148 59 75 25 72 92 105 80 111 92 78 92 82 118 118 110 84 135 94 113 133 90 80 73 99 135 92 90 79 133 76 148 
40 10 85 0 56 117 8 56 42 59 26 26 68 43 98 54 26 55 95 82 33 79 53 44 82 34 114 12 19 52 32 61 35 44 26 50 39 29 89 107 32 19 50 89 91 20 25 66 58 95 
96 53 53 56 0 154 51 82 98 112 71 66 108 100 106 67 71 96 146 90 69 65 81 42 118 33 138 68 62 93 74 66 78 97 71 102 86 85 136 122 73 57 95 137 116 72 68 121 86 146 
98 127 137 117 154 0 125 72 99 127 90 138 49 106 75 170 91 153 52 79 87 112 73 161 36 148 37 107 99 64 85 178 140 81 91 129 77 111 38 58 86 103 67 41 45 97 92 77 68 52 
46 3 85 8 51 125 0 63 48 61 34 22 76 49 104 46 34 53 103 87 40 81 60 36 90 26 122 20 27 60 40 53 33 52 34 51 48 34 98 113 40 25 58 97 99 28 33 73 65 103 
64 66 71 56 82 72 63 0 66 97 32 83 30 73 44 110 33 107 76 31 23 50 3 95 36 81 59 52 37 22 27 116 89 48 33 92 32 67 61 50 26 38 31 63 36 44 32 68 4 76 
2 48 120 42 98 99 48 66 0 32 38 48 56 7 110 78 37 54 61 97 47 107 63 81 71 74 110 30 42 47 41 88 44 19 37 30 34 16 62 110 43 47 38 61 91 29 41 28 64 61 
33 60 144 59 112 127 61 97 32 0 67 48 88 24 142 71 66 34 83 128 77 134 94 83 103 82 141 52 68 79 71 81 38 51 66 10 65 31 89 143 73 72 71 87 123 56 69 50 95 83 
36 37 83 26 71 90 34 32 38 67 0 51 41 44 77 80 1 75 74 61 10 68 29 70 55 58 88 20 9 26 5 88 57 27 1 61 15 36 66 82 6 14 25 66 65 11 3 52 32 74 
47 19 106 26 66 138 22 83 48 48 51 0 90 45 125 31 50 31 108 109 59 103 80 35 105 34 140 31 46 76 57 41 12 59 50 37 61 32 107 133 58 46 71 106 117 41 51 76 84 108 
55 78 102 68 108 49 76 30 56 88 41 90 0 63 62 121 41 107 46 54 39 80 29 112 15 99 53 58 50 15 36 129 93 36 41 86 28 65 31 57 36 54 19 33 36 48 43 46 26 46 
9 48 125 43 100 106 49 73 7 24 44 45 63 0 117 75 43 47 66 104 53 112 70 79 79 73 117 33 47 54 47 85 40 27 43 23 41 14 69 118 49 51 46 67 98 34 46 32 71 66 
108 107 70 98 106 75 104 44 110 142 77 125 62 117 0 149 78 152 105 17 67 45 48 131 55 116 42 96 80 64 72 155 133 92 78 137 76 112 87 20 70 79 73 90 31 88 76 107 46 105 
78 43 117 54 67 170 46 110 78 71 80 31 121 75 149 0 80 40 140 132 87 120 107 25 135 36 168 62 73 106 86 10 35 91 80 61 92 63 138 160 86 72 102 137 145 72 79 107 111 140 
35 36 84 26 71 91 34 33 37 66 1 50 41 43 78 80 0 74 74 62 11 69 30 70 55 58 89 19 9 26 6 87 56 27 0 60 15 35 66 83 7 14 25 66 66 10 4 51 33 74 
54 50 138 55 96 153 53 107 54 34 75 31 107 47 152 40 74 0 113 136 84 134 104 59 123 63 160 55 72 95 80 50 20 72 74 26 80 42 117 157 81 73 89 115 139 63 75 80 107 113 
61 104 148 95 146 52 103 76 61 83 74 108 46 66 105 140 74 113 0 100 77 126 75 139 50 129 81 83 83 56 71 149 106 51 74 87 59 76 18 94 73 88 51 15 74 75 77 33 72 0 
95 90 59 82 90 79 87 31 97 128 61 109 54 104 17 132 62 136 100 0 52 34 34 114 51 99 52 81 64 52 57 138 117 79 62 123 63 98 83 32 55 63 61 85 33 73 60 97 33 100 
45 43 75 33 69 87 40 23 47 77 10 59 39 53 67 87 11 84 77 52 0 59 20 74 51 61 81 29 13 24 7 94 66 35 11 71 19 46 67 74 5 15 26 67 58 21 8 58 24 77 
105 84 25 79 65 112 81 50 107 134 68 103 80 112 45 120 69 134 126 34 59 0 51 98 81 84 86 82 66 72 66 123 114 93 69 127 77 102 111 65 64 62 80 113 67 78 66 116 54 126 
61 63 72 53 81 73 60 3 63 94 29 80 29 70 48 107 30 104 75 34 20 51 0 93 37 79 61 49 34 20 24 114 86 45 30 89 29 64 61 53 22 35 29 62 38 40 29 65 5 75 
79 35 92 44 42 161 36 95 81 83 70 35 112 79 131 25 70 59 139 114 74 98 93 0 125 14 155 56 62 96 75 25 45 88 70 72 84 65 134 143 75 59 95 134 132 65 68 108 98 139 
70 92 105 82 118 36 90 36 71 103 55 105 15 79 55 135 55 123 50 51 51 81 37 125 0 112 38 73 63 29 50 143 108 52 55 102 44 80 32 45 50 67 34 35 24 63 57 58 32 50 
72 25 80 34 33 148 26 81 74 82 58 34 99 73 116 36 58 63 129 99 61 84 79 14 112 0 140 46 49 83 63 39 45 78 58 71 72 59 123 129 62 45 83 123 117 54 55 100 84 129 
108 124 111 114 138 37 122 59 110 141 88 140 53 117 42 168 89 160 81 52 81 86 61 155 38 140 0 108 95 65 82 175 144 90 89 140 80 118 64 22 82 97 71 67 23 98 89 96 57 81 
28 21 92 12 68 107 20 52 30 52 20 31 58 33 96 62 19 55 83 81 29 82 49 56 73 46 108 0 17 44 25 70 37 32 19 44 30 20 78 102 26 20 40 77 86 10 20 54 53 83 
39 29 78 19 62 99 27 37 42 68 9 46 50 47 80 73 9 72 83 64 13 66 34 62 63 49 95 17 0 34 13 81 53 34 9 61 24 36 75 87 13 5 34 75 72 12 6 59 38 83 
45 63 92 52 93 64 60 22 47 79 26 76 15 54 64 106 26 95 56 52 24 72 20 96 29 83 65 44 34 0 20 114 79 28 26 76 15 53 43 63 21 38 9 44 44 34 28 45 19 56 
38 42 82 32 74 85 40 27 41 71 5 57 36 47 72 86 6 80 71 57 7 66 24 75 50 63 82 25 13 20 0 94 62 27 6 65 12 40 62 77 2 18 21 62 60 16 7 51 27 71 
87 51 118 61 66 178 53 116 88 81 88 41 129 85 155 10 87 50 149 138 94 123 114 25 143 39 175 70 81 114 94 0 45 100 87 71 100 72 148 166 94 78 110 147 152 80 87 116 118 149 
44 30 118 35 78 140 33 89 44 38 57 12 93 40 133 35 56 20 106 117 66 114 86 45 108 45 144 37 53 79 62 45 0 59 56 27 65 29 106 139 64 54 74 105 123 46 57 73 90 106 
18 53 110 44 97 81 52 48 19 51 27 59 36 27 92 91 27 72 51 79 35 93 45 88 52 78 90 32 34 28 27 100 59 0 27 50 17 30 47 91 30 40 19 46 71 25 31 24 46 51 
35 36 84 26 71 91 34 33 37 66 1 50 41 43 78 80 0 74 74 62 11 69 30 70 55 58 89 19 9 26 6 87 56 27 0 60 15 35 66 83 7 14 25 66 66 10 4 51 33 74 
31 49 135 50 102 129 51 92 30 10 61 37 86 23 137 61 60 26 87 123 71 127 89 72 102 71 140 44 61 76 65 71 27 50 60 0 62 25 92 140 67 64 68 90 120 50 63 54 91 87 
32 49 94 39 86 77 48 32 34 65 15 61 28 41 76 92 15 80 59 63 19 77 29 84 44 72 80 30 24 15 12 100 65 17 15 62 0 38 51 77 14 29 10 51 59 20 18 39 30 59 
15 33 113 29 85 111 34 67 16 31 36 32 65 14 112 63 35 42 76 98 46 102 64 65 80 59 118 20 36 53 40 72 29 30 35 25 38 0 76 116 42 40 46 75 97 25 38 44 67 76 
62 99 133 89 136 38 98 61 62 89 66 107 31 69 87 138 66 117 18 83 67 111 61 134 32 123 64 78 75 43 62 148 106 47 66 92 51 76 0 76 63 80 41 3 56 69 69 39 57 18 
109 116 90 107 122 58 113 50 110 143 82 133 57 118 20 160 83 157 94 32 74 65 53 143 45 129 22 102 87 63 77 166 139 91 83 140 77 116 76 0 75 88 72 79 21 93 82 103 49 94 
41 43 80 32 73 86 40 26 43 73 6 58 36 49 70 86 7 81 73 55 5 64 22 75 50 62 82 26 13 21 2 94 64 30 7 67 14 42 63 75 0 17 22 63 59 18 7 53 26 73 
45 28 73 19 57 103 25 38 47 72 14 46 54 51 79 72 14 73 88 63 15 62 35 59 67 45 97 20 5 38 18 78 54 40 14 64 29 40 80 88 17 0 39 80 73 17 11 65 39 88 
37 60 99 50 95 67 58 31 38 71 25 71 19 46 73 102 25 89 51 61 26 80 29 95 34 83 71 40 34 9 21 110 74 19 25 68 10 46 41 72 22 39 0 41 52 30 28 36 28 51 
61 98 135 89 137 41 97 63 61 87 66 106 33 67 90 137 66 115 15 85 67 113 62 134 35 123 67 77 75 44 62 147 105 46 66 90 51 75 3 79 63 80 41 0 59 69 69 36 59 15 
89 101 92 91 116 45 99 36 91 123 65 117 36 98 31 145 66 139 74 33 58 67 38 132 24 117 23 86 72 44 60 152 123 71 66 120 59 97 56 21 59 73 52 59 0 76 66 82 34 74 
27 30 90 20 72 97 28 44 29 56 11 41 48 34 88 72 10 63 75 73 21 78 40 65 63 54 98 10 12 34 16 80 46 25 10 50 20 25 69 93 18 17 30 69 76 0 13 48 43 75 
39 35 79 25 68 92 33 32 41 69 3 51 43 46 76 79 4 75 77 60 8 66 29 68 57 55 89 20 6 28 7 87 57 31 4 63 18 38 69 82 7 11 28 69 66 13 0 55 32 77 
29 74 133 66 121 77 73 68 28 50 52 76 46 32 107 107 51 80 33 97 58 116 65 108 58 100 96 54 59 45 51 116 73 24 51 54 39 44 39 103 53 65 36 36 82 48 55 0 64 33 
62 67 76 58 86 68 65 4 64 95 32 84 26 71 46 111 33 107 72 33 24 54 5 98 32 84 57 53 38 19 27 118 90 46 33 91 30 67 57 49 26 39 28 59 34 43 32 64 0 72 
61 104 148 95 146 52 103 76 61 83 74 108 46 66 105 140 74 113 0 100 77 126 75 139 50 129 81 83 83 56 71 149 106 51 74 87 59 76 18 94 73 88 51 15 74 75 77 33 72 0 
0 301 0 0 0 4 17 5 12860 72327 0 0 89700 10 0 416 0 346 481 11 67 3783 3062 6287 0 89391 0 34 98 3933 2879 277 9 1821 0 6465 2 29 0 0 0 40 8 0 20986 0 0 0 28 0 
301 0 1630 0 6174 0 7030 0 0 0 0 0 0 55190 0 671 0 603 12284 0 16882 91753 0 0 49054 0 0 14479 17930 0 16 0 1904 5 0 0 65750 0 96422 0 34 0 0 17 3 0 0 0 0 14852 
0 1630 0 0 3 8 3 14 56 0 26 1485 75300 18 0 6828 3 0 1 99 7771 5 0 0 0 0 18297 7687 26 0 6 23 6986 0 0 0 251 0 0 0 101 6 3 776 32670 4 1 809 0 0 
0 0 0 0 0 0 2516 0 0 496 0 136 132 0 0 21 0 9 1 0 24727 944 0 0 604 0 0 11 16 0 24 1245 0 3972 0 59 2 3 0 0 0 0 0 5 34 1 98 0 0 0 
0 6174 3 0 0 0 1 98636 5016 1371 0 0 6196 0 726 0 204 96 0 457 3009 22 0 223 0 0 12431 0 3 0 0 4 4 37479 12522 1551 0 0 0 412 3801 79114 0 0 0 0 2 0 0 2 
4 0 8 0 0 0 0 49 0 2 20743 0 2294 5703 0 0 12370 56 301 0 51 0 0 2 0 0 81 0 0 624 0 11 670 0 19 0 9300 0 30 0 0 0 497 17 0 216 2081 888 29 14517 
17 7030 3 2516 1 0 0 31952 37 7 0 26820 882 21 645 0 18 0 0 0 0 65 35 0 12377 0 0 24 0 0 3 1103 211 53876 0 0 33265 44465 70 311 0 0 0 0 2585 0 0 0 0 0 
5 0 14 0 98636 49 31952 0 0 4569 4490 0 0 0 0 56581 11 7 2 2356 0 0 1 0 1346 0 0 7 440 0 0 0 797 0 4982 704 61888 1542 6 0 99 5182 0 10718 1 2017 0 1176 53 1503 
12860 0 56 0 5016 0 37 0 0 0 0 0 1441 0 0 0 475 11 12877 72188 0 49394 0 41 76477 5041 230 12 0 0 326 69 38 140 956 0 5 0 820 0 0 14518 0 0 1 2335 205 0 0 41156 
72327 0 0 496 1371 2 7 4569 0 0 16032 0 55167 0 1 24337 0 3904 51 0 2902 9 0 3 0 0 23790 0 51238 3 0 0 327 62648 0 0 24 0 2 5 2 36 0 2438 0 0 1 0 0 109 
0 0 26 0 0 20743 0 4490 0 16032 0 105 70 5 0 0 3775 1 49522 6709 79 229 455 0 0 0 241 0 95804 1 27 5 1 0 0 0 0 0 7042 0 0 0 0 12 0 7 21796 0 89884 1 
0 0 1485 136 0 0 26820 0 0 0 105 0 499 465 7759 225 0 0 0 0 14047 0 0 18 78 0 0 0 0 1172 0 121 629 7320 24916 0 141 322 0 0 45145 117 1462 116 3021 18 0 2120 0 3905 
89700 0 75300 132 6196 2294 882 0 1441 55167 70 499 0 1 30 0 17311 0 7167 0 8647 0 0 0 0 0 0 45 110 8 0 20 8562 0 11 10994 0 728 36 2 0 997 0 0 482 2 0 0 0 55 
10 55190 18 0 0 5703 21 0 0 0 5 465 1 0 1144 15 1546 0 0 0 66 0 68 25 0 41221 0 0 0 6733 0 17 2 875 30 1 600 56 0 4355 0 0 7 3095 0 42 0 0 0 1250 
0 0 0 0 726 0 645 0 0 1 0 7759 30 1144 0 0 336 9374 0 65 0 2009 875 206 0 1151 0 3 1 480 7 6069 18 0 0 1693 0 2 0 0 0 0 30 61496 6811 0 9827 88 22 25 
416 671 6828 21 0 0 0 56581 0 24337 0 225 0 15 0 0 0 299 13183 2 0 0 0 0 0 0 85318 0 1 179 0 5476 0 0 0 0 0 6222 28650 6271 0 1 0 10 3787 0 0 93550 0 12807 
0 0 3 0 204 12370 18 11 475 0 3775 0 17311 1546 336 0 0 35 0 0 2 23447 0 0 1373 134 0 0 0 97302 0 3 3066 0 2977 2349 19 7 5 5 29 51884 0 0 72 350 0 13846 0 1069 
346 603 0 9 96 56 0 7 11 3904 1 0 0 0 9374 299 35 0 0 28 0 0 343 0 0 1 0 0 4 259 0 0 4449 710 0 1623 745 33 1173 0 10995 5889 731 0 0 32 0 0 9 5565 
481 12284 1 1 0 301 0 2 12877 51 49522 0 7167 0 0 13183 0 0 0 0 136 0 0 4 52 0 0 0 1667 0 5 620 1 0 1620 63 0 2 32 0 21 1975 1 0 61 43 7 5990 0 0 
11 0 99 0 457 0 0 2356 72188 0 6709 0 0 0 65 2 0 28 0 0 8 20284 15750 0 0 0 112 13 1623 31 1 0 0 4868 0 0 2236 0 535 114 109 0 10423 468 207 3 0 0 2280 286 
67 16882 7771 24727 3009 51 0 0 0 2902 79 14047 8647 66 0 0 2 0 136 8 0 151 27758 0 3718 0 0 0 0 21 0 764 0 35768 0 0 0 0 0 1249 0 0 109 0 21669 1659 867 0 0 0 
3783 91753 5 944 22 0 65 0 49394 9 229 0 0 0 2009 0 23447 0 0 20284 151 0 10707 23 0 0 0 0 0 28 0 0 26817 611 8405 3668 10 17187 17433 0 17 165 0 4054 0 0 0 0 0 0 
3062 0 0 0 0 0 35 1 0 0 455 0 0 68 875 0 0 343 0 15750 27758 10707 0 4863 44 213 10 45 0 0 5791 0 0 0 0 11947 84523 0 0 0 0 68 0 745 478 0 0 0 1 86 
6287 0 0 0 223 2 0 0 41 3 0 18 0 25 206 0 0 0 4 0 0 23 4863 0 0 0 1 0 1158 0 0 2 12882 0 207 31 2024 0 0 4 0 0 885 0 2 0 26856 337 0 9 
0 49054 0 604 0 0 12377 1346 76477 0 0 78 0 0 0 0 1373 0 52 0 3718 0 44 0 0 874 0 32448 57 0 0 0 0 0 11799 6 0 0 5946 0 0 0 20 4009 0 22 225 0 0 0 
89391 0 0 0 0 0 0 0 5041 0 0 0 0 41221 1151 0 134 1 0 0 0 0 213 0 874 0 0 0 45617 0 0 438 6 0 4 15 3 56 0 38 0 1231 169 3606 9277 0 0 126 13843 0 
0 0 18297 0 12431 81 0 0 230 23790 241 0 0 0 0 85318 0 0 0 112 0 0 10 1 0 0 0 0 15201 0 0 0 0 3 2547 0 15 727 0 1740 0 529 0 19 0 0 0 42893 1686 0 
34 14479 7687 11 0 0 24 7 12 0 0 0 45 0 3 0 0 0 0 13 0 0 45 0 32448 0 0 0 0 0 0 1794 34751 0 89981 0 8373 0 1 61 9 420 52916 9 2922 0 3178 0 118 766 
98 17930 26 16 3 0 0 440 0 51238 95804 0 110 0 1 1 0 4 1667 1623 0 0 0 1158 57 45617 15201 0 0 6 0 82458 100 0 1949 0 0 4 1 0 1 46753 0 8196 0 9 0 0 0 182 
3933 0 0 0 0 624 0 0 0 3 1 1172 8 6733 480 179 97302 259 0 31 21 28 0 0 0 0 0 0 6 0 6 505 0 3812 0 0 292 106 357 0 0 13 0 0 0 84 4 3216 277 34 
2879 16 6 24 0 0 3 0 326 0 27 0 0 0 7 0 0 0 5 1 0 0 5791 0 0 0 0 0 0 6 0 27110 6096 3 57431 25198 0 78469 0 2064 3603 98385 0 0 0 8 1 46 0 0 
277 0 23 1245 4 11 1103 0 69 0 5 121 20 17 6069 5476 3 0 620 0 764 0 0 2 0 438 0 1794 82458 505 27110 0 0 762 0 13931 0 12641 0 0 0 1365 5 3770 14 0 1935 0 0 0 
9 1904 6986 0 4 670 211 797 38 327 1 629 8562 2 18 0 3066 4449 1 0 0 26817 0 12882 0 6 0 34751 100 0 6096 0 0 3 0 0 383 0 1 18058 0 19 18 0 11 0 477 0 4 134 
1821 5 0 3972 37479 0 53876 0 140 62648 0 7320 0 875 0 0 0 710 0 4868 35768 611 0 0 0 0 3 0 0 3812 3 762 3 0 0 155 0 57057 0 1564 0 7557 0 5 2 0 99568 2 0 0 
0 0 0 0 12522 19 0 4982 956 0 0 24916 11 30 0 0 2977 0 1620 0 0 8405 0 207 11799 4 2547 89981 1949 0 57431 0 0 0 0 1437 26 252 0 49 49 49672 60 0 0 0 7 1272 0 7663 
6465 0 0 59 1551 0 0 704 0 0 0 0 10994 1 1693 0 2349 1623 63 0 0 3668 11947 31 6 15 0 0 0 0 25198 13931 0 155 1437 0 226 1159 579 0 0 0 0 0 0 68193 10 0 0 1398 
2 65750 251 2 0 9300 33265 61888 5 24 0 141 0 600 0 0 19 745 0 2236 0 10 84523 2024 0 3 15 8373 0 292 0 0 383 0 26 226 0 0 3761 0 16 0 0 0 0 0 1 0 58 0 
29 0 0 3 0 0 44465 1542 0 0 0 322 728 56 2 6222 7 33 2 0 0 17187 0 0 0 56 727 0 4 106 78469 12641 0 57057 252 1159 0 0 0 0 0 142 0 0 0 0 0 0 0 24416 
0 96422 0 0 0 30 70 6 820 2 7042 0 36 0 0 28650 5 1173 32 535 0 17433 0 0 5946 0 0 1 1 357 0 0 1 0 0 579 3761 0 0 2748 0 0 0 93 0 0 0 0 22887 0 
0 0 0 0 412 0 311 0 0 5 0 0 2 4355 0 6271 5 0 0 114 1249 0 0 4 0 38 1740 61 0 0 2064 0 18058 1564 49 0 0 0 2748 0 0 0 6 8879 0 9475 379 1326 371 125 
0 34 101 0 3801 0 0 99 0 2 0 45145 0 0 0 0 29 10995 21 109 0 17 0 0 0 0 0 9 1 0 3603 0 0 0 49 0 16 0 0 0 0 0 0 6 0 323 1 0 0 0 
40 0 6 0 79114 0 0 5182 14518 36 0 117 997 0 0 1 51884 5889 1975 0 0 165 68 0 0 1231 529 420 46753 13 98385 1365 19 7557 49672 0 0 142 0 0 0 0 0 42836 1077 3 0 0 0 0 
8 0 3 0 0 497 0 0 0 0 0 1462 0 7 30 0 0 731 1 10423 109 0 0 885 20 169 0 52916 0 0 0 5 18 0 60 0 0 0 0 6 0 0 0 0 0 87660 76328 30 0 0 
0 17 776 5 0 17 0 10718 0 2438 12 116 0 3095 61496 10 0 0 0 468 0 4054 745 0 4009 3606 19 9 8196 0 0 3770 0 5 0 0 0 0 93 8879 6 42836 0 0 70454 0 0 0 0 0 
20986 3 32670 34 0 0 2585 1 1 0 0 3021 482 0 6811 3787 72 0 61 207 21669 0 478 2 0 9277 0 2922 0 0 0 14 11 2 0 0 0 0 0 0 0 1077 0 70454 0 10 1 7813 422 0 
0 0 4 1 0 216 0 2017 2335 0 7 18 2 42 0 0 350 32 43 3 1659 0 0 0 22 0 0 0 9 84 8 0 0 0 0 68193 0 0 0 9475 323 3 87660 0 10 0 0 0 0 0 
0 0 1 98 2 2081 0 0 205 1 21796 0 0 0 9827 0 0 0 7 0 867 0 0 26856 225 0 0 3178 0 4 1 1935 477 99568 7 10 1 0 0 379 1 0 76328 0 1 0 0 0 66484 0 
0 0 809 0 0 888 0 1176 0 0 0 2120 0 0 88 93550 13846 0 5990 0 0 0 0 337 0 126 42893 0 0 3216 46 0 0 2 1272 0 0 0 0 1326 0 0 30 0 7813 0 0 0 0 61 
28 0 0 0 0 29 0 53 0 0 89884 0 0 0 22 0 0 9 0 2280 0 0 1 0 0 13843 1686 118 0 277 0 0 4 0 0 0 58 0 22887 371 0 0 0 0 422 0 66484 0 0 75 
0 14852 0 0 2 14517 0 1503 41156 109 1 3905 55 1250 25 12807 1069 5565 0 286 0 0 86 9 0 0 0 766 182 34 0 0 134 0 7663 1398 0 24416 0 125 0 0 0 0 0 0 0 61 75 0 
0 0 0 458 14 0 0 0 0 0 452 6 0 5 173 0 492 0 0 0 0 0 0 0 3416 0 88412 0 0 0 0 0 0 0 15 0 1 0 0 1 6 0 0 70 0 2 3213 2 0 0 
0 0 0 30549 0 282 0 6847 24148 78848 2567 85 14 0 94532 0 150 0 0 155 0 0 8 51528 0 1 193 0 0 1 0 19419 0 0 39 1480 0 0 0 1 0 3 59 0 2 42345 1128 95 12 0 
0 0 0 8601 0 0 0 0 0 1381 0 0 0 0 27 0 0 281 0 0 0 0 1 17175 1849 3 0 0 0 4747 0 0 0 3545 313 18 0 6409 155 1706 0 65 0 0 0 0 0 0 328 72 
458 30549 8601 0 3045 294 0 43894 5 0 1 0 0 43 17671 0 3333 0 8 82 0 0 401 130 0 105 3 0 0 43669 0 0 8 0 152 0 0 0 572 23 431 96 279 0 0 0 0 13 20468 62727 
14 0 0 3045 0 275 0 0 0 0 22943 20176 0 40 0 1 0 0 5817 0 0 0 22 0 1 10 0 32411 0 12 127 0 0 0 0 0 12 3 90 0 0 0 40648 2311 1777 1406 0 4 160 1 
0 282 0 294 275 0 2935 0 130 0 0 4 0 0 94071 739 0 3 0 17737 0 73406 12605 0 78 1 0 1313 7 0 1 2 0 12510 0 4644 0 275 0 976 193 6 0 0 6312 0 0 0 0 0 
0 0 0 0 0 2935 0 0 0 0 2 0 0 0 0 9 0 13 29 897 47 0 0 273 0 0 10 22 6 250 0 0 0 0 16277 176 0 0 0 0 4 31548 8 10 0 1642 29971 1556 22350 110 
0 6847 0 43894 0 0 0 0 105 0 0 16 205 197 791 0 0 0 0 0 4 4 1 42 0 7 16156 0 0 1432 118 47 0 5 0 0 0 0 0 21 0 0 2 0 7 0 1933 0 0 0 
0 24148 0 5 0 130 0 105 0 0 68778 1039 0 66 2497 6 0 1 0 0 4704 0 3399 0 0 0 0 0 1208 31 0 0 0 0 0 4080 0 202 0 322 596 0 489 7126 0 0 0 3 154 0 
0 78848 1381 0 0 0 0 0 0 0 0 2590 0 51 0 0 1499 0 0 10628 0 0 5 0 58850 107 0 1176 0 0 75384 31 0 0 24109 37911 0 2517 0 0 0 0 643 0 48020 177 0 70980 5035 0 
452 2567 0 1 22943 0 2 0 68778 0 0 0 0 0 2 32222 0 0 0 0 0 0 0 114 702 2164 0 6699 0 0 0 0 0 453 34 806 50 0 0 219 3 2020 2 0 4147 0 0 1 0 0 
6 85 0 0 20176 4 0 16 1039 2590 0 0 0 0 0 0 13380 6 2105 5 0 1 566 0 0 354 192 62 9 0 459 0 0 0 0 221 0 0 46071 6111 0 0 0 0 0 0 4 0 87 0 
0 14 0 0 0 0 0 205 0 0 0 0 0 0 0 74 0 10921 0 173 0 72 128 6375 18 1 38 0 0 0 74 0 0 127 0 0 7 0 0 0 6 0 6718 5 0 0 55714 494 77 0 
5 0 0 43 40 0 0 197 66 51 0 0 0 0 0 0 0 890 9 8 0 49990 0 0 44334 0 44994 2445 15110 0 855 0 0 0 0 0 0 0 17201 0 6046 40 0 0 11 0 1 31 9972 0 
173 94532 27 17671 0 94071 0 791 2497 0 2 0 0 0 0 76450 0 0 85 0 59720 0 0 0 3031 0 87855 14 0 0 0 0 0 14771 272 0 20 8 656 94271 40755 50668 0 0 0 26 0 0 0 0 
0 0 0 0 1 739 9 0 6 0 32222 0 74 0 76450 0 15 0 0 0 20 188 494 1100 273 0 0 3 0 0 36173 0 1145 211 298 43 27 0 0 0 31 23 80278 0 0 0 18 0 40552 0 
492 150 0 3333 0 0 0 0 0 1499 0 13380 0 0 0 15 0 0 5 67283 3 0 1196 66183 0 0 32425 236 15062 0 27 0 0 7273 0 0 0 0 32 0 0 0 12572 1 0 0 222 0 7 0 
0 0 281 0 0 3 13 0 1 0 0 6 10921 890 0 0 0 0 614 0 464 21 0 397 1 0 156 538 0 0 30355 16 0 0 6 0 0 0 0 2411 0 0 0 13503 54 0 1595 77128 0 0 
0 0 0 8 5817 0 29 0 0 0 0 2105 0 9 85 0 5 614 0 1072 0 1274 66 0 0 85 3564 270 0 1 0 0 0 4888 0 0 1346 0 0 1 0 0 0 0 0 0 2 0 45387 1941 
0 155 0 82 0 17737 897 0 0 10628 0 5 173 8 0 0 67283 0 1072 0 0 0 0 19133 23 2608 0 0 0 0 0 98153 1143 0 6 10451 0 19957 0 0 0 27 0 0 0 0 585 10835 0 0 
0 0 0 0 0 0 47 4 4704 0 0 0 0 0 59720 20 3 464 0 0 0 0 0 1323 0 3711 82616 4 30 0 0 0 6632 0 11183 1 34 59 12764 0 21 47940 0 3294 0 0 0 3565 0 1 
0 0 0 0 0 73406 0 4 0 0 0 1 72 49990 0 188 0 21 1274 0 0 0 0 0 23 0 2148 2329 22936 0 429 2 0 0 0 0 0 0 0 1 0 0 231 0 209 0 213 185 469 28679 
0 8 1 401 22 12605 0 1 3399 5 0 566 128 0 0 494 1196 0 66 0 0 0 0 0 0 0 0 0 13 54214 0 153 3 122 2043 0 0 0 591 4630 67 0 45 0 0 274 4 44798 0 0 
0 51528 17175 130 0 0 273 42 0 0 114 0 6375 0 0 1100 66183 397 0 19133 1323 0 0 0 2 14009 0 21690 5 6 11 0 0 70 0 0 0 74 83 0 6 63 0 372 0 39 0 0 2904 0 
3416 0 1849 0 1 78 0 0 0 58850 702 0 18 44334 3031 273 0 1 0 23 0 23 0 2 0 0 4703 0 0 82 170 1 54 720 0 0 9 25772 0 0 885 55551 1 0 6 0 0 621 1 3957 
0 1 3 105 10 1 0 7 0 107 2164 354 1 0 0 0 0 0 85 2608 3711 0 0 14009 0 0 0 410 0 8 17189 0 0 44 0 0 0 0 18 0 1 0 0 0 0 635 198 0 0 0 
88412 193 0 3 0 0 10 16156 0 0 0 192 38 44994 87855 0 32425 156 3564 0 82616 2148 0 0 4703 0 0 187 0 36 3 4198 44 0 0 44409 0 0 22210 0 9785 0 18 0 0 4 229 0 0 7492 
0 0 0 0 32411 1313 22 0 0 1176 6699 62 0 2445 14 3 236 538 270 0 4 2329 0 21690 0 410 187 0 252 24447 5867 0 0 23 0 86152 0 344 0 0 0 0 0 0 0 434 0 488 0 0 
0 0 0 0 0 7 6 0 1208 0 0 9 0 15110 0 0 15062 0 0 0 30 22936 13 5 0 0 0 252 0 0 8 0 0 3372 0 6 16694 3 0 69 5 0 22 0 21347 0 6 424 26 0 
0 1 4747 43669 12 0 250 1432 31 0 0 0 0 0 0 0 0 0 1 0 0 0 54214 6 82 8 36 24447 0 0 0 0 1111 0 6599 6975 0 0 0 32 1283 0 10 2003 81800 0 0 0 0 0 
0 0 0 0 127 1 0 118 0 75384 0 459 74 855 0 36173 27 30355 0 0 0 429 0 11 170 17189 3 5867 8 0 0 0 0 0 0 0 11870 0 33268 0 0 0 3567 239 3 0 0 0 13550 46 
0 19419 0 0 0 2 0 47 0 31 0 0 0 0 0 0 0 16 0 98153 0 2 153 0 1 0 4198 0 0 0 0 0 62 0 7813 0 76 0 0 24 15787 0 0 0 0 0 0 22 36657 0 
0 0 0 8 0 0 0 0 0 0 0 0 0 0 0 1145 0 0 0 1143 6632 0 3 0 54 0 44 0 0 1111 0 62 0 0 13 6152 0 1447 0 0 61531 0 0 2 0 1 0 8299 0 0 
0 0 3545 0 0 12510 0 5 0 0 453 0 127 0 14771 211 7273 0 4888 0 0 0 122 70 720 44 0 23 3372 0 0 0 0 0 1681 0 43 0 8881 0 6 0 59688 4 0 13 0 0 7 2545 
15 39 313 152 0 0 16277 0 0 24109 34 0 0 0 272 298 0 6 0 6 11183 0 2043 0 0 0 0 0 0 6599 0 7813 13 1681 0 0 0 0 316 0 0 0 0 13986 275 2186 0 0 92012 0 
0 1480 18 0 0 4644 176 0 4080 37911 806 221 0 0 0 43 0 0 0 10451 1 0 0 0 0 0 44409 86152 6 6975 0 0 6152 0 0 0 0 0 0 989 6955 35 11351 583 18 0 0 2 89 0 
1 0 0 0 12 0 0 0 0 0 50 0 7 0 20 27 0 0 1346 0 34 0 0 0 9 0 0 0 16694 0 11870 76 0 43 0 0 0 294 0 15790 0 1 844 1686 42715 738 0 42 0 65 
0 0 6409 0 3 275 0 0 202 2517 0 0 0 0 8 0 0 0 0 19957 59 0 0 74 25772 0 0 344 3 0 0 0 1447 0 0 0 294 0 397 59982 0 0 11402 3 270 46308 85362 2260 60 0 
0 0 155 572 90 0 0 0 0 0 0 46071 0 17201 656 0 32 0 0 0 12764 0 591 83 0 18 22210 0 0 0 33268 0 0 8881 316 0 0 397 0 0 1 140 5 0 316 64327 1112 5741 0 3959 
1 1 1706 23 0 976 0 21 322 0 219 6111 0 0 94271 0 0 2411 1 0 0 1 4630 0 0 0 0 0 69 32 0 24 0 0 0 989 15790 59982 0 0 1 12 0 0 609 0 0 0 0 0 
6 0 0 431 0 193 4 0 596 0 3 0 6 6046 40755 31 0 0 0 0 21 0 67 6 885 1 9785 0 5 1283 0 15787 61531 6 0 6955 0 0 1 1 0 8 3 200 472 0 0 40 74205 208 
0 3 65 96 0 6 31548 0 0 0 2020 0 0 40 50668 23 0 0 0 27 47940 0 0 63 55551 0 0 0 0 0 0 0 0 0 0 35 1 0 140 12 8 0 4475 0 0 0 95 2 13553 1 
0 59 0 279 40648 0 8 2 489 643 2 0 6718 0 0 80278 12572 0 0 0 0 231 45 0 1 0 18 0 22 10 3567 0 0 59688 0 11351 844 11402 5 0 3 4475 0 8566 701 0 0 0 7508 4559 
70 0 0 0 2311 0 10 0 7126 0 0 0 5 0 0 0 1 13503 0 0 3294 0 0 372 0 0 0 0 0 2003 239 0 2 4 13986 583 1686 3 0 0 200 0 8566 0 0 8 0 1565 386 610 
0 2 0 0 1777 6312 0 7 0 48020 4147 0 0 11 0 0 0 54 0 0 0 209 0 0 6 0 0 0 21347 81800 3 0 0 0 275 18 42715 270 316 609 472 0 701 0 0 1 0 0 0 8730 
2 42345 0 0 1406 0 1642 0 0 177 0 0 0 0 26 0 0 0 0 0 0 0 274 39 0 635 4 434 0 0 0 0 1 13 2186 0 738 46308 64327 0 0 0 0 8 1 0 1482 1843 447 7586 
3213 1128 0 0 0 0 29971 1933 0 0 0 4 55714 1 0 18 222 1595 2 585 0 213 4 0 0 198 229 0 6 0 0 0 0 0 0 0 0 85362 1112 0 0 95 0 0 0 1482 0 0 0 0 
2 95 0 13 4 0 1556 0 3 70980 1 0 494 31 0 0 0 77128 0 10835 3565 185 44798 0 621 0 0 488 424 0 0 22 8299 0 0 2 42 2260 5741 0 40 2 0 1565 0 1843 0 0 32 0 
0 12 328 20468 160 0 22350 0 154 5035 0 87 77 9972 0 40552 7 0 45387 0 0 469 0 2904 1 0 0 0 26 0 13550 36657 0 7 92012 89 0 60 0 0 74205 13553 7508 386 0 447 0 32 0 0 
0 0 72 62727 1 0 110 0 0 0 0 0 0 0 0 0 0 0 1941 0 1 28679 0 0 3957 0 7492 0 0 0 46 0 0 2545 0 0 65 0 3959 0 208 1 4559 610 8730 7586 0 0 0 0 
