7 4
0 46 118 40 96 98 46 
46 0 88 10 53 127 3 
118 88 0 85 53 137 85 
40 10 85 0 56 117 8 
96 53 53 56 0 154 51 
98 127 137 117 154 0 125 
46 3 85 8 51 125 0 
0 891 0 10792 10507 27 0 
891 0 0 37 1330 0 19 
0 0 0 6083 0 0 0 
10792 37 6083 0 0 0 39921 
10507 1330 0 0 0 0 0 
27 0 0 0 0 0 4 
0 19 0 39921 0 4 0 
0 0 185 0 0 0 13853 
0 0 5843 0 0 29 0 
185 5843 0 0 10 2 6 
0 0 0 0 4720 2 0 
0 0 10 4720 0 88138 2141 
0 29 2 2 88138 0 0 
13853 0 6 0 2141 0 0 
0 0 142 0 0 0 1 
0 0 3786 0 0 16345 0 
142 3786 0 0 90 5921 1 
0 0 0 0 2172 1 0 
0 0 90 2172 0 268 58095 
0 16345 5921 1 268 0 0 
1 0 1 0 58095 0 0 
0 0 4 0 0 0 795 
0 0 1 0 0 87 0 
4 1 0 0 16385 173 28 
0 0 0 0 1560 1068 0 
0 0 16385 1560 0 2724 1 
0 87 173 1068 2724 0 0 
795 0 28 0 1 0 0 
