10 2
0 46 118 40 96 98 46 64 2 33 
46 0 88 10 53 127 3 66 48 60 
118 88 0 85 53 137 85 71 120 144 
40 10 85 0 56 117 8 56 42 59 
96 53 53 56 0 154 51 82 98 112 
98 127 137 117 154 0 125 72 99 127 
46 3 85 8 51 125 0 63 48 61 
64 66 71 56 82 72 63 0 66 97 
2 48 120 42 98 99 48 66 0 32 
33 60 144 59 112 127 61 97 32 0 
0 1522 143 1500 0 173 11 0 0 0 
1522 0 0 37 1330 0 54 69 0 0 
143 0 0 6083 2 0 0 45 0 30 
1500 37 6083 0 0 0 0 33750 14 0 
0 1330 2 0 0 2671 0 0 12 0 
173 0 0 0 2671 0 0 61 4017 0 
11 54 0 0 0 0 0 8 0 0 
0 69 45 33750 0 61 8 0 152 1 
0 0 0 14 12 4017 0 152 0 0 
0 0 30 0 0 0 0 1 0 0 
0 0 0 0 717 0 77683 5702 3279 0 
0 0 0 37955 0 1654 74 0 0 0 
0 0 0 884 0 2294 9821 0 35682 0 
0 37955 884 0 2 0 0 4 0 106 
717 0 0 2 0 0 0 87656 0 4 
0 1654 2294 0 0 0 795 0 0 63309 
77683 74 9821 0 0 795 0 0 4 0 
5702 0 0 4 87656 0 0 0 0 18928 
3279 0 35682 0 0 0 4 0 0 56 
0 0 0 106 4 63309 0 18928 56 0 
