9 3
0 46 118 40 96 98 46 64 2 
46 0 88 10 53 127 3 66 48 
118 88 0 85 53 137 85 71 120 
40 10 85 0 56 117 8 56 42 
96 53 53 56 0 154 51 82 98 
98 127 137 117 154 0 125 72 99 
46 3 85 8 51 125 0 63 48 
64 66 71 56 82 72 63 0 66 
2 48 120 42 98 99 48 66 0 
0 0 0 2 0 755 0 1080 44 
0 0 39589 15 0 16 0 4 0 
0 39589 0 0 0 0 0 16588 43010 
2 15 0 0 1 14 0 2 331 
0 0 0 1 0 0 0 0 16 
755 16 0 14 0 0 1 0 0 
0 0 0 0 0 1 0 5 0 
1080 4 16588 2 0 0 5 0 0 
44 0 43010 331 16 0 0 0 0 
0 5729 10792 2684 0 0 106 721 0 
5729 0 0 0 0 0 63309 27390 142 
10792 0 0 3 6 0 8 0 0 
2684 0 3 0 0 0 56 0 0 
0 0 6 0 0 8 2654 110 27 
0 0 0 0 8 0 6734 1031 0 
106 63309 8 56 2654 6734 0 0 147 
721 27390 0 0 110 1031 0 0 37 
0 142 0 0 27 0 147 37 0 
0 41 12250 222 9821 0 0 0 0 
41 0 37955 73994 1919 107 9 0 1963 
12250 37955 0 4648 29716 12732 43507 0 6874 
222 73994 4648 0 0 0 602 13075 0 
9821 1919 29716 0 0 2405 0 4 79708 
0 107 12732 0 2405 0 0 14 0 
0 9 43507 602 0 0 0 0 0 
0 0 0 13075 4 14 0 0 39 
0 1963 6874 0 79708 0 0 39 0 
