9 4
0 123 17 72 89 90 77 84 122 
123 0 116 51 121 48 96 115 59 
17 116 0 64 101 90 86 66 108 
72 51 64 0 97 39 71 77 62 
89 121 101 97 0 73 26 158 158 
90 48 90 39 73 0 47 116 91 
77 96 86 71 26 47 0 136 132 
84 115 66 77 158 116 136 0 73 
122 59 108 62 158 91 132 73 0 
0 0 0 892 29 0 6401 0 0 
0 0 7967 0 2296 0 25 0 0 
0 7967 0 52 0 0 0 0 16 
892 0 52 0 0 13 0 37201 105 
29 2296 0 0 0 0 240 2026 1901 
0 0 0 13 0 0 881 0 0 
6401 25 0 0 240 881 0 1612 0 
0 0 0 37201 2026 0 1612 0 12 
0 0 16 105 1901 0 0 12 0 
0 0 0 74 93 0 3016 0 52666 
0 0 0 0 1 102 0 0 0 
0 0 0 227 0 0 5 7226 0 
74 0 227 0 22493 0 39 0 0 
93 1 0 22493 0 40658 0 0 3102 
0 102 0 0 40658 0 0 0 0 
3016 0 5 39 0 0 0 5 4007 
0 0 7226 0 0 0 5 0 0 
52666 0 0 0 3102 0 4007 0 0 
0 5 0 106 0 2685 28 10 155 
5 0 14 72 0 0 7195 0 26204 
0 14 0 0 0 0 0 20 216 
106 72 0 0 42915 1787 13 18199 0 
0 0 0 42915 0 3591 0 0 14227 
2685 0 0 1787 3591 0 0 0 46 
28 7195 0 13 0 0 0 0 0 
10 0 20 18199 0 0 0 0 2 
155 26204 216 0 14227 46 0 2 0 
0 1 0 0 0 77 0 0 2 
1 0 55963 499 0 0 255 0 0 
0 55963 0 199 0 28 149 1386 1975 
0 499 199 0 2308 0 1 0 34 
0 0 0 2308 0 127 0 0 5 
77 0 28 0 127 0 450 822 0 
0 255 149 1 0 450 0 1 4397 
0 0 1386 0 0 822 1 0 0 
2 0 1975 34 5 0 4397 0 0 
