7 4
0 46 118 40 96 98 46 
46 0 88 10 53 127 3 
118 88 0 85 53 137 85 
40 10 85 0 56 117 8 
96 53 53 56 0 154 51 
98 127 137 117 154 0 125 
46 3 85 8 51 125 0 
0 2 0 6734 0 0 228 
2 0 8830 0 2 902 0 
0 8830 0 56 9 21 0 
6734 0 56 0 0 18225 19933 
0 2 9 0 0 3148 0 
0 902 21 18225 3148 0 0 
228 0 0 19933 0 0 0 
0 0 3 0 0 0 0 
0 0 0 0 0 1905 3 
3 0 0 0 0 39 61 
0 0 0 0 40 10643 0 
0 0 0 40 0 0 0 
0 1905 39 10643 0 0 0 
0 3 61 0 0 0 0 
0 0 0 0 0 3 0 
0 0 2146 0 0 132 700 
0 2146 0 14 0 0 1 
0 0 14 0 40336 0 0 
0 0 0 40336 0 0 0 
3 132 0 0 0 0 0 
0 700 1 0 0 0 0 
0 0 1405 765 3446 0 15 
0 0 0 0 0 194 30854 
1405 0 0 0 0 4 18 
765 0 0 0 558 42507 32443 
3446 0 0 558 0 0 3 
0 194 4 42507 0 0 903 
15 30854 18 32443 3 903 0 
