30 3
0 59 64 103 62 95 95 48 90 88 90 112 64 139 74 53 26 148 87 89 78 107 103 6 100 177 116 85 94 32 
59 0 70 49 40 62 36 46 31 30 43 69 27 80 26 37 59 91 39 30 28 48 85 53 62 119 57 26 35 49 
64 70 0 118 33 51 89 98 88 95 64 73 48 126 97 33 87 124 64 86 63 108 150 62 58 154 114 86 89 33 
103 49 118 0 85 94 38 68 34 23 68 88 69 56 28 85 93 77 65 36 58 23 68 97 90 97 30 33 37 98 
62 40 33 85 0 33 56 78 55 62 34 51 15 94 66 8 77 96 33 53 30 75 125 57 38 126 81 53 55 32 
95 62 51 94 33 0 57 107 59 71 25 22 37 82 84 42 110 75 28 57 37 76 147 91 7 104 78 61 57 65 
95 36 89 38 56 57 0 77 6 17 31 50 41 44 39 58 95 55 29 6 25 20 100 89 52 83 25 11 1 78 
48 46 98 68 78 107 77 0 71 63 90 115 69 117 41 71 27 133 86 71 75 81 55 45 108 159 90 66 76 65 
90 31 88 34 55 59 6 71 0 12 34 55 39 49 33 57 89 61 31 2 25 20 94 84 56 89 27 5 5 75 
88 30 95 23 62 71 17 63 12 0 46 67 46 53 23 63 84 69 43 14 35 19 82 82 68 95 28 10 16 78 
90 43 64 68 34 25 31 90 34 46 0 25 25 61 61 41 99 61 3 32 15 51 124 84 22 92 53 36 32 65 
112 69 73 88 51 22 50 115 55 67 25 0 49 63 86 60 123 54 29 53 40 67 148 107 15 82 66 58 51 84 
64 27 48 69 15 37 41 69 39 46 25 49 0 81 52 17 74 86 23 37 16 60 112 58 38 116 66 37 40 40 
139 80 126 56 94 82 44 117 49 53 61 63 81 0 75 99 137 23 62 50 65 36 125 133 74 41 27 54 45 121 
74 26 97 28 66 84 39 41 33 23 61 86 52 75 0 64 65 92 58 34 47 39 62 69 83 117 49 28 38 73 
53 37 33 85 8 42 58 71 57 63 41 60 17 99 64 0 69 102 39 55 34 77 120 48 46 132 83 54 58 24 
26 59 87 93 77 110 95 27 89 84 99 123 74 137 65 69 0 150 95 88 85 103 79 26 113 178 112 83 93 54 
148 91 124 77 96 75 55 133 61 69 61 54 86 23 92 102 150 0 63 62 70 55 146 142 68 30 47 67 57 126 
87 39 64 65 33 28 29 86 31 43 3 29 23 62 58 39 95 63 0 29 11 49 121 81 25 93 52 33 29 63 
89 30 86 36 53 57 6 71 2 14 32 53 37 50 34 55 88 62 29 0 23 22 95 83 54 89 29 5 5 73 
78 28 63 58 30 37 25 75 25 35 15 40 16 65 47 34 85 70 11 23 0 45 110 72 35 100 50 25 25 56 
107 48 108 23 75 76 20 81 20 19 51 67 60 36 39 77 103 55 49 22 45 0 91 101 71 77 9 23 20 95 
103 85 150 68 125 147 100 55 94 82 124 148 112 125 62 120 79 146 121 95 110 91 0 100 146 164 99 90 98 119 
6 53 62 97 57 91 89 45 84 82 84 107 58 133 69 48 26 142 81 83 72 101 100 0 95 171 110 79 88 29 
100 62 58 90 38 7 52 108 56 68 22 15 38 74 83 46 113 68 25 54 35 71 146 95 0 97 72 58 53 70 
177 119 154 97 126 104 83 159 89 95 92 82 116 41 117 132 178 30 93 89 100 77 164 171 97 0 68 94 84 156 
116 57 114 30 81 78 25 90 27 28 53 66 66 27 49 83 112 47 52 29 50 9 99 110 72 68 0 31 25 102 
85 26 86 33 53 61 11 66 5 10 36 58 37 54 28 54 83 67 33 5 25 23 90 79 58 94 31 0 10 72 
94 35 89 37 55 57 1 76 5 16 32 51 40 45 38 58 93 57 29 5 25 20 98 88 53 84 25 10 0 78 
32 49 33 98 32 65 78 65 75 78 65 84 40 121 73 24 54 126 63 73 56 95 119 29 70 156 102 72 78 0 
0 21 2 1 1 6 9706 0 1594 0 82111 0 10 59 0 34049 0 11 18 3667 1599 0 0 0 37 0 2 0 0 0 
21 0 0 0 32529 0 0 23 6936 0 0 0 0 80 19196 0 0 4 6 121 5 8 0 0 0 0 0 0 1 2 
2 0 0 14 0 98278 0 3 35 0 0 0 0 7 0 183 230 30972 0 1 546 0 0 0 0 11 2955 0 112 0 
1 0 14 0 0 0 0 1032 712 0 280 43347 0 0 0 0 0 0 0 60169 5764 98990 0 12 0 3204 944 799 32 5141 
1 32529 0 0 0 273 80 146 9203 2663 0 0 0 0 0 433 5 0 0 0 0 1182 0 1416 0 0 0 0 0 373 
6 0 98278 0 273 0 0 5201 4 0 2 1473 86 9 254 7799 765 67578 3 0 3548 0 1745 113 0 0 0 0 415 29 
9706 0 0 0 80 0 0 35925 198 0 0 0 0 0 0 0 2 403 26456 95 10 0 0 0 56224 48610 101 0 0 0 
0 23 3 1032 146 5201 35925 0 0 44873 25 16 47 3512 0 23934 0 21780 80 1873 269 0 918 0 62715 0 817 0 98 0 
1594 6936 35 712 9203 4 198 0 0 47 105 471 0 0 4726 83 0 261 17505 86 0 91 0 0 6 0 0 41 0 0 
0 0 0 0 2663 0 0 44873 47 0 1786 0 0 0 0 955 0 36 6199 4 4 0 0 0 47 19 0 720 1 0 
82111 0 0 280 0 2 0 25 105 1786 0 3389 0 914 10809 321 23 0 0 0 0 683 0 0 0 2 1 241 15 0 
0 0 0 43347 0 1473 0 16 471 0 3389 0 0 0 0 0 2 59 3 0 6678 0 0 161 0 0 0 0 57037 0 
10 0 0 0 0 86 0 47 0 0 0 0 0 0 0 2625 0 51224 0 15 0 45 432 0 51 3 1021 112 3541 0 
59 80 7 0 0 9 0 3512 0 0 914 0 0 0 5173 0 0 4 11867 12 0 5 0 9866 0 0 0 176 0 109 
0 19196 0 0 0 254 0 0 4726 0 10809 0 0 5173 0 985 0 22 0 0 0 0 621 0 15 0 297 0 43 7 
34049 0 183 0 433 7799 0 23934 83 955 321 0 2625 0 985 0 3057 0 83532 21 5085 0 0 0 1 1 173 0 0 0 
0 0 230 0 5 765 2 0 0 0 23 2 0 0 0 3057 0 0 0 0 82024 7098 2006 0 470 0 87 7234 1290 14 
11 4 30972 0 0 67578 403 21780 261 36 0 59 51224 4 22 0 0 0 845 1426 0 0 0 63 2633 6657 0 0 0 10408 
18 6 0 0 0 3 26456 80 17505 6199 0 3 0 11867 0 83532 0 845 0 0 103 295 1 73517 1059 0 0 0 48 0 
3667 121 1 60169 0 0 95 1873 86 4 0 0 15 12 0 21 0 1426 0 0 0 7 251 12040 0 0 302 410 0 791 
1599 5 546 5764 0 3548 10 269 0 4 0 6678 0 0 0 5085 82024 0 103 0 0 20 0 199 2358 1 0 110 0 0 
0 8 0 98990 1182 0 0 0 91 0 683 0 45 5 0 0 7098 0 295 7 20 0 3 6522 0 0 10 5 0 0 
0 0 0 0 0 1745 0 918 0 0 0 0 432 0 621 0 2006 0 1 251 0 3 0 0 0 0 0 1 0 0 
0 0 0 12 1416 113 0 0 0 0 0 161 0 9866 0 0 0 63 73517 12040 199 6522 0 0 0 11957 8 0 3 95638 
37 0 0 0 0 0 56224 62715 6 47 0 0 51 0 15 1 470 2633 1059 0 2358 0 0 0 0 0 0 50 37 85 
0 0 11 3204 0 0 48610 0 0 19 2 0 3 0 0 1 0 6657 0 0 1 0 0 11957 0 0 163 0 8 0 
2 0 2955 944 0 0 101 817 0 0 1 0 1021 0 297 173 87 0 0 302 0 10 0 8 0 163 0 0 0 68 
0 0 0 799 0 0 0 0 41 720 241 0 112 176 0 0 7234 0 0 410 110 5 1 0 50 0 0 0 0 0 
0 1 112 32 0 415 0 98 0 1 15 57037 3541 0 43 0 1290 0 48 0 0 0 0 3 37 8 0 0 0 0 
0 2 0 5141 373 29 0 0 0 0 0 0 0 109 7 0 14 10408 0 791 0 0 0 95638 85 0 68 0 0 0 
0 0 0 0 0 0 0 42529 0 14 0 6945 0 0 13 0 74 2 0 0 0 3504 0 14608 0 368 0 32 1753 86 
0 0 22829 2809 0 0 145 0 0 236 1 12313 189 0 0 1114 62 0 2 0 0 12 2416 46 1268 239 892 47 20 0 
0 22829 0 0 28067 0 21705 0 0 91927 135 18653 5610 0 477 0 0 0 3825 4 0 1893 0 17 6094 0 0 323 0 53 
0 2809 0 0 53749 637 3 0 0 6 0 0 82376 219 89964 11540 0 4323 3 0 0 0 2237 0 276 0 0 0 0 0 
0 0 28067 53749 0 0 0 0 0 0 15259 45 7056 56934 9 0 0 3 2931 9 18 0 31 0 4 18 4781 1 7 0 
0 0 0 637 0 0 72 0 0 214 5 0 0 0 0 0 0 0 0 10 0 0 0 0 72 0 1981 23 0 0 
0 145 21705 3 0 72 0 0 0 3462 186 0 10 1107 1009 53436 139 0 0 0 0 25 8270 576 0 0 0 139 6390 9 
42529 0 0 0 0 0 0 0 10 0 0 0 0 0 949 0 927 0 0 0 0 215 0 32372 0 1 0 103 0 6084 
0 0 0 0 0 0 0 10 0 0 0 0 54 0 0 0 13346 0 0 0 44468 0 3940 8 3 2225 45 0 86 75 
14 236 91927 6 0 214 3462 0 0 0 0 0 1 5 8963 0 13 0 0 0 0 0 278 117 0 8 0 0 0 97 
0 1 135 0 15259 5 186 0 0 0 0 0 389 0 0 0 11 2369 6 9 2387 0 0 1728 205 1 0 0 0 2931 
6945 12313 18653 0 45 0 0 0 0 0 0 0 21112 0 0 2 3 0 78 0 0 41362 516 0 43 53 6642 28 0 13 
0 189 5610 82376 7056 0 10 0 54 1 389 21112 0 80 44 0 17 0 0 1 26800 0 0 662 0 0 0 0 0 803 
0 0 0 219 56934 0 1107 0 0 5 0 0 80 0 0 10240 844 0 0 0 149 0 5 0 88 4 3514 0 382 0 
13 0 477 89964 9 0 1009 949 0 8963 0 0 44 0 0 0 326 1 3606 4 33 2017 0 52 0 65728 0 6687 0 0 
0 1114 0 11540 0 0 53436 0 0 0 0 2 0 10240 0 0 0 24678 0 0 0 9148 19 2055 5 0 0 1739 4997 139 
74 62 0 0 0 0 139 927 13346 13 11 3 17 844 326 0 0 404 0 2 0 0 0 1475 0 156 0 0 0 0 
2 0 0 4323 3 0 0 0 0 0 2369 0 0 0 1 24678 404 0 0 0 12 0 23 0 0 0 2479 1 11542 0 
0 2 3825 3 2931 0 0 0 0 0 6 78 0 0 3606 0 0 0 0 46062 0 0 0 0 0 83508 12 158 0 1022 
0 0 4 0 9 10 0 0 0 0 9 0 1 0 4 0 2 0 46062 0 1815 2 0 0 54 134 0 0 11906 0 
0 0 0 0 18 0 0 0 44468 0 2387 0 26800 149 33 0 0 12 0 1815 0 0 15488 0 0 4 35649 0 78 47268 
3504 12 1893 0 0 0 25 215 0 0 0 41362 0 0 2017 9148 0 0 0 2 0 0 0 0 2972 5990 0 0 161 41911 
0 2416 0 2237 31 0 8270 0 3940 278 0 516 0 5 0 19 0 23 0 0 15488 0 0 2315 63 2432 1185 1 4237 1 
14608 46 17 0 0 0 576 32372 8 117 1728 0 662 0 52 2055 1475 0 0 0 0 0 2315 0 19602 0 0 1742 0 0 
0 1268 6094 276 4 72 0 0 3 0 205 43 0 88 0 5 0 0 0 54 0 2972 63 19602 0 10932 3468 0 0 0 
368 239 0 0 18 0 0 1 2225 8 1 53 0 4 65728 0 156 0 83508 134 4 5990 2432 0 10932 0 0 88 0 2141 
0 892 0 0 4781 1981 0 0 45 0 0 6642 0 3514 0 0 0 2479 12 0 35649 0 1185 0 3468 0 0 3881 1 0 
32 47 323 0 1 23 139 103 0 0 0 28 0 0 6687 1739 0 1 158 0 0 0 1 1742 0 88 3881 0 0 13 
1753 20 0 0 7 0 6390 0 86 0 0 0 0 382 0 4997 0 11542 0 11906 78 161 4237 0 0 0 1 0 0 19 
86 0 53 0 0 0 9 6084 75 97 2931 13 803 0 0 139 0 0 1022 0 47268 41911 1 0 0 2141 0 13 19 0 
0 0 0 0 0 0 0 3521 0 110 0 14675 0 0 21521 0 200 0 1 0 0 54 190 1266 0 56201 0 15 3172 1346 
0 0 17338 1855 0 1 505 0 0 21 9 6186 36 0 0 454 1072 0 0 0 8 0 247 181 11764 64491 17 3303 0 0 
0 17338 0 0 4148 0 878 1 0 17104 223 22142 65956 23 1843 0 0 0 42 0 0 1609 1 57 92 0 0 23290 0 45356 
0 1855 0 0 22166 760 562 0 0 342 0 0 10980 53 359 10556 32 331 430 0 0 0 355 0 0 0 0 0 0 0 
0 0 4148 22166 0 0 0 0 0 0 18424 54 1 258 13 0 0 0 216 397 0 0 189 0 47 1737 101 2 61 0 
0 1 0 760 0 0 2 0 2 3 0 0 0 0 0 0 0 0 0 627 0 0 0 0 11 0 1175 143 0 0 
0 505 878 562 0 2 0 0 0 1391 4 630 3 25677 6035 17916 1 0 0 0 3 12494 95649 1414 0 0 0 1854 17473 3860 
3521 0 1 0 0 0 0 0 90 0 0 0 0 0 5 0 53547 0 0 0 0 22486 0 511 0 182 0 1173 0 1078 
0 0 0 0 0 2 0 90 0 0 0 0 72 4187 0 0 56887 0 0 0 64270 0 55701 0 0 1385 169 0 0 39 
110 21 17104 342 0 3 1391 0 0 0 0 0 9 2 35837 0 7 0 0 0 0 34 27 14 0 0 31 0 0 23 
0 9 223 0 18424 0 4 0 0 0 0 0 31 0 0 0 0 1061 6863 9 21435 0 1 0 5227 0 55 0 0 593 
14675 6186 22142 0 54 0 630 0 0 0 0 0 1785 292 0 2 0 0 3 87 0 3654 1435 0 1951 48 43613 0 0 25 
0 36 65956 10980 1 0 3 0 72 9 31 1785 0 133 3 0 140 0 33 0 601 0 0 6382 0 40 0 0 0 30 
0 0 23 53 258 0 25677 0 4187 2 0 292 133 0 0 245 883 0 0 0 8532 1 8643 0 97 0 243 0 555 0 
21521 0 1843 359 13 0 6035 5 0 35837 0 0 3 0 0 0 192 0 2936 2 70 74575 0 0 0 190 0 98624 0 0 
0 454 0 10556 0 0 17916 0 0 0 0 2 0 245 0 0 0 3253 0 0 0 816 0 709 0 3 0 2087 17937 17 
200 1072 0 32 0 0 1 53547 56887 7 0 0 140 883 192 0 0 21 15 387 0 0 0 54 0 183 0 0 0 0 
0 0 0 331 0 0 0 0 0 0 1061 0 0 0 0 3253 21 0 0 0 1 1 0 0 0 0 1161 15 28712 0 
1 0 42 430 216 0 0 0 0 0 6863 3 33 0 2936 0 15 0 0 1410 0 0 20 0 0 15511 6 1 0 1926 
0 0 0 0 397 627 0 0 0 0 9 87 0 0 2 0 387 0 1410 0 31 0 0 0 18893 1506 0 0 407 0 
0 8 0 0 0 0 3 0 64270 0 21435 0 601 8532 70 0 0 1 0 31 0 0 16027 0 0 1 780 0 34 81376 
54 0 1609 0 0 0 12494 22486 0 34 0 3654 0 1 74575 816 0 1 0 0 0 0 2 0 27 31255 0 4 0 6242 
190 247 1 355 189 0 95649 0 55701 27 1 1435 0 8643 0 0 0 0 20 0 16027 2 0 52221 20 355 128 0 215 39 
1266 181 57 0 0 0 1414 511 0 14 0 0 6382 0 0 709 54 0 0 0 0 0 52221 0 884 0 0 480 0 0 
0 11764 92 0 47 11 0 0 0 0 5227 1951 0 97 0 0 0 0 0 18893 0 27 20 884 0 32999 1431 0 0 0 
56201 64491 0 0 1737 0 0 182 1385 0 0 48 40 0 190 3 183 0 15511 1506 1 31255 355 0 32999 0 0 156 0 99 
0 17 0 0 101 1175 0 0 169 31 55 43613 0 243 0 0 0 1161 6 0 780 0 128 0 1431 0 0 6419 2 21 
15 3303 23290 0 2 143 1854 1173 0 0 0 0 0 0 98624 2087 0 15 1 0 0 4 0 480 0 156 6419 0 0 10 
3172 0 0 0 61 0 17473 0 0 0 0 0 0 555 0 17937 0 28712 0 407 34 0 215 0 0 0 2 0 0 0 
1346 0 45356 0 0 0 3860 1078 39 23 593 25 30 0 0 17 0 0 1926 0 81376 6242 39 0 0 99 21 10 0 0 
