10 2
0 46 118 40 96 98 46 64 2 33 
46 0 88 10 53 127 3 66 48 60 
118 88 0 85 53 137 85 71 120 144 
40 10 85 0 56 117 8 56 42 59 
96 53 53 56 0 154 51 82 98 112 
98 127 137 117 154 0 125 72 99 127 
46 3 85 8 51 125 0 63 48 61 
64 66 71 56 82 72 63 0 66 97 
2 48 120 42 98 99 48 66 0 32 
33 60 144 59 112 127 61 97 32 0 
0 0 0 224 0 393 3148 0 1630 0 
0 0 325 4 27 0 0 0 0 11 
0 325 0 1 0 1 72 0 74 2 
224 4 1 0 33189 21 0 0 9738 0 
0 27 0 33189 0 190 91 0 0 4 
393 0 1 21 190 0 0 36062 37812 284 
3148 0 72 0 91 0 0 2527 61 0 
0 0 0 0 0 36062 2527 0 26175 11 
1630 0 74 9738 0 37812 61 26175 0 0 
0 11 2 0 4 284 0 11 0 0 
0 19499 121 0 750 0 0 5009 0 678 
19499 0 0 0 3 286 80 7712 823 0 
121 0 0 0 14032 0 0 216 0 0 
0 0 0 0 0 0 309 38826 0 1643 
750 3 14032 0 0 0 0 17217 1239 0 
0 286 0 0 0 0 82426 0 0 0 
0 80 0 309 0 82426 0 0 0 12714 
5009 7712 216 38826 17217 0 0 0 0 0 
0 823 0 0 1239 0 0 0 0 3971 
678 0 0 1643 0 0 12714 0 3971 0 
