50 2
0 46 118 40 96 98 46 64 2 33 36 47 55 9 108 78 35 54 61 95 45 105 61 79 70 72 108 28 39 45 38 87 44 18 35 31 32 15 62 109 41 45 37 61 89 27 39 29 62 61 
46 0 88 10 53 127 3 66 48 60 37 19 78 48 107 43 36 50 104 90 43 84 63 35 92 25 124 21 29 63 42 51 30 53 36 49 49 33 99 116 43 28 60 98 101 30 35 74 67 104 
118 88 0 85 53 137 85 71 120 144 83 106 102 125 70 117 84 138 148 59 75 25 72 92 105 80 111 92 78 92 82 118 118 110 84 135 94 113 133 90 80 73 99 135 92 90 79 133 76 148 
40 10 85 0 56 117 8 56 42 59 26 26 68 43 98 54 26 55 95 82 33 79 53 44 82 34 114 12 19 52 32 61 35 44 26 50 39 29 89 107 32 19 50 89 91 20 25 66 58 95 
96 53 53 56 0 154 51 82 98 112 71 66 108 100 106 67 71 96 146 90 69 65 81 42 118 33 138 68 62 93 74 66 78 97 71 102 86 85 136 122 73 57 95 137 116 72 68 121 86 146 
98 127 137 117 154 0 125 72 99 127 90 138 49 106 75 170 91 153 52 79 87 112 73 161 36 148 37 107 99 64 85 178 140 81 91 129 77 111 38 58 86 103 67 41 45 97 92 77 68 52 
46 3 85 8 51 125 0 63 48 61 34 22 76 49 104 46 34 53 103 87 40 81 60 36 90 26 122 20 27 60 40 53 33 52 34 51 48 34 98 113 40 25 58 97 99 28 33 73 65 103 
64 66 71 56 82 72 63 0 66 97 32 83 30 73 44 110 33 107 76 31 23 50 3 95 36 81 59 52 37 22 27 116 89 48 33 92 32 67 61 50 26 38 31 63 36 44 32 68 4 76 
2 48 120 42 98 99 48 66 0 32 38 48 56 7 110 78 37 54 61 97 47 107 63 81 71 74 110 30 42 47 41 88 44 19 37 30 34 16 62 110 43 47 38 61 91 29 41 28 64 61 
33 60 144 59 112 127 61 97 32 0 67 48 88 24 142 71 66 34 83 128 77 134 94 83 103 82 141 52 68 79 71 81 38 51 66 10 65 31 89 143 73 72 71 87 123 56 69 50 95 83 
36 37 83 26 71 90 34 32 38 67 0 51 41 44 77 80 1 75 74 61 10 68 29 70 55 58 88 20 9 26 5 88 57 27 1 61 15 36 66 82 6 14 25 66 65 11 3 52 32 74 
47 19 106 26 66 138 22 83 48 48 51 0 90 45 125 31 50 31 108 109 59 103 80 35 105 34 140 31 46 76 57 41 12 59 50 37 61 32 107 133 58 46 71 106 117 41 51 76 84 108 
55 78 102 68 108 49 76 30 56 88 41 90 0 63 62 121 41 107 46 54 39 80 29 112 15 99 53 58 50 15 36 129 93 36 41 86 28 65 31 57 36 54 19 33 36 48 43 46 26 46 
9 48 125 43 100 106 49 73 7 24 44 45 63 0 117 75 43 47 66 104 53 112 70 79 79 73 117 33 47 54 47 85 40 27 43 23 41 14 69 118 49 51 46 67 98 34 46 32 71 66 
108 107 70 98 106 75 104 44 110 142 77 125 62 117 0 149 78 152 105 17 67 45 48 131 55 116 42 96 80 64 72 155 133 92 78 137 76 112 87 20 70 79 73 90 31 88 76 107 46 105 
78 43 117 54 67 170 46 110 78 71 80 31 121 75 149 0 80 40 140 132 87 120 107 25 135 36 168 62 73 106 86 10 35 91 80 61 92 63 138 160 86 72 102 137 145 72 79 107 111 140 
35 36 84 26 71 91 34 33 37 66 1 50 41 43 78 80 0 74 74 62 11 69 30 70 55 58 89 19 9 26 6 87 56 27 0 60 15 35 66 83 7 14 25 66 66 10 4 51 33 74 
54 50 138 55 96 153 53 107 54 34 75 31 107 47 152 40 74 0 113 136 84 134 104 59 123 63 160 55 72 95 80 50 20 72 74 26 80 42 117 157 81 73 89 115 139 63 75 80 107 113 
61 104 148 95 146 52 103 76 61 83 74 108 46 66 105 140 74 113 0 100 77 126 75 139 50 129 81 83 83 56 71 149 106 51 74 87 59 76 18 94 73 88 51 15 74 75 77 33 72 0 
95 90 59 82 90 79 87 31 97 128 61 109 54 104 17 132 62 136 100 0 52 34 34 114 51 99 52 81 64 52 57 138 117 79 62 123 63 98 83 32 55 63 61 85 33 73 60 97 33 100 
45 43 75 33 69 87 40 23 47 77 10 59 39 53 67 87 11 84 77 52 0 59 20 74 51 61 81 29 13 24 7 94 66 35 11 71 19 46 67 74 5 15 26 67 58 21 8 58 24 77 
105 84 25 79 65 112 81 50 107 134 68 103 80 112 45 120 69 134 126 34 59 0 51 98 81 84 86 82 66 72 66 123 114 93 69 127 77 102 111 65 64 62 80 113 67 78 66 116 54 126 
61 63 72 53 81 73 60 3 63 94 29 80 29 70 48 107 30 104 75 34 20 51 0 93 37 79 61 49 34 20 24 114 86 45 30 89 29 64 61 53 22 35 29 62 38 40 29 65 5 75 
79 35 92 44 42 161 36 95 81 83 70 35 112 79 131 25 70 59 139 114 74 98 93 0 125 14 155 56 62 96 75 25 45 88 70 72 84 65 134 143 75 59 95 134 132 65 68 108 98 139 
70 92 105 82 118 36 90 36 71 103 55 105 15 79 55 135 55 123 50 51 51 81 37 125 0 112 38 73 63 29 50 143 108 52 55 102 44 80 32 45 50 67 34 35 24 63 57 58 32 50 
72 25 80 34 33 148 26 81 74 82 58 34 99 73 116 36 58 63 129 99 61 84 79 14 112 0 140 46 49 83 63 39 45 78 58 71 72 59 123 129 62 45 83 123 117 54 55 100 84 129 
108 124 111 114 138 37 122 59 110 141 88 140 53 117 42 168 89 160 81 52 81 86 61 155 38 140 0 108 95 65 82 175 144 90 89 140 80 118 64 22 82 97 71 67 23 98 89 96 57 81 
28 21 92 12 68 107 20 52 30 52 20 31 58 33 96 62 19 55 83 81 29 82 49 56 73 46 108 0 17 44 25 70 37 32 19 44 30 20 78 102 26 20 40 77 86 10 20 54 53 83 
39 29 78 19 62 99 27 37 42 68 9 46 50 47 80 73 9 72 83 64 13 66 34 62 63 49 95 17 0 34 13 81 53 34 9 61 24 36 75 87 13 5 34 75 72 12 6 59 38 83 
45 63 92 52 93 64 60 22 47 79 26 76 15 54 64 106 26 95 56 52 24 72 20 96 29 83 65 44 34 0 20 114 79 28 26 76 15 53 43 63 21 38 9 44 44 34 28 45 19 56 
38 42 82 32 74 85 40 27 41 71 5 57 36 47 72 86 6 80 71 57 7 66 24 75 50 63 82 25 13 20 0 94 62 27 6 65 12 40 62 77 2 18 21 62 60 16 7 51 27 71 
87 51 118 61 66 178 53 116 88 81 88 41 129 85 155 10 87 50 149 138 94 123 114 25 143 39 175 70 81 114 94 0 45 100 87 71 100 72 148 166 94 78 110 147 152 80 87 116 118 149 
44 30 118 35 78 140 33 89 44 38 57 12 93 40 133 35 56 20 106 117 66 114 86 45 108 45 144 37 53 79 62 45 0 59 56 27 65 29 106 139 64 54 74 105 123 46 57 73 90 106 
18 53 110 44 97 81 52 48 19 51 27 59 36 27 92 91 27 72 51 79 35 93 45 88 52 78 90 32 34 28 27 100 59 0 27 50 17 30 47 91 30 40 19 46 71 25 31 24 46 51 
35 36 84 26 71 91 34 33 37 66 1 50 41 43 78 80 0 74 74 62 11 69 30 70 55 58 89 19 9 26 6 87 56 27 0 60 15 35 66 83 7 14 25 66 66 10 4 51 33 74 
31 49 135 50 102 129 51 92 30 10 61 37 86 23 137 61 60 26 87 123 71 127 89 72 102 71 140 44 61 76 65 71 27 50 60 0 62 25 92 140 67 64 68 90 120 50 63 54 91 87 
32 49 94 39 86 77 48 32 34 65 15 61 28 41 76 92 15 80 59 63 19 77 29 84 44 72 80 30 24 15 12 100 65 17 15 62 0 38 51 77 14 29 10 51 59 20 18 39 30 59 
15 33 113 29 85 111 34 67 16 31 36 32 65 14 112 63 35 42 76 98 46 102 64 65 80 59 118 20 36 53 40 72 29 30 35 25 38 0 76 116 42 40 46 75 97 25 38 44 67 76 
62 99 133 89 136 38 98 61 62 89 66 107 31 69 87 138 66 117 18 83 67 111 61 134 32 123 64 78 75 43 62 148 106 47 66 92 51 76 0 76 63 80 41 3 56 69 69 39 57 18 
109 116 90 107 122 58 113 50 110 143 82 133 57 118 20 160 83 157 94 32 74 65 53 143 45 129 22 102 87 63 77 166 139 91 83 140 77 116 76 0 75 88 72 79 21 93 82 103 49 94 
41 43 80 32 73 86 40 26 43 73 6 58 36 49 70 86 7 81 73 55 5 64 22 75 50 62 82 26 13 21 2 94 64 30 7 67 14 42 63 75 0 17 22 63 59 18 7 53 26 73 
45 28 73 19 57 103 25 38 47 72 14 46 54 51 79 72 14 73 88 63 15 62 35 59 67 45 97 20 5 38 18 78 54 40 14 64 29 40 80 88 17 0 39 80 73 17 11 65 39 88 
37 60 99 50 95 67 58 31 38 71 25 71 19 46 73 102 25 89 51 61 26 80 29 95 34 83 71 40 34 9 21 110 74 19 25 68 10 46 41 72 22 39 0 41 52 30 28 36 28 51 
61 98 135 89 137 41 97 63 61 87 66 106 33 67 90 137 66 115 15 85 67 113 62 134 35 123 67 77 75 44 62 147 105 46 66 90 51 75 3 79 63 80 41 0 59 69 69 36 59 15 
89 101 92 91 116 45 99 36 91 123 65 117 36 98 31 145 66 139 74 33 58 67 38 132 24 117 23 86 72 44 60 152 123 71 66 120 59 97 56 21 59 73 52 59 0 76 66 82 34 74 
27 30 90 20 72 97 28 44 29 56 11 41 48 34 88 72 10 63 75 73 21 78 40 65 63 54 98 10 12 34 16 80 46 25 10 50 20 25 69 93 18 17 30 69 76 0 13 48 43 75 
39 35 79 25 68 92 33 32 41 69 3 51 43 46 76 79 4 75 77 60 8 66 29 68 57 55 89 20 6 28 7 87 57 31 4 63 18 38 69 82 7 11 28 69 66 13 0 55 32 77 
29 74 133 66 121 77 73 68 28 50 52 76 46 32 107 107 51 80 33 97 58 116 65 108 58 100 96 54 59 45 51 116 73 24 51 54 39 44 39 103 53 65 36 36 82 48 55 0 64 33 
62 67 76 58 86 68 65 4 64 95 32 84 26 71 46 111 33 107 72 33 24 54 5 98 32 84 57 53 38 19 27 118 90 46 33 91 30 67 57 49 26 39 28 59 34 43 32 64 0 72 
61 104 148 95 146 52 103 76 61 83 74 108 46 66 105 140 74 113 0 100 77 126 75 139 50 129 81 83 83 56 71 149 106 51 74 87 59 76 18 94 73 88 51 15 74 75 77 33 72 0 
0 0 7 22863 7 0 0 0 0 0 2016 4 0 20062 6 22 38891 0 0 0 0 2 48 0 0 4 510 0 0 0 0 0 14 3 30 0 3176 0 0 87293 0 5 0 0 0 0 39012 0 0 0 
0 0 13 0 0 0 0 203 1019 0 0 0 0 26 0 70 0 0 62943 0 0 1821 0 19 0 0 147 0 1439 1935 25364 0 6425 0 0 0 349 9961 0 0 26179 1 205 0 0 3 25 0 0 725 
7 13 0 1 191 0 7 0 0 33497 17311 0 128 0 863 0 0 3 7 3 748 5 0 0 156 0 934 0 3787 477 1 125 30743 0 12 270 3 0 0 1731 0 0 0 0 0 0 0 0 594 0 
22863 0 1 0 5173 20 0 0 579 159 726 0 0 77 156 53 213 0 0 0 0 0 379 1514 0 0 0 0 339 99568 11 99455 0 0 89186 0 5 525 7872 0 1801 25516 0 0 0 328 0 160 0 0 
7 0 191 5173 0 316 17 2486 0 0 0 108 5709 18 0 78 874 3 0 11169 53 0 0 0 849 3 0 0 83 1 0 112 107 0 7 477 0 296 60 20376 165 18 0 0 2 1154 2692 39469 0 2 
0 0 0 20 316 0 0 87 48 29256 2410 0 0 0 20675 0 0 57986 57 0 2482 58 0 0 0 2748 3 0 6266 1 0 15169 67450 0 113 0 0 0 3 34 1 1562 8 122 78918 0 20 0 0 4 
0 0 7 0 17 0 0 0 0 0 0 2 245 0 0 0 17 0 45617 0 79626 56452 0 0 29 82 5 0 21 4443 865 55 2 0 0 0 10364 3192 0 25 0 3 0 16 0 2 0 10466 0 0 
0 203 0 0 2486 87 0 0 0 33555 0 0 0 49394 242 0 32094 1371 15201 0 14 0 21 1 0 293 0 0 6950 0 57 0 0 0 261 0 38 19 0 0 1 0 117 3 3 15556 6 0 0 0 
0 1019 0 579 0 48 0 0 0 87057 0 0 0 9 145 1 5781 0 0 0 0 7320 6409 16 0 0 80 9 14 0 0 0 7 0 0 0 19719 0 24 0 0 19 0 0 0 0 0 0 50 36240 
0 0 33497 159 0 29256 0 33555 87057 0 0 1260 0 229 0 0 135 0 52 0 46198 0 3 8373 16995 67916 99409 389 11 61343 0 16486 9 7180 0 0 19 0 0 1082 23026 0 3 9 3973 282 0 0 0 0 
2016 0 17311 726 0 2410 0 0 0 0 0 14 291 0 0 0 13702 0 0 0 28177 0 5551 809 0 25 0 739 0 0 4 48 61 26 32807 0 0 0 2 161 34 605 0 5 0 19888 0 0 63036 0 
4 0 0 0 108 0 2 0 0 1260 14 0 0 1 236 0 0 8 29 11 0 8339 0 0 20 0 2298 0 18246 9575 0 0 0 0 4618 0 10061 9 93 0 0 0 0 15401 18952 0 2 0 0 12384 
0 0 128 0 5709 0 245 0 0 0 291 0 0 0 117 2315 0 26 0 1 25052 5 0 0 0 123 529 0 0 616 5 38264 0 18218 81479 0 25 1339 0 1 0 0 24 0 86966 451 0 0 20 20 
20062 26 0 77 18 0 0 49394 9 229 0 1 0 0 13496 9 3 0 69062 0 9 0 0 0 0 26386 420 2438 0 0 5707 0 0 571 0 0 0 2514 5887 0 0 0 0 3226 38 0 0 0 0 0 
6 0 863 156 0 20675 0 242 145 0 0 236 117 13496 0 0 24 0 0 0 1904 0 166 0 461 0 0 12 77776 0 3 6475 0 0 19 10 0 90968 62076 0 612 0 0 0 0 0 0 513 1148 26259 
22 70 0 53 78 0 0 0 1 0 0 0 2315 9 0 0 1 0 7 0 4 0 41 94 100 44620 0 116 4 15 0 72 0 0 6663 0 3901 22292 799 1 4 0 5666 0 0 0 2 323 4837 0 
38891 0 0 213 874 0 17 32094 5781 135 13702 0 0 3 24 1 0 3114 0 18 0 3812 42880 0 34648 99 15 0 0 0 1 1 0 58252 0 25288 8287 0 6834 0 1163 2298 2241 28032 331 193 0 0 0 0 
0 0 3 0 3 57986 0 1371 0 0 0 8 26 0 0 0 3114 0 4999 0 0 3 1693 0 0 4871 0 3095 459 0 0 0 0 0 0 62963 0 50 34643 0 0 0 0 5324 0 0 43 0 0 2 
0 62943 7 0 0 57 45617 15201 0 52 0 29 0 69062 0 7 0 4999 0 0 4225 762 2349 3497 0 0 18 61496 3120 4 0 0 2103 0 9228 0 32402 91 0 27 0 0 0 1203 49 0 0 7 70 0 
0 0 3 0 11169 0 0 0 0 0 0 11 1 0 0 0 18 0 0 0 326 30 1623 12749 3 2278 267 10 0 9727 66484 25 59 0 164 1853 778 0 0 20087 0 66 5 0 0 99 0 0 7 0 
0 0 748 0 53 2482 79626 14 0 46198 28177 0 25052 9 1904 4 0 0 4225 326 0 17 63 0 1 0 0 0 0 48244 0 177 0 18561 0 2 5436 0 93 0 0 11 0 3 991 0 0 5323 0 0 
2 1821 5 0 0 58 56452 0 7320 0 0 8339 5 0 0 0 3812 3 762 30 17 0 0 0 0 0 142 0 0 0 44801 0 3061 0 32 14756 0 0 0 0 15 0 0 178 0 0 0 25 99 68451 
48 0 0 379 0 0 0 21 6409 3 5551 0 0 0 166 41 42880 1693 2349 1623 63 0 0 78 24 0 0 3 0 0 0 2 16 0 16966 5016 27852 2619 0 5609 14515 8784 0 13 58 0 1135 36065 0 0 
0 19 0 1514 0 0 0 1 16 8373 809 0 0 0 0 94 0 0 3497 12749 0 0 78 0 0 27 1 0 3761 0 0 210 0 36222 0 0 0 0 0 279 62999 90865 0 67 1836 466 0 1 11567 0 
0 0 156 0 849 0 29 0 0 16995 0 20 0 0 461 100 34648 0 0 3 1 0 24 0 0 0 0 0 0 2 0 115 15794 0 10 0 0 0 0 0 0 491 0 6 35805 42 0 0 0 0 
4 0 0 0 3 2748 82 293 0 67916 25 0 123 26386 0 44620 99 4871 0 2278 0 0 0 27 0 0 5544 0 0 0 0 0 0 0 2919 1203 123 1 0 0 16339 0 3201 0 45453 0 65 203 15577 1668 
510 147 934 0 0 3 5 0 80 99409 0 2298 529 420 0 0 15 0 18 267 0 142 0 1 0 5544 0 30977 3 0 6356 78852 0 3306 17 0 0 294 774 1040 43170 10139 0 0 0 0 0 0 36874 1028 
0 0 0 0 0 0 0 0 9 389 739 0 0 2438 12 116 0 3095 61496 10 0 0 3 0 0 0 30977 0 0 0 0 0 0 43333 0 167 24 0 25851 52 0 0 0 0 600 0 2 256 18012 0 
0 1439 3787 339 83 6266 21 6950 14 11 0 18246 0 0 77776 4 0 459 3120 0 0 0 0 3761 0 0 3 0 0 688 0 0 0 0 1 66 202 44 0 0 0 0 24 23 0 0 0 4 0 38 
0 1935 477 99568 1 1 4443 0 0 61343 0 9575 616 0 0 15 0 0 4 9727 48244 0 0 0 2 0 0 0 688 0 2 0 0 0 48203 3 28904 0 0 0 0 230 0 0 4 0 0 0 0 957 
0 25364 1 11 0 0 865 57 0 0 4 0 5 5707 3 0 1 0 0 66484 0 44801 0 0 0 0 6356 0 0 2 0 14 4 0 1 41 0 0 1 0 0 3 1 0 0 9214 11110 0 0 13577 
0 0 125 99455 112 15169 55 0 0 16486 48 0 38264 0 6475 72 1 0 0 25 177 0 2 210 115 0 78852 0 0 0 14 0 0 0 363 24097 0 0 2 0 0 0 15 0 0 62 0 0 506 0 
14 6425 30743 0 107 67450 2 0 7 9 61 0 0 0 0 0 0 0 2103 59 0 3061 16 0 15794 0 0 0 0 0 4 0 0 17 0 1 0 0 50 0 43043 654 0 6451 0 2 0 25 33381 32 
3 0 0 0 0 0 0 0 0 7180 26 0 18218 571 0 0 58252 0 0 0 18561 0 0 36222 0 0 3306 43333 0 0 0 0 17 0 27385 13330 640 0 84 0 0 0 0 0 602 56 3829 8362 88 0 
30 0 12 89186 7 113 0 261 0 0 32807 4618 81479 0 19 6663 0 0 9228 164 0 32 16966 0 10 2919 17 0 1 48203 1 363 0 27385 0 0 0 0 0 0 1 711 0 3943 4 9297 1 0 0 30 
0 0 270 0 477 0 0 0 0 0 0 0 0 0 10 0 25288 62963 0 1853 2 14756 5016 0 0 1203 0 167 66 3 41 24097 1 13330 0 0 23373 0 0 0 0 40 325 0 55 0 100 0 1 1 
3176 349 3 5 0 0 10364 38 19719 19 0 10061 25 0 0 3901 8287 0 32402 778 5436 0 27852 0 0 123 0 24 202 28904 0 0 0 640 0 23373 0 0 0 0 0 0 7 0 279 0 3 2033 0 591 
0 9961 0 525 296 0 3192 19 0 0 0 9 1339 2514 90968 22292 0 50 91 0 0 0 2619 0 0 1 294 0 44 0 0 0 0 0 0 0 0 0 0 0 0 2602 4 0 0 1281 1143 16 3993 0 
0 0 0 7872 60 3 0 0 24 0 2 93 0 5887 62076 799 6834 34643 0 0 93 0 0 0 0 0 774 25851 0 0 1 2 50 84 0 0 0 0 0 10 6 0 0 3836 0 0 3263 0 3 0 
87293 0 1731 0 20376 34 25 0 0 1082 161 0 1 0 0 1 0 0 27 20087 0 0 5609 279 0 0 1040 52 0 0 0 0 0 0 0 0 0 0 10 0 0 72 12452 0 31 1217 351 0 0 402 
0 26179 0 1801 165 1 0 1 0 23026 34 0 0 0 612 4 1163 0 0 0 0 15 14515 62999 0 16339 43170 0 0 0 0 0 43043 0 1 0 0 0 6 0 0 0 0 4334 0 121 14 0 242 419 
5 1 0 25516 18 1562 3 0 19 0 605 0 0 0 0 0 2298 0 0 66 11 0 8784 90865 491 0 10139 0 0 230 3 0 654 0 711 40 0 2602 0 72 0 0 0 0 0 0 3729 0 2 54 
0 205 0 0 0 8 0 117 0 3 0 0 24 0 0 5666 2241 0 0 5 0 0 0 0 0 3201 0 0 24 0 1 15 0 0 0 325 7 4 0 12452 0 0 0 0 0 22021 1538 7816 0 1748 
0 0 0 0 0 122 16 3 0 9 5 15401 0 3226 0 0 28032 5324 1203 0 3 178 13 67 6 0 0 0 23 0 0 0 6451 0 3943 0 0 0 3836 0 4334 0 0 0 9 0 108 0 0 2283 
0 0 0 0 2 78918 0 3 0 3973 0 18952 86966 38 0 0 331 0 49 0 991 0 58 1836 35805 45453 0 600 0 4 0 0 0 602 4 55 279 0 0 31 0 0 0 9 0 0 30968 26 83595 18960 
0 3 0 328 1154 0 2 15556 0 282 19888 0 451 0 0 0 193 0 0 99 0 0 0 466 42 0 0 0 0 0 9214 62 2 56 9297 0 0 1281 0 1217 121 0 22021 0 0 0 82635 81858 12 9 
39012 25 0 0 2692 20 0 6 0 0 0 2 0 0 0 2 0 43 0 0 0 0 1135 0 0 65 0 2 0 0 11110 0 0 3829 1 100 3 1143 3263 351 14 3729 1538 108 30968 82635 0 1495 28 2400 
0 0 0 160 39469 0 10466 0 0 0 0 0 0 0 513 323 0 0 7 0 5323 25 36065 1 0 203 0 256 4 0 0 0 25 8362 0 0 2033 16 0 0 0 0 7816 0 26 81858 1495 0 2 0 
0 0 594 0 0 0 0 0 50 0 63036 0 20 0 1148 4837 0 0 70 7 0 99 0 11567 0 15577 36874 18012 0 0 0 506 33381 88 0 1 0 3993 3 0 242 2 0 0 83595 12 28 2 0 67 
0 725 0 0 2 4 0 0 36240 0 0 12384 20 0 26259 0 0 2 0 0 0 68451 0 0 0 1668 1028 0 38 957 13577 0 32 0 30 1 591 0 0 402 419 54 1748 2283 18960 9 2400 0 67 0 
0 0 352 61682 41 0 0 0 0 0 314 0 0 3495 10 211 4952 0 0 0 0 2 7 0 0 0 428 0 0 1 0 0 49 1 13 0 21 0 2 29494 0 7 0 0 0 0 1735 0 0 0 
0 0 82 0 0 0 0 2323 55190 0 0 0 0 773 0 7 0 0 12384 0 0 4512 0 46 0 0 11799 0 86264 18633 2280 0 69039 0 1 0 18 38230 0 0 39570 0 137 0 0 0 6 0 0 281 
352 82 0 1 303 0 6 0 0 10795 6127 0 31 0 1579 0 15 3 2 62 24559 6 0 0 122 7 1860 0 4136 2 0 1102 12336 0 5 22 385 0 0 722 0 0 0 0 0 0 0 0 7750 0 
61682 0 1 0 566 76 0 0 205 37 29 0 0 5 59 279 849 0 0 0 0 0 112 693 0 0 0 0 207 850 5 8604 0 0 3277 0 2 169 11211 0 620 46705 0 0 0 1664 0 322 0 0 
41 0 303 566 0 296 0 96768 18 0 0 435 17922 22 0 44 215 0 0 27 50 0 0 0 2038 4 0 0 3514 30 0 161 388 0 1 4263 0 2907 22 15895 729 672 0 0 0 256 197 11395 0 0 
0 0 0 76 296 0 0 2 45 205 848 0 0 0 16488 0 0 12434 20 0 21164 178 0 0 0 1794 45 0 2922 0 0 90893 35550 0 119 0 0 0 2474 18 15 5232 46 5638 6122 0 7 0 0 14 
0 0 6 0 0 0 0 0 0 0 389 1 6 0 0 0 21 0 90965 0 84590 62648 0 0 1230 211 5 6 2 192 144 75 4 0 0 0 3049 17001 0 569 0 7 3 104 0 4 0 16960 0 0 
0 2323 0 0 96768 2 0 0 0 3981 0 0 0 1877 1010 2 19882 148 1972 0 827 0 1 15 0 153 0 0 1257 0 15 0 0 0 72281 0 56 75 0 0 3 0 0 3 0 10014 130 0 0 0 
0 55190 0 205 18 45 0 0 0 28927 0 0 0 27 25 0 38 0 0 0 0 875 1405 308 0 0 34 1 1 0 0 0 178 0 0 0 1124 0 9 9 0 488 27 0 0 0 0 0 1627 1343 
0 0 10795 37 0 205 0 3981 28927 0 0 2455 0 6275 0 0 3 0 481 0 592 0 0 73 3553 15612 60259 0 19 49516 0 9652 155 42976 7 0 869 0 0 41107 7509 1 2 0 827 557 0 0 0 0 
314 0 6127 29 0 848 389 0 0 0 0 7 36 0 0 0 55307 0 119 0 25390 19 31 2830 2 34 0 1197 0 0 1 0 3549 2248 19442 1 0 0 2 104 47 601 0 1 0 22732 0 0 47138 0 
0 0 0 0 435 0 1 0 0 2455 7 0 0 7 48 0 0 31 41 266 0 12410 0 0 169 0 906 0 25909 5363 0 0 3 0 43979 0 21199 12 4003 0 0 0 0 7878 11705 26 93 0 0 3940 
0 0 31 0 17922 0 6 0 0 0 36 0 0 2 63 2999 0 3 0 164 451 1 0 0 0 3858 72 0 0 2120 4 9416 0 6055 9010 0 166 1824 0 1 0 0 137 0 43231 66 0 0 49 68 
3495 773 0 5 22 0 0 1877 27 6275 0 7 2 0 2452 696 28 0 94797 0 118 0 0 0 0 48108 570 26 1 0 74515 21 0 535 0 0 0 44 9903 0 0 0 0 7195 7 0 6 0 0 8 
10 0 1579 59 0 16488 0 1010 25 0 0 48 63 2452 0 0 139 0 0 0 114 0 14373 0 811 0 0 356 6879 0 83 154 0 0 213 0 0 2455 17185 0 31345 0 0 0 0 0 15 1477 460 98936 
211 7 0 279 44 0 0 2 0 0 0 0 2999 696 0 0 0 0 18 0 211 0 49 118 5 1747 0 2 0 2 0 80 0 0 592 0 130 1118 3838 0 0 0 4942 0 0 0 179 243 7836 0 
4952 0 15 849 215 0 21 19882 38 3 55307 0 0 28 139 0 0 24 0 6 12 3542 28 2 13070 2 1 0 0 0 5 0 0 40004 0 64035 20489 0 14232 0 6126 2418 284 10130 276 119 0 0 0 0 
0 0 3 0 0 12434 0 148 0 0 0 31 3 0 0 0 24 0 56275 0 0 20 1354 0 0 836 0 4460 27405 0 0 0 0 0 0 37244 0 2274 1204 0 0 0 0 5012 0 0 21 0 0 7 
0 12384 2 0 0 20 90965 1972 0 481 119 41 0 94797 0 18 0 56275 0 0 327 29 966 20 0 1 11 28920 476 0 0 0 26735 0 13023 0 37637 1926 0 328 0 0 0 1468 11 0 0 1 356 0 
0 0 62 0 27 0 0 0 0 0 0 266 164 0 0 0 6 0 0 0 25 630 2696 442 2 365 79 6 0 1779 23599 0 31 0 6 2212 139 0 0 18756 0 58 4 1 0 344 0 22 3 0 
0 0 24559 0 50 21164 84590 827 0 592 25390 0 451 118 114 211 12 0 327 25 0 9 1034 3 0 0 0 0 3 15707 0 3 0 1024 0 4 175 0 1012 0 0 64 0 191 912 0 0 23851 0 0 
2 4512 6 0 0 178 62648 0 875 0 19 12410 1 0 0 0 3542 20 29 630 9 0 0 0 1 0 2106 0 0 0 14852 0 2734 1 2077 94888 0 0 0 0 10 0 0 185 0 0 0 138 180 27177 
7 0 0 112 0 0 0 1 1405 0 31 0 0 0 14373 49 28 1354 966 2696 1034 0 0 6 246 0 0 0 0 1 0 0 2167 7 149 48991 10417 191 0 183 1639 4070 1 53 36 0 27899 27220 0 0 
0 46 0 693 0 0 0 15 308 73 2830 0 0 0 0 118 2 0 20 442 3 0 6 0 0 109 0 0 3161 0 0 8495 0 65645 0 0 0 0 0 977 1430 28921 0 37 2422 25 0 1 324 0 
0 0 122 0 2038 0 1230 0 0 3553 2 169 0 0 811 5 13070 0 0 2 0 1 246 0 0 0 0 0 0 1 0 334 27691 0 4 0 0 0 1 0 0 77 0 6 74656 849 0 0 0 0 
0 0 7 0 4 1794 211 153 0 15612 34 0 3858 48108 0 1747 2 836 1 365 0 0 0 109 0 0 4161 0 0 0 0 0 0 0 14513 4818 13 8 0 0 10829 0 126 0 73426 0 1 2083 3172 3596 
428 11799 1860 0 0 45 5 0 34 60259 0 906 72 570 0 0 1 0 11 79 0 2106 0 0 0 4161 0 89288 5 0 39701 52721 0 13294 0 0 0 5344 1063 1902 40587 9518 0 0 0 0 0 0 40573 571 
0 0 0 0 0 0 6 0 1 0 1197 0 0 26 356 2 0 4460 28920 6 0 0 0 0 0 0 89288 0 0 0 0 0 0 17120 0 49114 0 3 16 194 0 0 0 0 3488 0 6 111 578 0 
0 86264 4136 207 3514 2922 2 1257 1 19 0 25909 0 1 6879 0 0 27405 476 0 3 0 0 3161 0 0 5 0 0 1272 0 0 0 0 0 6546 40 145 0 0 0 0 3 35 0 0 0 1 0 544 
1 18633 2 850 30 0 192 0 0 49516 0 5363 2120 0 0 2 0 0 0 1779 15707 0 1 0 1 0 0 0 1272 0 0 0 0 0 22689 0 17 0 0 0 0 1031 0 0 1 0 0 0 0 1393 
0 2280 0 5 0 0 144 15 0 0 1 0 4 74515 83 0 5 0 0 23599 0 14852 0 0 0 0 39701 0 0 0 0 486 642 0 1 0 0 0 0 0 0 0 302 1 0 19672 21399 0 0 580 
0 0 1102 8604 161 90893 75 0 0 9652 0 0 9416 21 154 80 0 0 0 0 3 0 0 8495 334 0 52721 0 0 0 486 0 2 0 2077 431 0 0 19 0 0 0 138 0 0 0 0 0 3791 0 
49 69039 12336 0 388 35550 4 0 178 155 3549 3 0 0 0 0 0 0 26735 31 0 2734 2167 0 27691 0 0 0 0 0 642 2 0 1 0 36 5 0 41 0 55825 19 0 1189 0 12 0 526 1328 10 
1 0 0 0 0 0 0 0 0 42976 2248 0 6055 535 0 0 40004 0 0 0 1024 1 7 65645 0 0 13294 17120 0 0 0 0 1 0 64142 3502 894 0 11 0 2 0 0 1 973 568 10781 765 247 0 
13 1 5 3277 1 119 0 72281 0 7 19442 43979 9010 0 213 592 0 0 13023 6 0 2077 149 0 4 14513 0 0 0 22689 1 2077 0 64142 0 0 1 0 0 0 36 1017 1 6249 16 3796 3 0 1 79 
0 0 22 0 4263 0 0 0 0 0 1 0 0 0 0 0 64035 37244 0 2212 4 94888 48991 0 0 4818 0 49114 6546 0 0 431 36 3502 0 0 909 0 0 0 0 58 775 0 0 0 252 0 0 1 
21 18 385 2 0 0 3049 56 1124 869 0 21199 166 0 0 130 20489 0 37637 139 175 0 10417 0 0 13 0 0 40 17 0 0 5 894 1 909 0 0 0 0 0 0 0 0 11916 0 0 116 1 1952 
0 38230 0 169 2907 0 17001 75 0 0 0 12 1824 44 2455 1118 0 2274 1926 0 0 0 191 0 0 8 5344 3 145 0 0 0 0 0 0 0 0 0 0 0 0 12593 53 0 0 8447 5190 23 197 0 
2 0 0 11211 22 2474 0 0 9 0 2 4003 0 9903 17185 3838 14232 1204 0 0 1012 0 0 0 1 0 1063 16 0 0 0 19 41 11 0 0 0 0 0 25 25 0 0 1392 0 0 2088 0 1 0 
29494 0 722 0 15895 18 569 0 9 41107 104 0 1 0 0 0 0 0 328 18756 0 0 183 977 0 0 1902 194 0 0 0 0 0 0 0 0 0 0 25 0 0 1140 470 12 5 959 4282 0 0 437 
0 39570 0 620 729 15 0 3 0 7509 47 0 0 0 31345 0 6126 0 0 0 0 10 1639 1430 0 10829 40587 0 0 0 0 0 55825 2 36 0 0 0 25 0 0 0 0 538 0 2569 2 0 0 5367 
7 0 0 46705 672 5232 7 0 488 1 601 0 0 0 0 0 2418 0 0 58 64 0 4070 28921 77 0 9518 0 0 1031 0 0 19 0 1017 58 0 12593 0 1140 0 0 0 0 0 0 3029 0 2 31 
0 137 0 0 0 46 3 0 27 2 0 0 137 0 0 4942 284 0 0 4 0 0 1 0 0 126 0 0 3 0 302 138 0 0 1 775 0 53 0 470 0 0 0 0 0 12443 1169 434 0 23710 
0 0 0 0 0 5638 104 3 0 0 1 7878 0 7195 0 0 10130 5012 1468 1 191 185 53 37 6 0 0 0 35 0 1 0 1189 1 6249 0 0 0 1392 12 538 0 0 0 0 1 15 0 0 2648 
0 0 0 0 0 6122 0 0 0 827 0 11705 43231 7 0 0 276 0 11 0 912 0 36 2422 74656 73426 0 3488 0 1 0 0 0 973 16 0 11916 0 0 5 0 0 0 0 0 0 30137 0 43121 680 
0 0 0 1664 256 0 4 10014 0 557 22732 26 66 0 0 0 119 0 0 344 0 0 0 25 849 0 0 0 0 0 19672 0 12 568 3796 0 0 8447 0 959 2569 0 12443 1 0 0 80742 37455 960 161 
1735 6 0 0 197 7 0 130 0 0 0 93 0 6 15 179 0 21 0 0 0 0 27899 0 0 1 0 6 0 0 21399 0 0 10781 3 252 0 5190 2088 4282 2 3029 1169 15 30137 80742 0 183 3 226 
0 0 0 322 11395 0 16960 0 0 0 0 0 0 0 1477 243 0 0 1 22 23851 138 27220 1 0 2083 0 111 1 0 0 0 526 765 0 0 116 23 0 0 0 0 434 0 0 37455 183 0 0 0 
0 0 7750 0 0 0 0 0 1627 0 47138 0 49 0 460 7836 0 0 356 3 0 180 0 324 0 3172 40573 578 0 0 0 3791 1328 247 1 0 1 197 1 0 0 2 0 0 43121 960 3 0 0 74 
0 281 0 0 0 14 0 0 1343 0 0 3940 68 8 98936 0 0 7 0 0 0 27177 0 0 0 3596 571 0 544 1393 580 0 10 0 79 1 1952 0 0 437 5367 31 23710 2648 680 161 226 0 74 0 
