8 3
0 46 118 40 96 98 46 64 
46 0 88 10 53 127 3 66 
118 88 0 85 53 137 85 71 
40 10 85 0 56 117 8 56 
96 53 53 56 0 154 51 82 
98 127 137 117 154 0 125 72 
46 3 85 8 51 125 0 63 
64 66 71 56 82 72 63 0 
0 1522 0 0 0 0 16 0 
1522 0 0 9939 0 1 0 0 
0 0 0 0 0 2146 14 0 
0 9939 0 0 2 0 0 0 
0 0 0 2 0 0 0 0 
0 1 2146 0 0 0 104 1 
16 0 14 0 0 104 0 20 
0 0 0 0 0 1 20 0 
0 0 3780 23692 1654 6 0 106 
0 0 6233 0 0 0 0 63309 
3780 6233 0 717 0 325 0 8 
23692 0 717 0 16987 45 8 56 
1654 0 0 16987 0 0 4 2654 
6 0 325 45 0 0 0 6734 
0 0 0 8 4 0 0 765 
106 63309 8 56 2654 6734 765 0 
0 0 7 875 52 29716 107 0 
0 0 90764 0 25071 0 12732 9 
7 90764 0 11475 5921 0 0 43507 
875 0 11475 0 0 58095 2405 602 
52 25071 5921 0 0 87656 87598 0 
29716 0 0 58095 87656 0 1831 0 
107 12732 0 2405 87598 1831 0 0 
0 9 43507 602 0 0 0 0 
