8 3
0 123 17 72 89 90 77 84 
123 0 116 51 121 48 96 115 
17 116 0 64 101 90 86 66 
72 51 64 0 97 39 71 77 
89 121 101 97 0 73 26 158 
90 48 90 39 73 0 47 116 
77 96 86 71 26 47 0 136 
84 115 66 77 158 116 136 0 
0 10 2 0 0 0 0 0 
10 0 5 0 245 0 1209 46 
2 5 0 0 0 196 0 0 
0 0 0 0 0 833 0 11 
0 245 0 0 0 16353 0 693 
0 0 196 833 16353 0 41 0 
0 1209 0 0 0 41 0 0 
0 46 0 11 693 0 0 0 
0 0 328 2 0 68 503 0 
0 0 0 24119 162 22 0 82 
328 0 0 0 35 8711 0 0 
2 24119 0 0 0 0 263 0 
0 162 35 0 0 410 4766 0 
68 22 8711 0 410 0 99438 253 
503 0 0 263 4766 99438 0 0 
0 82 0 0 0 253 0 0 
0 42326 24573 84 0 344 9448 41944 
42326 0 5 38 7967 16467 76 0 
24573 5 0 32837 1219 0 0 0 
84 38 32837 0 208 0 52 0 
0 7967 1219 208 0 0 0 0 
344 16467 0 0 0 0 0 12 
9448 76 0 52 0 0 0 55106 
41944 0 0 0 0 12 55106 0 
