50 4
0 46 118 40 96 98 46 64 2 33 36 47 55 9 108 78 35 54 61 95 45 105 61 79 70 72 108 28 39 45 38 87 44 18 35 31 32 15 62 109 41 45 37 61 89 27 39 29 62 61 
46 0 88 10 53 127 3 66 48 60 37 19 78 48 107 43 36 50 104 90 43 84 63 35 92 25 124 21 29 63 42 51 30 53 36 49 49 33 99 116 43 28 60 98 101 30 35 74 67 104 
118 88 0 85 53 137 85 71 120 144 83 106 102 125 70 117 84 138 148 59 75 25 72 92 105 80 111 92 78 92 82 118 118 110 84 135 94 113 133 90 80 73 99 135 92 90 79 133 76 148 
40 10 85 0 56 117 8 56 42 59 26 26 68 43 98 54 26 55 95 82 33 79 53 44 82 34 114 12 19 52 32 61 35 44 26 50 39 29 89 107 32 19 50 89 91 20 25 66 58 95 
96 53 53 56 0 154 51 82 98 112 71 66 108 100 106 67 71 96 146 90 69 65 81 42 118 33 138 68 62 93 74 66 78 97 71 102 86 85 136 122 73 57 95 137 116 72 68 121 86 146 
98 127 137 117 154 0 125 72 99 127 90 138 49 106 75 170 91 153 52 79 87 112 73 161 36 148 37 107 99 64 85 178 140 81 91 129 77 111 38 58 86 103 67 41 45 97 92 77 68 52 
46 3 85 8 51 125 0 63 48 61 34 22 76 49 104 46 34 53 103 87 40 81 60 36 90 26 122 20 27 60 40 53 33 52 34 51 48 34 98 113 40 25 58 97 99 28 33 73 65 103 
64 66 71 56 82 72 63 0 66 97 32 83 30 73 44 110 33 107 76 31 23 50 3 95 36 81 59 52 37 22 27 116 89 48 33 92 32 67 61 50 26 38 31 63 36 44 32 68 4 76 
2 48 120 42 98 99 48 66 0 32 38 48 56 7 110 78 37 54 61 97 47 107 63 81 71 74 110 30 42 47 41 88 44 19 37 30 34 16 62 110 43 47 38 61 91 29 41 28 64 61 
33 60 144 59 112 127 61 97 32 0 67 48 88 24 142 71 66 34 83 128 77 134 94 83 103 82 141 52 68 79 71 81 38 51 66 10 65 31 89 143 73 72 71 87 123 56 69 50 95 83 
36 37 83 26 71 90 34 32 38 67 0 51 41 44 77 80 1 75 74 61 10 68 29 70 55 58 88 20 9 26 5 88 57 27 1 61 15 36 66 82 6 14 25 66 65 11 3 52 32 74 
47 19 106 26 66 138 22 83 48 48 51 0 90 45 125 31 50 31 108 109 59 103 80 35 105 34 140 31 46 76 57 41 12 59 50 37 61 32 107 133 58 46 71 106 117 41 51 76 84 108 
55 78 102 68 108 49 76 30 56 88 41 90 0 63 62 121 41 107 46 54 39 80 29 112 15 99 53 58 50 15 36 129 93 36 41 86 28 65 31 57 36 54 19 33 36 48 43 46 26 46 
9 48 125 43 100 106 49 73 7 24 44 45 63 0 117 75 43 47 66 104 53 112 70 79 79 73 117 33 47 54 47 85 40 27 43 23 41 14 69 118 49 51 46 67 98 34 46 32 71 66 
108 107 70 98 106 75 104 44 110 142 77 125 62 117 0 149 78 152 105 17 67 45 48 131 55 116 42 96 80 64 72 155 133 92 78 137 76 112 87 20 70 79 73 90 31 88 76 107 46 105 
78 43 117 54 67 170 46 110 78 71 80 31 121 75 149 0 80 40 140 132 87 120 107 25 135 36 168 62 73 106 86 10 35 91 80 61 92 63 138 160 86 72 102 137 145 72 79 107 111 140 
35 36 84 26 71 91 34 33 37 66 1 50 41 43 78 80 0 74 74 62 11 69 30 70 55 58 89 19 9 26 6 87 56 27 0 60 15 35 66 83 7 14 25 66 66 10 4 51 33 74 
54 50 138 55 96 153 53 107 54 34 75 31 107 47 152 40 74 0 113 136 84 134 104 59 123 63 160 55 72 95 80 50 20 72 74 26 80 42 117 157 81 73 89 115 139 63 75 80 107 113 
61 104 148 95 146 52 103 76 61 83 74 108 46 66 105 140 74 113 0 100 77 126 75 139 50 129 81 83 83 56 71 149 106 51 74 87 59 76 18 94 73 88 51 15 74 75 77 33 72 0 
95 90 59 82 90 79 87 31 97 128 61 109 54 104 17 132 62 136 100 0 52 34 34 114 51 99 52 81 64 52 57 138 117 79 62 123 63 98 83 32 55 63 61 85 33 73 60 97 33 100 
45 43 75 33 69 87 40 23 47 77 10 59 39 53 67 87 11 84 77 52 0 59 20 74 51 61 81 29 13 24 7 94 66 35 11 71 19 46 67 74 5 15 26 67 58 21 8 58 24 77 
105 84 25 79 65 112 81 50 107 134 68 103 80 112 45 120 69 134 126 34 59 0 51 98 81 84 86 82 66 72 66 123 114 93 69 127 77 102 111 65 64 62 80 113 67 78 66 116 54 126 
61 63 72 53 81 73 60 3 63 94 29 80 29 70 48 107 30 104 75 34 20 51 0 93 37 79 61 49 34 20 24 114 86 45 30 89 29 64 61 53 22 35 29 62 38 40 29 65 5 75 
79 35 92 44 42 161 36 95 81 83 70 35 112 79 131 25 70 59 139 114 74 98 93 0 125 14 155 56 62 96 75 25 45 88 70 72 84 65 134 143 75 59 95 134 132 65 68 108 98 139 
70 92 105 82 118 36 90 36 71 103 55 105 15 79 55 135 55 123 50 51 51 81 37 125 0 112 38 73 63 29 50 143 108 52 55 102 44 80 32 45 50 67 34 35 24 63 57 58 32 50 
72 25 80 34 33 148 26 81 74 82 58 34 99 73 116 36 58 63 129 99 61 84 79 14 112 0 140 46 49 83 63 39 45 78 58 71 72 59 123 129 62 45 83 123 117 54 55 100 84 129 
108 124 111 114 138 37 122 59 110 141 88 140 53 117 42 168 89 160 81 52 81 86 61 155 38 140 0 108 95 65 82 175 144 90 89 140 80 118 64 22 82 97 71 67 23 98 89 96 57 81 
28 21 92 12 68 107 20 52 30 52 20 31 58 33 96 62 19 55 83 81 29 82 49 56 73 46 108 0 17 44 25 70 37 32 19 44 30 20 78 102 26 20 40 77 86 10 20 54 53 83 
39 29 78 19 62 99 27 37 42 68 9 46 50 47 80 73 9 72 83 64 13 66 34 62 63 49 95 17 0 34 13 81 53 34 9 61 24 36 75 87 13 5 34 75 72 12 6 59 38 83 
45 63 92 52 93 64 60 22 47 79 26 76 15 54 64 106 26 95 56 52 24 72 20 96 29 83 65 44 34 0 20 114 79 28 26 76 15 53 43 63 21 38 9 44 44 34 28 45 19 56 
38 42 82 32 74 85 40 27 41 71 5 57 36 47 72 86 6 80 71 57 7 66 24 75 50 63 82 25 13 20 0 94 62 27 6 65 12 40 62 77 2 18 21 62 60 16 7 51 27 71 
87 51 118 61 66 178 53 116 88 81 88 41 129 85 155 10 87 50 149 138 94 123 114 25 143 39 175 70 81 114 94 0 45 100 87 71 100 72 148 166 94 78 110 147 152 80 87 116 118 149 
44 30 118 35 78 140 33 89 44 38 57 12 93 40 133 35 56 20 106 117 66 114 86 45 108 45 144 37 53 79 62 45 0 59 56 27 65 29 106 139 64 54 74 105 123 46 57 73 90 106 
18 53 110 44 97 81 52 48 19 51 27 59 36 27 92 91 27 72 51 79 35 93 45 88 52 78 90 32 34 28 27 100 59 0 27 50 17 30 47 91 30 40 19 46 71 25 31 24 46 51 
35 36 84 26 71 91 34 33 37 66 1 50 41 43 78 80 0 74 74 62 11 69 30 70 55 58 89 19 9 26 6 87 56 27 0 60 15 35 66 83 7 14 25 66 66 10 4 51 33 74 
31 49 135 50 102 129 51 92 30 10 61 37 86 23 137 61 60 26 87 123 71 127 89 72 102 71 140 44 61 76 65 71 27 50 60 0 62 25 92 140 67 64 68 90 120 50 63 54 91 87 
32 49 94 39 86 77 48 32 34 65 15 61 28 41 76 92 15 80 59 63 19 77 29 84 44 72 80 30 24 15 12 100 65 17 15 62 0 38 51 77 14 29 10 51 59 20 18 39 30 59 
15 33 113 29 85 111 34 67 16 31 36 32 65 14 112 63 35 42 76 98 46 102 64 65 80 59 118 20 36 53 40 72 29 30 35 25 38 0 76 116 42 40 46 75 97 25 38 44 67 76 
62 99 133 89 136 38 98 61 62 89 66 107 31 69 87 138 66 117 18 83 67 111 61 134 32 123 64 78 75 43 62 148 106 47 66 92 51 76 0 76 63 80 41 3 56 69 69 39 57 18 
109 116 90 107 122 58 113 50 110 143 82 133 57 118 20 160 83 157 94 32 74 65 53 143 45 129 22 102 87 63 77 166 139 91 83 140 77 116 76 0 75 88 72 79 21 93 82 103 49 94 
41 43 80 32 73 86 40 26 43 73 6 58 36 49 70 86 7 81 73 55 5 64 22 75 50 62 82 26 13 21 2 94 64 30 7 67 14 42 63 75 0 17 22 63 59 18 7 53 26 73 
45 28 73 19 57 103 25 38 47 72 14 46 54 51 79 72 14 73 88 63 15 62 35 59 67 45 97 20 5 38 18 78 54 40 14 64 29 40 80 88 17 0 39 80 73 17 11 65 39 88 
37 60 99 50 95 67 58 31 38 71 25 71 19 46 73 102 25 89 51 61 26 80 29 95 34 83 71 40 34 9 21 110 74 19 25 68 10 46 41 72 22 39 0 41 52 30 28 36 28 51 
61 98 135 89 137 41 97 63 61 87 66 106 33 67 90 137 66 115 15 85 67 113 62 134 35 123 67 77 75 44 62 147 105 46 66 90 51 75 3 79 63 80 41 0 59 69 69 36 59 15 
89 101 92 91 116 45 99 36 91 123 65 117 36 98 31 145 66 139 74 33 58 67 38 132 24 117 23 86 72 44 60 152 123 71 66 120 59 97 56 21 59 73 52 59 0 76 66 82 34 74 
27 30 90 20 72 97 28 44 29 56 11 41 48 34 88 72 10 63 75 73 21 78 40 65 63 54 98 10 12 34 16 80 46 25 10 50 20 25 69 93 18 17 30 69 76 0 13 48 43 75 
39 35 79 25 68 92 33 32 41 69 3 51 43 46 76 79 4 75 77 60 8 66 29 68 57 55 89 20 6 28 7 87 57 31 4 63 18 38 69 82 7 11 28 69 66 13 0 55 32 77 
29 74 133 66 121 77 73 68 28 50 52 76 46 32 107 107 51 80 33 97 58 116 65 108 58 100 96 54 59 45 51 116 73 24 51 54 39 44 39 103 53 65 36 36 82 48 55 0 64 33 
62 67 76 58 86 68 65 4 64 95 32 84 26 71 46 111 33 107 72 33 24 54 5 98 32 84 57 53 38 19 27 118 90 46 33 91 30 67 57 49 26 39 28 59 34 43 32 64 0 72 
61 104 148 95 146 52 103 76 61 83 74 108 46 66 105 140 74 113 0 100 77 126 75 139 50 129 81 83 83 56 71 149 106 51 74 87 59 76 18 94 73 88 51 15 74 75 77 33 72 0 
0 0 0 0 0 0 6 80616 0 0 34 0 19598 1 0 0 1552 32 0 23811 72195 0 134 0 1 0 96127 124 0 8468 2106 0 0 99568 26 0 0 0 0 0 0 1601 0 0 62076 5006 15 1416 1 4 
0 0 472 46 70 10413 0 0 186 0 408 0 287 0 0 16390 6202 0 0 14326 0 0 0 1 2 112 810 0 0 37 0 18 6559 2343 7522 1250 20 29566 75818 4934 0 0 13027 83383 0 34 4895 3486 0 0 
0 472 0 0 0 0 746 0 0 12 0 0 91997 0 0 3 0 9986 1 0 0 581 0 0 0 2021 0 133 0 0 0 0 1 12 53 0 0 0 72 0 6 0 13 1926 3 124 13 7601 72 0 
0 46 0 0 7030 223 0 0 0 0 3 10285 0 0 0 0 0 0 0 0 0 0 0 85983 0 64 1514 0 0 1306 0 1 0 0 3674 5565 458 2103 2 7 0 0 17783 0 1204 0 0 0 0 0 
0 70 0 7030 0 1 0 20743 312 195 0 0 11 0 1303 0 1 2 0 85318 329 365 0 1 33 0 0 0 25963 0 0 0 0 1 0 0 3607 0 0 0 0 0 0 0 0 0 30 0 2 0 
0 10413 0 223 1 0 0 0 0 0 10722 73097 5822 862 6 10005 0 49054 1298 86296 87737 0 398 351 1 10 2667 0 46 0 0 19 0 571 0 0 0 31 21 0 0 12 278 4 93 0 0 6820 0 0 
6 0 746 0 0 0 0 19708 30321 0 0 0 0 213 0 0 0 4 16 2 0 17866 6338 0 17481 0 0 266 1 3 270 0 26 0 9730 0 3 0 0 0 0 0 17 53152 0 2230 0 0 0 13 
80616 0 0 0 20743 0 19708 0 0 8 178 0 0 19 472 533 2 7 7712 2539 0 1681 29659 8 18710 0 3 40086 837 384 0 5077 0 0 0 0 1100 139 0 0 4079 2 6114 0 8 0 1 23 0 65 
0 186 0 0 312 0 30321 0 0 0 14657 0 0 16 0 1 811 162 0 0 0 179 0 0 2 0 0 713 0 4 0 286 2 2 0 0 0 59 0 0 0 1 0 18238 0 0 273 0 0 0 
0 0 12 0 195 0 0 8 0 0 91 17100 0 0 33524 0 2 0 26 0 3 0 0 13 15375 34 0 0 11237 9 0 614 0 0 15471 1 0 15794 1698 87595 87644 0 1 0 1 2760 0 0 3 1 
34 408 0 3 0 10722 0 178 14657 91 0 1903 0 111 112 0 12 458 1720 543 31632 48 0 103 1845 165 2830 1094 33 0 0 0 0 888 0 77890 1747 0 0 72281 9 5157 0 0 6 0 644 38 52 7 
0 0 0 10285 0 73097 0 0 0 17100 1903 0 0 1015 96 1166 0 0 0 34 0 68766 0 0 0 0 0 820 5 9995 0 2599 43 9575 0 0 0 5 0 0 0 4797 20706 0 6462 0 39570 28227 8632 0 
19598 287 91997 0 11 5822 0 0 0 0 0 0 0 3 0 0 0 70 0 16100 0 21 4 12882 12736 0 40276 3553 0 2 26 0 14055 554 0 3 49 0 0 701 0 19 85 0 12 3 66 17712 0 0 
1 0 0 0 0 862 213 19 16 0 111 1015 3 0 1546 2 0 7637 0 0 53 0 0 6 1 704 0 76 0 0 0 1116 156 0 0 630 18 107 0 0 0 0 0 480 75 0 6 12658 0 2016 
0 0 0 0 1303 6 0 472 0 33524 112 96 0 1546 0 592 0 0 4316 14 4639 1 34 0 0 6 330 0 0 40 87 0 0 0 5 0 0 47 0 0 22 0 0 74 0 0 0 12 0 0 
0 16390 3 0 0 10005 0 533 1 0 0 1166 0 2 592 0 3403 76605 0 0 0 29 224 0 2911 0 9 2549 21 3327 1 0 22 2120 0 15 1424 0 7 43979 0 10 0 0 0 498 0 19099 0 24910 
1552 6202 0 0 1 0 0 2 811 2 12 0 0 0 0 3403 0 62 70860 0 11 34 15697 0 0 0 0 7042 4 510 397 0 0 0 0 9345 6055 1521 3 0 0 79 2 0 5 0 0 710 0 4366 
32 0 9986 0 2 49054 4 7 162 0 458 0 70 7637 0 76605 62 0 0 24 1164 0 158 0 0 2349 1897 0 35 934 0 0 3 21 0 7663 0 0 1260 0 76399 3 2 0 0 1 15 1 0 226 
0 0 1 0 0 1298 16 7712 0 26 1720 0 0 0 4316 0 70860 0 0 0 113 53 0 0 0 7379 0 820 7 0 1623 0 19361 159 25 0 0 0 1 19 40 0 1120 3 28 266 33159 0 627 0 
23811 14326 0 0 85318 86296 2 2539 0 0 543 34 16100 0 14 0 0 24 0 0 0 1 20 0 0 33 3 5 4 0 0 1 0 11 0 0 3 313 0 74260 0 3176 0 2 0 795 4462 0 24406 0 
72195 0 0 0 329 87737 0 0 0 3 31632 0 0 53 4639 0 11 1164 113 0 0 0 0 12 595 0 6 68 211 0 110 26247 0 0 4 38774 303 9539 776 0 50502 9 0 0 4 0 0 672 0 0 
0 0 581 0 365 0 17866 1681 179 0 48 68766 21 0 1 29 34 0 53 1 0 0 189 5 45217 971 0 271 4 0 0 8 0 0 0 1102 0 0 20 0 0 18 4 0 0 472 0 0 0 0 
134 0 0 0 0 398 6338 29659 0 0 0 0 4 0 34 224 15697 158 0 20 0 189 0 87 2297 0 126 50 0 36 10423 0 0 20 35514 0 0 0 2584 9228 0 27 4977 31667 339 14 0 0 0 0 
0 1 0 85983 1 351 0 8 0 13 103 0 12882 6 0 0 0 0 0 0 12 5 87 0 149 75 31162 3011 0 117 0 0 0 0 0 0 0 0 0 6 0 18393 0 835 14 6102 321 488 0 0 
1 2 0 0 33 1 17481 18710 2 15375 1845 0 12736 1 0 2911 0 0 0 0 595 45217 2297 149 0 4320 0 0 36 1011 2801 0 3 0 0 5226 404 4 0 0 0 89085 0 6 0 1748 0 9447 0 0 
0 112 2021 64 0 10 0 0 0 34 165 0 0 704 6 0 0 2349 7379 33 0 971 0 75 4320 0 0 1 0 8 0 219 66727 0 320 0 7093 0 4 0 0 0 0 831 5 279 0 0 0 857 
96127 810 0 1514 0 2667 0 3 0 0 2830 0 40276 0 330 9 0 1897 0 3 6 0 126 31162 0 0 0 3624 44620 55 0 19 0 0 1224 15169 5 5 0 621 0 0 0 2 0 0 0 128 24 378 
124 0 133 0 0 0 266 40086 713 0 1094 820 3553 76 0 2549 7042 0 820 5 68 271 50 3011 0 1 3624 0 7835 0 0 0 0 3 0 0 178 0 42 31 5 56 0 3 2955 0 0 25604 0 21 
0 0 0 0 25963 46 1 837 0 11237 33 5 0 0 0 21 4 35 7 4 211 4 0 0 36 0 44620 7835 0 0 5 59550 2481 64 3 0 0 1572 931 0 0 0 23 4 3045 0 530 1 0 11825 
8468 37 0 1306 0 0 3 384 4 9 0 9995 2 0 40 3327 510 934 0 0 0 0 36 117 1011 8 55 0 0 0 21914 23059 600 0 0 0 14 54 0 0 0 0 426 0 41807 0 0 0 11 19890 
2106 0 0 0 0 0 270 0 0 0 0 0 26 0 87 1 397 0 1623 0 110 0 10423 0 2801 0 0 0 5 21914 0 0 2 0 5 0 0 31 0 0 8123 0 0 3 50370 52 0 0 93847 15401 
0 18 0 1 0 19 0 5077 286 614 0 2599 0 1116 0 0 0 0 0 1 26247 8 0 0 0 219 19 0 59550 23059 0 0 0 0 49843 3767 107 207 170 31629 1469 25 0 0 0 0 0 0 0 3226 
0 6559 1 0 0 0 26 0 2 0 0 43 14055 156 0 22 0 3 19361 0 0 0 0 0 3 66727 0 0 2481 600 2 0 0 2 2932 16486 0 1 1275 14 28 0 0 0 75 0 0 82 0 23315 
99568 2343 12 0 1 571 0 0 2 0 888 9575 554 0 0 2120 0 21 159 11 0 0 20 0 0 0 0 3 64 0 0 0 2 0 0 0 0 4 9274 20089 0 0 3217 15323 0 0 12886 0 123 0 
26 7522 53 3674 0 0 9730 0 0 15471 0 0 0 0 5 0 0 0 25 0 4 0 35514 0 0 320 1224 0 3 0 5 49843 2932 0 0 2365 0 0 0 1 4 0 123 7171 7346 0 10 66 82 0 
0 1250 0 5565 0 0 0 0 0 1 77890 0 3 630 0 15 9345 7663 0 0 38774 1102 0 0 5226 0 15169 0 0 0 0 3767 16486 0 2365 0 0 100 5 0 1207 13262 0 0 0 0 3 74760 0 75 
0 20 0 458 3607 0 3 1100 0 0 1747 0 49 18 0 1424 6055 0 0 3 303 0 0 0 404 7093 5 178 0 14 0 107 0 0 0 0 0 0 0 0 243 0 5850 0 0 0 19 0 130 0 
0 29566 0 2103 0 31 0 139 59 15794 0 5 0 107 47 0 1521 0 0 313 9539 0 0 0 4 0 5 0 1572 54 31 207 1 4 0 100 0 0 2 9 0 0 66192 1 19389 94596 0 108 36668 1468 
0 75818 72 2 0 21 0 0 0 1698 0 0 0 0 0 7 3 1260 1 0 776 20 2584 0 0 4 0 42 931 0 0 170 1275 9274 0 5 0 2 0 0 0 0 0 78 47 83221 0 1 0 15 
0 4934 0 7 0 0 0 0 0 87595 72281 0 701 0 0 43979 0 0 19 74260 0 0 9228 6 0 0 621 31 0 0 0 31629 14 20089 1 0 0 9 0 0 0 76345 0 0 1005 0 0 4449 248 191 
0 0 6 0 0 0 0 4079 0 87644 9 0 0 0 22 0 0 76399 40 0 50502 0 0 0 0 0 0 5 0 0 8123 1469 28 0 4 1207 243 0 0 0 0 4 0 60 2 13644 7 4 0 54515 
1601 0 0 0 0 12 0 2 1 0 5157 4797 19 0 0 10 79 3 0 3176 9 18 27 18393 89085 0 0 56 0 0 0 25 0 0 0 13262 0 0 0 76345 4 0 0 0 0 3575 0 0 0 0 
0 13027 13 17783 0 278 17 6114 0 1 0 20706 85 0 0 0 2 2 1120 0 0 4 4977 0 0 0 0 0 23 426 0 0 0 3217 123 0 5850 66192 0 0 0 0 0 37815 12 0 0 230 126 0 
0 83383 1926 0 0 4 53152 0 18238 0 0 0 0 480 74 0 0 0 3 2 0 0 31667 835 6 831 2 3 4 0 3 0 0 15323 7171 0 0 1 78 0 60 0 37815 0 0 0 67 0 327 3 
62076 0 3 1204 0 93 0 8 0 1 6 6462 12 75 0 0 5 0 28 0 4 0 339 14 0 5 0 2955 3045 41807 50370 0 75 0 7346 0 0 19389 47 1005 2 0 12 0 0 15 0 0 456 21986 
5006 34 124 0 0 0 2230 0 0 2760 0 0 3 0 0 498 0 1 266 795 0 472 14 6102 1748 279 0 0 0 0 52 0 0 0 0 0 0 94596 83221 0 13644 3575 0 0 15 0 136 0 1494 0 
15 4895 13 0 30 0 0 1 273 0 644 39570 66 6 0 0 0 15 33159 4462 0 0 0 321 0 0 0 0 530 0 0 0 0 12886 10 3 19 0 0 0 7 0 0 67 0 136 0 0 0 0 
1416 3486 7601 0 0 6820 0 23 0 0 38 28227 17712 12658 12 19099 710 1 0 0 672 0 0 488 9447 0 128 25604 1 0 0 0 82 0 66 74760 0 108 1 4449 4 0 230 0 0 0 0 0 0 0 
1 0 72 0 2 0 0 0 0 3 52 8632 0 0 0 0 0 0 627 24406 0 0 0 0 0 0 24 0 0 11 93847 0 0 123 82 0 130 36668 0 248 0 0 126 327 456 1494 0 0 0 0 
4 0 0 0 0 0 13 65 0 1 7 0 0 2016 0 24910 4366 226 0 0 0 0 0 0 0 857 378 21 11825 19890 15401 3226 23315 0 0 75 0 1468 15 191 54515 0 0 3 21986 0 0 0 0 0 
0 0 151 3798 0 0 1663 145 23 0 6 0 258 13 0 2031 183 0 0 0 0 0 9 0 46 0 512 0 0 483 2962 2 2 2 0 0 0 0 0 74413 25855 0 123 8793 1 0 1 0 0 31933 
0 0 0 0 0 0 362 11321 11 0 0 0 0 0 114 0 17990 1420 96259 0 310 0 0 24 0 324 0 0 6271 0 2 3 12 1 0 0 65 26139 48 0 5532 0 0 88 8 30497 89 0 0 0 
151 0 0 2 18 3378 76294 1 0 12 1 5669 0 0 45 3322 1 12 15246 0 10525 21562 1668 0 230 0 0 0 0 809 0 2 0 0 91422 56760 0 0 151 16433 1122 0 0 270 34643 25 23 36 1140 1 
3798 0 2 0 0 14 1 0 87 323 0 0 0 375 4690 47 0 0 0 0 0 0 0 1 58 0 8 0 0 826 0 0 476 0 0 11163 0 0 0 0 0 0 0 0 10 108 0 36 0 0 
0 0 18 0 0 0 11 0 84 2850 0 72 0 0 0 0 25 0 757 188 7 0 21 35 3812 3 0 0 23189 0 45 0 0 2 0 19327 0 0 0 0 6775 0 0 0 33371 0 0 0 0 4084 
0 0 3378 14 0 0 688 0 682 0 0 593 0 113 0 0 560 16 0 0 62537 5711 4017 74202 0 1405 0 313 22561 0 0 0 17 0 0 194 14 0 0 1 0 0 40 2042 0 0 29 107 0 0 
1663 362 76294 1 11 688 0 0 8884 93 0 24 2475 1 0 7915 19 0 10347 0 31 0 1 0 20 85 1 0 2 762 0 8196 2335 0 11548 0 0 20392 0 4697 3 22881 63083 0 0 0 4637 0 0 0 
145 11321 1 0 0 0 0 0 6705 0 0 4871 5530 0 0 1175 18366 11 0 1 0 480 0 9 144 175 0 0 19062 0 8 6765 0 0 0 0 0 0 3746 0 59 0 29 3 77524 0 496 25 0 18 
23 11 0 87 84 682 8884 6705 0 0 0 0 175 20 0 43194 159 8898 1548 0 0 0 0 54491 0 0 16 0 193 1 5671 0 1594 0 0 40 0 0 544 0 0 66 71789 0 3 15 1 7 1140 62 
0 0 12 323 2850 0 93 0 0 0 53706 0 15 0 998 0 0 0 4 0 19 0 284 84 21067 0 73 0 0 7812 0 0 0 0 0 6695 22014 0 6016 2 0 0 35085 0 1155 0 15 1 61 90563 
6 0 1 0 0 0 0 0 0 53706 0 102 19 0 0 20284 0 0 122 0 42203 575 0 0 19240 43 0 0 0 0 5 0 0 49516 7513 16339 0 1788 6357 21 312 6594 63551 3 0 0 7 12709 205 39363 
0 0 5669 0 72 593 24 4871 0 0 102 0 5 1756 7771 0 1821 0 0 23 69568 0 0 387 4841 0 4 36 1340 19444 0 0 0 0 18 846 0 0 167 78285 0 133 6367 0 0 0 1701 0 0 8 
258 0 0 0 0 0 2475 5530 175 15 19 5 0 21784 0 0 0 0 4654 8 4756 0 243 0 0 0 0 0 10780 0 34 51759 3 0 0 59 0 0 59 0 0 0 0 0 0 0 314 1 865 0 
13 0 0 375 0 113 1 0 20 0 0 1756 21784 0 0 42 0 0 640 38121 3 0 0 0 19781 2 0 79892 0 0 0 0 23931 0 11 0 0 16 11335 0 35 0 9 936 82024 1708 0 0 6718 0 
0 114 45 4690 0 0 0 0 0 998 0 7771 0 0 0 0 1 78 0 0 98 4585 0 580 2452 0 0 0 1564 6415 1063 270 0 5363 204 0 0 0 31 4 0 12 22 0 0 1876 0 147 0 16516 
2031 0 3322 47 0 0 7915 1175 43194 0 20284 0 0 42 0 0 0 0 2170 15022 0 0 0 1492 19162 0 3 5 0 0 8161 0 10 0 95456 0 10 765 614 0 477 22093 171 0 4 0 15 14712 0 0 
183 17990 1 0 25 560 19 18366 159 0 0 1821 0 0 1 0 0 8846 134 3 0 0 127 49 0 28 1367 0 0 428 0 0 0 0 16674 0 3234 0 65645 1414 0 836 13 0 1944 0 729 105 24208 0 
0 1420 12 0 0 16 0 11 8898 0 0 0 0 0 78 0 8846 0 0 0 1171 0 0 2 2 0 0 21225 0 1860 1462 0 11739 0 277 0 11 0 0 14077 0 1591 78869 0 15 27 9 0 0 0 
0 96259 15246 0 757 0 10347 0 1548 4 122 0 4654 640 0 2170 134 0 0 0 156 2860 0 0 0 0 442 811 9400 0 0 0 0 146 0 0 0 0 308 213 1 1 1 24 1 0 102 0 54 169 
0 0 0 0 188 0 0 1 0 0 0 23 8 38121 0 15022 3 0 0 0 0 0 50 0 0 44 0 0 8 0 0 10568 186 0 696 0 12273 7514 0 419 0 21 9 38 0 0 1 403 12 33 
0 310 10525 0 7 62537 31 0 0 19 42203 69568 4756 3 98 0 0 1171 156 0 0 5 47 0 232 0 0 1629 702 0 0 0 4 3780 0 55 0 0 0 1097 0 13 209 8 1135 101 0 0 0 36165 
0 0 21562 0 0 5711 0 480 0 0 575 0 0 0 4585 0 0 0 2860 0 5 0 96340 0 6 2216 0 0 0 5182 15 0 0 5990 1998 0 0 35 10658 0 0 0 0 0 0 0 0 2294 3 0 
9 0 1668 0 21 4017 1 0 0 284 0 0 243 0 0 0 127 0 0 50 47 96340 0 327 2371 7 29 0 0 1943 0 0 122 1620 0 0 0 7 0 1 0 0 0 0 0 2 0 0 4549 0 
0 24 0 1 35 74202 0 9 54491 84 0 387 0 0 580 1492 49 2 0 0 0 0 327 0 74 41 0 0 1 77638 885 0 1 127 84580 0 0 40280 575 45 0 0 0 0 0 5415 6 51680 0 130 
46 0 230 58 3812 0 20 144 0 21067 19240 4841 0 19781 2452 19162 0 2 0 0 232 6 2371 74 0 11338 0 2 0 0 169 5 2613 0 0 13847 186 1 27948 0 0 87815 1 26524 0 5609 0 26 6 3 
0 324 0 0 3 1405 85 175 0 0 43 0 0 2 0 0 28 0 0 44 0 2216 7 41 11338 0 4938 0 48108 0 2 3 0 0 514 72 0 4 0 0 16 0 307 1724 0 977 0 12 0 0 
512 0 0 8 0 0 1 0 16 73 0 4 0 0 0 3 1367 0 442 0 0 0 29 0 0 4938 0 0 0 108 24 31 3647 126 0 0 0 3241 0 0 45022 3 6 0 0 2452 775 3 137 91 
0 0 0 0 0 313 0 0 0 0 0 36 0 79892 0 5 0 21225 811 0 1629 0 0 0 2 0 0 0 3 160 14 1 2327 159 5707 0 1 162 99702 0 31 19469 0 0 792 0 0 0 0 0 
0 6271 0 0 23189 22561 2 19062 193 0 0 1340 10780 0 1564 0 0 0 9400 8 702 0 0 1 0 48108 0 3 0 0 0 2027 1 0 1094 0 8223 45 0 0 8619 0 0 9294 620 0 307 662 0 0 
483 0 809 826 0 0 762 0 1 7812 0 19444 0 0 6415 0 428 1860 0 0 0 5182 1943 77638 0 0 108 160 0 0 43006 172 0 0 0 0 21218 3 164 3 0 437 17 2282 17466 9311 0 2012 75203 0 
2962 2 0 0 45 0 0 8 5671 0 5 0 34 0 1063 8161 0 1462 0 0 0 15 0 885 169 2 24 14 0 43006 0 6811 0 3216 0 0 12336 4 0 0 37244 0 0 9 0 437 0 70459 0 7878 
2 3 2 0 0 0 8196 6765 0 0 0 0 51759 0 270 0 0 0 0 10568 0 0 0 0 5 3 31 1 2027 172 6811 0 25 940 0 0 0 0 24 0 0 2 0 5 0 0 0 2385 0 7195 
2 12 0 476 0 17 2335 0 1594 0 0 0 3 23931 0 10 0 11739 0 186 4 0 122 1 2613 0 3647 2327 1 0 0 25 0 2 891 9652 388 8 0 0 0 0 370 0 77 4 0 0 64403 1 
2 1 0 0 2 0 0 0 0 0 49516 0 0 0 5363 0 0 0 146 0 3780 5990 1620 127 0 0 126 159 0 0 3216 940 2 0 5 0 13983 960 0 736 1932 21047 7 1 2 0 15 0 4 9 
0 0 91422 0 0 0 11548 0 0 0 7513 18 0 11 204 95456 16674 277 0 696 0 1998 0 84580 0 514 0 5707 1094 0 0 0 891 5 0 32 0 10682 1 0 0 0 36 0 19499 0 0 453 0 1 
0 0 56760 11163 19327 194 0 0 40 6695 16339 846 59 0 0 0 0 0 0 0 55 0 0 0 13847 72 0 0 0 0 0 0 9652 0 32 0 23807 0 0 21 94888 0 32 5706 68893 0 58 11 33 760 
0 65 0 0 0 14 0 0 0 22014 0 0 0 0 0 10 3234 11 0 12273 0 0 0 0 186 0 0 1 8223 21218 12336 0 388 13983 0 23807 0 92620 1544 0 0 0 0 2 18 0 0 8 3863 1203 
0 26139 0 0 0 0 20392 0 0 0 1788 0 0 16 0 765 0 0 0 7514 0 35 7 40280 1 4 3241 162 45 3 4 0 8 960 10682 0 92620 0 0 0 0 7565 0 0 0 0 1639 0 0 0 
0 48 151 0 0 0 0 3746 544 6016 6357 167 59 11335 31 614 65645 0 308 0 0 10658 0 575 27948 0 0 99702 0 164 0 24 0 0 1 0 1544 0 0 0 0 0 1034 1 97473 0 0 491 0 3 
74413 0 16433 0 0 1 4697 0 0 2 21 78285 0 0 4 0 1414 14077 213 419 1097 0 1 45 0 0 0 0 0 3 0 0 0 736 0 21 0 0 0 0 0 0 32541 61270 0 1570 9799 10139 0 0 
25855 5532 1122 0 6775 0 3 59 0 0 312 0 0 35 0 477 0 0 1 0 0 0 0 0 0 16 45022 31 8619 0 37244 0 0 1932 0 94888 0 0 0 0 0 0 77973 0 0 0 3683 0 7143 70193 
0 0 0 0 0 0 22881 0 66 0 6594 133 0 0 12 22093 836 1591 1 21 13 0 0 0 87815 0 3 19469 0 437 0 2 0 21047 0 0 0 7565 0 0 0 0 2663 28464 0 24767 0 0 0 9566 
123 0 0 0 0 40 63083 29 71789 35085 63551 6367 0 9 22 171 13 78869 1 9 209 0 0 0 1 307 6 0 0 17 0 0 370 7 36 32 0 0 1034 32541 77973 2663 0 0 431 0 0 59962 8141 629 
8793 88 270 0 0 2042 0 3 0 0 3 0 0 936 0 0 0 0 24 38 8 0 0 0 26524 1724 0 0 9294 2282 9 5 0 1 0 5706 2 0 1 61270 0 28464 0 0 2173 0 0 80076 0 1 
1 8 34643 10 33371 0 0 77524 3 1155 0 0 0 82024 0 4 1944 15 1 0 1135 0 0 0 0 0 0 792 620 17466 0 0 77 2 19499 68893 18 0 97473 0 0 0 431 2173 0 434 1 2242 0 5 
0 30497 25 108 0 0 0 0 15 0 0 0 0 1708 1876 0 0 27 0 0 101 0 2 5415 5609 977 2452 0 0 9311 437 0 4 0 0 0 0 0 0 1570 0 24767 0 0 434 0 0 113 302 3597 
1 89 23 0 0 29 4637 496 1 15 7 1701 314 0 0 15 729 9 102 1 0 0 0 6 0 0 775 0 307 0 0 0 0 15 0 58 0 1639 0 9799 3683 0 0 0 1 0 0 54093 0 0 
0 0 36 36 0 107 0 25 7 1 12709 0 1 0 147 14712 105 0 0 403 0 2294 0 51680 26 12 3 0 662 2012 70459 2385 0 0 453 11 8 0 491 10139 0 0 59962 80076 2242 113 54093 0 72445 0 
0 0 1140 0 0 0 0 0 1140 61 205 0 865 6718 0 0 24208 0 54 12 0 3 4549 0 6 0 137 0 0 75203 0 0 64403 4 0 33 3863 0 0 0 7143 0 8141 0 0 302 0 72445 0 0 
31933 0 1 0 4084 0 0 18 62 90563 39363 8 0 0 16516 0 0 0 169 33 36165 0 0 130 3 0 91 0 0 0 7878 7195 1 9 1 760 1203 0 3 0 70193 9566 629 1 5 3597 0 0 0 0 
0 2546 0 0 0 35 0 4607 0 710 62 0 0 908 30349 110 0 2089 143 2110 0 0 2859 0 144 0 436 0 2 0 99211 0 1859 885 29 3905 22932 29 26 0 81185 187 0 0 2 0 1 6232 0 7 
2546 0 56 0 54 3 6585 49 46 0 0 0 629 0 0 57204 0 7569 19 0 0 0 0 0 0 0 19 849 15 4787 0 108 9940 0 0 0 0 0 240 0 91400 17 7 0 6834 0 0 41 0 0 
0 56 0 0 333 0 2791 0 10 49960 0 0 56 1 27712 1 43520 550 0 31 0 0 85 0 1 0 0 0 0 108 503 745 27405 1 9296 12807 0 0 6055 0 0 1 28 3 69 0 0 0 0 0 
0 0 0 0 0 6 969 0 0 261 0 4 54594 0 0 5 1010 1 0 20245 269 0 658 0 9 3 2 29 0 0 0 0 5 0 63 0 18 0 213 84204 7007 27322 1 0 0 637 54371 0 0 44 
0 54 333 0 0 2 438 0 33 72014 4 5571 0 184 0 2581 0 0 1020 0 59 0 85498 0 3542 6409 0 0 0 2887 5 4761 0 0 0 39103 0 0 177 1792 0 0 3663 27 0 0 0 20 47077 0 
35 3 0 6 2 0 201 0 0 453 418 0 453 933 14772 2009 0 0 26725 42 0 1172 0 0 9 164 2024 0 14 0 0 0 164 1 1 0 722 0 0 0 0 0 0 0 4 13 99964 0 0 41441 
0 6585 2791 969 438 201 0 0 0 56 0 0 39343 0 509 2622 17 32 0 48479 0 0 0 8019 59 0 78721 126 8159 0 0 89288 0 0 0 86 50620 0 4 132 0 16 0 0 0 0 29191 0 0 54 
4607 49 0 0 0 0 0 0 0 0 33 0 0 1168 0 0 0 2248 2 0 0 4 0 0 30 0 0 1 0 0 9 0 7 4 0 3 0 16 0 154 0 8143 2250 0 0 127 21 0 0 0 
0 46 10 0 33 0 0 0 0 0 0 0 1787 10208 73 0 0 3371 4 0 0 0 0 1 0 0 308 0 146 65 7700 5125 1623 61343 4 594 12823 14882 0 6262 0 13 0 11 3792 214 0 0 0 1 
710 0 49960 261 72014 453 56 0 0 0 3458 0 0 227 499 0 48 0 0 0 1298 3 277 0 9 0 602 0 23923 0 0 3770 4 0 0 63268 0 324 5 0 0 637 0 0 2 9 1468 12665 3359 0 
62 0 0 0 4 418 0 33 0 3458 0 0 35 0 1203 5335 0 0 14566 0 110 259 358 4948 0 25 0 1 3 3735 9 43323 159 2316 0 0 0 0 0 0 26189 14 909 0 0 0 1 0 0 0 
0 0 0 4 5571 0 0 0 0 0 0 0 21298 0 0 0 921 76477 0 112 9 0 0 0 2341 23 0 473 0 165 0 0 0 0 0 0 0 0 92136 0 0 70079 17 0 0 0 1787 0 10 0 
0 629 56 54594 0 453 39343 0 1787 0 35 21298 0 0 2 6140 0 0 0 14 0 73025 4 0 0 0 0 0 0 141 72 42426 1 6201 2280 34 2011 6 2 32807 0 0 17038 1 6476 0 714 53697 96889 0 
908 0 1 0 184 933 0 1168 10208 227 0 0 0 0 0 0 41384 0 0 0 9983 85 0 0 235 34 29 0 0 0 0 0 0 28 0 13049 16724 0 0 16 8 275 0 60530 7588 0 0 1 0 0 
30349 0 27712 0 0 14772 509 0 73 499 1203 0 2 0 0 106 48 44 0 48 1 65251 0 0 0 1 0 0 0 420 0 1090 0 130 103 0 0 0 0 0 0 0 2318 0 4 0 219 34612 1 646 
110 57204 1 5 2581 2009 2622 0 0 0 5335 0 6140 0 106 0 86 0 38891 212 0 0 39394 0 0 42880 6627 7920 0 18 32902 0 2001 45 80 0 0 0 45 24566 0 0 1778 0 4314 1681 620 0 0 0 
0 0 43520 1010 0 0 17 0 0 48 0 921 0 41384 48 86 0 31 202 2559 11 19 0 0 0 14217 20 8 27534 536 2 0 53 11030 865 0 43 2 0 68828 19780 0 0 132 3 0 15477 0 0 3677 
2089 7569 550 1 0 0 32 2248 3371 0 0 76477 0 0 44 0 31 0 0 0 5164 0 0 0 0 0 185 0 56673 3474 0 0 55 0 15 421 5 0 2490 0 0 0 0 0 0 0 0 0 0 0 
143 19 0 0 1020 26725 0 2 4 0 14566 0 0 0 0 38891 202 0 0 0 11745 10262 0 0 0 11941 0 0 0 79114 7 0 0 0 315 24416 0 34224 0 50479 2736 1 57 1 0 41 206 821 0 1362 
2110 0 31 20245 0 42 48479 0 0 0 0 112 14 0 48 212 2559 0 0 0 4748 0 5476 2 18912 0 0 12 0 16112 30 1 0 700 0 9355 0 1986 0 0 3 3377 0 0 0 6 13502 0 0 0 
0 0 0 269 59 0 0 0 0 1298 110 9 0 9983 1 0 11 5164 11745 4748 0 0 3643 3 0 7991 17 2 151 5986 0 0 46 9727 59890 22058 22320 351 0 0 0 0 0 0 0 0 0 0 10 0 
0 0 0 0 0 1172 0 4 0 3 259 0 73025 85 65251 0 19 0 10262 0 0 0 0 0 0 12520 5 51498 67916 0 590 0 5825 15707 0 269 0 0 0 9446 8 0 5 1986 0 0 5072 0 0 0 
2859 0 85 658 85498 0 0 0 0 277 358 0 4 0 0 39394 0 0 0 5476 3643 0 0 10473 0 1077 67603 0 0 5 0 9082 0 3382 446 0 0 0 0 0 0 0 83003 0 1 0 61 405 0 202 
0 0 0 0 0 0 8019 0 1 0 4948 0 0 0 0 0 0 0 0 2 3 0 10473 0 6 0 0 4933 1400 0 17 65 7 0 0 85 0 10046 788 18087 0 0 0 9071 0 0 7509 1 1083 3 
144 0 1 9 3542 9 59 30 0 9 0 2341 0 235 0 0 0 0 0 18912 0 0 0 6 0 89 8614 0 3801 0 0 0 0 2 0 4441 2 29664 2840 5318 0 0 10 643 19 0 15685 0 0 0 
0 0 0 3 6409 164 0 0 0 0 25 23 0 34 1 42880 14217 0 11941 0 7991 12520 1077 0 89 0 1 868 0 0 52916 2 0 1245 0 0 687 0 0 2077 0 10364 35 10 9668 0 24 11905 0 246 
436 19 0 2 0 2024 78721 0 308 602 0 0 0 29 0 6627 20 185 0 0 17 5 67603 0 8614 1 0 282 0 0 410 264 9632 1 0 0 14909 0 0 7082 0 0 0 35302 0 0 30 0 0 9 
0 849 0 29 0 0 126 1 0 0 1 473 0 0 0 7920 8 0 0 12 2 51498 0 4933 0 868 282 0 4871 1975 0 0 0 0 733 2201 9859 0 5641 0 437 0 0 928 222 38272 19538 0 266 2 
2 15 0 0 0 14 8159 0 146 23923 3 0 0 0 0 0 27534 56673 0 0 151 67916 0 1400 3801 0 0 4871 0 22983 621 1 0 0 442 75 14 0 1 0 759 0 191 222 93 581 0 70 30 0 
0 4787 108 0 2887 0 0 0 65 0 3735 165 141 0 420 18 536 3474 79114 16112 5986 0 5 0 0 0 0 1975 22983 0 0 482 622 6623 40090 2 69039 0 0 10 1 869 13 0 10 0 1 60465 19 0 
99211 0 503 0 5 0 0 9 7700 0 9 0 72 0 0 32902 2 0 7 30 0 590 0 17 0 52916 410 0 621 0 0 0 1557 22510 371 58 53 3265 11 0 30003 1174 0 82856 49110 0 7 0 0 0 
0 108 745 0 4761 0 89288 0 5125 3770 43323 0 42426 0 1090 0 0 0 0 1 0 0 9082 65 0 2 264 0 1 482 0 0 2102 0 0 0 0 559 0 0 7806 401 19 1614 0 0 17 36 66 0 
1859 9940 27405 5 0 164 0 7 1623 4 159 0 1 0 0 2001 53 55 0 0 46 5825 0 7 0 0 9632 0 0 622 1557 2102 0 11063 0 45636 5 0 44 3 936 8474 78 0 0 512 0 0 1 130 
885 0 1 0 0 1 0 4 61343 0 2316 0 6201 28 130 45 11030 0 0 700 9727 15707 3382 0 2 1245 1 0 0 6623 22510 0 11063 0 0 939 0 0 0 26 0 0 0 424 0 0 5259 5 66 934 
29 0 9296 63 0 1 0 0 4 0 0 0 2280 0 103 80 865 15 315 0 59890 0 446 0 0 0 0 733 442 40090 371 0 0 0 0 0 0 0 3 0 0 0 0 17 0 0 2 0 86882 74 
3905 0 12807 0 39103 0 86 3 594 63268 0 0 34 13049 0 0 0 421 24416 9355 22058 269 0 85 4441 0 0 2201 75 2 58 0 45636 939 0 0 255 0 1 0 273 0 5033 27669 14793 17 6 6336 44 0 
22932 0 0 18 0 722 50620 0 12823 0 0 0 2011 16724 0 0 43 5 0 0 22320 0 0 0 2 687 14909 9859 14 69039 53 0 5 0 0 255 0 1 866 28 0 171 79265 23103 44 0 10303 5 0 0 
29 0 0 0 0 0 0 16 14882 324 0 0 6 0 0 0 2 0 34224 1986 351 0 0 10046 29664 0 0 0 0 0 3265 559 0 0 0 0 1 0 0 17513 58 0 5884 0 34 11 296 4070 4 0 
26 240 6055 213 177 0 4 0 0 5 0 92136 2 0 0 45 0 2490 0 0 0 0 0 788 2840 0 0 5641 1 0 11 0 44 0 3 1 866 0 0 848 0 130 9 8 0 8490 0 77 61 939 
0 0 0 84204 1792 0 132 154 6262 0 0 0 32807 16 0 24566 68828 0 50479 0 0 9446 0 18087 5318 2077 7082 0 0 10 0 0 3 26 0 0 28 17513 848 0 167 94329 0 0 9 0 0 0 0 858 
81185 91400 0 7007 0 0 0 0 0 0 26189 0 0 8 0 0 19780 0 2736 3 0 8 0 0 0 0 0 437 759 1 30003 7806 936 0 0 273 0 58 0 167 0 0 0 266 19243 227 1 0 1639 1 
187 17 1 27322 0 0 16 8143 13 637 14 70079 0 275 0 0 0 0 1 3377 0 0 0 0 0 10364 0 0 0 869 1174 401 8474 0 0 0 171 0 130 94329 0 0 1824 0 0 0 10829 114 13 336 
0 7 28 1 3663 0 0 2250 0 0 909 17 17038 0 2318 1778 0 0 57 0 0 5 83003 0 10 35 0 0 191 13 0 19 78 0 0 5033 79265 5884 9 0 0 1824 0 0 0 8005 0 0 0 68929 
0 0 3 0 27 0 0 0 11 0 0 0 1 60530 0 0 132 0 1 0 0 1986 0 9071 643 10 35302 928 222 0 82856 1614 0 424 17 27669 23103 0 8 0 266 0 0 0 0 8193 2172 46137 855 27 
2 6834 69 0 0 4 0 0 3792 2 0 0 6476 7588 4 4314 3 0 0 0 0 0 1 0 19 9668 0 222 93 10 49110 0 0 0 0 14793 44 34 0 9 19243 0 0 0 0 32 57447 326 6 0 
0 0 0 637 0 13 0 127 214 9 0 0 0 0 0 1681 0 0 41 6 0 0 0 0 0 0 0 38272 581 0 0 0 512 0 0 17 0 11 8490 0 227 0 8005 8193 32 0 0 0 1174 23 
1 0 0 54371 0 99964 29191 21 0 1468 1 1787 714 0 219 620 15477 0 206 13502 0 5072 61 7509 15685 24 30 19538 0 1 7 17 0 5259 2 6 10303 296 0 0 1 10829 0 2172 57447 0 0 19 0 0 
6232 41 0 0 20 0 0 0 0 12665 0 0 53697 1 34612 0 0 0 821 0 0 0 405 1 0 11905 0 0 70 60465 0 36 0 5 0 6336 5 4070 77 0 0 114 0 46137 326 0 19 0 5 70354 
0 0 0 0 47077 0 0 0 0 3359 0 10 96889 0 1 0 0 0 0 0 10 0 0 1083 0 0 0 266 30 19 0 66 1 66 86882 44 0 4 61 0 1639 13 0 855 6 1174 0 5 0 0 
7 0 0 44 0 41441 54 0 1 0 0 0 0 0 646 0 3677 0 1362 0 0 0 202 3 0 246 9 2 0 0 0 0 130 934 74 0 0 0 939 858 1 336 68929 27 0 23 0 70354 0 0 
0 0 5092 11 0 475 21 2 0 192 0 0 0 0 39237 0 22613 0 52 23790 0 25 1185 0 0 0 0 122 49 0 1 0 459 1 0 3 1194 33371 0 0 86868 3502 36 0 0 5 0 0 916 0 
0 0 1416 0 0 59 0 294 4 2 1144 0 33649 5 0 33906 0 0 168 4 0 243 0 0 1 0 46 0 58 0 0 0 4 41135 4995 25 18225 8 21226 0 0 0 2591 637 0 0 0 907 0 0 
5092 1416 0 12981 28 6018 1444 69 0 12 1 0 0 0 50711 0 0 0 10 4695 0 0 157 0 93428 0 1 0 1249 89718 0 9 0 206 28976 1 4118 696 898 0 6364 18 0 0 17 0 0 1263 2 90997 
11 0 12981 0 3 34894 0 5264 22 8 0 0 78 229 71 65976 88 0 0 77186 2151 0 0 0 20 14915 0 0 0 0 4 1582 31651 0 0 12284 9 0 0 113 0 70 2334 30406 0 37 55607 0 16 12452 
0 0 28 3 0 239 23282 0 0 0 9 851 3904 36 12 0 0 116 0 0 0 1 2470 2 0 0 0 1 0 0 0 1129 216 8606 89884 0 40391 0 61371 0 0 185 0 0 0 937 3 38 0 0 
475 59 6018 34894 239 0 47288 3 0 2126 6 3304 10 41 0 0 0 0 10 0 0 0 0 0 30 14778 13555 6 16 0 22270 2302 1 0 0 7 20790 3061 8469 0 6030 4804 5298 50 1012 324 9726 0 292 0 
21 0 1444 0 23282 47288 0 0 33 1019 412 5 1192 0 0 0 0 0 0 0 14454 2 0 3066 315 0 29 0 0 0 0 0 0 0 4530 10 4514 0 66970 0 194 3649 0 0 0 12276 551 19 0 0 
2 294 69 5264 0 3 0 0 0 0 0 0 13 30809 35 0 0 0 0 0 6 0 9 19680 1 0 2 380 0 18 0 838 5348 785 0 0 1709 265 0 0 0 0 2 0 14 0 32 5 3 0 
0 4 0 22 0 0 33 0 0 0 0 0 0 57 0 3 0 0 0 0 0 2191 63718 42 1 59 75 1252 0 4734 0 477 0 809 0 779 0 0 2708 11 0 2321 0 0 0 0 86848 0 355 0 
192 2 12 8 0 2126 1019 0 0 0 58 1 0 0 0 3943 0 305 0 6931 0 72 0 93 27542 52073 292 30 0 5 0 1165 49 0 37 0 44 0 0 84490 0 0 23373 0 0 0 26179 40522 4180 15808 
0 1144 1 0 9 6 412 0 0 58 0 29234 0 0 67 81 63 22 1151 0 0 4835 11770 0 0 20 0 109 0 3 0 0 4 0 0 182 2 2207 954 9 0 6 0 0 97414 41107 2 0 8352 0 
0 0 0 0 851 3304 5 0 0 1 29234 0 0 0 0 0 0 0 80 0 5983 2 0 3 87 21954 5 92 1 0 104 0 0 0 6783 0 183 0 0 0 1 0 0 98697 0 0 11680 114 1295 14 
0 33649 0 78 3904 10 1192 13 0 0 0 0 0 0 3009 18683 0 0 16811 0 12891 0 0 60 2183 0 226 20 123 174 0 135 8 0 51694 0 14383 0 127 34 5641 0 324 0 461 51 1 0 5 188 
0 5 0 229 36 41 0 30809 57 0 0 0 0 0 0 0 0 34633 15 6296 12 0 0 0 6937 41 0 5 0 7596 2 7256 24632 0 0 1254 2 7 727 26340 6 1 0 7733 1 1 2583 0 38808 0 
39237 0 50711 71 12 0 0 35 0 0 67 0 3009 0 0 111 0 0 40606 0 16 0 0 0 9030 0 0 95952 0 0 14 6 0 0 0 19416 39 0 748 202 111 0 27373 0 1401 0 0 0 754 11322 
0 33906 0 65976 0 0 0 0 3 3943 81 0 18683 0 111 0 6287 0 0 0 0 2535 0 0 0 636 3497 30 0 0 0 0 0 0 0 0 23 0 0 9010 0 856 875 0 25851 0 930 0 0 257 
22613 0 0 88 0 0 0 0 0 0 63 0 0 0 0 6287 0 0 0 0 58 0 17764 100 0 0 9 18 0 0 4 2 0 0 144 64 0 0 48 0 0 1 59054 0 0 98709 0 1 10913 162 
0 0 0 0 116 0 0 0 0 305 22 0 0 34633 0 0 0 0 0 0 62138 0 121 0 0 0 0 0 10 0 0 0 0 88 0 21748 0 0 366 0 121 0 0 40020 0 0 0 0 0 238 
52 168 10 0 0 10 0 0 0 0 1151 80 16811 15 40606 0 0 0 0 306 0 0 46 594 2 0 55 12 0 3 0 0 0 4 99 0 8223 59 10676 13944 0 13 16646 16069 0 355 0 0 724 33 
23790 4 4695 77186 0 0 0 0 0 6931 0 0 0 6296 0 0 0 0 306 0 0 914 1017 313 2556 0 0 535 0 19224 0 0 0 325 12906 0 20429 34485 74 3 10 76 195 8120 1777 0 23026 489 4572 81 
0 0 0 2151 0 0 14454 6 0 0 0 5983 12891 12 16 0 58 62138 0 0 0 1393 620 0 5938 227 0 13070 153 0 731 251 22 1779 6657 0 4648 21 0 2421 0 0 0 0 29 0 27 3 29 0 
25 243 0 0 1 0 2 0 2191 72 4835 2 0 0 0 2535 0 0 0 914 1393 0 0 1185 0 0 33178 223 15612 0 165 0 0 0 93373 465 0 63 23 0 0 36917 2 0 10468 1457 0 25318 5 5638 
1185 0 157 0 2470 0 0 9 63718 0 11770 0 0 0 0 0 17764 121 46 1017 620 0 0 190 0 30 0 5946 0 40 0 0 15459 0 26373 0 0 3519 0 0 0 0 0 0 2 134 31 0 27 4 
0 0 0 0 2 0 3066 19680 42 93 0 3 60 0 0 0 100 0 594 313 0 1185 190 0 1 35 0 0 123 0 0 2 0 453 909 112 24379 171 32 0 25288 18 8 7968 2604 1744 0 1 0 326 
0 1 93428 20 0 30 315 1 1 27542 0 87 2183 6937 9030 0 0 0 2 2556 5938 0 0 1 0 0 417 0 0 0 0 0 2 33 391 0 2 1 0 58 0 0 38230 0 59 0 47 0 339 33319 
0 0 0 14915 0 14778 0 0 59 52073 20 21954 0 41 0 636 0 0 0 0 227 0 30 35 0 0 0 0 0 99409 1321 34 0 883 0 1001 0 6723 6 0 852 3049 0 730 84 3 0 0 0 0 
0 46 1 0 0 13555 29 2 75 292 0 5 226 0 0 3497 9 0 55 0 0 33178 0 0 417 0 0 0 99 4463 4 0 0 0 9 297 74 0 0 0 0 0 15 4 0 4 0 0 13464 2228 
122 0 0 0 1 6 0 380 1252 30 109 92 20 5 95952 30 18 0 12 535 13070 223 5946 0 0 0 0 0 836 97 0 140 60222 0 0 90893 0 13143 17 0 2 1124 0 1 0 10264 19 1755 0 705 
49 58 1249 0 0 16 0 0 0 0 0 1 123 0 0 0 0 10 0 0 153 15612 0 123 0 0 99 836 0 68 0 8549 21345 2 83 92 49 10297 0 0 0 71531 296 59922 0 435 4 0 0 4935 
0 0 89718 0 0 0 0 18 4734 5 3 0 174 7596 0 0 0 0 3 19224 0 0 40 0 0 99409 4463 97 68 0 0 0 0 0 227 0 0 0 2632 0 0 0 0 0 0 0 0 110 0 26 
1 0 0 4 0 22270 0 0 0 0 0 104 0 2 14 0 4 0 0 0 731 165 0 0 0 1321 4 0 0 0 0 43845 0 148 0 5529 0 166 0 0 0 305 893 0 0 194 0 0 0 78 
0 0 9 1582 1129 2302 0 838 477 1165 0 0 135 7256 6 0 2 0 0 0 251 0 0 2 0 34 0 140 8549 0 43845 0 5197 0 0 0 63911 0 0 0 0 49211 75 4 38679 14 24 0 94154 6 
459 4 0 31651 216 1 0 5348 0 49 4 0 8 24632 0 0 0 0 0 0 22 0 15459 0 2 0 0 60222 21345 0 0 5197 0 0 0 0 0 0 0 0 33 0 3089 31 0 2 30 353 0 745 
1 41135 206 0 8606 0 0 785 809 0 0 0 0 0 0 0 0 88 4 325 1779 0 0 453 33 883 0 0 2 0 148 0 0 0 1 0 46 503 0 9 0 4479 0 2 0 0 239 0 0 1304 
0 4995 28976 0 89884 0 4530 0 0 37 0 6783 51694 0 0 0 144 0 99 12906 6657 93373 26373 909 391 0 9 0 83 227 0 0 0 1 0 0 67406 34100 0 52249 422 0 2 0 3 29 0 0 5 28032 
3 25 1 12284 0 7 10 0 779 0 182 0 0 1254 19416 0 64 21748 0 0 0 465 0 112 0 1001 297 90893 92 0 5529 0 0 0 0 0 42547 4199 0 0 0 0 0 0 3574 0 0 0 26 0 
1194 18225 4118 9 40391 20790 4514 1709 0 44 2 183 14383 2 39 23 0 0 8223 20429 4648 0 0 24379 2 0 74 0 49 0 0 63911 0 46 67406 42547 0 1 279 2507 0 0 0 18 0 34 0 8784 15221 15 
33371 8 696 0 0 3061 0 265 0 0 2207 0 0 7 0 0 0 0 59 34485 21 63 3519 171 1 6723 0 13143 10297 0 166 0 0 503 34100 4199 1 0 0 178 67903 0 0 0 10 78 0 0 4 8 
0 21226 898 0 61371 8469 66970 0 2708 0 954 0 127 727 748 0 48 366 10676 74 0 23 0 32 0 6 0 17 0 2632 0 0 0 0 0 0 279 0 0 6001 0 0 0 0 0 207 198 2 0 187 
0 0 0 113 0 0 0 0 11 84490 9 0 34 26340 202 9010 0 0 13944 3 2421 0 0 0 58 0 0 0 0 0 0 0 0 9 52249 0 2507 178 6001 0 49114 18 0 379 145 15 0 0 1 2157 
86868 0 6364 0 0 6030 194 0 0 0 0 1 5641 6 111 0 0 121 0 10 0 0 0 25288 0 852 0 2 0 0 0 0 33 0 422 0 0 67903 0 49114 0 0 494 3 526 23304 0 0 0 13 
3502 0 18 70 185 4804 3649 0 2321 0 6 0 0 1 0 856 1 0 13 76 0 36917 0 18 0 3049 0 1124 71531 0 305 49211 0 4479 0 0 0 0 0 18 0 0 49 5 0 0 3592 0 0 0 
36 2591 0 2334 0 5298 0 2 0 23373 0 0 324 0 27373 875 59054 0 16646 195 0 2 0 8 38230 0 15 0 296 0 893 75 3089 0 2 0 0 0 0 0 494 49 0 0 0 0 0 1031 0 1666 
0 637 0 30406 0 50 0 0 0 0 0 98697 0 7733 0 0 0 40020 16069 8120 0 0 0 7968 0 730 4 1 59922 0 0 4 31 2 0 0 18 0 0 379 3 5 0 0 0 18995 145 0 0 0 
0 0 17 0 0 1012 0 14 0 0 97414 0 461 1 1401 25851 0 0 0 1777 29 10468 2 2604 59 84 0 0 0 0 0 38679 0 0 3 3574 0 10 0 145 526 0 0 0 0 0 0 0 886 16104 
5 0 0 37 937 324 12276 0 0 0 41107 0 51 1 0 0 98709 0 355 0 0 1457 134 1744 0 3 4 10264 435 0 194 14 2 0 29 0 34 78 207 15 23304 0 0 18995 0 0 0 0 115 0 
0 0 0 55607 3 9726 551 32 86848 26179 2 11680 1 2583 0 930 0 0 0 23026 27 0 31 0 47 0 0 19 4 0 0 24 30 239 0 0 0 0 198 0 0 3592 0 145 0 0 0 543 0 0 
0 907 1263 0 38 0 19 5 0 40522 0 114 0 0 0 0 1 0 0 489 3 25318 0 1 0 0 0 1755 0 110 0 0 353 0 0 0 8784 0 2 0 0 0 1031 0 0 0 543 0 496 23 
916 0 2 16 0 292 0 3 355 4180 8352 1295 5 38808 754 0 10913 0 724 4572 29 5 27 0 339 0 13464 0 0 0 0 94154 0 0 5 26 15221 4 0 1 0 0 0 0 886 115 0 496 0 9283 
0 0 90997 12452 0 0 0 0 0 15808 0 14 188 0 11322 257 162 238 33 81 0 5638 4 326 33319 0 2228 705 4935 26 78 6 745 1304 28032 0 15 8 187 2157 13 0 1666 0 16104 0 0 23 9283 0 
