6 4
0 59 64 103 62 95 
59 0 70 49 40 62 
64 70 0 118 33 51 
103 49 118 0 85 94 
62 40 33 85 0 33 
95 62 51 94 33 0 
0 0 1 0 2 0 
0 0 0 0 1 0 
1 0 0 0 226 0 
0 0 0 0 40 1828 
2 1 226 40 0 3633 
0 0 0 1828 3633 0 
0 0 24 0 0 0 
0 0 0 0 1 0 
24 0 0 0 1 0 
0 0 0 0 1222 11983 
0 1 1 1222 0 285 
0 0 0 11983 285 0 
0 0 2 0 11 0 
0 0 0 0 0 11 
2 0 0 0 596 0 
0 0 0 0 147 102 
11 0 596 147 0 1075 
0 11 0 102 1075 0 
0 0 10 0 12 0 
0 0 0 0 0 0 
10 0 0 3 528 0 
0 0 3 0 67 30581 
12 0 528 67 0 10831 
0 0 0 30581 10831 0 
