20 3
0 123 17 72 89 90 77 84 122 70 141 118 117 117 58 85 94 145 69 99 
123 0 116 51 121 48 96 115 59 63 25 47 40 16 64 39 31 87 58 23 
17 116 0 64 101 90 86 66 108 71 133 119 117 113 52 81 90 150 68 93 
72 51 64 0 97 39 71 77 62 33 69 64 60 49 13 21 29 104 24 28 
89 121 101 97 0 73 26 158 158 64 146 84 88 106 88 88 93 82 73 107 
90 48 90 39 73 0 47 116 91 20 73 28 27 34 42 20 20 64 22 35 
77 96 86 71 26 47 0 136 132 38 121 63 66 81 63 62 67 73 47 81 
84 115 66 77 158 116 136 0 73 105 118 141 136 120 76 98 104 181 98 96 
122 59 108 62 158 91 132 73 0 94 51 103 96 73 74 71 70 145 85 56 
70 63 71 33 64 20 38 105 94 0 87 48 47 52 29 25 32 79 8 44 
141 25 133 69 146 73 121 118 51 87 0 70 64 41 83 62 55 108 81 43 
118 47 119 64 84 28 63 141 103 48 70 0 6 30 70 43 37 42 50 48 
117 40 117 60 88 27 66 136 96 47 64 6 0 24 67 39 32 48 48 42 
117 16 113 49 106 34 81 120 73 52 41 30 24 0 60 31 22 72 48 24 
58 64 52 13 88 42 63 76 74 29 83 70 67 60 0 29 38 107 21 41 
85 39 81 21 88 20 62 98 71 25 62 43 39 31 29 0 9 83 18 19 
94 31 90 29 93 20 67 104 70 32 55 37 32 22 38 9 0 79 27 14 
145 87 150 104 82 64 73 181 145 79 108 42 48 72 107 83 79 0 85 91 
69 58 68 24 73 22 47 98 85 8 81 50 48 48 21 18 27 85 0 37 
99 23 93 28 107 35 81 96 56 44 43 48 42 24 41 19 14 91 37 0 
0 245 9 2 3016 0 0 2 161 0 0 0 15045 5301 152 30123 898 0 490 189 
245 0 0 0 0 0 53 23008 0 0 30 0 23 0 0 695 0 61311 0 97601 
9 0 0 58428 0 0 12 0 0 0 65985 0 0 0 85 38 0 98 41938 0 
2 0 58428 0 0 0 1991 78 6 0 0 37 51 0 0 1 0 209 7095 38 
3016 0 0 0 0 0 92 15 0 2770 5 73968 2 0 646 0 0 0 0 0 
0 0 0 0 0 0 80 378 4709 0 13311 0 249 53 0 12 37258 0 24 523 
0 53 12 1991 92 80 0 19449 0 0 0 0 0 13903 0 0 0 3884 2994 68 
2 23008 0 78 15 378 19449 0 0 0 0 40549 135 0 37874 0 0 11 40 0 
161 0 0 6 0 4709 0 0 0 60 0 0 12 0 49217 0 0 0 349 67 
0 0 0 0 2770 0 0 0 60 0 556 0 33 277 650 0 59 0 0 0 
0 30 65985 0 5 13311 0 0 0 556 0 29 3919 0 0 117 23 615 10561 28267 
0 0 0 37 73968 0 0 40549 0 0 29 0 0 0 0 96664 5369 0 0 0 
15045 23 0 51 2 249 0 135 12 33 3919 0 0 0 0 1 0 0 34459 0 
5301 0 0 0 0 53 13903 0 0 277 0 0 0 0 0 70 0 0 0 2 
152 0 85 0 646 0 0 37874 49217 650 0 0 0 0 0 44 0 0 0 75 
30123 695 38 1 0 12 0 0 0 0 117 96664 1 70 44 0 2074 0 0 12 
898 0 0 0 0 37258 0 0 0 59 23 5369 0 0 0 2074 0 0 2 0 
0 61311 98 209 0 0 3884 11 0 0 615 0 0 0 0 0 0 0 3745 0 
490 0 41938 7095 0 24 2994 40 349 0 10561 0 34459 0 0 0 2 3745 0 0 
189 97601 0 38 0 523 68 0 67 0 28267 0 0 2 75 12 0 0 0 0 
0 162 0 0 0 8 0 0 0 837 61991 3535 0 0 0 0 0 2221 0 0 
162 0 0 2 1 7802 0 0 0 254 0 10169 12 0 2257 0 0 0 243 687 
0 0 0 0 0 67 0 2 2404 41240 0 6 474 1123 0 1 2182 0 0 120 
0 2 0 0 94 59489 0 0 0 0 0 0 0 906 284 0 0 147 0 0 
0 1 0 94 0 719 0 0 901 0 0 0 0 592 0 69877 0 13 4263 0 
8 7802 67 59489 719 0 0 39311 0 47 0 872 0 10930 57470 0 2952 80766 0 0 
0 0 0 0 0 0 0 0 242 868 26 23692 95876 0 0 7 8 155 6388 11820 
0 0 2 0 0 39311 0 0 614 8 0 0 0 12849 97763 1 26 0 245 33 
0 0 2404 0 901 0 242 614 0 3436 34 111 0 61 0 0 0 2546 0 2 
837 254 41240 0 0 47 868 8 3436 0 3 2 0 0 66 310 0 2 582 30639 
61991 0 0 0 0 0 26 0 34 3 0 0 0 0 11 0 0 0 0 0 
3535 10169 6 0 0 872 23692 0 111 2 0 0 23 4 6207 0 2 876 1 30 
0 12 474 0 0 0 95876 0 0 0 0 23 0 2098 0 0 3 0 42260 0 
0 0 1123 906 592 10930 0 12849 61 0 0 4 2098 0 0 0 0 1489 62340 0 
0 2257 0 284 0 57470 0 97763 0 66 11 6207 0 0 0 0 15302 0 0 0 
0 0 1 0 69877 0 7 1 0 310 0 0 0 0 0 0 0 4 230 0 
0 0 2182 0 0 2952 8 26 0 0 0 2 3 0 15302 0 0 0 0 1086 
2221 0 0 147 13 80766 155 0 2546 2 0 876 0 1489 0 4 0 0 0 0 
0 243 0 0 4263 0 6388 245 0 582 0 1 42260 62340 0 230 0 0 0 1 
0 687 120 0 0 0 11820 33 2 30639 0 30 0 0 0 0 1086 0 1 0 
0 7967 0 0 210 6 12876 0 184 0 94514 484 0 0 0 0 2126 20463 2126 0 
7967 0 41944 68 4 31 0 0 0 3553 0 93 1 1047 0 0 7633 0 0 14920 
0 41944 0 0 5057 38 0 4413 5769 4218 213 76695 0 4 0 0 310 0 8104 28535 
0 68 0 0 120 12696 0 0 0 3878 0 0 0 0 0 0 0 0 0 0 
210 4 5057 120 0 0 0 558 0 0 0 0 0 1 0 136 0 7 0 0 
6 31 38 12696 0 0 0 0 0 30812 0 12210 0 358 1 3160 0 7939 0 0 
12876 0 0 0 0 0 0 0 3975 1967 4 64 63778 0 0 4 5 0 15049 13 
0 0 4413 0 558 0 0 0 33773 243 12531 0 16999 1 23 8698 7600 0 0 83 
184 0 5769 0 0 0 3975 33773 0 0 51 3464 1188 12578 0 0 2 202 43967 218 
0 3553 4218 3878 0 30812 1967 243 0 0 0 35 0 0 0 208 0 12190 1631 38 
94514 0 213 0 0 0 4 12531 51 0 0 129 0 3 18953 175 0 40325 0 0 
484 93 76695 0 0 12210 64 0 3464 35 129 0 91561 84 1 0 0 156 80 29752 
0 1 0 0 0 0 63778 16999 1188 0 0 91561 0 3572 0 0 0 0 4455 0 
0 1047 4 0 1 358 0 1 12578 0 3 84 3572 0 0 0 0 94 1 0 
0 0 0 0 0 1 0 23 0 0 18953 1 0 0 0 2 5987 3495 0 0 
0 0 0 0 136 3160 4 8698 0 208 175 0 0 0 2 0 0 1 56 0 
2126 7633 310 0 0 0 5 7600 2 0 0 0 0 0 5987 0 0 294 4 0 
20463 0 0 0 7 7939 0 0 202 12190 40325 156 0 94 3495 1 294 0 0 0 
2126 0 8104 0 0 0 15049 0 43967 1631 0 80 4455 1 0 56 4 0 0 14114 
0 14920 28535 0 0 0 13 83 218 38 0 29752 0 0 0 0 0 0 14114 0 
