15 3
0 46 118 40 96 98 46 64 2 33 36 47 55 9 108 
46 0 88 10 53 127 3 66 48 60 37 19 78 48 107 
118 88 0 85 53 137 85 71 120 144 83 106 102 125 70 
40 10 85 0 56 117 8 56 42 59 26 26 68 43 98 
96 53 53 56 0 154 51 82 98 112 71 66 108 100 106 
98 127 137 117 154 0 125 72 99 127 90 138 49 106 75 
46 3 85 8 51 125 0 63 48 61 34 22 76 49 104 
64 66 71 56 82 72 63 0 66 97 32 83 30 73 44 
2 48 120 42 98 99 48 66 0 32 38 48 56 7 110 
33 60 144 59 112 127 61 97 32 0 67 48 88 24 142 
36 37 83 26 71 90 34 32 38 67 0 51 41 44 77 
47 19 106 26 66 138 22 83 48 48 51 0 90 45 125 
55 78 102 68 108 49 76 30 56 88 41 90 0 63 62 
9 48 125 43 100 106 49 73 7 24 44 45 63 0 117 
108 107 70 98 106 75 104 44 110 142 77 125 62 117 0 
0 0 0 0 853 0 1 0 52 166 689 1 0 0 6196 
0 0 0 0 0 0 0 410 625 180 0 0 0 0 0 
0 0 0 1 0 0 10309 0 2937 227 1801 3 1611 1475 7479 
0 0 1 0 0 0 250 160 154 3 0 7960 0 186 0 
853 0 0 0 0 0 1789 179 3606 0 688 103 592 39 34 
0 0 0 0 0 0 0 3582 2192 0 0 0 0 17002 0 
1 0 10309 250 1789 0 0 0 44 0 0 0 60955 13 0 
0 410 0 160 179 3582 0 0 0 0 0 0 3423 40 0 
52 625 2937 154 3606 2192 44 0 0 3710 9 1 781 31612 0 
166 180 227 3 0 0 0 0 3710 0 19239 19708 153 0 51 
689 0 1801 0 688 0 0 0 9 19239 0 0 2697 0 53 
1 0 3 7960 103 0 0 0 1 19708 0 0 0 0 0 
0 0 1611 0 592 0 60955 3423 781 153 2697 0 0 1586 0 
0 0 1475 186 39 17002 13 40 31612 0 0 0 1586 0 8 
6196 0 7479 0 34 0 0 0 0 51 53 0 0 8 0 
0 4 309 138 0 1126 427 1 0 0 0 0 10 0 0 
4 0 1318 302 4098 53 45191 0 0 0 13140 41488 1598 3183 9030 
309 1318 0 5 23051 93371 0 2535 0 0 0 0 0 0 0 
138 302 5 0 30361 37023 0 0 0 0 4 0 8 0 29935 
0 4098 23051 30361 0 1106 0 0 0 2 0 0 0 0 0 
1126 53 93371 37023 1106 0 2490 0 0 5 5475 44855 16 0 2162 
427 45191 0 0 0 2490 0 0 0 26648 225 47430 0 0 857 
1 0 2535 0 0 0 0 0 41343 2 5 1347 0 0 101 
0 0 0 0 0 0 0 41343 0 0 0 1 0 0 12628 
0 0 0 0 2 5 26648 2 0 0 0 0 0 5 0 
0 13140 0 4 0 5475 225 5 0 0 0 807 0 0 0 
0 41488 0 0 0 44855 47430 1347 1 0 807 0 647 1650 29853 
10 1598 0 8 0 16 0 0 0 0 0 647 0 0 4001 
0 3183 0 0 0 0 0 0 0 5 0 1650 0 0 1 
0 9030 0 29935 0 2162 857 101 12628 0 0 29853 4001 1 0 
0 460 357 1931 0 19185 0 2 0 0 0 3 673 2 0 
460 0 24 2658 17272 1067 30633 0 0 0 343 1567 4 644 20757 
357 24 0 0 14929 4 0 19895 0 0 0 1 0 0 0 
1931 2658 0 0 885 12 0 0 0 4 74 0 22 0 652 
0 17272 14929 885 0 2839 0 0 0 0 0 0 0 0 0 
19185 1067 4 12 2839 0 38113 0 0 5 1040 31668 33 0 5232 
0 30633 0 0 0 38113 0 7 0 105 909 429 0 0 70 
2 0 19895 0 0 0 7 0 822 27 16 15495 0 0 64 
0 0 0 0 0 0 0 822 0 0 0 2 0 0 2116 
0 0 0 4 0 5 105 27 0 0 0 0 0 641 0 
0 343 0 74 0 1040 909 16 0 0 0 2 0 9 0 
3 1567 1 0 0 31668 429 15495 2 0 2 0 12 81924 439 
673 4 0 22 0 33 0 0 0 0 0 12 0 0 28361 
2 644 0 0 0 0 0 0 0 641 9 81924 0 0 0 
0 20757 0 652 0 5232 70 64 2116 0 0 439 28361 0 0 
