10 3
0 59 64 103 62 95 95 48 90 88 
59 0 70 49 40 62 36 46 31 30 
64 70 0 118 33 51 89 98 88 95 
103 49 118 0 85 94 38 68 34 23 
62 40 33 85 0 33 56 78 55 62 
95 62 51 94 33 0 57 107 59 71 
95 36 89 38 56 57 0 77 6 17 
48 46 98 68 78 107 77 0 71 63 
90 31 88 34 55 59 6 71 0 12 
88 30 95 23 62 71 17 63 12 0 
0 0 2 3 87694 1899 558 0 0 12 
0 0 0 0 1385 0 405 21 0 0 
2 0 0 138 0 1 0 116 32703 88361 
3 0 138 0 0 0 4 1 0 0 
87694 1385 0 0 0 51364 492 0 34092 0 
1899 0 1 0 51364 0 0 0 0 0 
558 405 0 4 492 0 0 9117 0 0 
0 21 116 1 0 0 9117 0 0 0 
0 0 32703 0 34092 0 0 0 0 28333 
12 0 88361 0 0 0 0 0 28333 0 
0 31826 0 0 0 0 0 1306 384 0 
31826 0 220 11016 0 72 0 0 12 82 
0 220 0 0 1058 0 292 0 0 0 
0 11016 0 0 5 35 0 0 1550 34 
0 0 1058 5 0 0 0 49 0 1772 
0 72 0 35 0 0 111 7 12800 1869 
0 0 292 0 0 111 0 0 62 5051 
1306 0 0 0 49 7 0 0 139 19911 
384 12 0 1550 0 12800 62 139 0 0 
0 82 0 34 1772 1869 5051 19911 0 0 
0 1588 0 0 0 0 0 26597 5 0 
1588 0 14 994 0 341 0 0 49381 4454 
0 14 0 0 698 0 2129 0 0 0 
0 994 0 0 2 7811 0 0 1700 794 
0 0 698 2 0 0 0 892 0 2 
0 341 0 7811 0 0 15 1298 52 9 
0 0 2129 0 0 15 0 0 1455 164 
26597 0 0 0 892 1298 0 0 258 37009 
5 49381 0 1700 0 52 1455 258 0 0 
0 4454 0 794 2 9 164 37009 0 0 
