50 4
0 123 17 72 89 90 77 84 122 70 141 118 117 117 58 85 94 145 69 99 137 99 30 139 114 56 50 94 70 158 148 87 53 161 64 94 106 62 87 81 66 9 49 48 135 73 47 81 16 69 
123 0 116 51 121 48 96 115 59 63 25 47 40 16 64 39 31 87 58 23 83 33 103 24 65 67 92 40 53 45 35 36 95 46 119 29 43 89 107 43 57 113 75 95 85 58 91 43 139 54 
17 116 0 64 101 90 86 66 108 71 133 119 117 113 52 81 90 150 68 93 122 97 14 135 118 53 57 84 66 154 139 82 62 151 46 88 94 69 69 78 59 15 41 32 119 72 32 78 31 65 
72 51 64 0 97 39 71 77 62 33 69 64 60 49 13 21 29 104 24 28 84 38 52 71 72 21 53 26 13 91 77 19 58 89 74 23 41 56 72 18 5 62 23 46 83 30 41 18 88 13 
89 121 101 97 0 73 26 158 158 64 146 84 88 106 88 88 93 82 73 107 181 88 104 121 67 78 49 121 84 131 156 94 43 167 143 101 136 41 157 86 94 86 92 116 180 69 112 86 92 83 
90 48 90 39 73 0 47 116 91 20 73 28 27 34 42 20 20 64 22 35 115 15 82 53 32 38 48 55 28 69 83 26 49 95 111 30 68 42 111 21 41 81 54 82 115 17 77 21 104 28 
77 96 86 71 26 47 0 136 132 38 121 63 66 81 63 62 67 73 47 81 155 62 85 98 49 54 29 95 58 110 130 68 24 142 124 75 110 17 134 60 69 71 69 95 154 42 90 60 85 57 
84 115 66 77 158 116 136 0 73 105 118 141 136 120 76 98 104 181 98 96 73 114 56 139 149 84 109 75 89 160 120 94 114 129 22 95 74 118 9 96 75 79 67 42 70 103 46 96 96 88 
122 59 108 62 158 91 132 73 0 94 51 103 96 73 74 71 70 145 85 56 25 79 93 83 118 83 115 37 74 101 50 65 120 57 87 60 22 118 63 72 66 113 76 77 25 89 76 72 138 75 
70 63 71 33 64 20 38 105 94 0 87 48 47 52 29 25 32 79 8 44 117 32 64 72 47 21 28 56 20 89 96 31 31 108 97 38 71 26 102 23 32 61 39 67 116 5 62 23 84 19 
141 25 133 69 146 73 121 118 51 87 0 70 64 41 83 62 55 108 81 43 71 58 119 37 89 88 115 49 74 52 10 57 118 21 127 50 44 113 110 65 75 131 92 107 73 82 104 65 158 75 
118 47 119 64 84 28 63 141 103 48 70 0 6 30 70 43 37 42 50 48 128 26 110 38 19 66 73 72 55 47 80 46 73 90 138 47 82 64 135 45 67 109 82 109 128 46 104 45 132 56 
117 40 117 60 88 27 66 136 96 47 64 6 0 24 67 39 32 48 48 42 121 22 108 32 25 64 74 66 52 44 73 42 75 83 134 41 76 66 130 42 64 108 79 106 122 44 101 42 131 53 
117 16 113 49 106 34 81 120 73 52 41 30 24 0 60 31 22 72 48 24 98 19 101 21 48 61 81 46 46 42 51 31 83 62 122 26 54 76 113 35 54 107 72 95 99 47 91 35 132 48 
58 64 52 13 88 42 63 76 74 29 83 70 67 60 0 29 38 107 21 41 95 45 41 82 74 9 41 39 15 102 90 29 47 103 69 35 53 47 72 25 8 48 12 39 93 27 34 25 75 14 
85 39 81 21 88 20 62 98 71 25 62 43 39 31 29 0 9 83 18 19 96 17 70 53 51 29 52 34 14 73 71 6 56 83 95 13 49 51 92 3 25 75 41 67 95 20 62 3 101 16 
94 31 90 29 93 20 67 104 70 32 55 37 32 22 38 9 0 79 27 14 95 10 79 44 48 38 60 36 24 64 64 10 64 76 103 10 48 58 98 13 33 85 50 75 95 27 70 13 110 25 
145 87 150 104 82 64 73 181 145 79 108 42 48 72 107 83 79 0 85 91 170 68 144 71 32 101 95 114 92 67 117 88 93 125 176 89 125 84 176 85 106 138 118 146 171 79 141 85 156 93 
69 58 68 24 73 22 47 98 85 8 81 50 48 48 21 18 27 85 0 37 108 30 60 70 52 16 34 48 11 88 90 23 38 102 91 31 63 34 94 15 24 60 32 61 107 5 56 15 84 10 
99 23 93 28 107 35 81 96 56 44 43 48 42 24 41 19 14 91 37 0 81 23 80 43 62 45 71 23 30 64 52 13 75 65 98 6 34 70 89 21 33 89 51 72 81 39 68 21 115 31 
137 83 122 84 181 115 155 73 25 117 71 128 121 98 95 96 95 170 108 81 0 104 107 106 143 104 136 61 97 123 67 89 142 71 92 85 47 141 64 96 87 129 96 90 3 113 90 96 153 98 
99 33 97 38 88 15 62 114 79 32 58 26 22 19 45 17 10 68 30 23 104 0 87 40 38 44 61 46 30 58 68 19 63 79 112 20 58 56 108 20 42 90 57 84 105 28 79 20 114 32 
30 103 14 52 104 82 85 56 93 64 119 110 108 101 41 70 79 144 60 80 107 87 0 123 111 44 56 70 56 143 125 70 61 137 39 76 80 68 58 67 47 23 29 18 105 65 18 67 45 55 
139 24 135 71 121 53 98 139 83 72 37 38 32 21 82 53 44 71 70 43 106 40 123 0 57 83 101 64 68 21 46 52 103 54 142 47 68 95 131 57 76 129 94 116 107 68 112 57 154 69 
114 65 118 72 67 32 49 149 118 47 89 19 25 48 74 51 48 32 52 62 143 38 111 57 0 68 66 84 60 63 99 57 65 109 143 59 97 55 144 53 73 106 85 113 143 46 108 53 126 60 
56 67 53 21 78 38 54 84 83 21 88 66 64 61 9 29 38 101 16 45 104 44 44 83 68 0 32 47 14 102 96 31 37 109 75 39 62 37 81 25 17 46 17 45 103 21 40 25 71 13 
50 92 57 53 49 48 29 109 115 28 115 73 74 81 41 52 60 95 34 71 136 61 56 101 66 32 0 79 42 117 124 57 5 136 95 65 94 12 107 49 49 43 43 67 135 33 63 49 60 41 
94 40 84 26 121 55 95 75 37 56 49 72 66 46 39 34 36 114 48 23 61 46 70 64 84 47 79 0 37 85 55 28 84 67 79 25 15 81 67 35 30 84 45 57 60 52 54 35 111 38 
70 53 66 13 84 28 58 89 74 20 74 55 52 46 15 14 24 92 11 30 97 30 56 68 60 14 42 37 0 88 82 17 47 95 83 24 52 44 84 11 13 61 27 54 96 16 49 11 86 1 
158 45 154 91 131 69 110 160 101 89 52 47 44 42 102 73 64 67 88 64 123 58 143 21 63 102 117 85 88 0 58 73 118 62 163 68 88 110 152 76 96 148 114 137 125 86 132 76 173 89 
148 35 139 77 156 83 130 120 50 96 10 80 73 51 90 71 64 117 90 52 67 68 125 46 99 96 124 55 82 58 0 66 128 12 130 58 47 122 111 74 82 139 99 112 69 91 109 74 165 84 
87 36 82 19 94 26 68 94 65 31 57 46 42 31 29 6 10 88 23 13 89 19 70 52 57 31 57 28 17 73 66 0 61 78 93 7 42 57 88 8 23 77 41 65 89 26 60 8 103 18 
53 95 62 58 43 49 24 114 120 31 118 73 75 83 47 56 64 93 38 75 142 63 61 103 65 37 5 84 47 118 128 61 0 140 100 69 99 9 113 53 54 47 49 72 141 36 68 53 62 46 
161 46 151 89 167 95 142 129 57 108 21 90 83 62 103 83 76 125 102 65 71 79 137 54 109 109 136 67 95 62 12 78 140 0 141 71 58 134 120 86 95 151 112 124 74 103 121 86 177 96 
64 119 46 74 143 111 124 22 87 97 127 138 134 122 69 95 103 176 91 98 92 112 39 142 143 75 95 79 83 163 130 93 100 141 0 96 82 106 28 92 70 61 58 30 88 96 35 92 74 82 
94 29 88 23 101 30 75 95 60 38 50 47 41 26 35 13 10 89 31 6 85 20 76 47 59 39 65 25 24 68 58 7 69 71 96 0 38 64 89 15 29 84 47 69 85 33 64 15 110 25 
106 43 94 41 136 68 110 74 22 71 44 82 76 54 53 49 48 125 63 34 47 58 80 68 97 62 94 15 52 88 47 42 99 58 82 38 0 96 65 49 45 97 58 65 46 67 63 49 123 53 
62 89 69 56 41 42 17 118 118 26 113 64 66 76 47 51 58 84 34 70 141 56 68 95 55 37 12 81 44 110 122 57 9 134 106 64 96 0 116 49 53 55 52 77 140 31 72 49 72 43 
87 107 69 72 157 111 134 9 63 102 110 135 130 113 72 92 98 176 94 89 64 108 58 131 144 81 107 67 84 152 111 88 113 120 28 89 65 116 0 90 70 82 65 42 61 99 45 90 100 84 
81 43 78 18 86 21 60 96 72 23 65 45 42 35 25 3 13 85 15 21 96 20 67 57 53 25 49 35 11 76 74 8 53 86 92 15 49 49 90 0 22 72 37 64 96 18 59 0 97 12 
66 57 59 5 94 41 69 75 66 32 75 67 64 54 8 25 33 106 24 33 87 42 47 76 73 17 49 30 13 96 82 23 54 95 70 29 45 53 70 22 0 56 18 42 86 29 37 22 82 13 
9 113 15 62 86 81 71 79 113 61 131 109 108 107 48 75 85 138 60 89 129 90 23 129 106 46 43 84 61 148 139 77 47 151 61 84 97 55 82 72 56 0 39 41 127 63 40 72 26 59 
49 75 41 23 92 54 69 67 76 39 92 82 79 72 12 41 50 118 32 51 96 57 29 94 85 17 43 45 27 114 99 41 49 112 58 47 58 52 65 37 18 39 0 28 94 38 23 37 65 26 
48 95 32 46 116 82 95 42 77 67 107 109 106 95 39 67 75 146 61 72 90 84 18 116 113 45 67 57 54 137 112 65 72 124 30 69 65 77 42 64 42 41 28 0 87 66 5 64 63 53 
135 85 119 83 180 115 154 70 25 116 73 128 122 99 93 95 95 171 107 81 3 105 105 107 143 103 135 60 96 125 69 89 141 74 88 85 46 140 61 96 86 127 94 87 0 112 87 96 150 97 
73 58 72 30 69 17 42 103 89 5 82 46 44 47 27 20 27 79 5 39 113 28 65 68 46 21 33 52 16 86 91 26 36 103 96 33 67 31 99 18 29 63 38 66 112 0 61 18 87 16 
47 91 32 41 112 77 90 46 76 62 104 104 101 91 34 62 70 141 56 68 90 79 18 112 108 40 63 54 49 132 109 60 68 121 35 64 63 72 45 59 37 40 23 5 87 61 0 59 63 48 
81 43 78 18 86 21 60 96 72 23 65 45 42 35 25 3 13 85 15 21 96 20 67 57 53 25 49 35 11 76 74 8 53 86 92 15 49 49 90 0 22 72 37 64 96 18 59 0 97 12 
16 139 31 88 92 104 85 96 138 84 158 132 131 132 75 101 110 156 84 115 153 114 45 154 126 71 60 111 86 173 165 103 62 177 74 110 123 72 100 97 82 26 65 63 150 87 63 97 0 85 
69 54 65 13 83 28 57 88 75 19 75 56 53 48 14 16 25 93 10 31 98 32 55 69 60 13 41 38 1 89 84 18 46 96 82 25 53 43 84 12 13 59 26 53 97 16 48 12 85 0 
0 0 0 2 44 0 0 27694 0 0 433 0 0 0 10 0 0 0 0 0 0 0 0 8 26 96 1148 1450 0 0 0 0 39475 0 13 45 1075 0 0 29736 901 0 27 0 0 0 22 0 0 0 
0 0 0 7166 213 0 1413 0 0 1 62494 0 109 0 1541 0 0 15319 0 36 0 0 3602 0 0 0 2 52010 403 1080 9 0 0 199 53228 2 0 0 14485 0 28 15 0 0 0 0 0 0 0 0 
0 0 0 0 0 30639 0 340 350 7 32 0 0 41 0 0 19629 0 113 80 635 0 0 0 0 53 57 5987 0 191 4536 3 28 0 0 5566 0 0 2211 9560 11804 0 572 51 0 0 0 0 717 34971 
2 7166 0 0 31212 0 2429 4309 782 686 268 7535 935 20 0 20 0 64 93 118 0 0 3574 0 239 0 0 48036 96 0 14 127 1 3 8 43351 8818 0 0 0 0 0 0 508 69 1 0 294 0 0 
44 213 0 31212 0 0 5701 0 0 0 3 376 0 0 0 2 495 0 3 92853 112 92194 37262 41 0 0 0 0 0 985 4304 7619 11 0 38335 0 444 0 0 0 0 0 513 72 0 0 0 0 95849 0 
0 0 30639 0 0 0 0 0 0 0 0 0 0 0 0 263 786 6636 0 0 603 0 0 0 95862 30 0 200 0 34363 0 11 6273 84 9 0 2344 6 0 0 143 10 368 0 0 3762 0 2 0 3302 
0 1413 0 2429 5701 0 0 0 14405 0 630 0 0 0 1118 51 20 0 21007 0 0 94 0 0 0 133 10492 0 0 0 47 1709 0 0 5610 149 0 2 0 130 0 5545 521 3 5213 27 0 50 0 4606 
27694 0 340 4309 0 0 0 0 0 0 0 1764 0 0 0 26816 0 903 0 0 0 1 27732 0 0 0 513 0 0 0 0 0 77 803 6924 8510 1057 0 9 0 0 0 0 2987 0 0 24536 3588 37 17 
0 0 350 782 0 0 14405 0 0 0 2492 0 47726 9786 55 2 0 7508 29 0 2002 4 0 389 154 7316 0 0 1281 0 0 0 0 428 0 12 0 31 0 3540 8662 36941 0 0 0 48465 0 0 5673 0 
0 1 7 686 0 0 0 0 0 0 0 0 0 0 24 97037 2453 0 0 1931 0 31 21 0 0 12 94 52 0 2 0 0 0 42083 6 67 0 19812 44 89 11518 30409 522 145 0 5 60936 6 0 0 
433 62494 32 268 3 0 630 0 2492 0 0 0 0 0 0 154 142 0 56 8602 0 0 78405 3 0 45 0 0 0 0 89226 0 242 3211 54 1486 0 0 0 0 5278 5 96799 0 23099 0 1015 88 253 0 
0 0 0 7535 376 0 0 1764 0 0 0 0 0 0 925 0 5723 596 6 210 4692 0 0 0 0 0 0 0 54 10069 15672 121 1534 356 35510 3 2405 3 0 0 0 0 0 3299 4 0 33 94 248 0 
0 109 0 935 0 0 0 0 47726 0 0 0 0 5840 0 0 0 0 0 1780 44057 0 0 0 0 0 712 539 634 7 6 1 10960 400 48 0 0 28 0 30611 52379 0 899 13 0 0 0 0 0 17631 
0 0 41 20 0 0 0 0 9786 0 0 0 5840 0 306 465 144 1 3 7153 0 0 0 0 517 0 47 68 0 2 5 75712 0 320 4 0 0 0 0 0 12 28 0 12 1448 0 48 0 87 6 
10 1541 0 0 0 0 1118 0 55 24 0 925 0 306 0 0 3732 0 4 25610 0 143 27552 0 0 0 631 0 65961 0 18 28 1900 0 0 12 0 0 10725 25055 155 21565 21260 0 8 0 1934 0 671 0 
0 0 0 20 2 263 51 26816 2 97037 154 0 0 465 0 0 5385 318 0 0 3 1810 190 635 0 1 4880 1 0 0 0 0 0 0 0 0 0 0 51708 782 7587 0 5 0 28006 4217 0 0 12 0 
0 0 19629 0 495 786 20 0 0 2453 142 5723 0 144 3732 5385 0 0 0 0 0 7 32 0 0 0 899 3220 0 470 0 0 0 0 36165 10 98238 0 0 0 81459 113 0 0 0 100 0 0 2841 0 
0 15319 0 64 0 6636 0 903 7508 0 0 596 0 1 0 318 0 0 8331 0 279 0 0 1090 0 0 0 0 4 0 0 0 15 0 83 5444 46 0 0 0 0 2113 1460 0 51613 6707 3 47292 0 0 
0 0 113 93 3 0 21007 0 29 0 56 6 0 3 4 0 0 8331 0 0 0 1 0 695 77478 4 0 12156 73 0 0 170 7478 0 4 1 30 5 0 0 0 0 81 14002 123 460 0 25 0 0 
0 36 80 118 92853 0 0 0 0 1931 8602 210 1780 7153 25610 0 0 0 0 0 0 62120 0 1 374 0 0 0 0 0 194 0 0 11 23 0 412 1168 7149 0 1 45615 0 0 0 0 12 0 0 10 
0 0 635 0 112 603 0 0 2002 0 0 4692 44057 0 0 3 0 279 0 0 0 0 20899 9828 0 137 0 0 0 85545 79 0 1 0 159 0 0 5153 268 1 98 16 0 74 0 0 0 1 0 2951 
0 0 0 0 92194 0 94 1 4 31 0 0 0 0 143 1810 7 0 1 62120 0 0 10 113 1 29 42 47 0 10 0 0 0 6747 1 595 0 0 0 212 0 0 776 0 0 766 0 0 0 0 
0 3602 0 3574 37262 0 0 27732 0 21 78405 0 0 0 27552 190 32 0 0 0 20899 10 0 20 0 0 72 1 21051 0 3690 0 3141 0 2 0 59 0 0 0 275 609 4 0 0 0 0 588 0 0 
8 0 0 0 41 0 0 0 389 0 3 0 0 0 0 635 0 1090 695 1 9828 113 20 0 13 17825 5525 2428 401 223 1527 610 0 2666 240 288 5394 0 14615 0 0 932 914 463 96 1707 0 1173 0 0 
26 0 0 239 0 95862 0 0 154 0 0 0 0 517 0 0 0 0 77478 374 0 1 0 13 0 2 0 0 0 0 5 0 0 5585 0 0 26 22 1923 0 2857 27146 0 0 0 10 46 0 28262 0 
96 0 53 0 0 30 133 0 7316 12 45 0 0 0 0 1 0 0 4 0 137 29 0 17825 2 0 0 0 4092 9 0 44 92810 0 0 45 0 0 0 0 0 570 15 0 0 100 5 0 82975 2604 
1148 2 57 0 0 0 10492 513 0 94 0 0 712 47 631 4880 899 0 0 0 0 42 72 5525 0 0 0 0 0 0 10211 0 0 42 49455 0 0 0 0 0 0 5 1224 77602 4167 60868 0 0 0 0 
1450 52010 5987 48036 0 200 0 0 0 52 0 0 539 68 0 1 3220 0 12156 0 0 47 1 2428 0 0 0 0 155 179 0 0 0 9 631 70005 0 3 951 0 50 0 0 0 92 21104 1126 0 0 0 
0 403 0 96 0 0 0 0 1281 0 0 54 634 0 65961 0 0 4 73 0 0 0 21051 401 0 4092 0 155 0 3 0 0 8645 0 0 484 1198 0 258 0 3550 0 1 0 239 0 0 0 4008 103 
0 1080 191 0 985 34363 0 0 0 2 0 10069 7 2 0 0 470 0 0 0 85545 10 0 223 0 9 0 179 3 0 0 29 0 0 0 0 3898 0 0 88 10960 0 0 0 0 0 4 2 1 0 
0 9 4536 14 4304 0 47 0 0 0 89226 15672 6 5 18 0 0 0 0 194 79 0 3690 1527 5 0 10211 0 0 0 0 0 0 0 0 45 0 2002 0 0 0 1284 1076 2 202 214 23 3 0 0 
0 0 3 127 7619 11 1709 0 0 0 0 121 1 75712 28 0 0 0 170 0 0 0 0 610 0 44 0 0 0 29 0 0 0 0 0 139 37665 0 46 0 52057 0 42874 0 192 0 0 6 50748 3648 
39475 0 28 1 11 6273 0 77 0 0 242 1534 10960 0 1900 0 0 15 7478 0 1 0 3141 0 0 92810 0 0 8645 0 0 0 0 18 0 0 0 5851 0 0 21755 0 4 0 3 0 0 0 0 0 
0 199 0 3 0 84 0 803 428 42083 3211 356 400 320 0 0 0 0 0 11 0 6747 0 2666 5585 0 42 9 0 0 0 0 18 0 0 0 0 0 21924 0 0 12814 83 0 0 3 0 0 0 0 
13 53228 0 8 38335 9 5610 6924 0 6 54 35510 48 4 0 0 36165 83 4 23 159 1 2 240 0 0 49455 631 0 0 0 0 0 0 0 0 494 0 10 0 7 0 0 379 0 53 0 0 1244 0 
45 2 5566 43351 0 0 149 8510 12 67 1486 3 0 0 12 0 10 5444 1 0 0 595 0 288 0 45 0 70005 484 0 45 139 0 0 0 0 0 0 0 0 66005 68928 3 0 0 47 0 114 2389 0 
1075 0 0 8818 444 2344 0 1057 0 0 0 2405 0 0 0 0 98238 46 30 412 0 0 59 5394 26 0 0 0 1198 3898 0 37665 0 0 494 0 0 0 0 0 482 199 5004 0 1 6121 0 0 5497 374 
0 0 0 0 0 6 2 0 31 19812 0 3 28 0 0 0 0 0 5 1168 5153 0 0 0 22 0 0 3 0 0 2002 0 5851 0 0 0 0 0 0 28067 1280 0 0 0 1 1 0 7 56277 0 
0 14485 2211 0 0 0 0 9 0 44 0 0 0 0 10725 51708 0 0 0 7149 268 0 0 14615 1923 0 0 951 258 0 0 46 0 21924 10 0 0 0 0 378 5 0 0 0 0 111 9943 0 0 2015 
29736 0 9560 0 0 0 130 0 3540 89 0 0 30611 0 25055 782 0 0 0 0 1 212 0 0 0 0 0 0 0 88 0 0 0 0 0 0 0 28067 378 0 1087 37 0 0 0 0 0 11 0 0 
901 28 11804 0 0 143 0 0 8662 11518 5278 0 52379 12 155 7587 81459 0 0 1 98 0 275 0 2857 0 0 50 3550 10960 0 52057 21755 0 7 66005 482 1280 5 1087 0 0 0 0 46855 14 0 0 0 7 
0 15 0 0 0 10 5545 0 36941 30409 5 0 0 28 21565 0 113 2113 0 45615 16 0 609 932 27146 570 5 0 0 0 1284 0 0 12814 0 68928 199 0 0 37 0 0 0 4244 3 1 640 65428 35424 0 
27 0 572 0 513 368 521 0 0 522 96799 0 899 0 21260 5 0 1460 81 0 0 776 4 914 0 15 1224 0 1 0 1076 42874 4 83 0 3 5004 0 0 0 0 0 0 0 9111 3 1 1764 14 9070 
0 0 51 508 72 0 3 2987 0 145 0 3299 13 12 0 0 0 0 14002 0 74 0 0 463 0 0 77602 0 0 0 2 0 0 0 379 0 0 0 0 0 0 4244 0 0 2955 0 0 1 460 0 
0 0 0 69 0 0 5213 0 0 0 23099 4 0 1448 8 28006 0 51613 123 0 0 0 0 96 0 0 4167 92 239 0 202 192 3 0 0 0 1 1 0 0 46855 3 9111 2955 0 0 0 0 80304 0 
0 0 0 1 0 3762 27 0 48465 5 0 0 0 0 0 4217 100 6707 460 0 0 766 0 1707 10 100 60868 21104 0 0 214 0 0 3 53 47 6121 1 111 0 14 1 3 0 0 0 0 0 73560 0 
22 0 0 0 0 0 0 24536 0 60936 1015 33 0 48 1934 0 0 3 0 12 0 0 0 0 46 5 0 1126 0 4 23 0 0 0 0 0 0 0 9943 0 0 640 1 0 0 0 0 342 0 393 
0 0 0 294 0 2 50 3588 0 6 88 94 0 0 0 0 0 47292 25 0 1 0 588 1173 0 0 0 0 0 2 3 6 0 0 0 114 0 7 0 11 0 65428 1764 1 0 0 342 0 0 1451 
0 0 717 0 95849 0 0 37 5673 0 253 248 0 87 671 12 2841 0 0 0 0 0 0 0 28262 82975 0 0 4008 1 0 50748 0 0 1244 2389 5497 56277 0 0 0 35424 14 460 80304 73560 0 0 0 21 
0 0 34971 0 0 3302 4606 17 0 0 0 0 17631 6 0 0 0 0 0 10 2951 0 0 0 0 2604 0 0 103 0 0 3648 0 0 0 0 374 0 2015 0 7 0 9070 0 0 0 393 1451 21 0 
0 37201 13 0 0 33 28 0 100 92534 0 411 88 2 20624 6467 11373 17 0 18653 4 30681 4 9 981 0 0 0 1233 4 29 111 0 82 333 70 0 13424 3 0 212 75034 0 0 0 18684 0 714 74 31 
37201 0 4015 0 42 4 4 123 5 0 0 477 0 7 2507 0 8789 0 3 0 93 0 0 61 650 6398 0 0 0 0 0 47616 0 0 0 0 170 0 0 0 0 0 0 454 2471 26 0 2 8 6416 
13 4015 0 79861 2 0 3 5 0 0 0 0 2 23 84784 98 0 20147 0 0 0 4 0 0 0 0 0 0 1430 0 122 0 0 14 2 0 91 0 0 0 0 536 0 0 933 3261 8013 47 0 0 
0 0 79861 0 2 30 3022 0 0 0 0 0 0 0 0 0 33 0 0 0 0 0 112 19309 0 20 19 0 0 16213 0 38 1627 0 0 0 0 1983 5560 0 0 1835 0 0 0 0 6 25 0 25584 
0 42 2 2 0 0 1 2120 0 16119 0 0 27448 8 41 0 7308 996 0 0 35 0 44 0 0 317 5943 12 29283 0 0 0 0 0 156 2921 77387 17 0 20712 82665 75796 8 19 48 5563 0 3 47 2 
33 4 0 30 0 0 545 8062 0 116 42255 3338 168 0 25 0 102 0 22 5739 0 28443 93 46 6047 15 25 0 0 0 56143 170 0 154 0 29612 0 0 0 4 0 0 55219 519 1582 0 6 192 4434 0 
28 4 3 3022 1 545 0 3766 0 1 0 864 0 0 326 0 0 5024 0 2229 23 0 11580 2 0 0 0 19 0 12279 329 0 0 538 114 0 0 0 79090 0 2 0 0 0 0 0 13 0 131 0 
0 123 5 0 2120 8062 3766 0 19399 36582 336 218 0 1 6868 0 0 90 17847 1 397 1 0 7 0 255 0 93951 88106 28434 8 43949 0 2 0 0 0 3 0 0 0 2 67521 13 88 7217 3 0 0 0 
100 5 0 0 0 0 0 19399 0 4 0 0 0 0 0 0 466 3136 0 0 53 0 34246 0 0 805 0 0 0 6 63418 468 0 0 1 0 21140 5560 2 0 0 0 74642 0 7845 259 0 5 0 51 
92534 0 0 0 16119 116 1 36582 4 0 197 10 96 1881 0 6743 0 9780 7 0 4 0 0 994 0 2471 6 0 2083 7804 873 0 836 0 46 2533 3 4519 44644 0 74935 27560 0 0 682 0 0 1 0 12 
0 0 0 0 0 42255 0 336 0 197 0 1 3 39265 70 0 268 10241 0 0 0 24270 0 0 10 0 346 9598 7989 0 0 3558 0 0 17 0 1961 82 0 4572 0 0 0 22410 314 7087 0 0 4625 0 
411 477 0 0 0 3338 864 218 0 10 1 0 1 173 0 34490 18 0 0 0 7 2 0 0 12817 0 3 0 0 29102 909 4517 1522 0 766 0 2 0 1749 0 71 6 21772 3623 0 31627 0 0 0 5928 
88 0 2 0 27448 168 0 0 0 96 3 1 0 0 39 0 0 194 0 0 0 11 0 122 0 13768 3759 0 0 1 0 0 0 0 0 107 0 0 5 0 0 0 21 0 53 2143 227 9866 3824 98 
2 7 23 0 8 0 0 1 0 1881 39265 173 0 0 0 1059 0 226 0 0 12927 13 35548 0 0 6 1 0 44614 0 0 0 2 0 0 3 87917 17 632 0 0 1755 2 0 1 975 0 1 1 0 
20624 2507 84784 0 41 25 326 6868 0 0 70 0 39 0 0 4623 0 157 0 0 177 0 10 23708 186 16699 0 198 0 4 0 0 0 0 0 0 134 166 4 0 3 0 0 1 0 1 0 30226 0 99 
6467 0 98 0 0 0 0 0 0 6743 0 34490 0 1059 4623 0 0 0 1 6473 0 0 0 0 1996 0 0 0 0 65 86999 71972 57 10 112 15 273 1 0 0 0 302 0 4819 0 0 0 3073 0 45 
11373 8789 0 33 7308 102 0 0 466 0 268 18 0 0 0 0 0 5045 305 4963 0 0 6 0 36 50211 0 0 26 0 0 1493 88 5641 0 0 8655 2709 20 12 5844 0 2 1388 0 0 0 71470 0 0 
17 0 20147 0 996 0 5024 90 3136 9780 10241 0 194 226 157 0 5045 0 0 9 0 239 16736 0 4 0 784 173 689 989 3596 474 47 1807 0 0 16 1780 16079 2222 995 0 0 1347 0 0 0 72669 0 7250 
0 3 0 0 0 22 0 17847 0 7 0 0 0 0 0 1 305 0 0 47539 0 0 0 0 0 0 0 0 29 0 4 0 418 1 0 0 0 33073 5267 4 0 0 0 0 2 0 5 0 10 36555 
18653 0 0 0 0 5739 2229 1 0 0 0 0 0 0 0 6473 4963 9 47539 0 7047 0 0 0 0 676 77 0 0 0 0 93735 3470 0 0 7 1268 136 0 510 0 1 0 1167 23007 1896 6 43554 0 8 
4 93 0 0 35 0 23 397 53 4 0 7 0 12927 177 0 0 0 0 7047 0 0 0 0 0 0 0 104 103 0 152 1590 6093 6 0 1 49 0 0 0 0 0 2675 3 1 0 38 0 36 0 
30681 0 4 0 0 28443 0 1 0 0 24270 2 11 13 0 0 0 239 0 0 0 0 0 0 0 0 58 532 49 0 0 243 4889 4538 0 0 0 3570 44 0 51939 454 0 2994 835 0 91972 0 1465 891 
4 0 0 112 44 93 11580 0 34246 0 0 0 0 35548 10 0 6 16736 0 0 0 0 0 0 10438 0 0 0 0 555 0 67 0 366 0 0 0 31991 0 327 0 503 0 2 0 37 2668 0 1 2374 
9 61 0 19309 0 46 2 7 0 994 0 0 122 0 23708 0 0 0 0 0 0 0 0 0 0 1023 106 0 1 0 0 22916 8 318 0 0 0 1503 48 0 0 0 0 0 0 24120 697 0 10487 1831 
981 650 0 0 0 6047 0 0 0 0 10 12817 0 0 186 1996 36 4 0 0 0 0 10438 0 0 0 4459 24812 1344 0 0 0 0 0 0 86320 36 0 0 309 13 0 13 6 1 0 0 287 0 4540 
0 6398 0 20 317 15 0 255 805 2471 0 0 13768 6 16699 0 50211 0 0 676 0 0 0 1023 0 0 55385 52 48338 0 0 0 0 0 1772 7877 4 409 47 0 1 26 0 61 91 0 0 0 0 52 
0 0 0 19 5943 25 0 0 0 6 346 3 3759 1 0 0 0 784 0 77 0 58 0 106 4459 55385 0 97 21 16582 0 0 4007 0 227 30080 64 0 0 0 23414 0 1255 0 27 0 17 0 0 29 
0 0 0 0 12 0 19 93951 0 0 9598 0 0 0 198 0 0 173 0 0 104 532 0 0 24812 52 97 0 0 0 35704 33 2 5195 0 0 0 0 0 15 0 19973 408 0 0 27522 0 23683 73110 21112 
1233 0 1430 0 29283 0 0 88106 0 2083 7989 0 0 44614 0 0 26 689 29 0 103 49 0 1 1344 48338 21 0 0 5658 0 1 0 123 4 0 0 15 0 3 0 10792 0 0 0 6 0 159 0 0 
4 0 0 16213 0 0 12279 28434 6 7804 0 29102 1 0 4 65 0 989 0 0 0 0 555 0 0 0 16582 0 5658 0 0 0 0 6 29 0 0 0 381 0 2728 8938 4495 23 257 0 0 0 10326 0 
29 0 122 0 0 56143 329 8 63418 873 0 909 0 0 0 86999 0 3596 4 0 152 0 0 0 0 0 0 35704 0 0 0 44896 0 574 56781 0 14 0 10 0 0 25213 0 11 0 0 59284 0 5512 0 
111 47616 0 38 0 170 0 43949 468 0 3558 4517 0 0 0 71972 1493 474 0 93735 1590 243 67 22916 0 0 0 33 1 0 44896 0 45 395 2 0 65 6423 0 778 0 80749 0 185 0 558 20 0 0 5 
0 0 0 1627 0 0 0 0 0 836 0 1522 0 2 0 57 88 47 418 3470 6093 4889 0 8 0 0 4007 2 0 0 0 45 0 0 0 0 9108 171 38747 0 0 111 0 25099 0 798 642 5 190 5727 
82 0 14 0 0 154 538 2 0 0 0 0 0 0 0 10 5641 1807 1 0 6 4538 366 318 0 0 0 5195 123 6 574 395 0 0 1432 3393 0 4185 529 316 21824 13941 0 0 26929 0 108 194 0 119 
333 0 2 0 156 0 114 0 1 46 17 766 0 0 0 112 0 0 0 0 0 0 0 0 0 1772 227 0 4 29 56781 2 0 1432 0 0 0 0 0 162 0 6505 0 0 2 0 323 318 0 11597 
70 0 0 0 2921 29612 0 0 0 2533 0 0 107 3 0 15 0 0 0 7 1 0 0 0 86320 7877 30080 0 0 0 0 0 0 3393 0 0 1089 141 29 1213 0 11871 0 1 25669 1664 0 0 34347 22640 
0 170 91 0 77387 0 0 0 21140 3 1961 2 0 87917 134 273 8655 16 0 1268 49 0 0 0 36 4 64 0 0 0 14 65 9108 0 0 1089 0 12 215 4761 0 0 0 1 1 461 35 11088 0 0 
13424 0 0 1983 17 0 0 3 5560 4519 82 0 0 17 166 1 2709 1780 33073 136 0 3570 31991 1503 0 409 0 0 15 0 0 6423 171 4185 0 141 12 0 8660 0 0 0 32441 714 0 0 444 0 279 0 
3 0 0 5560 0 0 79090 0 2 44644 0 1749 5 632 4 0 20 16079 5267 0 0 44 0 48 0 47 0 0 0 381 10 0 38747 529 0 29 215 8660 0 1 0 1 982 1024 3179 0 0 39939 176 117 
0 0 0 0 20712 4 0 0 0 0 4572 0 0 0 0 0 12 2222 4 510 0 0 327 0 309 0 0 15 3 0 0 778 0 316 162 1213 4761 0 1 0 0 0 0 3 436 0 18560 0 4 0 
212 0 0 0 82665 0 2 0 0 74935 0 71 0 0 3 0 5844 995 0 0 0 51939 0 0 13 1 23414 0 0 2728 0 0 0 21824 0 0 0 0 0 0 0 11176 98192 17 0 806 5623 256 220 0 
75034 0 536 1835 75796 0 0 2 0 27560 0 6 0 1755 0 302 0 0 0 1 0 454 503 0 0 26 0 19973 10792 8938 25213 80749 111 13941 6505 11871 0 0 1 0 11176 0 68 0 0 0 0 244 0 30810 
0 0 0 0 8 55219 0 67521 74642 0 0 21772 21 2 0 0 2 0 0 0 2675 0 0 0 13 0 1255 408 0 4495 0 0 0 0 0 0 0 32441 982 0 98192 68 0 0 0 0 0 0 0 44848 
0 454 0 0 19 519 0 13 0 0 22410 3623 0 0 1 4819 1388 1347 0 1167 3 2994 2 0 6 61 0 0 0 23 11 185 25099 0 0 1 1 714 1024 3 17 0 0 0 0 0 2 0 2147 19 
0 2471 933 0 48 1582 0 88 7845 682 314 0 53 1 0 0 0 0 2 23007 1 835 0 0 1 91 27 0 0 257 0 0 0 26929 2 25669 1 0 3179 436 0 0 0 0 0 266 30 2923 0 41250 
18684 26 3261 0 5563 0 0 7217 259 0 7087 31627 2143 975 1 0 0 0 0 1896 0 0 37 24120 0 0 0 27522 6 0 0 558 798 0 0 1664 461 0 0 0 806 0 0 0 266 0 163 110 0 985 
0 0 8013 6 0 6 13 3 0 0 0 0 227 0 0 0 0 0 5 6 38 91972 2668 697 0 0 17 0 0 0 59284 20 642 108 323 0 35 444 0 18560 5623 0 0 2 30 163 0 10 91011 0 
714 2 47 25 3 192 0 0 5 1 0 0 9866 1 30226 3073 71470 72669 0 43554 0 0 0 0 287 0 0 23683 159 0 0 0 5 194 318 0 11088 0 39939 0 256 244 0 0 2923 110 10 0 0 0 
74 8 0 0 47 4434 131 0 0 0 4625 0 3824 1 0 0 0 0 10 0 36 1465 1 10487 0 0 0 73110 0 10326 5512 0 190 0 0 34347 0 279 176 4 220 0 0 2147 0 0 91011 0 0 0 
31 6416 0 25584 2 0 0 0 51 12 0 5928 98 0 99 45 0 7250 36555 8 0 891 2374 1831 4540 52 29 21112 0 0 0 5 5727 119 11597 22640 0 0 117 0 0 30810 44848 19 41250 985 0 0 0 0 
0 0 65 0 2 83 3 6053 665 16 0 1 76 3 0 12 62585 2718 0 1325 14907 9452 69024 0 0 0 0 0 4 28 88 3347 5 7 0 0 0 320 6857 0 0 101 0 305 27986 9 0 14 0 0 
0 0 44675 0 0 4677 0 9092 759 0 0 10 0 0 0 104 499 0 1406 498 4 2969 0 11621 2 41208 0 0 0 0 0 0 137 0 0 465 36025 0 0 1488 0 0 24 602 0 1 65 2 17 0 
65 44675 0 2656 0 701 26012 0 155 0 0 0 4416 0 0 2049 0 2 0 0 0 32837 0 0 0 0 0 413 0 0 0 6988 0 4505 0 0 95354 0 0 964 0 62561 0 127 1 0 1693 188 0 0 
0 0 2656 0 0 29752 0 3 99948 0 4 3304 27 8 0 0 4839 0 33744 0 102 11554 27 80 0 0 18035 0 0 0 29626 1 83427 0 0 9409 0 30991 5205 0 10 487 45169 0 265 0 0 0 8309 9 
2 0 0 0 0 135 62 8715 149 22598 16 0 9 87985 34 0 197 3 0 0 0 0 4069 0 45211 4191 9 17 0 0 41 0 0 655 22456 10 0 0 172 172 53568 0 4197 21840 0 228 0 49967 0 20 
83 4677 701 29752 135 0 0 2765 780 24 41711 0 15 32 63 0 4428 0 22092 0 0 0 154 0 0 8 0 0 6 0 33814 0 0 0 0 5 0 1009 1386 137 0 0 0 41 0 0 338 52313 72 0 
3 0 26012 0 62 0 0 3 0 8 0 8 25585 12 0 0 0 14 0 1 54920 0 8 5 50628 11 0 249 0 0 4207 0 14 0 0 0 192 1072 664 24540 10837 0 0 7 33992 0 216 0 338 0 
6053 9092 0 3 8715 2765 3 0 2 54097 2499 48983 2918 8 0 10 11716 23 0 383 4 52 0 1 265 1 0 2 0 2 74296 14 5172 0 0 2898 0 30 0 91 9 10 0 0 2 231 543 3 936 0 
665 759 155 99948 149 780 0 2 0 0 0 65750 0 0 0 0 100 0 0 2296 1587 0 7 0 0 0 12 23927 231 0 10156 13 97683 0 168 0 3 0 363 0 417 0 39 19 79725 0 25990 14720 10 0 
16 0 0 0 22598 24 8 54097 0 0 140 3892 0 196 106 0 0 0 6 0 120 0 833 1546 4371 410 0 0 73 8 22926 2409 84420 0 0 0 0 0 0 0 0 0 4755 0 1 6 0 0 0 4204 
0 0 0 4 16 41711 0 2499 0 140 0 169 33 166 17250 0 8 0 0 0 44503 82122 0 0 19 0 0 84029 285 1207 0 43 0 0 0 0 38130 2 5 199 0 0 0 15381 0 1174 27 0 0 0 
1 10 0 3304 0 0 8 48983 65750 3892 169 0 111 0 5782 1545 0 0 0 0 6464 0 14121 2389 22 1 784 0 0 0 5469 51 0 0 1 0 0 52768 57737 6 11 3 41780 0 0 9642 0 0 0 7 
76 0 4416 27 9 15 25585 2918 0 0 33 111 0 0 2687 0 35893 0 2 0 0 605 0 3938 346 1 47 0 3 0 1 0 0 0 0 5 296 0 3811 0 0 0 2669 11 0 17025 0 0 147 0 
3 0 0 8 87985 32 12 8 0 196 166 0 0 0 0 0 0 0 0 0 0 115 1120 4122 0 0 0 0 21320 0 0 0 0 0 0 0 17 55 21 7 44 11883 5 42671 0 5142 0 59 0 0 
0 0 0 0 34 63 0 0 0 106 17250 5782 2687 0 0 0 1 120 0 27 454 37268 0 376 0 0 0 52264 0 111 0 0 0 8223 61049 0 3811 1892 0 0 0 0 0 24 0 9 0 1 0 0 
12 104 2049 0 0 0 0 10 0 0 0 1545 0 0 0 0 0 0 94254 4 6671 0 0 0 3 0 0 607 0 2 38 10300 1 5995 87758 1 14 2 0 2 0 4 63971 700 0 0 0 0 2 10814 
62585 499 0 4839 197 4428 0 11716 100 0 8 0 35893 0 1 0 0 2 640 0 3539 28867 0 0 231 1 0 0 0 49 18 61 4 7636 138 0 0 0 2593 92 0 0 51 0 352 0 0 2 0 0 
2718 0 2 0 3 0 14 23 0 0 0 0 0 0 120 0 2 0 0 2 0 13 0 0 0 69746 29 6604 0 27 7211 29 0 3 131 46356 1417 1713 0 27524 204 0 0 105 0 0 0 0 3 10559 
0 1406 0 33744 0 22092 0 0 0 6 0 0 2 0 0 94254 640 0 0 1 834 33 0 0 0 0 2256 0 0 290 1877 0 0 86 0 0 0 0 130 40 71098 1437 0 0 0 0 10366 1 13 0 
1325 498 0 0 0 0 1 383 2296 0 0 0 0 0 27 4 0 2 1 0 21373 0 0 0 0 12176 1677 30980 790 57 7481 1398 265 2914 28002 0 0 189 38021 405 2 2 925 37274 15 8560 0 26 499 0 
14907 4 0 102 0 0 54920 4 1587 120 44503 6464 0 0 454 6671 3539 0 834 21373 0 1360 0 189 81395 0 9954 32 1198 0 2024 0 0 3640 0 509 18166 0 0 0 0 13 787 0 0 3 30 0 71 0 
9452 2969 32837 11554 0 0 0 52 0 0 82122 0 605 115 37268 0 28867 13 33 0 1360 0 0 19 140 0 4 0 7133 0 379 28 0 0 0 27233 0 0 0 40 1 25 27402 2 0 0 56 0 1 8171 
69024 0 0 27 4069 154 8 0 7 833 0 14121 0 1120 0 0 0 0 0 0 0 0 0 0 0 206 0 22 0 7568 0 5 0 13854 0 0 0 0 1776 9897 0 0 0 173 5 1 55 0 14633 15052 
0 11621 0 80 0 0 5 1 0 1546 0 2389 3938 4122 376 0 0 0 0 0 189 19 0 0 0 54021 0 3328 4705 0 0 0 707 0 0 0 0 0 0 1 9251 0 0 14 0 0 4 3 0 98 
0 2 0 0 45211 0 50628 265 0 4371 19 22 346 0 0 3 231 0 0 0 81395 140 0 0 0 0 189 58793 61834 1 0 65609 73812 0 79680 13 0 0 0 0 0 1308 0 1730 1 214 5 64820 0 9 
0 41208 0 0 4191 8 11 1 0 410 0 1 1 0 0 0 1 69746 0 12176 0 0 206 54021 0 0 1 70 33 0 631 0 178 6187 1 1201 0 1 16 15157 0 0 308 0 2 0 0 0 0 0 
0 0 0 18035 9 0 0 0 12 0 0 784 47 0 0 0 0 29 2256 1677 9954 4 0 0 189 1 0 97940 0 0 0 12 46 0 11 0 0 3242 389 12 5 34163 0 0 0 700 0 0 0 649 
0 0 413 0 17 0 249 2 23927 0 84029 0 0 0 52264 607 0 6604 0 30980 32 0 22 3328 58793 70 97940 0 0 0 70 1761 8 2699 0 0 1 283 0 10363 305 35 26880 151 0 0 0 501 1076 46 
4 0 0 0 0 6 0 0 231 73 285 0 3 21320 0 0 0 0 0 790 1198 7133 0 4705 61834 33 0 0 0 0 7 12731 0 12067 24204 0 0 77 0 119 0 18813 0 0 0 5222 373 1046 0 3 
28 0 0 0 0 0 0 2 0 8 1207 0 0 0 111 2 49 27 290 57 0 0 7568 0 1 0 0 0 0 0 1013 0 0 818 704 873 0 987 1411 0 4634 80 1230 30 0 39510 0 0 0 53 
88 0 0 29626 41 33814 4207 74296 10156 22926 0 5469 1 0 0 38 18 7211 1877 7481 2024 379 0 0 0 631 0 70 7 1013 0 130 449 2131 3622 0 0 0 22553 337 0 5 1441 0 0 0 0 0 36 543 
3347 0 6988 1 0 0 0 14 13 2409 43 51 0 0 0 10300 61 29 0 1398 0 28 5 0 65609 0 12 1761 12731 0 130 0 1810 0 39537 86702 772 67 0 16 0 493 0 0 0 34 4424 0 323 0 
5 137 0 83427 0 0 14 5172 97683 84420 0 0 0 0 0 1 4 0 0 265 0 0 0 707 73812 178 46 8 0 0 449 1810 0 0 2 0 342 0 9 0 0 81 0 42 0 7 1076 6035 5516 77 
7 0 4505 0 655 0 0 0 0 0 0 0 0 0 8223 5995 7636 3 86 2914 3640 0 13854 0 0 6187 0 2699 12067 818 2131 0 0 0 3 0 14564 29 58 37 42 0 0 6879 166 0 2046 0 8443 0 
0 0 0 0 22456 0 0 0 168 0 0 1 0 0 61049 87758 138 131 0 28002 0 0 0 0 79680 1 11 0 24204 704 3622 39537 2 3 0 0 0 0 0 211 11209 469 16781 0 0 0 7 724 0 0 
0 465 0 9409 10 5 0 2898 0 0 0 0 5 0 0 1 0 46356 0 0 509 27233 0 0 13 1201 0 0 0 873 0 86702 0 0 0 0 42977 3186 0 40 0 0 0 75027 50 0 4 0 0 496 
0 36025 95354 0 0 0 192 0 3 0 38130 0 296 17 3811 14 0 1417 0 0 18166 0 0 0 0 0 0 1 0 0 0 772 342 14564 0 42977 0 2 0 205 0 0 7330 89719 0 0 0 785 8354 63205 
320 0 0 30991 0 1009 1072 30 0 0 2 52768 0 55 1892 2 0 1713 0 189 0 0 0 0 0 1 3242 283 77 987 0 67 0 29 0 3186 2 0 0 10271 0 27 5 0 0 0 59768 0 615 281 
6857 0 0 5205 172 1386 664 0 363 0 5 57737 3811 21 0 0 2593 0 130 38021 0 0 1776 0 0 16 389 0 0 1411 22553 0 9 58 0 0 0 0 0 3887 0 0 80 7 1 0 0 3 158 0 
0 1488 964 0 172 137 24540 91 0 0 199 6 0 7 0 2 92 27524 40 405 0 40 9897 1 0 15157 12 10363 119 0 337 16 0 37 211 40 205 10271 3887 0 6 44160 138 0 74013 1 3096 0 3510 16440 
0 0 0 10 53568 0 10837 9 417 0 0 11 0 44 0 0 0 204 71098 2 0 1 0 9251 0 0 5 305 0 4634 0 0 0 42 11209 0 0 0 0 6 0 0 44861 70070 30790 0 0 270 1 1 
101 0 62561 487 0 0 0 10 0 0 0 3 0 11883 0 4 0 0 1437 2 13 25 0 0 1308 0 34163 35 18813 80 5 493 81 0 469 0 0 27 0 44160 0 0 2966 34 0 23 0 0 0 5 
0 24 0 45169 4197 0 0 0 39 4755 0 41780 2669 5 0 63971 51 0 0 925 787 27402 0 0 0 308 0 26880 0 1230 1441 0 0 0 16781 0 7330 5 80 138 44861 2966 0 32 0 1 3 8 0 0 
305 602 127 0 21840 41 7 0 19 0 15381 0 11 42671 24 700 0 105 0 37274 0 2 173 14 1730 0 0 151 0 30 0 0 42 6879 0 75027 89719 0 7 0 70070 34 32 0 0 4052 2471 3499 0 0 
27986 0 1 265 0 0 33992 2 79725 1 0 0 0 0 0 0 352 0 0 15 0 0 5 0 1 2 0 0 0 0 0 0 0 166 0 50 0 0 1 74013 30790 0 0 0 0 0 0 7 2359 5614 
9 1 0 0 228 0 0 231 0 6 1174 9642 17025 5142 9 0 0 0 0 8560 3 0 1 0 214 0 700 0 5222 39510 0 34 7 0 0 0 0 0 0 1 0 23 1 4052 0 0 3 328 0 65 
0 65 1693 0 0 338 216 543 25990 0 27 0 0 0 0 0 0 0 10366 0 30 56 55 4 5 0 0 0 373 0 0 4424 1076 2046 7 4 0 59768 0 3096 0 0 3 2471 0 3 0 0 5294 1 
14 2 188 0 49967 52313 0 3 14720 0 0 0 0 59 1 0 2 0 1 26 0 0 0 3 64820 0 0 501 1046 0 0 0 6035 0 724 0 785 0 3 0 270 0 8 3499 7 328 0 0 60 263 
0 17 0 8309 0 72 338 936 10 0 0 0 147 0 0 2 0 3 13 499 71 1 14633 0 0 0 0 1076 0 0 36 323 5516 8443 0 0 8354 615 158 3510 1 0 0 0 2359 0 5294 60 0 0 
0 0 0 9 20 0 0 0 0 4204 0 7 0 0 0 10814 0 10559 0 0 0 8171 15052 98 9 0 649 46 3 53 543 0 77 0 0 496 63205 281 0 16440 1 5 0 0 5614 65 1 263 0 0 
0 18199 53 0 0 4 3886 0 143 1 0 0 55 5096 0 14 153 1 4 4696 65728 0 4303 0 0 0 0 0 10710 0 0 4 0 1 0 0 0 34 377 10 0 31 34497 53222 24466 5 0 0 11 29 
18199 0 39763 0 373 0 5990 3 7125 7 1186 15414 0 3596 1 0 1483 0 26 0 2 0 0 75482 45308 38 0 0 0 0 0 10931 0 547 0 0 473 5534 0 1 0 0 0 2504 290 0 60584 53047 6552 0 
53 39763 0 16999 27 0 0 0 0 0 0 0 4085 0 0 0 0 79 0 0 0 240 0 13027 0 0 32034 1474 3581 0 13467 0 0 0 0 0 0 0 0 0 0 465 14086 0 197 18127 69306 73208 0 0 
0 0 16999 0 0 0 0 0 0 0 0 602 0 0 211 0 0 0 2 0 0 1782 0 1 0 9 2240 0 36690 0 5 0 0 0 0 0 2 313 105 54302 496 24394 29336 0 0 7 10 0 0 0 
0 373 27 0 0 63 0 1 0 68 10588 0 26805 43624 2773 0 0 19 100 51341 0 0 0 0 26676 36465 61994 0 19568 0 0 94486 0 23625 0 0 17573 0 0 39 16542 1 0 0 15 61 0 7073 0 0 
4 0 0 0 63 0 10946 41191 51308 57077 4640 0 1002 78 2 0 0 0 5 18129 0 1 6741 98 0 18687 27811 0 16 0 1 42756 0 0 75500 870 0 0 0 0 0 222 3 12857 0 7828 2212 297 105 0 
3886 5990 0 0 0 10946 0 89 0 0 541 43619 211 24608 2280 0 0 5841 0 118 0 462 0 0 0 0 21521 0 0 546 169 0 15781 7 0 0 9204 0 0 0 0 0 0 23 0 596 69739 0 1 77 
0 3 0 0 1 41191 89 0 8755 915 0 0 29 0 456 0 40 147 0 0 6052 0 0 1 7576 0 0 23414 106 50657 0 761 29473 0 0 0 0 75 0 0 777 48575 52 0 0 16846 1 0 0 0 
143 7125 0 0 0 51308 0 8755 0 21 0 3957 76 0 0 0 1 5 17417 102 0 0 0 0 1 0 27206 13 0 11319 70036 0 27 0 0 0 1 3 0 0 1725 0 3 0 70717 1076 0 14625 0 8 
1 7 0 0 68 57077 0 915 21 0 0 27400 0 10232 43 0 0 5 0 0 0 2834 0 0 0 0 2 0 80 0 42 1560 0 1026 0 0 182 0 34 0 525 0 0 172 0 629 5 0 2 132 
0 1186 0 0 10588 4640 541 0 0 0 0 9 8 11 380 31 0 2952 0 0 65 0 2 0 3 0 1 6714 39 108 110 6118 0 0 0 0 0 0 0 0 0 0 0 31 0 0 3071 2 0 0 
0 15414 0 602 0 0 43619 0 3957 27400 9 0 162 13127 0 0 0 0 0 139 0 1 0 2762 5585 6962 202 13214 0 2538 0 0 0 0 0 0 0 0 79 2005 2355 1176 13 0 0 7117 0 0 0 27 
55 0 4085 0 26805 1002 211 29 76 0 8 162 0 0 56 3390 18790 25142 0 0 696 43671 0 0 5 86 0 35872 0 299 0 0 8029 0 0 0 3 0 26932 0 0 0 47270 0 6086 7 12 3 34153 192 
5096 3596 0 0 43624 78 24608 0 0 10232 11 13127 0 0 0 0 0 0 0 7496 619 2 2056 7 0 0 12 2088 692 0 0 2 10514 0 0 22 1 13204 4041 6 0 36 70 293 0 3 0 129 22363 0 
0 1 0 211 2773 2 2280 456 0 43 380 0 56 0 0 3 0 0 0 0 2710 0 0 0 90303 10 0 9 0 1767 0 0 0 292 1647 0 725 5912 0 37 0 0 0 30960 0 5 0 10 6 643 
14 0 0 0 0 0 0 0 0 0 31 0 3390 0 3 0 0 832 3 513 0 1183 0 0 0 549 1633 0 7877 0 32 56 1221 706 6 1 49 24 0 0 0 0 0 0 14 25504 0 82698 0 41855 
153 1483 0 0 0 0 0 40 1 0 0 0 18790 0 0 0 0 4985 107 4160 13399 0 295 0 7355 3 699 0 925 0 27842 0 20250 0 970 0 0 45068 0 2971 0 0 0 3 2106 0 322 0 0 567 
1 0 79 0 19 0 5841 147 5 5 2952 0 25142 0 0 832 4985 0 0 3268 35081 24902 182 835 4 0 60793 0 0 0 24403 40064 892 523 0 0 21547 8689 0 1597 21 0 3271 0 0 2313 0 0 8614 0 
4 26 0 2 100 5 0 0 17417 0 0 0 0 0 0 3 107 0 0 0 4 3 17 0 0 0 2 0 0 284 601 0 97 25923 0 0 0 23689 37 26478 2479 1223 0 0 0 0 17 0 32 8687 
4696 0 0 0 51341 18129 118 0 102 0 0 139 0 7496 0 513 4160 3268 0 0 2415 34830 6196 0 0 13 8 0 13 516 0 0 0 13795 0 126 588 0 5284 90795 0 0 0 220 180 754 0 121 604 76 
65728 2 0 0 0 0 0 6052 0 0 65 0 696 619 2710 0 13399 35081 4 2415 0 22077 15172 0 1 0 73 20 29186 0 0 0 1 0 0 290 2 0 0 0 0 0 25 0 0 0 1175 0 3 423 
0 0 240 1782 0 1 462 0 0 2834 0 1 43671 2 0 1183 0 24902 3 34830 22077 0 0 74448 0 0 0 1699 11 0 0 16645 0 1330 0 0 15 28218 13 11983 180 2 299 0 252 0 0 2 4044 1778 
4303 0 0 0 0 6741 0 0 0 0 2 0 0 2056 0 0 295 182 17 6196 15172 0 0 0 0 12861 0 97944 121 3 15 7403 13 637 239 0 0 0 3 4 0 0 0 1 0 53895 0 0 0 15 
0 75482 13027 1 0 98 0 1 0 0 0 2762 0 7 0 0 0 835 0 0 0 74448 0 0 0 0 0 320 0 0 0 804 33 5 0 0 0 22543 0 15202 2 0 0 0 0 0 117 1661 0 8452 
0 45308 0 0 26676 0 0 7576 1 0 3 5585 5 0 90303 0 7355 4 0 0 1 0 0 0 0 0 26303 19525 100 27196 19382 52332 0 5 8 201 0 0 9 37 0 0 0 335 49 1576 0 1675 0 0 
0 38 0 9 36465 18687 0 0 0 0 0 6962 86 0 10 549 3 0 0 13 0 0 12861 0 0 0 0 12310 0 0 203 0 0 99 26205 0 96 0 20 155 1 1 0 251 24721 0 0 0 2 392 
0 0 32034 2240 61994 27811 21521 0 27206 2 1 202 0 12 0 1633 699 60793 2 8 73 0 0 0 26303 0 0 3630 1 245 0 657 6 34 0 36657 139 0 6527 58 51 22 0 0 0 30486 98 5821 3195 8718 
0 0 1474 0 0 0 0 23414 13 0 6714 13214 35872 2088 9 0 0 0 0 0 20 1699 97944 320 19525 12310 3630 0 0 0 0 19 0 1 0 0 70 0 0 582 2 662 1 0 0 0 1 0 19 347 
10710 0 3581 36690 19568 16 0 106 0 80 39 0 0 692 0 7877 925 0 0 13 29186 11 121 0 100 0 1 0 0 0 3 0 24 597 0 0 29 34411 0 52118 0 1 0 4929 25 0 16 10 0 12378 
0 0 0 0 0 0 546 50657 11319 0 108 2538 299 0 1767 0 0 0 284 516 0 0 3 0 27196 0 245 0 0 0 1 0 1027 40657 3 96544 0 0 3 27 0 4 0 0 29 16 0 0 0 605 
0 0 13467 5 0 1 169 0 70036 42 110 0 0 0 0 32 27842 24403 601 0 0 0 15 0 19382 203 0 0 3 1 0 5 9 0 142 0 31 172 642 33 8376 0 0 0 0 0 56641 0 41 43 
4 10931 0 0 94486 42756 0 761 0 1560 6118 0 0 2 0 56 0 40064 0 0 0 16645 7403 804 52332 0 657 19 0 0 5 0 2724 1 12 0 0 0 0 419 41266 0 0 24 0 0 64007 0 51906 39079 
0 0 0 0 0 0 15781 29473 27 0 0 0 8029 10514 0 1221 20250 892 97 0 1 0 13 33 0 0 6 0 24 1027 9 2724 0 0 24643 2254 99730 874 17 0 0 83394 0 33 0 2 1863 797 715 583 
1 547 0 0 23625 0 7 0 0 1026 0 0 0 0 292 706 0 523 25923 13795 0 1330 637 5 5 99 34 1 597 40657 0 1 0 0 1374 47366 0 0 0 6551 144 0 0 11842 1203 0 0 39 31417 31 
0 0 0 0 0 75500 0 0 0 0 0 0 0 0 1647 6 970 0 0 0 0 0 239 0 8 26205 0 0 0 3 142 12 24643 1374 0 1919 0 20 0 14927 0 56827 454 171 2 121 490 12 0 667 
0 0 0 0 0 870 0 0 0 0 0 0 0 22 0 1 0 0 0 126 290 0 0 0 201 0 36657 0 0 96544 0 0 2254 47366 1919 0 600 1 401 0 0 237 0 1586 52777 0 19 0 76437 0 
0 473 0 2 17573 0 9204 0 1 182 0 0 3 1 725 49 0 21547 0 588 2 15 0 0 0 96 139 70 29 0 31 0 99730 0 0 600 0 1619 0 26675 0 0 0 2 86 0 0 1 27737 0 
34 5534 0 313 0 0 0 75 3 0 0 0 0 13204 5912 24 45068 8689 23689 0 0 28218 0 22543 0 0 0 0 34411 0 172 0 874 0 20 1 1619 0 82305 0 5363 0 4764 0 1874 0 29742 0 0 19 
377 0 0 105 0 0 0 0 0 34 0 79 26932 4041 0 0 0 0 37 5284 0 13 3 0 9 20 6527 0 0 3 642 0 17 0 0 401 0 82305 0 0 0 34 1369 12 0 0 0 114 19 0 
10 1 0 54302 39 0 0 0 0 0 0 2005 0 6 37 0 2971 1597 26478 90795 0 11983 4 15202 37 155 58 582 52118 27 33 419 0 6551 14927 0 26675 0 0 0 55540 0 1242 67069 60 0 5 0 417 0 
0 0 0 496 16542 0 0 777 1725 525 0 2355 0 0 0 0 0 21 2479 0 0 180 0 2 0 1 51 2 0 0 8376 41266 0 144 0 0 0 5363 0 55540 0 113 106 14388 0 0 277 1 0 0 
31 0 465 24394 1 222 0 48575 0 0 0 1176 0 36 0 0 0 0 1223 0 0 2 0 0 0 1 22 662 1 4 0 0 83394 0 56827 237 0 0 34 0 113 0 10958 0 0 1 0 0 0 0 
34497 0 14086 29336 0 3 0 52 3 0 0 13 47270 70 0 0 0 3271 0 0 25 299 0 0 0 0 0 1 0 0 0 0 0 0 454 0 0 4764 1369 1242 106 10958 0 4926 0 0 0 0 11989 6 
53222 2504 0 0 0 12857 23 0 0 172 31 0 0 293 30960 0 3 0 0 220 0 0 1 0 335 251 0 0 4929 0 0 24 33 11842 171 1586 2 0 12 67069 14388 0 4926 0 15 3 0 0 5746 7 
24466 290 197 0 15 0 0 0 70717 0 0 0 6086 0 0 14 2106 0 0 180 0 252 0 0 49 24721 0 0 25 29 0 0 0 1203 2 52777 86 1874 0 60 0 0 0 15 0 0 2 477 0 946 
5 0 18127 7 61 7828 596 16846 1076 629 0 7117 7 3 5 25504 0 2313 0 754 0 0 53895 0 1576 0 30486 0 0 16 0 0 2 0 121 0 0 0 0 0 0 1 0 3 0 0 1288 6332 0 79318 
0 60584 69306 10 0 2212 69739 1 0 5 3071 0 12 0 0 0 322 0 17 0 1175 0 0 117 0 0 98 1 16 0 56641 64007 1863 0 490 19 0 29742 0 5 277 0 0 0 2 1288 0 0 0 5 
0 53047 73208 0 7073 297 0 0 14625 0 2 0 3 129 10 82698 0 0 0 121 0 2 0 1661 1675 0 5821 0 10 0 0 0 797 39 12 0 1 0 114 0 1 0 0 0 477 6332 0 0 6531 0 
11 6552 0 0 0 105 1 0 0 2 0 0 34153 22363 6 0 0 8614 32 604 3 4044 0 0 0 2 3195 19 0 0 41 51906 715 31417 0 76437 27737 0 19 417 0 0 11989 5746 0 0 0 6531 0 0 
29 0 0 0 0 0 77 0 8 132 0 27 192 0 643 41855 567 0 8687 76 423 1778 15 8452 0 392 8718 347 12378 605 43 39079 583 31 667 0 0 19 0 0 0 0 6 7 946 79318 5 0 0 0 
