7 3
0 123 17 72 89 90 77 
123 0 116 51 121 48 96 
17 116 0 64 101 90 86 
72 51 64 0 97 39 71 
89 121 101 97 0 73 26 
90 48 90 39 73 0 47 
77 96 86 71 26 47 0 
0 726 4271 159 328 0 1346 
726 0 536 0 24573 1280 0 
4271 536 0 877 0 0 64 
159 0 877 0 0 2 0 
328 24573 0 0 0 0 0 
0 1280 0 2 0 0 183 
1346 0 64 0 0 183 0 
0 0 0 0 0 52731 0 
0 0 0 814 0 0 14079 
0 0 0 0 723 134 0 
0 814 0 0 23 0 1 
0 0 723 23 0 24119 74960 
52731 0 134 0 24119 0 0 
0 14079 0 1 74960 0 0 
0 0 0 0 0 23306 0 
0 0 0 2818 0 0 381 
0 0 0 0 11511 194 0 
0 2818 0 0 40 0 267 
0 0 11511 40 0 38 2049 
23306 0 194 0 38 0 0 
0 381 0 267 2049 0 0 
